220.033335296	2.6388874E-4	1.197501262595324E-7
220.0313856	5.6084442E-5	5.408111292126705E-8
220.029435904	1.7644669E-4	2.3381826252943938E-8
220.027469824	2.2405147E-4	0.0
220.025520128	3.1959423E-4	0.0
220.023570432	1.6166472E-5	0.0
220.021604352	4.6366644E-5	0.0
220.019654656	2.5484344E-4	0.0
220.01770496	1.3614702E-4	0.0
220.01573888	-3.9329992E-5	0.0
220.013789184	-8.066069E-5	0.0
220.011839488	1.5996566E-6	0.0
220.009889792	-2.5613619E-5	0.0
220.007923712	1.9021821E-4	0.0
220.005974016	7.876421E-5	0.0
220.00402432	4.2776745E-5	0.0
220.00205824	-3.394759E-5	0.0
220.000108544	-2.4086323E-4	0.0
219.998158848	-1.0482362E-4	0.0
219.996192768	1.889168E-4	0.0
219.994243072	1.0713422E-4	0.0
219.992293376	1.0186701E-4	0.0
219.99034368	1.413782E-4	2.9975515758451365E-7
219.9883776	-1.1151517E-5	6.062764441594481E-7
219.986427904	-1.9058301E-5	1.1877864380949177E-6
219.984478208	6.2064146E-6	2.2540471036336385E-6
219.982512128	8.2410865E-5	4.143153091717977E-6
219.980562432	3.1480005E-5	7.376049779850291E-6
219.978612736	-1.02058875E-4	1.2717858226096723E-5
219.976646656	-2.2495842E-5	2.123533886333462E-5
219.97469696	1.4190614E-5	3.433267920627259E-5
219.972747264	1.7548545E-4	5.373962994781323E-5
219.970797568	-3.9405284E-5	8.14224113128148E-5
219.968831488	1.7633691E-4	1.1939233809243888E-4
219.966881792	2.1559157E-4	1.6940220666583627E-4
219.964932096	1.4697277E-4	2.3255179985426366E-4
219.962966016	3.2142567E-4	3.08861315716058E-4
219.96101632	3.2696017E-4	3.969054960180074E-4
219.959066624	3.6397157E-4	4.936210461892188E-4
219.957100544	6.097043E-4	5.943659925833344E-4
219.955150848	7.537997E-4	6.932657561264932E-4
219.953201152	8.170863E-4	7.837986340746284E-4
219.951251456	9.0051314E-4	8.595167309977114E-4
219.949285376	9.608454E-4	9.147703531198204E-4
219.94733568	9.560598E-4	9.453280945308506E-4
219.945385984	9.6750003E-4	9.488192154094577E-4
219.943419904	9.862359E-4	9.249720023944974E-4
219.941470208	7.983099E-4	8.7563885608688E-4
219.939520512	8.075966E-4	8.04615265224129E-4
219.937554432	7.1121193E-4	7.172437035478652E-4
219.935604736	6.8867183E-4	6.198358605615795E-4
219.93365504	3.4781796E-4	5.18965651281178E-4
219.931705344	2.0740286E-4	4.2073402437381446E-4
219.929739264	3.022062E-4	3.30138806020841E-4
219.927789568	3.1727034E-4	2.506602031644434E-4
219.925839872	4.0746923E-4	1.841284683905542E-4
219.923873792	1.1357414E-4	1.3085984392091632E-4
219.921924096	5.2945536E-5	8.998830890050158E-5
219.9199744	1.9659218E-4	5.988656266708858E-5
219.91800832	2.348178E-4	3.8575799408135936E-5
219.916058624	2.4393084E-4	2.4055843823589385E-5
219.914108928	2.724653E-4	1.4524933249049354E-5
219.912159232	1.0242394E-4	8.492827873851638E-6
219.910193152	1.12256144E-4	4.809217898582574E-6
219.908243456	2.691968E-4	2.637654233694775E-6
219.90629376	9.851736E-5	1.401201529915852E-6
219.90432768	1.0210531E-4	7.210030048554472E-7
219.902377984	1.2908078E-4	3.5936557196691865E-7
219.900428288	8.546467E-5	0.0
219.898462208	1.2923568E-4	0.0
219.896512512	-5.3517673E-5	0.0
219.894562816	5.4117198E-5	0.0
219.892596736	-1.4859802E-4	0.0
219.89064704	5.6539364E-5	0.0
219.888697344	-1.0742897E-4	0.0
219.886747648	-6.325724E-6	0.0
219.884781568	-5.448098E-6	0.0
219.882831872	7.774532E-5	0.0
219.880882176	-5.916568E-5	0.0
219.878916096	-1.2530677E-4	0.0
219.8769664	-6.901145E-5	0.0
219.875016704	2.4708515E-7	0.0
219.873050624	-9.8562195E-5	0.0
219.871100928	-1.23994605E-5	0.0
219.869151232	2.1681743E-4	0.0
219.867201536	8.865419E-5	0.0
219.865235456	7.47315E-5	0.0
219.86328576	3.5988916E-5	0.0
219.861336064	8.160344E-5	0.0
219.859369984	-3.352564E-5	0.0
219.857420288	-1.1762928E-4	0.0
219.855470592	1.9416033E-4	0.0
219.853504512	1.3072725E-4	0.0
219.851554816	1.297057E-4	0.0
219.84960512	-2.5961352E-5	0.0
219.847655424	9.272506E-5	0.0
219.845689344	-6.3856925E-5	0.0
219.843739648	-2.1486958E-5	0.0
219.841789952	-1.1772029E-4	0.0
219.839823872	1.1136458E-5	5.788458068423097E-8
219.837874176	9.180331E-5	1.1631763641162252E-7
219.83592448	1.1046323E-5	2.2680268330077524E-7
219.8339584	-1.6992261E-4	4.2911037212434167E-7
219.832008704	-1.3344223E-4	7.877747520979028E-7
219.830059008	4.7585425E-5	1.4032603985469905E-6
219.828109312	-1.1366557E-4	2.425292677799007E-6
219.826143232	-6.9574606E-5	4.066860128659755E-6
219.824193536	-2.4201894E-4	6.6160309870610945E-6
219.82224384	-1.9424428E-5	1.0441064659971744E-5
219.82027776	-1.241453E-4	1.598309609107673E-5
219.818328064	7.819526E-5	2.372999551880639E-5
219.816378368	2.7947615E-5	3.416718391235918E-5
219.814412288	-2.8442946E-6	4.7703986638225615E-5
219.812462592	1.5879469E-4	6.458136340370402E-5
219.810512896	1.5228067E-4	8.477411029161885E-5
219.8085632	2.9122568E-4	1.0790747910505161E-4
219.80659712	1.95108E-4	1.3321057485882193E-4
219.804647424	2.1980598E-4	1.595259236637503E-4
219.802697728	3.5373477E-4	1.8538322183303535E-4
219.800731648	2.4432398E-4	2.0913165644742548E-4
219.798781952	3.717456E-4	2.2911353153176606E-4
219.796832256	1.6723422E-4	2.438486844766885E-4
219.794866176	1.7823582E-4	2.522040158510208E-4
219.79291648	1.7886772E-4	2.5352323427796364E-4
219.790966784	2.2419041E-4	2.4770197342149913E-4
219.789017088	2.0522415E-4	2.3519937531091273E-4
219.787051008	1.5587977E-4	2.169859508285299E-4
219.785101312	2.0521606E-4	1.9443262135609984E-4
219.783151616	2.7403625E-4	1.6915322339627892E-4
219.781185536	8.32529E-5	1.4282231859397143E-4
219.77923584	1.8019968E-4	1.169944807770662E-4
219.777286144	-8.118968E-5	9.304910781793296E-5
219.775320064	-1.8523494E-4	7.183981506386772E-5
219.773370368	6.457298E-5	5.397534914663993E-5
219.771420672	-8.2820225E-5	3.971993282902986E-5
219.769454592	6.396064E-5	2.911202136601787E-5
219.767504896	5.7175923E-5	2.2100786736700684E-5
219.7655552	5.2909245E-6	1.8680384528124705E-5
219.763605504	4.277433E-5	1.9000137399416417E-5
219.761639424	1.0294263E-4	2.3424467144650407E-5
219.759689728	7.231969E-5	3.251944872317836E-5
219.757740032	9.8265235E-5	4.6950382966315374E-5
219.755773952	6.948911E-5	6.728951120749116E-5
219.753824256	-1.9956766E-5	9.37582808546722E-5
219.75187456	9.682154E-5	1.259560085600242E-4
219.74990848	2.772247E-4	1.626515731913969E-4
219.747958784	3.8849522E-4	2.0171889627818018E-4
219.746009088	2.5780272E-4	2.402337995590642E-4
219.744059392	2.769921E-4	2.749761624727398E-4
219.742093312	2.821696E-4	3.0273423180915415E-4
219.740143616	3.3792754E-4	3.207846311852336E-4
219.73819392	4.9600104E-4	3.276273200754076E-4
219.73622784	4.898389E-4	3.2306776847690344E-4
219.734278144	3.6957866E-4	3.0829248134978116E-4
219.732328448	1.9748812E-4	2.8566576656885445E-4
219.730362368	2.99696E-4	2.5834518601186574E-4
219.728412672	3.2176083E-4	2.2982059454079717E-4
219.726462976	3.6035775E-4	2.0346362725831568E-4
219.72451328	2.2611103E-4	1.8216564785689116E-4
219.7225472	1.9417005E-4	1.6807358770165592E-4
219.720597504	2.4122279E-4	1.6242038691416383E-4
219.718647808	2.8464128E-4	1.654152583796531E-4
219.716681728	1.9196956E-4	1.7619653954170644E-4
219.714732032	3.2017514E-4	1.9286667520646006E-4
219.712782336	4.091991E-4	2.1265348186716437E-4
219.710816256	3.5647163E-4	2.3229153885040432E-4
219.70886656	2.9835018E-4	2.4829673930071294E-4
219.706916864	2.9567466E-4	2.5773479137569666E-4
219.704967168	2.8880028E-4	2.586024929769337E-4
219.703001088	2.0415348E-4	2.5022446061484516E-4
219.701051392	1.3909524E-4	2.3334348225034773E-4
219.699101696	2.517932E-4	2.1021973225288093E-4
219.697135616	1.5580072E-4	1.8388641183264554E-4
219.69518592	1.523199E-4	1.57964852405712E-4
219.693236224	-4.7105692E-5	1.3600531383417547E-4
219.691270144	9.441433E-5	1.2098803563276306E-4
219.689320448	2.628347E-4	1.1493308556964621E-4
219.687370752	2.4234474E-4	1.1865515261888504E-4
219.685421056	2.266413E-4	1.3165458221919835E-4
219.683454976	1.951335E-4	1.521987869637087E-4
219.68150528	2.2541982E-4	1.7744286742527038E-4
219.679555584	2.4165364E-4	2.038520178757608E-4
219.677589504	2.59838E-4	2.2760451247449964E-4
219.675639808	4.3815363E-4	2.4518108693882823E-4
219.673690112	5.227865E-4	2.5388511130586267E-4
219.671724032	4.122969E-4	2.52255005761981E-4
219.669774336	2.8241525E-4	2.402631362201646E-4
219.66782464	3.9104716E-4	2.192525425925851E-4
219.665874944	2.0953448E-4	1.915892498800531E-4
219.663908864	1.4316698E-4	1.6034212603699416E-4
219.661959168	1.6070309E-4	1.2844869343098253E-4
219.660009472	1.7759763E-4	9.848099580267444E-5
219.658043392	1.2766774E-4	7.225551962619647E-5
219.656093696	-2.7268463E-5	5.0729653594316915E-5
219.654144	8.594494E-5	3.408172415220179E-5
219.65217792	4.0736508E-5	2.191091698477976E-5
219.650228224	5.8632513E-6	1.348023670288967E-5
219.648278528	1.4290318E-4	7.936960173537955E-6
219.646328832	-1.704293E-4	4.472502951102797E-6
219.644362752	-1.4713313E-4	2.4121470687532565E-6
219.642413056	-5.2836876E-5	1.2451623661036137E-6
219.64046336	4.4527078E-5	6.152148444016348E-7
219.63849728	-1.21688216E-4	2.9094556452946563E-7
219.636547584	-3.3289958E-5	1.3169952239877603E-7
219.634597888	3.2937147E-5	5.706190009391321E-8
219.632631808	-2.7908485E-5	0.0
219.630682112	-4.212626E-5	0.0
219.628732416	6.430662E-5	0.0
219.626766336	3.0637275E-5	0.0
219.62481664	-5.204953E-5	0.0
219.622866944	-5.5779883E-6	0.0
219.620917248	-5.829719E-5	0.0
219.618951168	-1.1026546E-4	0.0
219.617001472	-7.204663E-5	0.0
219.615051776	1.7151854E-4	0.0
219.613085696	1.5703437E-4	0.0
219.611136	1.0991998E-4	0.0
219.609186304	4.5495857E-5	0.0
219.607220224	-3.0184638E-5	0.0
219.605270528	-9.721073E-5	0.0
219.603320832	-1.19477954E-4	0.0
219.601371136	6.659768E-5	0.0
219.599405056	-1.5430432E-4	0.0
219.59745536	-6.885478E-5	0.0
219.595505664	3.8624967E-5	0.0
219.593539584	-1.7347986E-5	0.0
219.591589888	3.530486E-5	0.0
219.589640192	-3.5223762E-5	0.0
219.587674112	-1.1697563E-5	5.331728516466683E-7
219.585724416	1.3928243E-5	1.3944929833087372E-6
219.58377472	-5.184329E-7	3.4281811167602427E-6
219.581825024	1.0228564E-5	7.92094760981854E-6
219.579858944	-1.929197E-4	1.7198508430738002E-5
219.577909248	-1.07154374E-4	3.5082510294159874E-5
219.575959552	-2.9380375E-4	6.720698729623109E-5
219.573993472	9.1389746E-5	1.2084988702554256E-4
219.572043776	2.854496E-4	2.0386630785651505E-4
219.57009408	2.3499457E-4	3.2247797935269773E-4
219.568128	5.596126E-4	4.7821260523051023E-4
219.566178304	7.029468E-4	6.65016530547291E-4
219.564228608	9.4541337E-4	8.680306491442025E-4
219.562278912	0.0010870056	0.0010651337215676904
219.560312832	0.0011528534	0.0012310786405578256
219.558363136	0.0013675259	0.0013428233796730638
219.55641344	0.0014592942	0.001384289120323956
219.55444736	0.0012447585	0.00134946103207767
219.552497664	0.0012204201	0.001243401668034494
219.550547968	9.206347E-4	0.0010814276756718755
219.548581888	9.716891E-4	8.861756650730968E-4
219.546632192	8.9054403E-4	6.829743506386876E-4
219.544682496	5.695002E-4	4.945025430060923E-4
219.5427328	1.9238924E-4	3.3650206751190126E-4
219.54076672	8.413253E-5	2.1597783779725432E-4
219.538817024	2.4824473E-4	1.3222084089647979E-4
219.536867328	4.675943E-5	7.958762580528855E-5
219.534901248	-1.0682201E-4	5.056295049143955E-5
219.532951552	2.7030293E-4	3.800698686973192E-5
219.531001856	2.7882028E-4	3.625214594649151E-5
219.529035776	1.4696305E-4	4.119789446122013E-5
219.52708608	-2.4689543E-5	5.002205944037996E-5
219.525136384	4.7630216E-5	6.0676127759506926E-5
219.523186688	1.4019228E-4	7.132779865060002E-5
219.521220608	1.0953051E-4	8.117688412312418E-5
219.519270912	1.5614653E-4	8.869617886375636E-5
219.517321216	1.5509495E-4	9.323372069047764E-5
219.515355136	-1.4750817E-5	9.459961438551545E-5
219.51340544	-1.1725486E-4	9.31451577343978E-5
219.511455744	-1.0175174E-4	8.972048090072349E-5
219.509489664	2.4033058E-4	8.551006612833589E-5
219.507539968	1.7195771E-4	8.17780673969537E-5
219.505590272	2.489693E-4	7.958319474710152E-5
219.503624192	-7.999922E-6	7.953338354127482E-5
219.501674496	-5.775621E-5	8.164278551703319E-5
219.4997248	2.5760476E-4	8.532815263606608E-5
219.497775104	2.257473E-4	8.954609802458435E-5
219.495809024	1.4647626E-4	9.303543629357591E-5
219.493859328	1.6674853E-4	9.460176079301164E-5
219.491909632	2.3561734E-4	9.337525261798874E-5
219.489943552	8.05837E-5	8.898005035007372E-5
219.487993856	-5.5292017E-5	8.158263517543674E-5
219.48604416	1.19460856E-4	7.181740511441603E-5
219.48407808	6.626336E-5	6.0621565353358164E-5
219.482128384	-3.6436926E-5	4.9028163630282506E-5
219.480178688	-1.2624724E-4	3.7972964491927996E-5
219.478228992	-1.9613538E-4	2.8157113774796017E-5
219.476262912	6.6128787E-6	1.9977145711891353E-5
219.474313216	7.873281E-5	1.3573654541687574E-5
219.47236352	-2.6616595E-5	8.856465683493298E-6
219.47039744	6.921114E-5	5.561033049161779E-6
219.468447744	9.882831E-5	3.4193556075479137E-6
219.466498048	1.10456014E-4	2.171595497202361E-6
219.464531968	7.453083E-5	1.6263345514744287E-6
219.462582272	-5.3392934E-5	1.6879688473636634E-6
219.460632576	-1.0678714E-4	2.3682141545577906E-6
219.45868288	-3.1290467E-5	3.7850395528948866E-6
219.4567168	-7.3683485E-5	6.1483938225137535E-6
219.454767104	8.5403204E-5	9.729210432851687E-6
219.452817408	4.958419E-5	1.4796399227634538E-5
219.450851328	5.3934746E-5	2.1591271433862858E-5
219.448901632	7.539731E-5	3.0151404644129798E-5
219.446951936	1.02818005E-4	4.032611832371913E-5
219.444985856	1.2377469E-4	5.160687578609213E-5
219.44303616	1.6933709E-6	6.323670822894201E-5
219.441086464	-7.1528695E-5	7.425712828990072E-5
219.439136768	1.1456891E-5	8.35750688565895E-5
219.437170688	-7.9258525E-6	9.028943168232217E-5
219.435220992	1.170925E-5	9.38299999688752E-5
219.433271296	1.5359413E-4	9.413564839633182E-5
219.431305216	4.6524474E-5	9.172195859719068E-5
219.42935552	6.498058E-5	8.762769721215591E-5
219.427405824	-6.0178754E-5	8.32430669106543E-5
219.425439744	7.5253476E-5	8.005402924027294E-5
219.423490048	2.0338652E-5	7.935580651974306E-5
219.421540352	1.4203333E-4	8.199825970223173E-5
219.419590656	1.5797697E-5	8.822023664833978E-5
219.417624576	1.3828038E-5	9.760394459590316E-5
219.41567488	2.5066774E-4	1.0915682651102543E-4
219.413725184	7.743152E-5	1.2149953545304015E-4
219.411759104	1.7369387E-4	1.3311300426721573E-4
219.409809408	9.220026E-5	1.425916561856866E-4
219.407859712	2.321116E-4	1.4885015843901783E-4
219.405893632	1.5318772E-4	1.512487360741943E-4
219.403943936	1.1327367E-4	1.4962145360186696E-4
219.40199424	1.4853303E-4	1.4422088861465454E-4
219.400044544	1.5745539E-4	1.3560577644966543E-4
219.398078464	2.6789407E-4	1.2450912618078291E-4
219.396128768	3.000548E-4	1.1170480865985155E-4
219.394179072	1.1895323E-4	9.799386316444725E-5
219.392212992	1.5852047E-4	8.402680396102369E-5
219.390263296	1.6080687E-4	7.038675539661199E-5
219.3883136	1.6258942E-4	5.754699668614194E-5
219.38634752	4.9987626E-5	4.5868688175687566E-5
219.384397824	-2.8545015E-5	3.559881224646233E-5
219.382448128	-3.627828E-6	2.6868810891755857E-5
219.380482048	1.10973306E-4	1.9699984477483667E-5
219.378532352	-3.9018698E-5	1.4017143257660791E-5
219.376582656	-1.0979351E-4	9.671080988482572E-6
219.37463296	-9.478993E-5	6.465801561716944E-6
219.37266688	-7.7823795E-5	4.186701971775619E-6
219.370717184	-7.979648E-5	2.609409420983866E-6
219.368767488	1.6073982E-4	1.5861584188314737E-6
219.366801408	2.0779378E-4	9.323796348326141E-7
219.364851712	4.0825915E-5	5.300096859173209E-7
219.362902016	-3.173401E-5	2.913585319674894E-7
219.360935936	-1.4106924E-5	1.5489077043184807E-7
219.35898624	6.089871E-5	7.963032544466842E-8
219.357036544	3.237265E-5	3.958985317353836E-8
219.355086848	8.648805E-5	1.903486257504028E-8
219.353120768	1.7431047E-4	0.0
219.351171072	2.521149E-4	0.0
219.349221376	5.426816E-5	0.0
219.347255296	-5.7176956E-5	0.0
219.3453056	1.402726E-4	0.0
219.343355904	1.01103615E-4	0.0
219.341389824	1.1887396E-6	0.0
219.339440128	-4.2558713E-5	0.0
219.337490432	-8.6628694E-5	0.0
219.335540736	-5.7995327E-5	0.0
219.333574656	-1.7409046E-5	0.0
219.33162496	-7.8997175E-5	0.0
219.329675264	-5.8957354E-5	0.0
219.327709184	-6.328058E-5	0.0
219.325759488	-1.1928011E-4	0.0
219.323809792	-7.446923E-5	0.0
219.321843712	2.2127431E-5	0.0
219.319894016	1.1327932E-5	0.0
219.31794432	-1.8568222E-5	0.0
219.315994624	1.14281655E-4	0.0
219.314028544	7.8090634E-5	0.0
219.312078848	-1.5403118E-4	0.0
219.310129152	2.5464664E-4	0.0
219.308163072	-9.918534E-6	0.0
219.306213376	-2.2004424E-5	0.0
219.30426368	5.8461002E-5	0.0
219.3022976	-7.535308E-6	1.6657256907137707E-8
219.300347904	-1.4404336E-5	4.389628571743742E-8
219.298398208	-2.02123E-4	1.0818566664738682E-7
219.296448512	7.467559E-5	2.4936207410064526E-7
219.294482432	-2.2937638E-5	5.37529160737904E-7
219.292532736	2.2867891E-5	1.0836160981853027E-6
219.29058304	2.5141977E-5	2.042859023276833E-6
219.28861696	4.778208E-5	3.6014366742165294E-6
219.286667264	2.8516071E-5	5.9370813687564805E-6
219.284717568	2.8718721E-5	9.152124221145641E-6
219.282751488	-2.6120491E-5	1.3192481674195733E-5
219.280801792	-6.6666753E-6	1.7783158909878694E-5
219.278852096	3.4390854E-5	2.2418666048906744E-5
219.2769024	-5.25156E-5	2.6435229301569052E-5
219.27493632	6.28753E-5	2.9159748009988107E-5
219.272986624	1.2376683E-4	3.0092111046542414E-5
219.271036928	-8.036185E-6	2.9053901016595773E-5
219.269070848	3.213877E-5	2.6243566026096232E-5
219.267121152	6.852142E-7	2.2175108824740164E-5
219.265171456	-4.543461E-5	1.7525808289065026E-5
219.263205376	1.830479E-6	1.2954070371051785E-5
219.26125568	3.8539314E-5	8.953864380600862E-6
219.259305984	7.8111065E-5	5.787217105535092E-6
219.257356288	-4.0219842E-5	3.497685156617081E-6
219.255390208	5.590004E-5	1.976753082999494E-6
219.253440512	-1.0230824E-4	1.0447271279190318E-6
219.251490816	2.127525E-4	5.163454375178844E-7
219.249524736	8.81642E-5	2.5912729029187176E-7
219.24757504	-2.9467898E-5	1.4885902999139944E-7
219.245625344	-2.8349088E-5	1.393356967582804E-7
219.243659264	-6.166331E-5	2.365022311323628E-7
219.241709568	-4.495454E-5	4.3826216256093176E-7
219.239759872	9.968885E-5	8.344009643224126E-7
219.237793792	1.1236313E-4	1.5236854551403667E-6
219.235844096	-1.2210326E-4	2.669327159310342E-6
219.2338944	-1.19257114E-4	4.487529622565489E-6
219.231944704	-1.6917045E-5	7.241567345772637E-6
219.229978624	2.4708417E-5	1.122014600696275E-5
219.228028928	1.9057322E-4	1.6696723832865246E-5
219.226079232	1.4818471E-4	2.3870270524639636E-5
219.224113152	-2.3754816E-5	3.27946909237653E-5
219.222163456	-9.5342904E-5	4.331085074227303E-5
219.22021376	-9.9236735E-5	5.499938197317533E-5
219.21824768	1.5023473E-4	6.717425276292488E-5
219.216297984	1.5620125E-4	7.892855501268059E-5
219.214348288	1.0167341E-4	8.923558198148385E-5
219.212398592	-1.5840697E-6	9.709050209494308E-5
219.210432512	-7.622809E-5	1.0166798165300861E-4
219.208482816	4.1408195E-5	1.0269317863276228E-4
219.20653312	-1.1214248E-4	9.989424142986536E-5
219.20456704	-5.689194E-6	9.385497833136469E-5
219.202617344	-4.1034342E-5	8.557448018109426E-5
219.200667648	-6.324871E-5	7.645380537724122E-5
219.198701568	-8.695693E-5	6.829507765360177E-5
219.196751872	8.635499E-5	6.318136001937091E-5
219.194802176	-1.059663E-4	6.340470281429589E-5
219.19285248	-4.6863694E-5	7.135594933060929E-5
219.1908864	-2.624647E-7	8.934325887821615E-5
219.188936704	2.3464207E-4	1.1929315951419994E-4
219.186987008	2.5369268E-4	1.6232553753070533E-4
219.185020928	3.327371E-4	2.182523749070242E-4
219.183071232	4.5068428E-4	2.851333993021399E-4
219.181121536	5.99134E-4	3.5905279219150543E-4
219.179155456	5.04036E-4	4.3427900527603924E-4
219.17720576	5.419849E-4	5.0386629300192E-4
219.175256064	6.8598066E-4	5.606203339993954E-4
219.173306368	5.656269E-4	5.982586881145835E-4
219.171340288	7.271727E-4	6.124346982687712E-4
219.169390592	6.601366E-4	6.01516047026962E-4
219.167440896	7.092797E-4	5.669184611178935E-4
219.165474816	6.489365E-4	5.127391195856035E-4
219.16352512	2.833673E-4	4.452492867130786E-4
219.161575424	4.4447853E-4	3.718714870046824E-4
219.159609344	3.397169E-4	3.0025243177078664E-4
219.157659648	2.2089388E-4	2.374759060330689E-4
219.155709952	1.7524313E-4	1.895440655061975E-4
219.153760256	1.0038271E-4	1.6097043408080935E-4
219.151794176	2.027888E-4	1.5423705917783082E-4
219.14984448	3.6680768E-4	1.6897291061468422E-4
219.147894784	3.4959038E-4	2.0112560014240444E-4
219.145928704	1.582313E-4	2.4279970966745168E-4
219.143979008	2.8468634E-4	2.834108308888972E-4
219.142029312	3.0825287E-4	3.121571789961308E-4
219.140063232	3.84197E-4	3.209942951798439E-4
219.138113536	4.289379E-4	3.069036465603858E-4
219.13616384	1.6163307E-4	2.725353988353163E-4
219.134214144	1.5150406E-4	2.2497307509183884E-4
219.132248064	1.1283851E-4	1.7304734501522034E-4
219.130298368	1.3099925E-4	1.248514890903607E-4
219.128348672	-1.529247E-5	8.515550143783912E-5
219.126382592	-4.600414E-5	5.5547636293340474E-5
219.124432896	1.7928379E-4	3.5138364182785153E-5
219.1224832	-5.5827613E-6	2.1843527065357193E-5
219.12051712	1.3228477E-4	1.3467926692101173E-5
219.118567424	4.4527515E-5	8.275726941064931E-6
219.116617728	1.2724742E-4	5.087305908091366E-6
219.114651648	5.737121E-5	3.1807192044652766E-6
219.112701952	-2.6559928E-6	2.098340928569087E-6
219.110752256	8.040247E-5	1.747336227708729E-6
219.10880256	2.1531094E-5	1.9394010450923815E-6
219.10683648	4.3497646E-5	2.696911678867764E-6
219.104886784	1.7540774E-4	4.098436420463258E-6
219.102937088	2.0704966E-4	6.257974291656865E-6
219.100971008	1.2265547E-4	9.289670742873568E-6
219.099021312	-1.21117315E-4	1.3260903870104812E-5
219.097071616	-1.0222299E-4	1.813608832890168E-5
219.095105536	1.19725235E-4	2.375746589677874E-5
219.09315584	1.728962E-4	2.978078009618912E-5
219.091206144	2.6884204E-4	3.5724297049455345E-5
219.089256448	-3.859422E-5	4.101065132999793E-5
219.087290368	-1.2440817E-5	4.5055752707412466E-5
219.085340672	7.199693E-5	4.73735635750927E-5
219.083390976	-1.9847366E-4	4.767184145748615E-5
219.081424896	-1.1947653E-4	4.59122566098813E-5
219.0794752	1.4155631E-5	4.23185047111474E-5
219.077525504	2.6375048E-5	3.732984259841032E-5
219.075559424	8.911281E-5	3.151322016492486E-5
219.073609728	3.7682963E-5	2.545797178754583E-5
219.071660032	-6.0779894E-5	1.968053766177036E-5
219.069710336	5.4187425E-5	1.455876827094471E-5
219.067744256	-5.115421E-5	1.0305721843906213E-5
219.06579456	-2.9004186E-5	6.980688340263441E-6
219.063844864	-1.4636539E-4	4.524657015281264E-6
219.061878784	-4.9355156E-5	2.806378688546829E-6
219.059929088	8.3746E-5	1.6656344996590633E-6
219.057979392	-4.8621214E-6	9.589733735992922E-7
219.056013312	-9.333285E-6	5.431164709079894E-7
219.054063616	-4.0561696E-5	3.293170891538466E-7
219.05211392	-8.519399E-5	2.596968045054382E-7
219.050164224	-4.588659E-5	3.1114635135054414E-7
219.048198144	1.5392539E-4	4.928390353597933E-7
219.046248448	2.0881294E-4	8.439449175057234E-7
219.044298752	1.0611727E-4	1.4254945881475578E-6
219.042332672	1.8403435E-4	2.33894252232858E-6
219.040382976	9.9377816E-5	3.6723172343045007E-6
219.03843328	2.0129379E-4	5.517314093594905E-6
219.0364672	1.0321114E-4	7.931921572890133E-6
219.034517504	2.393056E-4	1.0911749086517375E-5
219.032567808	1.15149356E-4	1.4364045455295127E-5
219.030618112	7.154888E-5	1.8093811377184466E-5
219.028652032	2.3190449E-5	2.1810348698636517E-5
219.026702336	9.481442E-5	2.515837513783481E-5
219.02475264	1.336044E-4	2.7771484383265488E-5
219.02278656	7.69323E-5	2.9337314117583446E-5
219.020836864	-4.11055E-5	2.9725370040978305E-5
219.018887168	4.7415342E-5	2.882529588532634E-5
219.016921088	6.702271E-5	2.6817202524398454E-5
219.014971392	-1.0265347E-4	2.4002240024856292E-5
219.013021696	-5.712579E-5	2.0789942936971784E-5
219.011072	6.43242E-5	1.7641481463215314E-5
219.00910592	-2.2785648E-4	1.5018241356301587E-5
219.007156224	-8.6149004E-5	1.3347191270440817E-5
219.005206528	-7.098882E-5	1.3007002053200267E-5
219.003240448	-9.5242205E-5	1.4329931218526326E-5
219.001290752	-2.6688336E-5	1.7608710550121032E-5
218.999341056	-7.2362025E-5	2.3095444703358226E-5
218.997374976	-1.474368E-4	3.098341767326929E-5
218.99542528	-2.898553E-5	4.136833013035357E-5
218.993475584	8.2576145E-5	5.4194922995520756E-5
218.991525888	1.4795229E-4	6.920189480297267E-5
218.989559808	-8.920961E-8	8.588099444750696E-5
218.987610112	1.8210587E-4	1.0346878116251901E-4
218.985660416	2.5120174E-4	1.2097942817490548E-4
218.983694336	8.4121704E-5	1.3728230260312557E-4
218.98174464	5.985496E-5	1.512110757175833E-4
218.979794944	4.0481267E-5	1.6170974413398653E-4
218.977828864	8.3088256E-5	1.6793103714007884E-4
218.975879168	5.203968E-5	1.6936396423261613E-4
218.973929472	1.0506034E-4	1.6588937432970852E-4
218.971963392	-4.022505E-5	1.5779517707414925E-4
218.970013696	-6.226634E-5	1.457401376683265E-4
218.968064	7.657112E-5	1.3067062536720186E-4
218.966114304	1.12581234E-4	1.1370479478500783E-4
218.964148224	3.0094932E-4	9.599937766324729E-5
218.962198528	1.4578376E-4	7.862217898946255E-5
218.960248832	-8.118316E-6	6.244924588827416E-5
218.958282752	-1.8684723E-6	4.810168320545927E-5
218.956333056	4.0718347E-5	3.59262885467615E-5
218.95438336	-9.734787E-5	2.601826417958364E-5
218.95241728	1.1042994E-4	1.8271341104991734E-5
218.950467584	4.2728665E-5	1.2442646038834937E-5
218.948517888	-9.576849E-5	8.217419235734269E-6
218.946568192	7.826683E-6	5.263462298898958E-6
218.944602112	4.0043982E-5	3.2799248401715886E-6
218.942652416	-3.6987192E-5	1.9926915229007136E-6
218.94070272	-9.2911134E-5	1.1991187420790084E-6
218.93873664	-1.0111713E-4	9.224430073118128E-7
218.936786944	8.8554305E-5	9.55369500843517E-7
218.934837248	6.842627E-5	1.4612841141570243E-6
218.932871168	1.099584E-4	2.6984725991496816E-6
218.930921472	-3.9203158E-5	5.160354703548364E-6
218.928971776	1.2274913E-4	9.640573807701003E-6
218.92702208	4.3793225E-5	1.7432150343665853E-5
218.925056	-1.3517382E-4	3.018574534507934E-5
218.923106304	4.4627166E-5	5.0009570259135216E-5
218.921156608	3.0630903E-4	7.919809286249802E-5
218.919190528	1.1595542E-5	1.1979318514931947E-4
218.917240832	1.0408868E-4	1.729470823192969E-4
218.915291136	1.4126062E-4	2.3821808281354606E-4
218.913325056	2.8984173E-4	3.130260156467557E-4
218.91137536	4.532314E-4	3.925228666048497E-4
218.909425664	4.9400574E-4	4.7003314830362797E-4
218.907475968	6.8119145E-4	5.38006832357496E-4
218.905509888	6.181273E-4	5.892482586205006E-4
218.903560192	5.075916E-4	6.180944619700313E-4
218.901610496	5.452086E-4	6.212978041730821E-4
218.899644416	6.424285E-4	5.984939634799957E-4
218.89769472	4.9500423E-4	5.522441351786256E-4
218.895745024	5.6746945E-4	4.8786590923555195E-4
218.893778944	4.374173E-4	4.120881203562021E-4
218.891829248	2.4524034E-4	3.3270439598709345E-4
218.889879552	2.6341184E-4	2.5705111329443753E-4
218.887929856	2.4551357E-4	1.9094784511253238E-4
218.885963776	5.0451163E-5	1.3837782898917794E-4
218.88401408	2.4407526E-4	1.014284644043073E-4
218.882064384	1.4982326E-4	8.082609565462917E-5
218.880098304	8.986296E-5	7.662476127734408E-5
218.878148608	-5.500619E-5	8.876682113623247E-5
218.876198912	2.3430526E-5	1.1730065307347104E-4
218.874232832	6.337952E-5	1.62190553965047E-4
218.872283136	3.5842275E-4	2.2280175471678376E-4
218.87033344	4.288127E-4	2.9726154753006995E-4
218.868383744	4.3677288E-4	3.819458361249417E-4
218.866417664	6.2621E-4	4.7133868793025613E-4
218.864467968	5.300148E-4	5.582476733252406E-4
218.862518272	5.688901E-4	6.350948824547231E-4
218.860552192	8.4316323E-4	6.941670435480773E-4
218.858602496	7.2402717E-4	7.29452061932534E-4
218.8566528	6.6151517E-4	7.373380940407515E-4
218.85468672	7.1790896E-4	7.171631441451609E-4
218.852737024	6.499399E-4	6.712803151458502E-4
218.850787328	4.1584717E-4	6.04641274549067E-4
218.848821248	4.583373E-4	5.239800084382296E-4
218.846871552	5.9400836E-4	4.3675812776200473E-4
218.844921856	2.3338525E-4	3.5007481346838176E-4
218.84297216	2.1630625E-4	2.697603777050972E-4
218.84100608	2.1266018E-4	1.998132502194494E-4
218.839056384	1.236152E-4	1.4225287304725498E-4
218.837106688	-5.9338003E-5	9.733498154673725E-5
218.835140608	2.0593702E-4	6.400888378266245E-5
218.833190912	5.1433446E-5	4.04538368456997E-5
218.831241216	2.9910057E-5	2.4569999368395656E-5
218.829275136	7.2029006E-6	1.433926445315592E-5
218.82732544	8.517078E-5	8.040151442401111E-6
218.825375744	1.16131145E-4	4.330413958086865E-6
218.823426048	2.1363422E-4	2.239898094558157E-6
218.821459968	1.351593E-4	1.1123626109110774E-6
218.819510272	1.12871574E-4	4.4285710032454517E-7
218.817560576	1.0769441E-4	2.0716457527214516E-7
218.815594496	1.8935523E-4	9.272927314896151E-8
218.8136448	1.5515927E-4	0.0
218.811695104	1.2844626E-4	0.0
218.809729024	-1.994261E-4	0.0
218.807779328	-1.5384534E-4	0.0
218.805829632	6.3538166E-5	0.0
218.803879936	-1.5712138E-4	0.0
218.801913856	-1.9670575E-4	0.0
218.79996416	2.1665386E-4	0.0
218.798014464	1.9231043E-4	0.0
218.796048384	6.4206826E-5	0.0
218.794098688	1.4686951E-5	5.0344599600293805E-8
218.792148992	1.1429644E-4	1.1292702595255832E-7
218.790182912	2.0687432E-5	2.4301075995936117E-7
218.788233216	-1.1624519E-4	5.01692056786851E-7
218.78628352	1.061618E-4	9.936320566339418E-7
218.784333824	-8.217665E-5	1.8879065919463756E-6
218.782367744	-5.6588593E-5	3.4410595617373474E-6
218.780418048	-2.1835709E-5	6.0164547903696075E-6
218.778468352	3.6521284E-5	1.0090222531289328E-5
218.776502272	2.0902218E-5	1.6231026165769435E-5
218.774552576	2.1647074E-6	2.5040533728315495E-5
218.77260288	9.033325E-5	3.704826667672023E-5
218.7706368	1.2779818E-4	5.2565548685379326E-5
218.768687104	1.15878875E-5	7.152279431466013E-5
218.766737408	8.098079E-5	9.333132766187191E-5
218.764787712	1.1355039E-4	1.1681730393320322E-4
218.762821632	1.435969E-4	1.4027227007318288E-4
218.760871936	3.0752068E-4	1.616321096662432E-4
218.75892224	2.451355E-4	1.787668006727472E-4
218.75695616	1.4036277E-4	1.8982299661729485E-4
218.755006464	3.0716916E-4	1.9354444521013647E-4
218.753056768	4.2183476E-4	1.8949867808260024E-4
218.751090688	2.9428513E-4	1.781557803042233E-4
218.749140992	5.0832727E-4	1.608024031156674E-4
218.747191296	1.8177385E-4	1.393103739246726E-4
218.7452416	3.972023E-5	1.158141894848086E-4
218.74327552	-8.5027255E-5	9.236775076715276E-5
218.741325824	1.374628E-4	7.065996032906696E-5
218.739376128	1.86575E-4	5.1839651860063896E-5
218.737410048	2.3989164E-4	3.6472247302299365E-5
218.735460352	2.3909967E-4	2.4607781597296707E-5
218.733510656	2.1591946E-4	1.592234730196651E-5
218.731544576	2.0539085E-4	9.880947800411377E-6
218.72959488	1.2792449E-4	5.881326615053695E-6
218.727645184	-6.6347775E-6	3.3578664897504495E-6
218.725679104	-4.8940456E-5	1.8390438754067873E-6
218.723729408	9.7756994E-5	9.662214779382339E-7
218.721779712	1.5344919E-4	4.869974077337247E-7
218.719830016	1.1768401E-4	2.3548149385987927E-7
218.717863936	-1.5821839E-5	1.7200669333305996E-7
218.71591424	1.0129058E-5	1.918498497843757E-7
218.713964544	8.938033E-5	3.1273094691641745E-7
218.711998464	-1.0651744E-4	6.532884526677663E-7
218.710048768	-2.4228102E-5	1.3057185697107343E-6
218.708099072	-1.15585055E-4	2.4968926481960807E-6
218.706132992	-7.794885E-6	4.568201347865397E-6
218.704183296	-1.5608071E-5	7.996080967132002E-6
218.7022336	-2.8776565E-5	1.3389946616371162E-5
218.700283904	1.2054096E-4	2.1450254280352965E-5
218.698317824	7.057547E-5	3.2871579605853185E-5
218.696368128	1.2259581E-4	4.8186895583057776E-5
218.694418432	6.37503E-5	6.757007940905169E-5
218.692452352	-1.0223222E-5	9.06369459698908E-5
218.690502656	1.6028847E-4	1.1630751396296546E-4
218.68855296	2.6779855E-4	1.42792850965634E-4
218.68658688	7.075516E-5	1.6774954565335065E-4
218.684637184	1.3394642E-4	1.885982055682689E-4
218.682687488	2.8100284E-4	2.0295340800657868E-4
218.680737792	1.386787E-4	2.0906572171952575E-4
218.678771712	3.4587276E-5	2.061659615719691E-4
218.676822016	1.8482248E-4	1.9462073396425694E-4
218.67487232	2.902596E-4	1.7585829482413828E-4
218.67290624	1.3224373E-4	1.5208323020488024E-4
218.670956544	1.6531895E-4	1.2585717195179313E-4
218.669006848	9.848849E-5	9.96534145087935E-5
218.667040768	1.0036554E-4	7.548680150648579E-5
218.665091072	2.5372911E-4	5.469957977766171E-5
218.663141376	-4.0162187E-5	3.791533163166605E-5
218.66119168	-1.9601348E-4	2.513980507501401E-5
218.6592256	-4.1685103E-5	1.594556488271337E-5
218.657275904	-8.2533115E-5	9.675227374827955E-6
218.655326208	6.379643E-5	5.647944817610551E-6
218.653360128	8.9499365E-5	3.183273065587855E-6
218.651410432	-3.5438024E-5	1.7833106085163308E-6
218.649460736	1.6810744E-5	1.0817110478456016E-6
218.647494656	6.9438183E-6	8.486487672598741E-7
218.64554496	-4.1383035E-5	9.690608067103312E-7
218.643595264	6.235437E-5	1.4195267112881993E-6
218.641645568	-1.3696542E-4	2.2124097540654475E-6
218.639679488	-5.3790345E-6	3.5457178455544636E-6
218.637729792	-6.872364E-5	5.493759545061039E-6
218.635780096	-1.0376445E-4	8.229152626881842E-6
218.633814016	1.00490746E-4	1.1916625226149336E-5
218.63186432	-3.5255136E-5	1.6682415662216954E-5
218.629914624	-1.26287405E-5	2.2587539206142537E-5
218.627948544	-1.3024997E-4	2.956006210297346E-5
218.625998848	-8.337729E-7	3.743096021935344E-5
218.624049152	1.4323636E-4	4.5824785047443584E-5
218.622099456	-1.330101E-5	5.428519216366112E-5
218.620133376	-9.2935E-5	6.225158722372726E-5
218.61818368	-1.2025709E-5	6.916628626640886E-5
218.616233984	5.6893907E-5	7.455661398125812E-5
218.614267904	7.044602E-5	7.81583075877279E-5
218.612318208	2.4304702E-4	7.991250458871946E-5
218.610368512	2.1757494E-4	8.010929741431028E-5
218.608402432	1.8684386E-4	7.932542939670384E-5
218.606452736	1.4433952E-4	7.83802242949605E-5
218.60450304	1.6844849E-4	7.822963380021974E-5
218.602553344	-5.9951744E-5	7.98260371084325E-5
218.600587264	6.152095E-5	8.396260818699375E-5
218.598637568	6.456687E-5	9.112971019931138E-5
218.596687872	-7.786716E-5	1.0140854283235967E-4
218.594721792	1.0017014E-4	1.1442328104749322E-4
218.592772096	5.6118406E-5	1.293652894673869E-4
218.5908224	1.2105074E-4	1.450873533030972E-4
218.58885632	3.169092E-5	1.6025430522859097E-4
218.586906624	4.623079E-6	1.735221012495458E-4
218.584956928	3.7769198E-5	1.8371421901974827E-4
218.582990848	9.883069E-5	1.8996128346771002E-4
218.581041152	1.305911E-4	1.9178396905772388E-4
218.579091456	1.2164312E-4	1.8910891958512366E-4
218.57714176	-1.2950716E-5	1.8222565995529294E-4
218.57517568	7.3994735E-5	1.7170303908642381E-4
218.573225984	1.6876397E-4	1.582880358910188E-4
218.571276288	8.564168E-5	1.4281064795795828E-4
218.569310208	8.922023E-5	1.2609043915290385E-4
218.567360512	1.8185237E-4	1.0894792649196461E-4
218.565410816	1.2526324E-4	9.205425158143044E-5
218.563444736	3.547247E-5	7.599944365210831E-5
218.56149504	-4.4309338E-5	6.126361404312775E-5
218.559545344	-4.1531028E-5	4.816369619220495E-5
218.557595648	9.670329E-5	3.69061526726E-5
218.555629568	3.302446E-5	2.756255526037421E-5
218.553679872	4.3077824E-5	2.0094334104214795E-5
218.551730176	-2.6818661E-6	1.4380326319951564E-5
218.549764096	-6.1488017E-6	1.0251215826428961E-5
218.5478144	-4.983991E-5	7.525157798227156E-6
218.545864704	-2.138038E-5	6.0349184423103E-6
218.543898624	-8.982511E-5	5.668930498359259E-6
218.541948928	4.7091475E-5	6.338571438391227E-6
218.539999232	-1.12623246E-4	8.035207429202273E-6
218.538049536	-6.0711034E-5	1.0731957445386797E-5
218.536083456	-1.4893077E-5	1.4446692148339935E-5
218.53413376	-1.207043E-4	1.9113784219371155E-5
218.532184064	-1.3055763E-4	2.4612550987512805E-5
218.530217984	-6.7940106E-5	3.072216350119561E-5
218.528268288	1.683589E-5	3.7114285078132525E-5
218.526318592	-2.1603306E-4	4.335929770604707E-5
218.524352512	-1.748658E-4	4.899925988866016E-5
218.522402816	-6.885891E-5	5.3540603403234854E-5
218.52045312	4.1867628E-5	5.656936264131218E-5
218.518503424	3.7623475E-5	5.779571438324638E-5
218.516537344	-4.6654524E-5	5.709940887754783E-5
218.514587648	-1.2110914E-4	5.4548941989196464E-5
218.512637952	5.240528E-5	5.039053939981386E-5
218.510671872	9.5508694E-5	4.500941577134654E-5
218.508722176	-3.0047355E-5	3.894471956300549E-5
218.50677248	-1.7509816E-4	3.2618470868328586E-5
218.5048064	2.2602541E-4	2.6563888241071254E-5
218.502856704	1.8910406E-4	2.1184185243328102E-5
218.500907008	-3.3391065E-5	1.686102586972993E-5
218.498957312	-2.4407382E-5	1.3931789908383507E-5
218.496991232	-4.2219886E-5	1.278144645766588E-5
218.495041536	-1.4405151E-5	1.3775506886304356E-5
218.49309184	7.4334115E-5	1.747559872455895E-5
218.49112576	1.0201509E-4	2.4448316253256053E-5
218.489176064	1.3583043E-4	3.5385826777201146E-5
218.487226368	1.9413186E-4	5.0927945267176256E-5
218.485260288	2.0074146E-4	7.15420173946768E-5
218.483310592	7.084858E-5	9.73672213149257E-5
218.481360896	1.8976221E-4	1.2808092287741601E-4
218.4794112	2.0238024E-4	1.6282673459500074E-4
218.47744512	2.2821256E-4	2.0023321849294007E-4
218.475495424	2.3324933E-4	2.385227708145976E-4
218.473545728	2.062234E-4	2.7568318182602525E-4
218.471579648	3.896922E-4	3.097175795119256E-4
218.469629952	3.507185E-4	3.3877979149110615E-4
218.467680256	3.411295E-4	3.6139515577815473E-4
218.465714176	3.418313E-4	3.765544097404927E-4
218.46376448	3.2211526E-4	3.837839176412672E-4
218.461814784	1.390056E-4	3.8308350485749543E-4
218.459848704	2.9806112E-4	3.749369934666902E-4
218.457899008	5.91913E-4	3.601794596761465E-4
218.455949312	2.9723783E-4	3.398983972147107E-4
218.453999616	2.523819E-4	3.1532664434053004E-4
218.452033536	1.8554478E-4	2.877545775845647E-4
218.45008384	4.4595276E-4	2.584623289294541E-4
218.448134144	4.1396526E-4	2.2867639199830592E-4
218.446168064	2.818422E-4	1.9954217714257538E-4
218.444218368	2.399484E-4	1.7213367391377687E-4
218.442268672	3.3401768E-4	1.473558077123016E-4
218.440302592	2.844985E-4	1.2603809591382742E-4
218.438352896	2.451954E-4	1.0876802843995392E-4
218.4364032	7.245724E-5	9.594016592018306E-5
218.434453504	-2.2106113E-5	8.766412793193012E-5
218.432487424	1.376011E-5	8.375629113288596E-5
218.430537728	1.4411646E-4	8.372936281375587E-5
218.428588032	2.667078E-4	8.700317266630009E-5
218.426621952	8.069249E-5	9.275421325583011E-5
218.424672256	2.5383715E-4	1.002492499537766E-4
218.42272256	1.3948372E-4	1.0889425175264478E-4
218.42075648	2.2811168E-5	1.183030690299347E-4
218.418806784	4.1848274E-5	1.2839095143135637E-4
218.416857088	1.4282588E-4	1.3919532648287714E-4
218.414907392	1.08480155E-4	1.5090382657945156E-4
218.412941312	2.389514E-5	1.6359725850634277E-4
218.410991616	3.708261E-5	1.7714987916406244E-4
218.40904192	7.435906E-5	1.910971914185211E-4
218.40707584	2.0461675E-4	2.046010340563953E-4
218.405126144	2.4499826E-4	2.1649329573847353E-4
218.403176448	2.468659E-4	2.2550890571437776E-4
218.401210368	1.2428273E-4	2.303530927747488E-4
218.399260672	1.3260188E-4	2.300379564985633E-4
218.397310976	1.6603252E-4	2.2402990725822747E-4
218.39536128	2.194639E-4	2.123592421412468E-4
218.3933952	1.9425439E-4	1.9563245587050915E-4
218.391445504	2.7966656E-4	1.7494772328063846E-4
218.389495808	1.6307499E-4	1.5173274732660502E-4
218.387529728	1.9970168E-5	1.275407412322238E-4
218.385580032	-3.80622E-5	1.0384467168478295E-4
218.383630336	1.8860235E-5	8.18678381619975E-5
218.381664256	-3.990526E-5	6.247586134122685E-5
218.37971456	-4.3736136E-6	4.614239151123911E-5
218.377764864	-7.579206E-5	3.297804141766392E-5
218.375815168	7.578794E-5	2.2823560357210226E-5
218.373849088	1.116314E-4	1.5328399967984296E-5
218.371899392	1.1816702E-5	1.0040599590865895E-5
218.369949696	3.4453456E-5	6.5292556428175885E-6
218.367983616	4.4335487E-5	4.433268259163015E-6
218.36603392	-2.0349042E-4	3.5064340409007855E-6
218.364084224	8.848588E-5	3.6431904391065473E-6
218.362118144	1.1374847E-5	4.885944235866191E-6
218.360168448	1.3655756E-4	7.787701179040596E-6
218.358218752	3.4509714E-5	1.2362680536170956E-5
218.356269056	-9.416973E-5	1.933666499098763E-5
218.354302976	-1.2142948E-4	2.9519374947994947E-5
218.35235328	-6.6369603E-6	4.380774771561846E-5
218.350403584	7.35358E-5	6.344378198264167E-5
218.348437504	1.6700366E-4	8.993461960926652E-5
218.346487808	-8.2209364E-5	1.2527099170256406E-4
218.344538112	1.4702487E-4	1.7194802057929337E-4
218.342572032	2.1601934E-4	2.3285606584977359E-4
218.340622336	1.4970079E-4	3.1088467221707106E-4
218.33867264	2.7334713E-4	4.081662045791745E-4
218.336722944	5.147225E-4	5.250376416370273E-4
218.334756864	5.567717E-4	6.589621189050376E-4
218.332807168	6.133248E-4	8.03803326562047E-4
218.330857472	5.9764367E-4	9.498498402535915E-4
218.328891392	6.2026165E-4	0.0010847551748156548
218.326941696	8.773019E-4	0.0011952666100114584
218.324992	0.0011619164	0.0012693414464592934
218.32302592	0.0011703629	0.0012981388717889786
218.321076224	0.0011143183	0.0012775097275152802
218.319126528	0.0011262839	0.0012087322538718581
218.317160448	8.635742E-4	0.001098414184525609
218.315210752	8.013586E-4	9.575518779456615E-4
218.313261056	8.015651E-4	7.998227374628186E-4
218.31131136	9.4577146E-4	6.39410805888474E-4
218.30934528	5.39473E-4	4.888038383796811E-4
218.307395584	4.0892366E-4	3.5710344673134387E-4
218.305445888	2.2730074E-4	2.4924526223912835E-4
218.303479808	1.2993533E-4	1.6619102098047733E-4
218.301530112	9.4558454E-5	1.058739799191244E-4
218.299580416	1.08344475E-5	6.443789607146755E-5
218.297614336	1.379514E-4	3.750291944015771E-5
218.29566464	4.7872796E-5	2.086809945467394E-5
218.293714944	-1.2717035E-4	1.1104210898338351E-5
218.291765248	-2.6071568E-5	5.6512017181375995E-6
218.289799168	-1.1659013E-4	2.750971589193796E-6
218.287849472	-4.987355E-6	1.2810062344215112E-6
218.285899776	1.4683284E-4	5.706239107894362E-7
218.283933696	-2.2779546E-5	0.0
218.281984	-8.704837E-5	0.0
218.280034304	-5.495418E-5	0.0
218.278068224	-4.63799E-5	0.0
218.276118528	-1.276978E-4	0.0
218.274168832	-1.1243746E-6	0.0
218.272219136	2.335861E-5	0.0
218.270253056	-1.2745697E-4	0.0
218.26830336	8.556281E-5	0.0
218.266353664	-6.285036E-7	0.0
218.264387584	-1.2782763E-4	0.0
218.262437888	-7.238534E-5	0.0
218.260488192	-8.484926E-5	0.0
218.258522112	9.318321E-5	0.0
218.256572416	-3.6843623E-5	9.590526417468936E-8
218.25462272	2.224865E-6	2.1753774603894271E-7
218.252673024	-5.8185606E-6	4.7328205710073235E-7
218.250706944	5.932131E-5	9.876246167550562E-7
218.248757248	9.852513E-5	1.976691464733449E-6
218.246807552	-4.2121428E-5	3.794408939938876E-6
218.244841472	2.0625761E-5	6.985213531152112E-6
218.242891776	1.32640935E-5	1.2331212019489612E-5
218.24094208	-1.0514516E-4	2.087229586322792E-5
218.238976	-5.5595803E-5	3.386944445082918E-5
218.237026304	3.9345054E-5	5.26803924003616E-5
218.235076608	-6.0610713E-5	7.852844282751903E-5
218.233126912	9.636196E-5	1.1217541032237932E-4
218.231160832	2.0205777E-4	1.5355237701442093E-4
218.229211136	2.2788026E-4	2.0144508744124323E-4
218.22726144	2.4773146E-4	2.533496590331197E-4
218.22529536	2.5042956E-4	3.055881825275719E-4
218.223345664	2.2423355E-4	3.5370749537833035E-4
218.221395968	2.979735E-4	3.930973762180656E-4
218.219429888	4.761566E-4	4.196993540972471E-4
218.217480192	5.886061E-4	4.306524933781475E-4
218.215530496	2.697113E-4	4.247542528901249E-4
218.2135808	3.783597E-4	4.0265379357151687E-4
218.21161472	4.0650548E-4	3.6674796137958765E-4
218.209665024	3.4683646E-4	3.207942354492843E-4
218.207715328	2.0856631E-4	2.693117712624371E-4
218.205749248	1.300862E-4	2.1687221305910498E-4
218.203799552	1.8868712E-4	1.6744330059736967E-4
218.201849856	1.7497956E-4	1.239084522239864E-4
218.199883776	-8.18476E-6	8.786850230535492E-5
218.19793408	7.232976E-5	5.971066275378689E-5
218.195984384	5.626928E-5	3.888564242515713E-5
218.194018304	1.6136596E-4	2.42722817347385E-5
218.192068608	1.4412758E-4	1.4523867321258876E-5
218.190118912	3.076894E-5	8.33250942378072E-6
218.188169216	-1.3997872E-5	4.583981535688508E-6
218.186203136	1.696773E-5	2.4184271296689985E-6
218.18425344	5.586302E-5	1.223686695084325E-6
218.182303744	6.4910964E-5	5.938569529462256E-7
218.180337664	-1.4748906E-4	2.7642298050523095E-7
218.178387968	-1.0009335E-4	1.2341301669493987E-7
218.176438272	1.24997105E-5	0.0
218.174472192	7.3740746E-5	0.0
218.172522496	1.1117645E-4	0.0
218.1705728	7.707465E-5	0.0
218.168623104	-8.501433E-5	0.0
218.166657024	-9.434741E-5	0.0
218.164707328	-1.5241362E-5	0.0
218.162757632	-2.0464326E-4	0.0
218.160791552	1.07022635E-4	0.0
