219.99607808	-2.2563043E-5	0.0
219.99804416	-1.1680128E-4	0.0
219.999993856	-9.170898E-5	0.0
220.001943552	-6.74309E-5	0.0
220.003909632	2.6212081E-5	0.0
220.005859328	7.260333E-5	0.0
220.007809024	-3.027089E-6	0.0
220.009775104	1.117438E-5	0.0
220.0117248	1.9983272E-5	0.0
220.013674496	5.832413E-7	0.0
220.015624192	8.621848E-5	0.0
220.017590272	1.091834E-4	0.0
220.019539968	4.21131E-6	0.0
220.021489664	1.5115803E-5	0.0
220.023455744	5.3885175E-5	0.0
220.02540544	9.84384E-6	0.0
220.027355136	5.0774564E-5	0.0
220.029321216	-6.942283E-5	0.0
220.031270912	-5.3747033E-5	0.0
220.033220608	-1.18891665E-4	0.0
220.035186688	-9.133709E-6	1.929168075287535E-10
220.037136384	1.0551602E-5	4.917098395118558E-10
220.03908608	1.3446994E-6	1.1862345550284203E-9
220.041035776	-3.1290634E-5	2.7086908271911625E-9
220.043001856	-1.7924463E-5	5.854198015242673E-9
220.044951552	-4.626678E-5	1.1975620495263684E-8
220.046901248	7.304982E-6	2.3187386233303187E-8
220.048867328	8.030448E-5	4.249403318112854E-8
220.050817024	1.08347755E-4	7.371008337031526E-8
220.05276672	4.571055E-5	1.2101739343961526E-7
220.0547328	-2.2609827E-5	1.880574700408033E-7
220.056682496	-5.4196275E-6	2.766030888778914E-7
220.058632192	1.9927495E-5	3.850732923638134E-7
220.060598272	-2.9078234E-5	5.074018076811626E-7
220.062547968	-2.0492862E-5	6.32824992408132E-7
220.064497664	-5.6985627E-5	7.470320042557432E-7
220.06644736	5.472175E-5	8.346790991708986E-7
220.06841344	-1.7082697E-5	8.827255442156456E-7
220.070363136	-1.2288068E-6	8.836044571580715E-7
220.072312832	6.858577E-5	8.3717492316282E-7
220.074278912	5.4923585E-5	7.507584882660012E-7
220.076228608	4.7095768E-5	6.372484335770423E-7
220.078178304	-7.400336E-6	5.119665047459421E-7
220.080144384	-1.3977379E-5	3.8931156609578466E-7
220.08209408	-6.211231E-5	2.802046878969122E-7
220.084043776	-2.1921616E-5	1.9088615488271898E-7
220.086009856	7.841208E-5	1.2308245800340956E-7
220.087959552	4.3659097E-6	7.511727062592399E-8
220.089909248	8.529955E-6	4.339160142308174E-8
220.091858944	-2.6401638E-5	2.3724247455447767E-8
220.093825024	-4.745697E-5	1.2277304506369546E-8
220.09577472	3.9269122E-7	6.0136322588277835E-9
220.097724416	-3.1266604E-6	2.7880031616689394E-9
220.099690496	-5.701594E-5	1.2234070423389198E-9
220.101640192	-3.5871049E-6	5.081284282226761E-10
220.103589888	6.094991E-5	1.9975589238274694E-10
220.105555968	-3.1905656E-5	0.0
220.107505664	-1.3455093E-5	0.0
220.10945536	-6.474554E-6	0.0
220.11142144	-9.500388E-6	0.0
220.113371136	2.3490786E-5	0.0
220.115320832	1.6456383E-5	0.0
220.117270528	3.405811E-5	0.0
220.119236608	1.2058596E-6	0.0
220.121186304	4.1884705E-5	0.0
220.123136	-3.6575297E-5	0.0
220.12510208	-3.5000507E-5	0.0
220.127051776	-8.1237566E-5	0.0
220.129001472	-9.10045E-6	0.0
220.130967552	1.8027298E-5	0.0
220.132917248	4.8070964E-5	0.0
220.134866944	-4.240566E-5	0.0
220.136833024	5.401909E-5	0.0
220.13878272	-4.8650454E-5	0.0
220.140732416	-9.9572055E-5	0.0
220.142682112	-5.4072112E-5	0.0
220.144648192	8.058848E-5	0.0
220.146597888	1.3774079E-4	0.0
220.148547584	5.7391473E-5	0.0
220.150513664	-4.6169393E-5	0.0
220.15246336	-1.3150852E-5	0.0
220.154413056	1.3071011E-5	0.0
220.156379136	5.4841337E-5	0.0
220.158328832	5.031482E-5	0.0
220.160278528	-4.9337315E-5	0.0
220.162244608	-5.1890245E-5	0.0
220.164194304	-5.5780147E-5	0.0
220.166144	3.179002E-5	0.0
220.168093696	7.164532E-5	0.0
220.170059776	7.547182E-5	0.0
220.172009472	3.323723E-5	0.0
220.173959168	-1.5301746E-5	0.0
220.175925248	4.5430148E-5	0.0
220.177874944	4.214762E-5	0.0
220.17982464	5.3490847E-5	0.0
220.18179072	1.328595E-5	0.0
220.183740416	-6.4500004E-5	0.0
220.185690112	7.6165384E-6	0.0
220.187656192	8.9340305E-5	0.0
220.189605888	8.891651E-5	0.0
220.191555584	8.738274E-5	0.0
220.19350528	3.4516056E-6	0.0
220.19547136	5.6327975E-5	0.0
220.197421056	8.584828E-5	0.0
220.199370752	4.57251E-5	0.0
220.201336832	2.0097963E-5	0.0
220.203286528	-2.655524E-5	0.0
220.205236224	-9.45229E-6	0.0
220.207202304	5.303802E-5	0.0
220.209152	1.8210405E-5	0.0
220.211101696	-4.5993943E-6	0.0
220.213067776	-3.1303345E-5	0.0
220.215017472	1.7362334E-5	0.0
220.216967168	-2.1567492E-5	0.0
220.218933248	5.4828492E-6	0.0
220.220882944	-2.2026179E-5	0.0
220.22283264	-3.7921534E-5	0.0
220.224782336	-3.2642805E-7	0.0
220.226748416	-3.4303343E-5	0.0
220.228698112	-5.7913323E-5	0.0
220.230647808	-3.465154E-5	0.0
220.232613888	4.1844978E-5	0.0
220.234563584	-2.2189702E-6	0.0
220.23651328	-7.184166E-5	0.0
220.23847936	-5.3105465E-5	0.0
220.240429056	-2.5959289E-5	0.0
220.242378752	1.9566874E-6	0.0
220.244344832	-5.6333356E-5	0.0
220.246294528	1.1726189E-5	0.0
220.248244224	-1.0026894E-4	0.0
220.25019392	-1.4100417E-4	0.0
220.25216	-2.8502203E-5	0.0
220.254109696	4.971808E-6	0.0
220.256059392	4.5435714E-5	0.0
220.258025472	-2.715856E-5	0.0
220.259975168	-1.13766684E-4	0.0
220.261924864	1.669173E-5	0.0
220.263890944	-1.9309511E-5	0.0
220.26584064	5.7200232E-5	0.0
220.267790336	4.5949782E-5	0.0
220.269756416	4.2008833E-5	0.0
220.271706112	8.0365266E-5	0.0
220.273655808	-3.641875E-5	0.0
220.275605504	-4.2143827E-5	0.0
220.277571584	9.934754E-5	0.0
220.27952128	8.8659726E-5	0.0
220.281470976	4.9929455E-5	0.0
220.283437056	9.300139E-5	0.0
220.285386752	7.538822E-5	0.0
220.287336448	-1.8546046E-6	0.0
220.289302528	1.7933859E-6	0.0
220.291252224	1.7210281E-5	0.0
220.29320192	2.995869E-5	0.0
220.295168	2.0462176E-5	0.0
220.297117696	5.385947E-5	0.0
220.299067392	1.4604669E-4	0.0
220.301017088	3.2498579E-6	0.0
220.302983168	4.124326E-6	0.0
220.304932864	8.652295E-5	0.0
220.30688256	-4.3495897E-5	0.0
220.30884864	-6.9642624E-6	0.0
220.310798336	4.0395047E-5	0.0
220.312748032	6.956831E-5	0.0
220.314714112	3.712201E-5	0.0
220.316663808	-7.125629E-5	0.0
220.318613504	6.807019E-5	0.0
220.320579584	1.1390628E-4	0.0
220.32252928	-7.884673E-5	0.0
220.324478976	-9.782103E-5	0.0
220.326428672	-6.904715E-5	0.0
220.328394752	-5.186444E-5	0.0
220.330344448	-6.556403E-5	0.0
220.332294144	-5.3279855E-5	0.0
220.334260224	7.51183E-6	0.0
220.33620992	-3.629218E-6	0.0
220.338159616	-1.08663466E-4	0.0
220.340125696	-1.3043932E-4	0.0
220.342075392	-1.3045107E-4	0.0
220.344025088	-1.4408477E-4	0.0
220.345991168	-7.393584E-5	0.0
220.347940864	-2.8049959E-5	0.0
220.34989056	1.8146508E-5	0.0
220.351840256	-2.3061824E-7	0.0
220.353806336	7.567307E-5	0.0
220.355756032	2.4527588E-5	0.0
220.357705728	-3.8903316E-5	0.0
220.359671808	6.820694E-6	0.0
220.361621504	6.638863E-5	0.0
220.3635712	6.47187E-5	0.0
220.36553728	8.966579E-5	0.0
220.367486976	4.8490343E-5	0.0
220.369436672	3.228856E-5	0.0
220.371402752	4.247256E-5	0.0
220.373352448	7.084957E-6	4.776341544499019E-10
220.375302144	-8.497882E-5	1.1950554990036721E-9
220.37725184	4.5015215E-5	2.831232137623374E-9
220.37921792	5.3454954E-5	6.351216885747135E-9
220.381167616	1.8376055E-4	1.3490733863363857E-8
220.383117312	2.7625298E-4	2.7133769009424213E-8
220.385083392	3.758842E-4	5.167528271954325E-8
220.387033088	4.802273E-4	9.318574001326851E-8
220.388982784	6.8370195E-4	1.5911636808141338E-7
220.390948864	7.999846E-4	2.572634230091353E-7
220.39289856	8.626395E-4	3.938557711080648E-7
220.394848256	9.757384E-4	5.709428592126642E-7
220.396814336	9.2349097E-4	7.836949862394249E-7
220.398764032	8.899266E-4	1.018593934531964E-6
220.400713728	9.013256E-4	1.2535880387076759E-6
220.402663424	7.5018674E-4	1.4608706351282308E-6
220.404629504	6.610383E-4	1.6120309282996459E-6
220.4065792	5.3783995E-4	1.684384187683463E-6
220.408528896	4.275072E-4	1.6665401290083537E-6
220.410494976	2.6593686E-4	1.5613389905411168E-6
220.412444672	8.239117E-5	1.3851097264705459E-6
220.414394368	1.0689869E-4	1.1635241889962344E-6
220.416360448	-4.1017654E-5	9.254821407012059E-7
220.418310144	-1.2454012E-4	6.970454933252768E-7
220.42025984	-6.443121E-5	4.971102498529945E-7
220.42222592	-7.693445E-5	3.3569284596524085E-7
220.424175616	-1.6505789E-4	2.1464894928158174E-7
220.426125312	-1.13274735E-4	1.2996081011351635E-7
220.428075008	-8.67159E-5	7.450619676774295E-8
220.430041088	-1.3773596E-4	4.044558110649632E-8
220.431990784	-1.3858445E-4	2.0789547860999846E-8
220.43394048	-1.0315965E-4	1.0118528237512692E-8
220.43590656	-1.3443109E-4	4.663204489219197E-9
220.437856256	-1.6598287E-4	2.0349222307203263E-9
220.439805952	-7.776826E-5	8.408299057016677E-10
220.441772032	-9.913838E-5	2.0863837046913858E-10
220.443721728	-1.07480606E-4	0.0
220.445671424	-6.3926964E-5	0.0
220.447637504	-4.547997E-5	0.0
220.4495872	-6.376631E-5	0.0
220.451536896	-2.9216312E-6	0.0
220.453486592	-2.1403025E-6	0.0
220.455452672	8.182332E-6	0.0
220.457402368	5.7779558E-5	0.0
220.459352064	5.5885495E-5	0.0
220.461318144	-5.097378E-5	0.0
220.46326784	-2.2443196E-6	0.0
220.465217536	-6.408309E-5	0.0
220.467183616	-1.1682374E-4	0.0
220.469133312	-2.0486764E-6	0.0
220.471083008	-5.1970633E-6	0.0
220.473049088	-2.6428599E-5	0.0
220.474998784	-1.2009651E-4	0.0
220.47694848	-7.7528375E-6	0.0
220.478898176	-2.1520224E-5	0.0
220.480864256	1.7452156E-5	0.0
220.482813952	-2.6737329E-5	0.0
220.484763648	-1.9172464E-4	0.0
220.486729728	-1.185713E-4	0.0
220.488679424	-7.6994154E-5	0.0
220.49062912	-9.3234514E-5	0.0
220.4925952	-4.855585E-5	0.0
220.494544896	5.378746E-5	0.0
220.496494592	4.9389928E-5	0.0
220.498460672	1.20550985E-5	0.0
220.500410368	8.069642E-5	0.0
220.502360064	3.7886733E-5	0.0
220.504326144	-5.304298E-5	0.0
220.50627584	3.6750534E-5	0.0
220.508225536	-1.7923088E-5	0.0
220.510175232	-2.7062622E-5	0.0
220.512141312	-2.7950533E-5	0.0
220.514091008	3.9301136E-5	0.0
220.516040704	-2.061051E-5	0.0
220.518006784	6.067037E-5	0.0
220.51995648	4.5688255E-5	0.0
220.521906176	1.6352344E-5	0.0
220.523872256	1.0254605E-5	0.0
220.525821952	4.5606423E-5	0.0
220.527771648	1.932097E-5	0.0
220.529737728	5.3646077E-6	0.0
220.531687424	-2.473779E-5	0.0
220.53363712	-1.0535124E-4	0.0
220.535586816	-7.028794E-5	0.0
220.537552896	-2.9051815E-5	0.0
220.539502592	9.978062E-5	0.0
220.541452288	7.9862686E-5	0.0
220.543418368	4.60289E-5	0.0
220.545368064	-3.882109E-5	0.0
220.54731776	-1.16666655E-4	0.0
220.54928384	-4.8287056E-5	0.0
220.551233536	-2.0943662E-5	0.0
220.553183232	-3.094531E-5	0.0
220.555149312	1.1066446E-6	0.0
220.557099008	-7.150011E-5	0.0
220.559048704	-2.9018697E-6	0.0
220.5609984	3.4231853E-5	0.0
220.56296448	-9.568094E-6	0.0
220.564914176	5.761163E-5	0.0
220.566863872	1.128662E-4	0.0
220.568829952	2.1491694E-5	0.0
220.570779648	1.8899451E-6	0.0
220.572729344	2.4064298E-5	0.0
220.574695424	-8.345009E-7	0.0
220.57664512	4.309407E-5	0.0
220.578594816	6.36647E-5	0.0
220.580560896	9.3226976E-5	0.0
220.582510592	4.8273912E-5	0.0
220.584460288	5.497328E-5	0.0
220.586409984	-1.7055292E-5	0.0
220.588376064	-3.8384638E-5	0.0
220.59032576	1.0431345E-5	0.0
220.592275456	2.2738219E-5	0.0
220.594241536	-6.412938E-5	0.0
220.596191232	3.5803154E-5	0.0
220.598140928	4.5270048E-5	0.0
220.600107008	3.6610596E-5	0.0
220.602056704	-2.1544033E-6	0.0
220.6040064	1.178011E-4	0.0
220.60597248	8.087269E-5	0.0
220.607922176	-1.5135587E-6	0.0
220.609871872	-4.3345728E-5	0.0
220.611821568	-1.2157804E-5	0.0
220.613787648	-2.819256E-5	0.0
220.615737344	4.5844565E-5	0.0
220.61768704	-2.9920742E-5	0.0
220.61965312	-2.5409022E-6	0.0
220.621602816	3.066103E-5	0.0
220.623552512	-4.0882073E-6	0.0
220.625518592	5.30369E-5	0.0
220.627468288	4.585418E-6	0.0
220.629417984	1.6408236E-6	0.0
220.631384064	4.712504E-5	0.0
220.63333376	4.365854E-5	0.0
220.635283456	-2.1421943E-6	0.0
220.637233152	3.7188423E-5	0.0
220.639199232	1.8865787E-5	0.0
220.641148928	-5.4545675E-5	0.0
220.643098624	-2.602541E-5	0.0
220.645064704	1.7516933E-5	0.0
220.6470144	-1.8497343E-5	0.0
220.648964096	4.7425077E-5	0.0
220.650930176	-5.685775E-6	0.0
220.652879872	-4.6933044E-5	0.0
220.654829568	-4.8469024E-5	0.0
220.656795648	4.543101E-6	0.0
220.658745344	-1.0341787E-5	0.0
220.66069504	3.6477635E-5	0.0
220.662644736	1.7667371E-5	0.0
220.664610816	-4.810317E-6	1.9546779472801035E-10
220.666560512	1.0943849E-5	4.965741151607972E-10
220.668510208	2.2006148E-5	1.1944187860990496E-9
220.670476288	-4.5333672E-5	2.7200930396986678E-9
220.672425984	-3.0325023E-6	5.86507686861637E-9
220.67437568	-4.3654956E-5	1.1973444458135418E-8
220.67634176	-6.288819E-5	2.3143380545320724E-8
220.678291456	-8.030401E-6	4.2353551776841414E-8
220.680241152	7.048533E-5	7.338567797887663E-8
220.682207232	4.212049E-5	1.2039089369864087E-7
220.684156928	4.300211E-5	1.8699567760904756E-7
220.686106624	9.87981E-7	2.749978023075528E-7
220.68805632	3.3191078E-5	3.828978378805914E-7
220.6900224	8.507744E-5	5.0477331114962E-7
220.691972096	6.3838364E-5	6.300391532931826E-7
220.693921792	1.5806276E-5	7.445594860655547E-7
220.695887872	-2.1627628E-5	8.330888476848486E-7
220.697837568	2.6891197E-5	8.825620056995831E-7
220.699787264	3.2094715E-5	8.852401833792101E-7
220.701753344	6.213537E-5	8.406963161178282E-7
220.70370304	3.7721336E-5	7.559253276667732E-7
220.705652736	-1.1902956E-5	6.435464570131444E-7
220.707618816	6.530296E-6	5.18728938914137E-7
220.709568512	7.945266E-5	3.958768104439514E-7
220.711518208	9.9109195E-5	2.8604733870452037E-7
220.713467904	1.0974913E-4	1.9569220910398144E-7
220.715433984	1.0398196E-4	1.2675558025421196E-7
220.71738368	6.9180984E-5	7.773530796839623E-8
220.719333376	2.8184513E-5	4.513647056114678E-8
220.721299456	-2.5745972E-5	2.48139286895821E-8
220.723249152	3.614946E-5	1.2915813307756707E-8
220.725198848	7.042727E-5	6.365148852438551E-9
220.727164928	3.5122794E-5	2.969973378341706E-9
220.729114624	4.8630398E-5	1.3120655673048987E-9
220.73106432	1.0898612E-4	5.488048904211951E-10
220.7330304	-4.2049355E-6	2.17339687913487E-10
220.734980096	-9.189483E-8	0.0
220.736929792	2.4322653E-5	0.0
220.738879488	1.0613572E-4	0.0
220.740845568	9.227381E-5	0.0
220.742795264	6.6644614E-5	0.0
220.74474496	1.1864505E-4	0.0
220.74671104	9.3410694E-5	0.0
220.748660736	9.308461E-6	0.0
220.750610432	-5.7043242E-5	0.0
220.752576512	7.9790385E-7	0.0
220.754526208	-2.4590405E-5	0.0
220.756475904	8.110513E-5	0.0
220.758441984	1.7800186E-5	0.0
220.76039168	-3.576682E-5	0.0
220.762341376	4.905611E-6	0.0
220.764291072	-5.341062E-5	0.0
220.766257152	-6.559625E-5	0.0
220.768206848	-7.505966E-5	0.0
220.770156544	3.2354183E-5	0.0
220.772122624	-5.6379467E-5	0.0
220.77407232	-6.672443E-5	0.0
220.776022016	-8.221969E-6	0.0
220.777988096	2.0259511E-5	0.0
220.779937792	6.723241E-5	0.0
220.781887488	3.656921E-5	0.0
220.783853568	-3.0717496E-5	0.0
220.785803264	1.6535443E-5	0.0
220.78775296	1.9049323E-5	0.0
220.789702656	5.263155E-5	0.0
220.791668736	7.219351E-5	0.0
220.793618432	-1.1680618E-5	0.0
220.795568128	-7.049828E-5	0.0
220.797534208	-7.534694E-5	0.0
220.799483904	-5.291021E-5	0.0
220.8014336	3.4365767E-5	0.0
220.80339968	9.446159E-5	0.0
220.805349376	1.6092118E-4	0.0
220.807299072	3.423635E-5	0.0
220.809265152	4.044993E-5	0.0
220.811214848	3.313234E-5	0.0
220.813164544	-7.491759E-5	0.0
220.815130624	2.2657919E-6	0.0
220.81708032	-3.1877374E-7	0.0
220.819030016	5.4318152E-5	0.0
220.820979712	6.868168E-5	0.0
220.822945792	2.2106695E-5	0.0
220.824895488	3.30635E-5	0.0
220.826845184	1.0087436E-4	0.0
220.828811264	3.498522E-5	0.0
220.83076096	-8.505979E-5	0.0
220.832710656	-4.0327268E-5	0.0
220.834676736	2.5217763E-5	0.0
220.836626432	5.3325697E-5	0.0
220.838576128	-2.1372794E-5	0.0
220.840542208	-5.4547607E-5	0.0
220.842491904	-2.194603E-6	0.0
220.8444416	1.3049009E-5	0.0
220.846391296	-6.2710875E-5	0.0
220.848357376	-5.8992213E-5	0.0
220.850307072	-4.396595E-5	0.0
220.852256768	3.5032266E-5	0.0
220.854222848	-7.0606397E-6	0.0
220.856172544	-1.18717144E-4	0.0
220.85812224	-2.8946422E-5	0.0
220.86008832	2.2817192E-5	0.0
220.862038016	-1.1491999E-5	0.0
220.863987712	5.0313138E-5	0.0
220.865953792	-1.892903E-5	0.0
220.867903488	-1.865948E-5	0.0
220.869853184	-4.8271802E-5	0.0
220.87180288	1.652103E-5	0.0
220.87376896	4.217909E-5	0.0
220.875718656	2.7817143E-5	0.0
220.877668352	4.386861E-5	0.0
220.879634432	1.4286991E-5	0.0
220.881584128	-2.774682E-5	0.0
220.883533824	-5.6559482E-5	0.0
220.885499904	-4.2604947E-6	0.0
220.8874496	2.9673043E-5	0.0
220.889399296	1.9086729E-5	0.0
220.891365376	-2.86703E-5	0.0
220.893315072	1.3289763E-5	0.0
220.895264768	7.7087054E-5	0.0
220.897214464	7.746462E-5	0.0
220.899180544	6.1005674E-5	0.0
220.90113024	5.361643E-5	0.0
220.903079936	7.94035E-5	0.0
220.905046016	-2.8949817E-5	0.0
220.906995712	-5.8112717E-5	0.0
220.908945408	1.3353966E-5	0.0
220.910911488	4.5266752E-5	0.0
220.912861184	5.2267176E-5	0.0
220.91481088	1.028178E-5	0.0
220.91677696	-2.2774606E-5	0.0
220.918726656	1.06312955E-5	0.0
220.920676352	-4.9393322E-5	0.0
220.922626048	-2.7350445E-5	0.0
220.924592128	-6.676634E-5	3.763052369709641E-11
220.926541824	-4.8400634E-5	9.455212307551975E-11
220.92849152	-7.3560036E-6	2.2496621232548364E-10
220.9304576	3.9075625E-5	5.068530040119867E-10
220.932407296	3.930941E-5	1.0813289152977745E-9
220.934356992	1.0779136E-5	2.184480818456791E-9
220.936323072	-6.600688E-5	4.178823953537858E-9
220.938272768	-3.570575E-5	7.569685323005615E-9
220.940222464	-3.8017817E-5	1.2984137320870559E-8
220.942188544	6.912092E-7	2.1089352486569624E-8
220.94413824	-5.4558062E-5	3.243623325488443E-8
220.946087936	-8.3152474E-5	4.727621316646946E-8
220.948037632	-5.385915E-5	6.523981710415683E-8
220.950003712	-2.9411742E-5	8.529536899004597E-8
220.951953408	-4.416556E-5	1.0569875286137176E-7
220.953903104	-3.138922E-5	1.2424665385424305E-7
220.955869184	-5.9985828E-6	1.3873521709228953E-7
220.95781888	-5.389027E-5	1.4752819765817549E-7
220.959768576	-7.583579E-5	1.5006305886799964E-7
220.961734656	2.2980462E-6	1.4710873585954687E-7
220.963684352	6.5671925E-6	1.4065184927858354E-7
220.965634048	9.528588E-6	1.3341001192657131E-7
220.967600128	4.206344E-5	1.2809785232548165E-7
220.969549824	-3.3245648E-5	1.2666211546275008E-7
220.97149952	4.4868168E-5	1.2971898399882775E-7
220.973449216	-3.4704204E-5	1.3636915241477254E-7
220.975415296	-1.8667095E-5	1.4444799489865545E-7
220.977364992	3.1338277E-5	1.5113452889181644E-7
220.979314688	-5.1535302E-5	1.5373527162410028E-7
220.981280768	3.2972493E-5	1.5040211565064965E-7
220.983230464	3.3531534E-5	1.4057522434995917E-7
220.98518016	-1.5418813E-5	1.2503817004017037E-7
220.98714624	-2.2114586E-5	1.0567378438963715E-7
220.989095936	-1.9557232E-5	8.475282697872899E-8
220.991045632	-5.3661162E-5	6.458765966499413E-8
220.993011712	5.0971263E-5	4.6993882563128864E-8
220.994961408	8.442513E-5	3.312291951829138E-8
220.996911104	7.1186834E-5	2.3565194240404708E-8
220.9988608	8.481985E-6	1.8454624495234384E-8
221.00082688	-8.713457E-6	1.7781150773998888E-8
221.002776576	7.180932E-5	2.1521897153320424E-8
221.004726272	-1.3289845E-5	2.9663757672437896E-8
221.006692352	4.8118454E-5	4.207948478551771E-8
221.008642048	3.2995842E-5	5.830746019341859E-8
221.010591744	-9.655479E-6	7.733099494089402E-8
221.012557824	8.78743E-6	9.746905504925962E-8
221.01450752	-1.3299995E-5	1.1647295394823232E-7
221.016457216	5.5632627E-5	1.3183814928652282E-7
221.018423296	-3.3434764E-5	1.4135521553271246E-7
221.020372992	-5.7374233E-5	1.4351951449498301E-7
221.022322688	-2.5077792E-5	1.37987171910936E-7
221.024272384	2.1828848E-5	1.256303931995717E-7
221.026238464	9.108988E-5	1.0831269747768602E-7
221.02818816	1.1324209E-4	8.842851428880749E-8
221.030137856	1.0614375E-4	6.83648266885939E-8
221.032103936	-9.9901816E-5	5.0049720812239684E-8
221.034053632	-2.7004444E-5	3.4697542616868304E-8
221.036003328	3.1911986E-5	2.2778356978392367E-8
221.037969408	6.702865E-5	1.4160387529216223E-8
221.039919104	-3.8636856E-5	8.335936385606146E-9
221.0418688	-1.4032527E-5	4.6468984216119225E-9
221.04383488	1.3033433E-4	2.453012015735112E-9
221.045784576	6.42598E-5	1.2262032500487408E-9
221.047734272	-9.271618E-5	5.804368652384539E-10
221.049683968	-7.465478E-5	2.6018129317684213E-10
221.051650048	-3.6262107E-5	1.1043904679652883E-10
221.053599744	2.3812288E-5	4.439146272794403E-11
221.05554944	2.8343835E-5	0.0
221.05751552	6.999342E-5	1.2543312222224046E-10
221.059465216	5.5826245E-6	3.044410279429144E-10
221.061414912	2.612498E-5	6.99748092802821E-10
221.063380992	7.136671E-5	1.5230737782090387E-9
221.065330688	1.4167593E-4	3.139377646732555E-9
221.067280384	9.673185E-5	6.127862661742256E-9
221.069246464	2.835058E-5	1.1327072613198652E-8
221.07119616	1.3356913E-5	1.982762576346886E-8
221.073145856	1.1150952E-5	3.286728400553329E-8
221.075095552	7.628104E-5	5.159435190194017E-8
221.077061632	-6.332758E-5	7.669749635397238E-8
221.079011328	-4.720033E-5	1.0797041483101566E-7
221.080961024	5.364349E-5	1.4393607727924973E-7
221.082927104	3.55694E-5	1.817100638845659E-7
221.0848768	3.624668E-5	2.1723558063513337E-7
221.086826496	5.738798E-5	2.459384802477871E-7
221.088792576	5.560617E-5	2.6367314376329887E-7
221.090742272	6.4044E-6	2.6770061367642484E-7
221.092691968	8.7269655E-5	2.573812878381432E-7
221.094658048	-5.2145562E-5	2.3434100171471073E-7
221.096607744	-5.091397E-5	2.0205207817980408E-7
221.09855744	4.4971064E-5	1.6497644139690237E-7
221.10052352	-8.755828E-6	1.2756269995861658E-7
221.102473216	-4.202402E-5	9.340466533558356E-8
221.104422912	1.0751705E-5	6.476735592286786E-8
221.106372608	-1.165473E-5	4.2529126886847735E-8
221.108338688	3.1101E-5	2.6445976075706312E-8
221.110288384	-3.3272222E-6	1.5573119682699144E-8
221.11223808	1.384294E-5	8.68429594902409E-9
221.11420416	-3.771105E-5	4.586018231833577E-9
221.116153856	5.6566816E-5	2.293399470332247E-9
221.118103552	4.222615E-5	1.0860944366086756E-9
221.120069632	4.7905618E-5	4.87078322120027E-10
221.122019328	3.6234233E-5	2.0685830826039364E-10
221.123969024	-5.2383755E-5	8.31936741718664E-11
221.125935104	-9.536797E-6	0.0
221.1278848	1.143964E-5	0.0
221.129834496	-4.4139433E-5	0.0
221.131784192	7.0481474E-5	0.0
221.133750272	1.09001514E-4	0.0
221.135699968	4.0388797E-5	0.0
221.137649664	5.4170217E-5	0.0
221.139615744	2.886504E-5	0.0
221.14156544	2.9535615E-5	0.0
221.143515136	2.4405672E-5	0.0
221.145481216	-6.5574927E-6	0.0
221.147430912	-5.3409963E-6	0.0
221.149380608	4.9128066E-5	0.0
221.151346688	3.7641825E-5	0.0
221.153296384	7.21665E-5	0.0
221.15524608	-4.584352E-5	0.0
221.157195776	-5.530503E-5	0.0
221.159161856	2.8402857E-5	0.0
221.161111552	-6.632118E-5	0.0
221.163061248	-7.808175E-5	0.0
221.165027328	-5.9898734E-6	0.0
221.166977024	6.010603E-5	0.0
221.16892672	7.064683E-5	0.0
221.1708928	5.7003203E-6	0.0
221.172842496	-5.572167E-5	0.0
221.174792192	4.9864524E-5	0.0
221.176758272	9.221051E-5	0.0
221.178707968	-2.0162792E-5	0.0
221.180657664	-5.9502112E-5	0.0
221.18260736	9.697688E-6	0.0
221.18457344	2.8393464E-5	0.0
221.186523136	1.2119585E-5	0.0
221.188472832	3.7433492E-5	0.0
221.190438912	-1.6169259E-5	0.0
221.192388608	7.735471E-5	0.0
221.194338304	8.064433E-5	0.0
221.196304384	1.3995531E-5	0.0
221.19825408	-6.626719E-7	0.0
221.200203776	3.4589822E-5	0.0
221.202169856	-5.7013047E-5	0.0
221.204119552	3.4442278E-6	0.0
221.206069248	-1.9093182E-5	0.0
221.208018944	-1.5948193E-5	0.0
221.209985024	9.5388605E-5	0.0
221.21193472	3.5414385E-5	0.0
221.213884416	1.5345126E-5	0.0
221.215850496	-2.5280464E-5	0.0
221.217800192	3.101193E-5	0.0
221.219749888	5.941736E-5	0.0
221.221715968	8.142452E-6	0.0
221.223665664	8.809676E-5	0.0
221.22561536	5.1167524E-5	0.0
221.22758144	6.187137E-5	0.0
221.229531136	8.284165E-5	0.0
221.231480832	5.7286175E-5	0.0
221.233430528	-4.1381172E-5	0.0
221.235396608	-4.291055E-5	0.0
221.237346304	2.6889858E-5	0.0
221.239296	1.0865592E-4	0.0
221.24126208	5.4886375E-5	0.0
221.243211776	-2.2804357E-5	0.0
221.245161472	7.273244E-6	0.0
221.247127552	-2.090989E-5	0.0
221.249077248	-2.7193814E-6	0.0
221.251026944	3.2717413E-5	0.0
221.252993024	-2.3899825E-5	0.0
221.25494272	6.2583626E-5	0.0
221.256892416	2.2580287E-5	0.0
221.258842112	2.2205226E-5	0.0
221.260808192	3.100526E-6	0.0
221.262757888	7.117435E-5	0.0
221.264707584	5.5173446E-6	0.0
221.266673664	6.693238E-5	0.0
221.26862336	3.9558465E-5	0.0
221.270573056	2.6087779E-5	0.0
221.272539136	1.8569044E-5	0.0
221.274488832	6.668441E-5	0.0
221.276438528	4.89293E-5	0.0
221.278404608	2.6508555E-5	0.0
221.280354304	7.6295924E-5	0.0
221.282304	3.218412E-5	0.0
221.284253696	-2.6842637E-5	0.0
221.286219776	3.5871533E-5	0.0
221.288169472	3.2571137E-5	0.0
221.290119168	5.8281134E-5	0.0
221.292085248	1.4879662E-5	0.0
221.294034944	-2.0740517E-5	0.0
221.29598464	2.5001369E-5	0.0
221.29795072	3.0937874E-5	0.0
221.299900416	6.261986E-5	0.0
221.301850112	5.3296033E-5	0.0
221.303816192	-1.24200915E-5	0.0
221.305765888	-9.297098E-6	0.0
221.307715584	1.2119395E-4	0.0
221.30966528	2.2477187E-5	0.0
221.31163136	3.693509E-5	0.0
221.313581056	-1.777476E-5	0.0
221.315530752	-5.835037E-5	0.0
221.317496832	2.3866312E-5	0.0
221.319446528	5.7966696E-5	0.0
221.321396224	6.4733744E-5	0.0
221.323362304	-7.753765E-6	0.0
221.325312	-1.9389823E-5	0.0
221.327261696	-7.9610414E-5	0.0
221.329227776	-2.5664533E-5	0.0
221.331177472	3.5237426E-5	0.0
221.333127168	2.4305496E-5	0.0
221.335076864	-3.4497963E-5	0.0
221.337042944	-4.480927E-6	0.0
221.33899264	-6.7891447E-6	0.0
221.340942336	-2.528038E-5	0.0
221.342908416	-4.815554E-5	0.0
221.344858112	-8.127553E-6	0.0
221.346807808	8.624172E-5	0.0
221.348773888	1.18266005E-4	0.0
221.350723584	6.9196176E-5	0.0
221.35267328	4.2193242E-5	0.0
221.35463936	-7.94665E-7	0.0
221.356589056	-6.9833135E-7	0.0
221.358538752	3.8715327E-5	0.0
221.360488448	3.239957E-5	0.0
221.362454528	-2.3642788E-5	0.0
221.364404224	3.991356E-5	0.0
221.36635392	4.7238536E-5	0.0
221.36832	7.247717E-5	0.0
221.370269696	-2.5757075E-5	0.0
221.372219392	-7.167695E-5	0.0
221.374185472	-4.24055E-5	0.0
221.376135168	-4.6737077E-5	0.0
221.378084864	-4.344503E-6	0.0
221.380050944	-2.564679E-5	0.0
221.38200064	-3.8603852E-5	0.0
221.383950336	1.0122801E-5	0.0
221.385916416	-1.9938001E-5	0.0
221.387866112	1.8471997E-5	0.0
221.389815808	2.1675849E-5	0.0
221.391765504	6.5407953E-6	0.0
221.393731584	-6.690674E-5	0.0
221.39568128	-2.0305444E-5	0.0
221.397630976	5.1125673E-5	0.0
221.399597056	3.5702183E-6	0.0
221.401546752	-1.3251253E-5	0.0
221.403496448	6.169044E-5	0.0
221.405462528	5.095528E-6	0.0
221.407412224	-4.42106E-5	0.0
221.40936192	6.461771E-6	0.0
221.411328	7.939164E-5	0.0
221.413277696	1.0700538E-6	0.0
221.415227392	2.3840934E-5	0.0
221.417177088	6.488031E-5	0.0
221.419143168	1.8066996E-5	0.0
221.421092864	-6.4625706E-6	0.0
221.42304256	1.8481398E-5	0.0
221.42500864	-1.7891085E-5	0.0
221.426958336	-2.2233486E-5	0.0
221.428908032	-2.7202776E-5	0.0
221.430874112	-5.9586775E-5	0.0
221.432823808	-2.2265674E-5	0.0
221.434773504	1.3139485E-5	0.0
221.436739584	2.5500369E-5	0.0
221.43868928	-6.917728E-5	0.0
221.440638976	1.2423655E-5	0.0
221.442588672	-5.293157E-6	0.0
221.444554752	-2.1459196E-6	0.0
221.446504448	-3.0817533E-5	0.0
221.448454144	-8.91642E-6	0.0
221.450420224	-1.0556173E-5	0.0
221.45236992	1.0859506E-5	0.0
221.454319616	5.485985E-6	0.0
221.456285696	2.2338958E-5	0.0
221.458235392	9.50724E-6	0.0
221.460185088	-3.7164365E-5	0.0
221.462151168	-3.8913E-5	0.0
221.464100864	-7.246763E-5	0.0
221.46605056	-2.5946974E-5	0.0
221.468000256	-1.12812864E-4	0.0
221.469966336	-9.581649E-5	0.0
221.471916032	-3.847198E-5	0.0
221.473865728	5.641862E-5	0.0
221.475831808	-2.2376385E-5	0.0
221.477781504	-3.716565E-5	0.0
221.4797312	-3.923022E-5	0.0
221.48169728	4.748236E-5	0.0
221.483646976	5.539095E-5	0.0
221.485596672	1.910246E-5	0.0
221.487562752	2.862481E-5	0.0
221.489512448	2.9783136E-5	0.0
221.491462144	1.7660792E-6	0.0
221.49341184	1.4017708E-5	0.0
221.49537792	-4.2880998E-5	0.0
221.497327616	-5.0622635E-5	0.0
221.499277312	2.994683E-5	0.0
221.501243392	8.298343E-5	0.0
221.503193088	1.2428144E-5	0.0
221.505142784	-1.1477109E-5	0.0
221.507108864	-5.805799E-6	0.0
221.50905856	-4.9319522E-5	0.0
221.511008256	-1.9982323E-5	0.0
221.512974336	1.4805345E-5	0.0
221.514924032	1.0770274E-5	0.0
221.516873728	-5.9649847E-5	0.0
221.518823424	-5.256789E-5	0.0
221.520789504	3.4796612E-5	0.0
221.5227392	-1.8986771E-5	0.0
221.524688896	-1.6881168E-5	0.0
221.526654976	-5.089066E-5	0.0
221.528604672	1.6070873E-5	0.0
221.530554368	2.6209986E-5	0.0
221.532520448	9.08399E-6	0.0
221.534470144	9.8872115E-5	0.0
221.53641984	7.3143354E-5	0.0
221.53838592	-4.183133E-5	0.0
221.540335616	-4.9187354E-5	0.0
221.542285312	-5.2189665E-7	0.0
221.544235008	-2.654794E-5	0.0
221.546201088	2.3490924E-5	0.0
221.548150784	5.0604278E-5	0.0
221.55010048	7.6708544E-5	0.0
221.55206656	5.1806783E-5	0.0
221.554016256	5.8522317E-5	0.0
221.555965952	1.9693136E-5	0.0
221.557932032	-5.4578336E-6	0.0
221.559881728	4.3869663E-6	0.0
221.561831424	4.150581E-5	0.0
221.563797504	4.6670175E-5	0.0
221.5657472	8.3125866E-5	0.0
221.567696896	5.6456367E-5	0.0
221.569646592	1.224662E-4	0.0
221.571612672	1.2384045E-4	0.0
221.573562368	8.754035E-5	0.0
221.575512064	3.143897E-5	0.0
221.577478144	-4.820234E-6	0.0
221.57942784	-4.9932067E-5	0.0
221.581377536	-7.3934457E-6	0.0
221.583343616	2.4000998E-5	0.0
221.585293312	4.4887456E-5	0.0
221.587243008	3.2683427E-5	0.0
221.589209088	-9.489834E-6	0.0
221.591158784	-2.0085914E-5	0.0
221.59310848	-4.1694064E-5	0.0
221.595058176	-3.3897122E-5	0.0
221.597024256	-5.710774E-5	0.0
221.598973952	-5.4123855E-5	0.0
221.600923648	2.9580556E-6	0.0
221.602889728	5.4298478E-5	0.0
221.604839424	6.8856796E-5	0.0
221.60678912	7.421801E-5	0.0
221.6087552	-9.376104E-6	0.0
221.610704896	-1.7863189E-5	0.0
221.612654592	1.3313832E-5	0.0
221.614620672	4.161671E-5	0.0
221.616570368	-7.3029037E-6	0.0
221.618520064	-1.03875855E-5	0.0
221.62046976	-4.4732874E-6	0.0
221.62243584	3.5905206E-5	0.0
221.624385536	1.8947278E-5	0.0
221.626335232	6.1924225E-6	0.0
221.628301312	7.890686E-5	0.0
221.630251008	9.7401586E-5	0.0
221.632200704	-5.327079E-5	0.0
221.634166784	-2.8554488E-5	0.0
221.63611648	-3.4019617E-5	0.0
221.638066176	-9.082414E-5	0.0
221.640032256	-4.8387366E-5	0.0
221.641981952	-7.349081E-5	0.0
221.643931648	-4.1714622E-5	0.0
221.645881344	-5.46436E-6	0.0
221.647847424	5.924143E-5	0.0
221.64979712	6.952594E-5	0.0
221.651746816	1.856649E-5	0.0
221.653712896	6.260904E-6	0.0
221.655662592	-5.5690834E-5	0.0
221.657612288	3.112837E-6	0.0
221.659578368	1.6901255E-6	0.0
221.661528064	-5.4035332E-5	0.0
221.66347776	-3.164165E-5	0.0
221.66544384	1.2079102E-5	0.0
221.667393536	1.1729012E-5	0.0
221.669343232	1.6468402E-5	0.0
221.671309312	8.524339E-5	0.0
221.673259008	4.563282E-5	0.0
221.675208704	3.0314448E-5	0.0
221.6771584	-1.2153463E-6	0.0
221.67912448	-1.3804225E-4	0.0
221.681074176	1.6976934E-5	0.0
221.683023872	9.504633E-5	0.0
221.684989952	1.7742715E-4	0.0
221.686939648	-1.0638679E-5	0.0
221.688889344	-4.1328963E-6	0.0
221.690855424	2.3454246E-5	0.0
221.69280512	-2.6317633E-5	0.0
221.694754816	6.7376754E-6	0.0
221.696720896	-4.634346E-5	0.0
221.698670592	-4.609966E-5	0.0
221.700620288	8.9606794E-5	0.0
221.702569984	-1.3071901E-5	0.0
221.704536064	-2.1235177E-5	0.0
221.70648576	-5.5252076E-5	0.0
221.708435456	4.5173806E-6	0.0
221.710401536	2.7232425E-5	0.0
221.712351232	-8.160411E-6	0.0
221.714300928	-3.1027197E-5	0.0
221.716267008	-2.4984096E-5	0.0
221.718216704	1.6925158E-5	0.0
221.7201664	-2.0871807E-6	0.0
221.72213248	3.5033474E-5	0.0
221.724082176	2.9169416E-5	0.0
221.726031872	-1.2055279E-5	0.0
221.727981568	6.842242E-5	0.0
221.729947648	2.0705811E-5	0.0
221.731897344	-1.2831925E-5	0.0
221.73384704	-3.4610675E-5	0.0
221.73581312	-6.32642E-5	0.0
221.737762816	-1.4152969E-6	0.0
221.739712512	-7.6226493E-6	0.0
221.741678592	-2.2773682E-5	0.0
221.743628288	-5.787035E-5	0.0
221.745577984	5.0397335E-5	0.0
221.747544064	7.495472E-5	0.0
221.74949376	1.5125254E-5	0.0
221.751443456	4.3386528E-5	0.0
221.753393152	8.782974E-5	0.0
221.755359232	4.5499663E-5	0.0
221.757308928	3.3160002E-5	0.0
221.759258624	-2.3540138E-5	0.0
221.761224704	4.635306E-5	0.0
221.7631744	6.5856235E-5	0.0
221.765124096	9.8223085E-5	0.0
221.767090176	-3.1352633E-5	0.0
221.769039872	-7.0677665E-6	0.0
221.770989568	8.644245E-5	0.0
221.772955648	2.7910653E-5	0.0
221.774905344	-1.677174E-5	0.0
221.77685504	5.742778E-5	0.0
221.778804736	2.4165827E-5	0.0
221.780770816	6.51936E-5	0.0
221.782720512	1.0031451E-5	0.0
221.784670208	-7.661686E-5	0.0
221.786636288	3.80748E-6	0.0
221.788585984	4.442507E-5	0.0
221.79053568	4.3287466E-5	0.0
221.79250176	3.7842146E-5	0.0
221.794451456	9.542439E-5	0.0
221.796401152	4.227388E-5	0.0
221.798367232	7.053664E-5	0.0
221.800316928	-3.185696E-5	0.0
221.802266624	-2.5915946E-5	0.0
221.80421632	2.0577652E-5	0.0
221.8061824	4.0864026E-5	0.0
221.808132096	3.9346203E-5	0.0
221.810081792	8.0719736E-5	0.0
221.812047872	3.058704E-5	0.0
221.813997568	-4.8578363E-6	0.0
221.815947264	8.6368644E-5	0.0
221.817913344	5.6780045E-5	0.0
221.81986304	4.2942236E-5	0.0
221.821812736	6.51483E-5	0.0
221.823778816	8.925193E-6	0.0
221.825728512	5.687733E-6	0.0
221.827678208	2.6762114E-5	0.0
221.829627904	8.861375E-6	0.0
221.831593984	3.9503095E-5	0.0
221.83354368	7.1233066E-5	0.0
221.835493376	3.2444885E-5	0.0
221.837459456	2.5855843E-5	0.0
221.839409152	3.9127022E-5	0.0
221.841358848	3.4286888E-5	0.0
221.843324928	-3.8406615E-5	0.0
221.845274624	-3.087913E-5	0.0
221.84722432	-6.2556785E-5	0.0
221.8491904	-4.4852204E-5	0.0
221.851140096	-7.312355E-6	0.0
221.853089792	8.018339E-6	0.0
221.855039488	4.724179E-5	0.0
221.857005568	9.264394E-5	0.0
221.858955264	2.6715112E-5	0.0
221.86090496	2.096669E-5	0.0
221.86287104	3.204791E-5	0.0
221.864820736	4.3703156E-5	0.0
221.866770432	4.831035E-5	0.0
