234.319003648	-1.0568198E-5	0.0
234.320986112	-1.7746357E-5	0.0
234.322952192	4.977158E-6	0.0
234.324918272	7.6307006E-5	0.0
234.326900736	6.822684E-5	0.0
234.328866816	5.3007197E-6	0.0
234.33084928	3.952681E-5	0.0
234.33281536	6.508489E-5	0.0
234.33478144	5.7026646E-5	0.0
234.336763904	2.071891E-5	0.0
234.338729984	-4.7601818E-5	0.0
234.340712448	-3.6755293E-5	0.0
234.342678528	-1.760265E-5	0.0
234.344644608	2.0514084E-5	0.0
234.346627072	3.5742505E-5	0.0
234.348593152	4.5193836E-5	0.0
234.350575616	5.1067673E-5	0.0
234.352541696	3.2741085E-5	0.0
234.354507776	1.4799941E-5	0.0
234.35649024	5.4735832E-5	0.0
234.35845632	2.2428061E-5	0.0
234.360438784	1.6341788E-5	0.0
234.362404864	-4.6727742E-5	0.0
234.364370944	-3.612982E-5	0.0
234.366353408	-3.5943133E-6	0.0
234.368319488	-3.8474656E-5	0.0
234.370301952	-4.7413605E-6	0.0
234.372268032	-1.0369623E-5	0.0
234.374234112	-3.0546194E-5	0.0
234.376216576	-1.0066492E-5	0.0
234.378182656	-4.438967E-5	0.0
234.38016512	-5.133653E-5	0.0
234.3821312	-6.174315E-5	0.0
234.38409728	-6.519821E-5	0.0
234.386079744	-4.2E-5	0.0
234.388045824	3.508083E-5	0.0
234.390028288	8.132202E-5	0.0
234.391994368	4.3842683E-5	0.0
234.393960448	-2.1685219E-5	0.0
234.395942912	-6.478612E-5	0.0
234.397908992	3.3253298E-6	0.0
234.399891456	-2.5475814E-5	0.0
234.401857536	1.3585285E-5	0.0
234.403823616	7.1582645E-6	0.0
234.40580608	4.6864834E-6	0.0
234.40777216	6.9586815E-5	0.0
234.409754624	5.7707042E-5	0.0
234.411720704	2.8311531E-5	0.0
234.413686784	-6.9048605E-5	0.0
234.415669248	6.656563E-5	0.0
234.417635328	6.468931E-5	0.0
234.419617792	1.963426E-5	0.0
234.421583872	6.84226E-5	0.0
234.423549952	1.4189692E-5	0.0
234.425532416	-3.0140514E-5	0.0
234.427498496	6.088917E-6	0.0
234.42948096	9.652477E-6	0.0
234.43144704	5.148462E-5	0.0
234.43341312	5.4756772E-5	0.0
234.435395584	4.881179E-5	0.0
234.437361664	-3.477807E-5	0.0
234.439344128	7.982463E-6	0.0
234.441310208	2.0912166E-5	0.0
234.443276288	-3.9131894E-5	0.0
234.445258752	1.4317647E-5	0.0
234.447224832	1.2536725E-5	0.0
234.449207296	3.3091386E-5	0.0
234.451173376	1.2980799E-5	0.0
234.453139456	-6.663908E-5	0.0
234.45512192	-8.168653E-5	0.0
234.457088	-3.8906284E-5	0.0
234.459070464	-3.5118548E-5	0.0
234.461036544	1.6115477E-5	0.0
234.463002624	-1.0097353E-5	0.0
234.464985088	-2.3247421E-5	0.0
234.466951168	-1.3936719E-5	0.0
234.468933632	-4.553681E-6	0.0
234.470899712	-4.0199093E-6	0.0
234.472865792	6.7196333E-6	0.0
234.474848256	4.467391E-5	0.0
234.476814336	3.530273E-5	0.0
234.4787968	5.3541253E-6	0.0
234.48076288	-2.9322178E-5	0.0
234.48272896	3.2967243E-6	0.0
234.484711424	6.8714025E-6	0.0
234.486677504	-9.547181E-5	0.0
234.488659968	-1.0986604E-4	0.0
234.490626048	-3.9696155E-5	0.0
234.492592128	7.4980153E-6	0.0
234.494574592	9.862112E-6	0.0
234.496540672	-1.23192485E-5	0.0
234.498523136	-5.7365036E-5	0.0
234.500489216	-5.8523165E-5	0.0
234.502455296	-1.3140686E-5	0.0
234.50443776	-6.2740337E-6	0.0
234.50640384	2.2914925E-5	0.0
234.508386304	4.8383274E-5	0.0
234.510352384	1.628166E-5	0.0
234.512318464	2.6883683E-5	0.0
234.514300928	1.6986736E-5	0.0
234.516267008	-4.232709E-6	0.0
234.518249472	-1.7053442E-5	0.0
234.520215552	-1.2931357E-5	0.0
234.522181632	4.6567755E-5	0.0
234.524164096	2.9515142E-5	0.0
234.526130176	-4.7379708E-5	0.0
234.52811264	-7.585963E-5	0.0
234.53007872	-2.248414E-5	0.0
234.532061184	4.9908984E-5	0.0
234.534027264	2.1990238E-5	0.0
234.535993344	-4.360796E-5	0.0
234.537975808	-3.1653075E-5	0.0
234.539941888	1.5342523E-5	0.0
234.541924352	4.293092E-5	0.0
234.543890432	1.8283006E-5	0.0
234.545856512	-7.675161E-6	0.0
234.547838976	9.4135504E-7	0.0
234.549805056	-1.3857935E-5	0.0
234.55178752	-1.8679724E-5	0.0
234.5537536	-3.1456344E-5	0.0
234.55571968	-1.2017322E-5	0.0
234.557702144	-9.528122E-6	0.0
234.559668224	-1.6995478E-5	0.0
234.561650688	-3.907166E-5	0.0
234.563616768	-4.1980096E-5	0.0
234.565582848	-6.68206E-5	0.0
234.567565312	-6.879603E-5	0.0
234.569531392	2.6451964E-5	0.0
234.571513856	6.216214E-5	0.0
234.573479936	6.286772E-6	0.0
234.575446016	-3.6754147E-5	0.0
234.57742848	-6.311892E-5	0.0
234.57939456	-3.195387E-6	0.0
234.581377024	4.958708E-5	0.0
234.583343104	-1.2872945E-5	0.0
234.585309184	2.2251634E-5	0.0
234.587291648	2.041225E-5	0.0
234.589257728	-1.6052543E-5	0.0
234.591240192	-2.1855814E-5	0.0
234.593206272	4.196515E-5	0.0
234.595172352	4.630857E-5	0.0
234.597154816	-1.1720321E-5	0.0
234.599120896	2.7876802E-6	0.0
234.60110336	-1.7115382E-5	0.0
234.60306944	1.3464235E-5	0.0
234.60503552	5.6410818E-6	0.0
234.607017984	-2.1198523E-5	0.0
234.608984064	-2.8155995E-5	0.0
234.610966528	-6.221576E-5	0.0
234.612932608	-1.2187168E-6	0.0
234.614898688	2.2431546E-5	0.0
234.616881152	6.79453E-5	0.0
234.618847232	1.7680899E-5	0.0
234.620829696	-6.2893996E-5	0.0
234.622795776	1.1774787E-5	0.0
234.624761856	2.3118353E-5	0.0
234.62674432	-4.417264E-6	0.0
234.6287104	4.13576E-5	0.0
234.630692864	2.7525604E-5	0.0
234.632658944	1.07550695E-4	0.0
234.634625024	8.49408E-5	0.0
234.636607488	4.3575903E-5	0.0
234.638573568	-2.406418E-5	0.0
234.640556032	-5.6199813E-5	0.0
234.642522112	6.8933978E-6	0.0
234.644488192	3.367208E-5	0.0
234.646470656	6.206056E-5	0.0
234.648436736	7.44903E-5	0.0
234.6504192	3.209309E-5	0.0
234.65238528	-2.0639856E-5	0.0
234.65435136	-6.5270484E-5	0.0
234.656333824	-1.012447E-4	0.0
234.658299904	-3.7157963E-5	0.0
234.660282368	-1.0014334E-5	0.0
234.662248448	-1.09576185E-5	0.0
234.664214528	-3.3772925E-5	0.0
234.666196992	6.624886E-6	0.0
234.668163072	4.847348E-5	0.0
234.670145536	3.9344177E-5	0.0
234.672111616	-2.4324558E-5	0.0
234.674077696	-6.199817E-5	0.0
234.67606016	1.535164E-5	0.0
234.67802624	1.11349895E-4	0.0
234.680008704	8.143938E-5	0.0
234.681974784	4.3203898E-5	0.0
234.683940864	6.6272805E-5	0.0
234.685923328	3.43827E-5	0.0
234.687889408	1.9448316E-5	0.0
234.689871872	-2.4933111E-5	0.0
234.691837952	-3.5269888E-5	0.0
234.693804032	-2.258452E-5	0.0
234.695786496	6.5408485E-6	0.0
234.697752576	3.528628E-5	0.0
234.69973504	3.1712774E-5	0.0
234.70170112	2.8471923E-5	0.0
234.7036672	6.8650797E-6	0.0
234.705649664	-1.4435395E-5	0.0
234.707615744	-1.5755659E-5	0.0
234.709598208	-2.8741495E-5	0.0
234.711564288	1.0769009E-5	0.0
234.713530368	7.5620583E-6	0.0
234.715512832	-2.4976815E-5	0.0
234.717478912	4.975521E-6	0.0
234.719461376	5.550634E-5	0.0
234.721427456	7.0478745E-5	0.0
234.723393536	5.986421E-5	0.0
234.725376	2.836397E-5	0.0
234.72734208	1.266388E-5	0.0
234.729324544	1.5926265E-5	0.0
234.731290624	6.8220425E-6	0.0
234.733256704	2.952346E-6	0.0
234.735239168	-1.0151428E-5	0.0
234.737205248	-2.020231E-5	0.0
234.739187712	-2.0893506E-6	0.0
234.741153792	3.6599765E-6	0.0
234.743119872	-5.5372773E-5	0.0
234.745102336	-4.8016755E-5	0.0
234.747068416	2.6970325E-5	0.0
234.74905088	3.927464E-5	0.0
234.75101696	2.3296003E-5	0.0
234.75298304	6.132752E-5	0.0
234.754965504	4.731333E-5	0.0
234.756931584	3.3119013E-5	0.0
234.758914048	7.3219904E-5	0.0
234.760880128	2.3440016E-5	0.0
234.762846208	-2.4697158E-6	0.0
234.764828672	-3.050435E-5	0.0
234.766794752	9.084771E-6	0.0
234.768777216	-4.783151E-5	0.0
234.770743296	-1.06015796E-4	0.0
234.772709376	-1.1665092E-4	0.0
234.77469184	-5.8444784E-5	0.0
234.77665792	-2.4143055E-5	0.0
234.778640384	1.7607477E-5	0.0
234.780606464	3.7341943E-5	0.0
234.782572544	2.2481656E-5	0.0
234.784555008	-6.5592694E-6	0.0
234.786521088	-2.2952003E-5	0.0
234.788503552	-6.6222246E-6	0.0
234.790469632	4.0960313E-5	0.0
234.792435712	4.9869876E-5	0.0
234.794418176	1.4521075E-5	0.0
234.796384256	-4.3608463E-5	0.0
234.79836672	-2.3474013E-5	0.0
234.8003328	2.310615E-7	0.0
234.80229888	-1.428574E-5	0.0
234.804281344	-2.6860927E-5	0.0
234.806247424	1.5252032E-5	0.0
234.808229888	2.9633806E-5	0.0
234.810195968	1.8161556E-5	0.0
234.812162048	1.8239576E-5	0.0
234.814144512	-2.134567E-6	0.0
234.816110592	2.7094547E-5	0.0
234.818093056	-2.1972946E-5	0.0
234.820059136	-1.5812939E-5	0.0
234.822025216	5.693956E-6	0.0
234.82400768	-3.0921376E-5	0.0
234.82597376	-5.4357777E-5	0.0
234.827956224	5.543773E-6	0.0
234.829922304	6.113197E-5	0.0
234.831888384	2.291961E-5	0.0
234.833870848	-8.468597E-6	0.0
234.835836928	-4.626517E-5	0.0
234.837819392	-9.79683E-6	0.0
234.839785472	4.5170946E-5	0.0
234.841767936	5.7773843E-5	0.0
234.843734016	6.5015825E-5	0.0
234.845700096	2.5589472E-5	0.0
234.84768256	5.035983E-5	0.0
234.84964864	7.186844E-5	0.0
234.851631104	-5.3399217E-5	0.0
234.853597184	-7.872933E-5	0.0
234.855563264	2.6584852E-5	0.0
234.857545728	9.973136E-6	0.0
234.859511808	2.0606358E-5	0.0
234.861494272	1.0647734E-5	0.0
234.863460352	-2.876073E-5	0.0
234.865426432	1.6691602E-5	0.0
234.867408896	1.1705491E-5	0.0
234.869374976	-7.0636605E-5	0.0
234.87135744	-3.1023166E-5	0.0
234.87332352	-3.010644E-5	0.0
234.8752896	-2.3343791E-5	0.0
234.877272064	1.04673665E-4	0.0
234.879238144	1.25894685E-5	0.0
234.881220608	-4.182505E-5	0.0
234.883186688	-1.1422516E-5	0.0
234.885152768	4.6613222E-5	0.0
234.887135232	4.7178986E-5	0.0
234.889101312	4.4508733E-6	0.0
234.891083776	3.877157E-6	0.0
234.893049856	1.4738517E-5	0.0
234.895015936	-1.20092345E-5	0.0
234.8969984	-1.7397504E-5	0.0
234.89896448	9.833154E-6	0.0
234.900946944	-9.896235E-6	0.0
234.902913024	-5.2803707E-6	0.0
234.904879104	1.1727544E-5	0.0
234.906861568	3.3069493E-5	0.0
234.908827648	4.783877E-5	0.0
234.910810112	-1.5358758E-6	0.0
234.912776192	-7.82052E-6	0.0
234.914742272	-3.507565E-5	0.0
234.916724736	-4.2899417E-5	0.0
234.918690816	-3.9549926E-5	0.0
234.92067328	-7.1105796E-6	0.0
234.92263936	3.8952694E-5	0.0
234.92460544	6.8728485E-5	0.0
234.926587904	3.886771E-5	0.0
234.928553984	1.1549465E-5	0.0
234.930536448	6.3343E-5	0.0
234.932502528	9.891566E-5	0.0
234.934468608	3.226489E-5	0.0
234.936451072	-4.669419E-5	0.0
234.938417152	-9.445504E-6	0.0
234.940399616	2.2267153E-5	0.0
234.942365696	-9.293982E-6	0.0
234.944331776	-2.2230432E-5	0.0
234.94631424	-1.0275301E-6	0.0
234.94828032	2.9082776E-5	0.0
234.950262784	2.9106786E-5	0.0
234.952228864	7.784033E-5	0.0
234.954194944	6.3497624E-5	0.0
234.956177408	1.9574903E-5	0.0
234.958143488	-1.3022059E-5	0.0
234.960125952	-4.001836E-6	0.0
234.962092032	4.832068E-6	0.0
234.964058112	-3.4632118E-5	0.0
234.966040576	-4.470047E-5	0.0
234.968006656	-6.192048E-5	0.0
234.96998912	-8.7502114E-5	0.0
234.9719552	-6.334435E-5	0.0
234.97392128	-2.9294264E-5	0.0
234.975903744	-3.2785618E-5	0.0
234.977869824	-3.892467E-5	0.0
234.979852288	-7.928466E-6	0.0
234.981818368	2.6843665E-5	0.0
234.983784448	-1.8491227E-7	0.0
234.985766912	-1.7096978E-5	0.0
234.987732992	8.753504E-6	0.0
234.989715456	-3.1489395E-5	0.0
234.991681536	-7.354458E-5	0.0
234.993647616	-4.2047734E-5	0.0
234.99563008	-3.1214575E-5	0.0
234.99759616	8.344172E-5	0.0
234.999578624	8.370434E-5	0.0
235.001544704	6.440712E-5	0.0
235.003510784	8.5179934E-5	0.0
235.005493248	7.844381E-7	0.0
235.007459328	1.0498511E-5	0.0
235.009441792	4.86709E-5	0.0
235.011407872	4.291422E-5	0.0
235.013373952	-8.754695E-6	0.0
235.015356416	-8.313579E-6	0.0
235.017322496	1.0788851E-5	0.0
235.01930496	7.763464E-6	0.0
235.02127104	-4.5466757E-5	0.0
235.02323712	-4.608526E-5	0.0
235.025219584	8.429673E-6	0.0
235.027185664	2.0383284E-5	0.0
235.029168128	-6.864496E-6	0.0
235.031134208	7.753758E-6	0.0
235.033100288	7.1109105E-5	0.0
235.035082752	1.3083128E-5	0.0
235.037048832	-5.3377862E-5	0.0
235.039031296	-2.6012092E-5	0.0
235.040997376	2.68065E-5	0.0
235.042963456	-1.1329726E-5	0.0
235.04494592	-3.5431087E-5	0.0
235.046912	-5.9162252E-5	0.0
235.048894464	-1.219515E-5	0.0
235.050860544	-2.9007744E-5	0.0
235.052826624	2.595247E-5	0.0
235.054809088	2.156522E-5	0.0
235.056775168	-1.6770571E-5	0.0
235.058757632	-9.3465105E-6	0.0
235.060723712	-5.6738605E-5	0.0
235.062689792	-5.3443662E-5	0.0
235.064672256	-5.4204984E-6	0.0
235.066638336	-2.217213E-5	0.0
235.0686208	-6.4748792E-6	0.0
235.07058688	1.8899906E-5	0.0
235.07255296	-1.5100938E-5	0.0
235.074535424	-2.0642392E-5	0.0
235.076501504	-1.2598478E-4	0.0
235.078483968	-8.292688E-5	0.0
235.080450048	-2.6325959E-5	0.0
235.082416128	-9.702133E-5	0.0
235.084398592	-9.3259776E-5	0.0
235.086364672	-8.29397E-5	0.0
235.088347136	-9.870939E-7	0.0
235.090313216	2.9808647E-5	0.0
235.092279296	3.549214E-5	0.0
235.09426176	-4.049697E-6	0.0
235.09622784	-1.4270871E-5	0.0
235.098210304	3.9217044E-5	0.0
235.100176384	1.5266627E-5	0.0
235.102142464	-4.856672E-5	0.0
235.104124928	-5.8260848E-5	0.0
235.106091008	-1.7755256E-5	0.0
235.108073472	3.7534726E-5	0.0
235.110039552	-2.2970313E-5	0.0
235.112005632	-2.5320222E-5	0.0
235.113988096	1.1636922E-5	0.0
235.115954176	-2.660139E-5	0.0
235.11793664	-3.3612763E-5	0.0
235.11990272	-5.5756216E-5	0.0
235.1218688	-1.0316314E-4	0.0
235.123851264	-5.3590044E-5	0.0
235.125817344	2.2283118E-6	0.0
235.127799808	1.723593E-5	0.0
235.129765888	-1.7171308E-6	0.0
235.131731968	1.1079758E-5	0.0
235.133714432	-2.9827545E-6	0.0
235.135680512	9.447033E-6	0.0
235.137662976	4.21158E-5	0.0
235.139629056	5.4185393E-6	0.0
235.141595136	-1.182006E-5	0.0
235.1435776	-2.2315957E-5	0.0
235.14554368	-4.307244E-6	0.0
235.147526144	-2.3476945E-5	0.0
235.149492224	-1.9808644E-5	0.0
235.151474688	6.836205E-5	0.0
235.153440768	6.259063E-5	0.0
235.155406848	1.5589237E-6	0.0
235.157389312	4.3163627E-6	0.0
235.159355392	-3.3300134E-5	0.0
235.161337856	-4.1247447E-5	0.0
235.163303936	-1.292901E-5	0.0
235.165270016	9.115104E-6	0.0
235.16725248	2.8905271E-5	0.0
235.16921856	-3.0253916E-5	0.0
235.171201024	-2.9846426E-5	0.0
235.173167104	-9.803059E-6	0.0
235.175133184	6.2826102E-6	0.0
235.177115648	7.606951E-6	0.0
235.179081728	-1.672545E-5	0.0
235.181064192	1.0901264E-5	0.0
235.183030272	6.3271755E-6	0.0
235.184996352	-1.0547913E-5	0.0
235.186978816	-2.8288461E-5	0.0
235.188944896	-3.7175923E-5	0.0
235.19092736	-1.851445E-5	0.0
235.19289344	7.3711163E-7	0.0
235.19485952	6.2754943E-6	0.0
235.196841984	2.8563288E-6	0.0
235.198808064	3.5565874E-5	0.0
235.200790528	4.1637035E-5	0.0
235.202756608	1.0772946E-5	0.0
235.204722688	-1.0674053E-5	0.0
235.206705152	1.6726251E-6	0.0
235.208671232	-2.9194467E-5	0.0
235.210653696	-1.7061417E-5	0.0
235.212619776	6.385063E-6	0.0
235.214585856	-2.5695272E-5	0.0
235.21656832	2.3596907E-5	0.0
235.2185344	2.7260381E-5	0.0
235.220516864	1.4405562E-5	0.0
235.222482944	1.8579858E-5	0.0
235.224449024	2.7570184E-5	0.0
235.226431488	-1.3653332E-5	0.0
235.228397568	3.412933E-5	0.0
235.230380032	-1.6831884E-6	0.0
235.232346112	-1.4318613E-5	0.0
235.234312192	5.8560505E-5	1.1765322873932837E-12
235.236294656	8.048013E-5	2.730222081401279E-12
235.238260736	3.893336E-5	6.032695610419525E-12
235.2402432	-7.251544E-6	1.2692688046433975E-11
235.24220928	-6.682859E-5	2.5428419786477363E-11
235.24417536	-5.7351035E-6	4.850717744142585E-11
235.246157824	8.609512E-6	8.810897844657717E-11
235.248123904	-9.691369E-6	1.5239050299431511E-10
235.250106368	-6.7854235E-5	2.5096733025087303E-10
235.252072448	-5.460982E-5	3.935529402365745E-10
235.254038528	-3.750615E-5	5.876421016459688E-10
235.256020992	-3.988419E-6	8.354972824697882E-10
235.257987072	-1.4593396E-5	1.1311049874507262E-9
235.259969536	1.3471482E-5	1.4580913143547036E-9
235.261935616	7.30019E-5	1.789738246493755E-9
235.263901696	-2.0263973E-5	2.091796291736614E-9
235.26588416	-5.81703E-5	2.327946502234113E-9
235.26785024	5.7603716E-5	2.4668957987472595E-9
235.269832704	1.4608052E-5	2.4891591010600678E-9
235.271798784	-2.9472612E-5	2.391545628199765E-9
235.273764864	-1.777824E-5	2.1879065226215744E-9
235.275747328	3.086698E-5	1.905911428679019E-9
235.277713408	3.1964784E-5	1.5808878650602765E-9
235.279695872	4.6256453E-5	1.2486006673029237E-9
235.281661952	7.4278585E-5	9.39008315548051E-10
235.283628032	-1.5887765E-5	6.724192314067068E-10
235.285610496	-3.0634354E-5	4.5849549157317426E-10
235.287576576	-1.3590869E-7	2.97682239969177E-10
235.28955904	3.581943E-7	1.8403312207482259E-10
235.29152512	-6.700922E-5	1.0833359903594797E-10
235.2934912	-1.7674256E-5	6.072298219805816E-11
235.295473664	2.3875344E-5	3.2409214201223335E-11
235.297439744	1.4431981E-5	1.6470557556713672E-11
235.299422208	3.335912E-5	7.970211296504104E-12
235.301388288	3.4510977E-5	3.672467711879346E-12
235.303354368	4.37241E-5	1.611275566096304E-12
235.305336832	1.2690801E-5	6.731367308172864E-13
235.307302912	2.392968E-5	0.0
235.309285376	1.8920853E-5	0.0
235.311251456	-2.6838568E-5	0.0
235.313217536	-2.4265215E-5	0.0
235.3152	1.7438319E-5	0.0
235.31716608	4.071614E-5	0.0
235.319148544	8.654419E-5	0.0
235.321114624	8.281906E-5	0.0
235.323080704	4.82136E-5	0.0
235.325063168	4.177501E-5	0.0
235.327029248	1.5257854E-6	0.0
235.329011712	5.880003E-5	0.0
235.330977792	3.615166E-5	0.0
235.332943872	-3.7419886E-5	0.0
235.334926336	-3.8968614E-5	0.0
235.336892416	-2.848626E-5	0.0
235.33887488	-2.1575479E-5	0.0
235.34084096	-3.3774588E-5	0.0
235.34280704	-2.5576313E-5	0.0
235.344789504	-3.5085413E-5	0.0
235.346755584	-2.3330624E-6	0.0
235.348738048	3.8895818E-5	0.0
235.350704128	5.0183135E-5	0.0
235.352670208	6.163831E-5	0.0
235.354652672	-3.305516E-6	0.0
235.356618752	-3.919531E-5	0.0
235.358601216	-1.1548746E-5	0.0
235.360567296	-4.851142E-5	0.0
235.362533376	-4.4323737E-5	0.0
235.36451584	-3.2292624E-5	0.0
235.36648192	-1.5223705E-5	0.0
235.368464384	3.392879E-5	0.0
235.370430464	3.6647365E-5	0.0
235.372396544	2.391141E-5	0.0
235.374379008	3.4500237E-5	0.0
235.376345088	4.0736213E-5	0.0
235.378327552	2.7106073E-5	0.0
235.380293632	7.2671835E-5	0.0
235.382259712	9.3570525E-5	0.0
235.384242176	6.7193665E-5	0.0
235.386208256	7.048902E-5	0.0
235.38819072	7.70378E-5	0.0
235.3901568	5.3444102E-5	0.0
235.39212288	1.5948937E-5	0.0
235.394105344	2.7386888E-5	0.0
235.396071424	3.0183584E-5	0.0
235.398053888	4.1007324E-6	0.0
235.400019968	3.1779713E-5	0.0
235.401986048	7.4396135E-5	0.0
235.403968512	2.2549373E-5	0.0
235.405934592	-2.41376E-6	0.0
235.407917056	-5.3503558E-5	0.0
235.409883136	-6.967734E-5	0.0
235.411849216	-5.1798066E-5	0.0
235.41383168	-6.362904E-5	0.0
235.41579776	-5.0164426E-6	0.0
235.417780224	6.551992E-5	0.0
235.419746304	3.7860813E-5	0.0
235.421712384	7.4190057E-6	0.0
235.423694848	5.550176E-6	0.0
235.425660928	5.189471E-5	0.0
235.427643392	7.3672294E-5	0.0
235.429609472	-6.485713E-6	0.0
235.431575552	-2.1388036E-5	0.0
235.433558016	-3.3191107E-5	0.0
235.435524096	-5.840442E-5	0.0
235.43750656	-4.1225805E-5	0.0
235.43947264	2.6855154E-5	0.0
235.44143872	2.2423302E-7	0.0
235.443421184	1.7764094E-6	0.0
235.445387264	2.1982438E-5	0.0
235.447369728	1.9170739E-5	0.0
235.449335808	2.5805393E-5	0.0
235.451301888	-2.4024184E-5	0.0
235.453284352	-1.3903625E-5	0.0
235.455250432	1.5650434E-5	0.0
235.457232896	-2.418814E-5	0.0
235.459198976	-5.7503963E-5	0.0
235.46118144	-1.8783956E-5	0.0
235.46314752	2.956275E-6	0.0
235.4651136	6.0211565E-5	0.0
235.467096064	6.0916962E-5	0.0
235.469062144	8.841532E-5	0.0
235.471044608	2.9192235E-5	0.0
235.473010688	3.078813E-5	0.0
235.474976768	9.311475E-6	0.0
235.476959232	-2.0495147E-6	0.0
235.478925312	-3.2712345E-5	0.0
235.480907776	-3.8877228E-5	0.0
235.482873856	1.6682106E-5	0.0
235.484839936	4.8929E-5	0.0
235.4868224	9.57942E-5	0.0
235.48878848	5.250386E-5	0.0
235.490770944	5.344788E-5	0.0
235.492737024	4.0648494E-5	0.0
235.494703104	3.397278E-5	0.0
235.496685568	-9.662902E-6	0.0
235.498651648	-5.1607924E-5	0.0
235.500634112	-6.397133E-5	0.0
235.502600192	-1.9570782E-5	0.0
235.504566272	-1.1322999E-5	0.0
235.506548736	2.4545365E-5	0.0
235.508514816	-6.335849E-5	0.0
235.51049728	-4.570792E-5	0.0
235.51246336	1.0222207E-5	0.0
235.51442944	5.163546E-5	0.0
235.516411904	7.1405984E-6	0.0
235.518377984	-3.0924075E-5	0.0
235.520360448	-9.758737E-6	0.0
235.522326528	-1.9638997E-5	0.0
235.524292608	5.3076303E-5	0.0
235.526275072	5.980161E-5	0.0
235.528241152	1.9550092E-5	0.0
235.530223616	-1.834964E-5	0.0
235.532189696	-2.6197447E-5	0.0
235.534155776	7.0237393E-6	0.0
235.53613824	-1.1983896E-5	0.0
235.53810432	-2.0523383E-5	0.0
235.540086784	-3.1504471E-6	0.0
235.542052864	1.6844047E-5	0.0
235.544018944	5.0984443E-5	0.0
235.546001408	2.7653588E-5	0.0
235.547967488	8.140127E-5	0.0
235.549949952	4.4188546E-5	0.0
235.551916032	2.1006907E-5	0.0
235.553882112	6.894401E-5	0.0
235.555864576	5.0711566E-5	0.0
235.557830656	4.987657E-6	0.0
235.55981312	-7.0852424E-5	0.0
235.5617792	-8.450625E-5	0.0
235.56374528	-3.3109798E-5	0.0
235.565727744	-3.8661065E-6	0.0
235.567693824	4.2483753E-5	0.0
235.569676288	8.083463E-5	0.0
235.571642368	4.9626917E-5	0.0
235.573608448	1.2501451E-5	0.0
235.575590912	-4.260147E-6	0.0
235.577556992	-2.5359868E-5	0.0
235.579539456	-3.8254973E-5	0.0
235.581505536	8.752136E-6	0.0
235.583471616	4.6770332E-5	0.0
235.58545408	2.9297547E-5	0.0
235.58742016	-8.18561E-6	0.0
235.589402624	-3.653843E-5	0.0
235.591368704	-1.0154829E-5	0.0
235.593334784	3.1682463E-5	0.0
235.595317248	2.9702403E-5	0.0
235.597283328	5.3830834E-5	0.0
235.599265792	6.815537E-5	0.0
235.601231872	6.576176E-5	0.0
235.603197952	7.6172444E-5	0.0
235.605180416	7.57577E-5	0.0
235.607146496	6.0175593E-5	0.0
235.60912896	7.7994795E-5	0.0
235.61109504	8.123011E-5	0.0
235.61306112	5.462771E-5	0.0
235.615043584	-3.2136057E-5	0.0
235.617009664	-5.7838075E-5	0.0
235.618992128	-1.0844477E-5	0.0
235.620958208	-1.8133864E-5	0.0
235.622924288	3.189805E-5	0.0
235.624906752	1.03355815E-4	0.0
235.626872832	7.8943405E-5	0.0
235.628855296	5.2039835E-5	0.0
235.630821376	7.052073E-5	0.0
235.632787456	8.696732E-5	0.0
235.63476992	4.9894034E-6	0.0
235.636736	-6.0540835E-5	0.0
235.638718464	-3.4592787E-5	0.0
235.640684544	1.2301202E-5	0.0
235.642650624	-1.4698785E-5	0.0
235.644633088	5.193445E-5	0.0
235.646599168	8.5169326E-5	0.0
235.648581632	5.5467E-5	0.0
235.650547712	-2.0235688E-5	0.0
235.652513792	-2.2561007E-5	0.0
235.654496256	6.449133E-5	0.0
235.656462336	7.222253E-5	0.0
235.6584448	4.3584685E-5	0.0
235.66041088	-1.786251E-5	0.0
235.66237696	3.1034386E-5	0.0
235.664359424	1.9295428E-6	0.0
235.666325504	-5.118048E-5	0.0
235.668307968	1.1245774E-5	0.0
235.670274048	5.4111395E-5	0.0
235.672240128	1.07080805E-5	0.0
235.674222592	-1.30631315E-5	0.0
235.676188672	6.907396E-5	0.0
235.678171136	-1.01950145E-5	0.0
235.680137216	7.930069E-6	0.0
235.682103296	-1.04109E-4	0.0
235.68408576	-1.0656052E-4	0.0
235.68605184	-6.4932256E-6	0.0
235.688034304	-2.7172075E-6	0.0
235.690000384	3.7063986E-5	0.0
235.691966464	-5.8853788E-5	0.0
235.693948928	-9.1093505E-5	0.0
235.695915008	-4.1491585E-5	0.0
235.697897472	-1.9029327E-5	0.0
235.699863552	5.4055647E-5	0.0
235.701829632	-1.0394212E-5	0.0
235.703812096	-2.1437909E-5	0.0
235.705778176	6.110199E-5	0.0
235.70776064	3.7255308E-5	0.0
235.70972672	4.323399E-5	0.0
235.7116928	-4.3794986E-5	0.0
235.713675264	-4.8091297E-5	0.0
235.715641344	2.7482275E-7	0.0
235.717623808	7.324626E-5	0.0
235.719589888	1.9432986E-5	0.0
235.721555968	3.2298263E-5	0.0
235.723538432	9.375715E-5	0.0
235.725504512	1.05506966E-4	0.0
235.727486976	4.839851E-5	0.0
235.729453056	-2.1680667E-5	0.0
235.731419136	-3.0771822E-5	0.0
235.7334016	1.4213295E-5	0.0
235.73536768	1.8929264E-5	0.0
235.737350144	9.916769E-6	0.0
235.739316224	-3.5103796E-5	0.0
235.741282304	-2.7328952E-5	0.0
235.743264768	-5.397513E-5	0.0
235.745230848	-4.903121E-5	0.0
235.747213312	-2.302182E-5	0.0
235.749179392	4.5726116E-5	0.0
235.751145472	7.251542E-5	0.0
235.753127936	3.3281165E-5	0.0
235.755094016	-1.623258E-5	0.0
235.75707648	3.4385037E-6	0.0
235.75904256	4.055895E-5	0.0
235.76100864	2.8155302E-5	0.0
235.762991104	-6.1072045E-5	0.0
235.764957184	-5.765313E-5	0.0
235.766939648	1.6142907E-5	0.0
235.768905728	3.70687E-6	0.0
235.770888192	1.4591958E-5	0.0
235.772854272	3.6392452E-5	0.0
235.774820352	1.5735017E-5	0.0
235.776802816	-2.4444382E-5	0.0
235.778768896	-3.3419292E-5	0.0
235.78075136	1.0655519E-5	0.0
235.78271744	3.2186665E-5	0.0
235.78468352	-4.901166E-6	0.0
235.786665984	-8.9330606E-5	0.0
235.788632064	-4.0568404E-5	0.0
235.790614528	-1.7827713E-5	0.0
235.792580608	-7.2257586E-5	0.0
235.794546688	-8.498292E-5	0.0
235.796529152	-8.625755E-5	0.0
235.798495232	-4.941144E-5	0.0
235.800477696	-4.0505696E-5	0.0
235.802443776	-1.4771304E-5	0.0
235.804409856	3.5622968E-6	0.0
235.80639232	-2.5833533E-5	0.0
235.8083584	-1.7018576E-5	0.0
235.810340864	-7.005602E-6	0.0
235.812306944	-1.3437421E-5	0.0
235.814273024	-5.5136925E-6	0.0
235.816255488	-2.619911E-5	0.0
235.818221568	-5.9130296E-5	0.0
235.820204032	-3.1416963E-5	0.0
235.822170112	-3.7113015E-5	0.0
235.824136192	-6.800528E-5	0.0
235.826118656	-4.4923057E-5	0.0
235.828084736	1.7246772E-5	0.0
235.8300672	4.6063824E-6	0.0
235.83203328	7.551639E-6	0.0
235.83399936	3.4239947E-5	0.0
235.835981824	5.0420673E-5	0.0
235.837947904	4.053739E-5	0.0
235.839930368	6.3543645E-5	0.0
235.841896448	2.1065587E-5	0.0
235.843862528	1.2743174E-6	0.0
235.845844992	8.113338E-5	0.0
235.847811072	9.26422E-5	0.0
235.849793536	7.886586E-5	0.0
235.851759616	-4.879903E-5	0.0
235.853725696	-1.0934993E-4	0.0
235.85570816	-4.1670715E-5	0.0
235.85767424	4.0737625E-5	0.0
235.859656704	7.422806E-5	0.0
235.861622784	1.1569678E-5	0.0
235.863588864	-5.092686E-5	0.0
235.865571328	1.7359549E-5	0.0
235.867537408	-3.4659613E-5	0.0
235.869519872	-2.3930044E-5	0.0
235.871485952	-8.490792E-6	0.0
235.873452032	1.2815837E-4	0.0
235.875434496	9.52715E-5	0.0
235.877400576	-5.4664E-5	0.0
235.87938304	-5.1863517E-5	0.0
235.88134912	-4.3662138E-5	0.0
235.8833152	-1.3247854E-4	0.0
235.885297664	-1.6987933E-5	0.0
235.887263744	-5.4195806E-7	0.0
235.889246208	5.4382977E-5	0.0
235.891212288	-8.058397E-6	0.0
235.893178368	3.2654218E-5	0.0
235.895160832	1.028691E-4	0.0
235.897126912	8.999774E-5	0.0
235.899109376	-3.462388E-5	0.0
235.901075456	-2.2161092E-5	0.0
235.903041536	-1.14095215E-4	0.0
235.905024	6.996103E-5	0.0
235.90699008	3.9545037E-5	0.0
235.908972544	-1.6857803E-4	0.0
235.910938624	-1.3379182E-4	0.0
235.912904704	-1.5916374E-4	0.0
235.914887168	-7.63039E-5	0.0
235.916853248	-2.8543955E-5	0.0
235.918835712	-2.7725508E-7	0.0
235.920801792	3.208539E-5	0.0
235.922767872	6.276181E-5	0.0
235.924750336	4.5384466E-5	0.0
235.926716416	-1.4699251E-5	0.0
235.92869888	1.2005995E-5	0.0
235.93066496	6.5772365E-5	0.0
235.93263104	8.634362E-5	0.0
235.934613504	4.7754465E-6	0.0
235.936579584	-5.8415726E-6	0.0
235.938562048	2.7580414E-5	0.0
235.940528128	2.3163399E-5	0.0
235.942494208	5.542448E-5	0.0
235.944476672	6.442423E-5	0.0
235.946442752	3.7036767E-5	0.0
235.948425216	1.582879E-5	0.0
235.950391296	2.6676551E-5	0.0
235.952357376	2.9786514E-5	0.0
235.95433984	9.7479815E-6	0.0
235.95630592	3.042367E-5	0.0
235.958288384	5.6168165E-6	0.0
235.960254464	-3.2988784E-5	0.0
235.962220544	2.744079E-6	0.0
235.964203008	-4.201096E-5	0.0
235.966169088	-1.06393854E-4	0.0
235.968151552	-4.7497157E-5	0.0
235.970117632	5.2379077E-5	0.0
235.972083712	1.79254E-5	0.0
235.974066176	6.8788395E-5	0.0
235.976032256	7.8352496E-5	0.0
235.97801472	1.09494904E-4	0.0
235.9799808	7.711221E-5	0.0
235.98194688	1.0511295E-5	0.0
235.983929344	1.9520428E-5	0.0
235.985895424	-7.7909607E-7	0.0
235.987877888	2.5696618E-5	0.0
235.989843968	3.964134E-5	0.0
235.991810048	-2.2762264E-5	0.0
235.993792512	-1.7367964E-5	0.0
235.995758592	-1.0523178E-5	0.0
235.997741056	-9.952656E-6	0.0
235.999707136	-4.196872E-5	0.0
236.001673216	-2.2361402E-5	0.0
236.00365568	-2.5203977E-5	0.0
236.00562176	-2.1028458E-5	0.0
236.007604224	-1.7165123E-6	0.0
236.009570304	-7.2070055E-5	0.0
236.011536384	-7.204719E-5	0.0
236.013518848	-5.8619396E-5	0.0
236.015484928	-5.538836E-5	0.0
236.017467392	-9.690059E-7	0.0
236.019433472	2.3686925E-5	0.0
236.021399552	3.5382861E-6	0.0
236.023382016	2.1119233E-5	0.0
236.025348096	6.34792E-5	0.0
236.02733056	2.7449578E-5	0.0
236.02929664	1.483066E-5	0.0
236.03126272	-5.1956386E-6	0.0
236.033245184	-2.9880475E-5	0.0
236.035211264	-1.4755341E-5	0.0
236.037193728	2.608156E-5	0.0
236.039159808	-4.550734E-6	0.0
236.041125888	3.859658E-6	0.0
236.043108352	3.3583226E-5	0.0
236.045074432	6.5600134E-6	0.0
236.047056896	-3.175635E-5	0.0
236.049022976	-2.6797692E-5	0.0
236.050989056	1.6878682E-6	0.0
236.05297152	2.1997179E-5	0.0
236.0549376	5.784284E-5	0.0
236.056920064	1.5660962E-5	0.0
236.058886144	-3.802493E-6	0.0
236.060852224	8.442492E-5	0.0
236.062834688	8.7715605E-5	0.0
236.064800768	9.012358E-5	0.0
236.066783232	4.1303207E-5	0.0
236.068749312	7.6211865E-5	0.0
236.070715392	-1.5204635E-5	0.0
236.072697856	-4.6307672E-5	0.0
236.074663936	-3.025866E-5	0.0
236.0766464	8.986902E-6	0.0
236.07861248	8.6717664E-5	0.0
236.080594944	7.4095435E-5	0.0
236.082561024	3.499845E-5	0.0
236.084527104	1.769444E-5	0.0
236.086509568	3.187232E-5	0.0
236.088475648	5.820615E-5	0.0
236.090458112	7.310308E-5	0.0
236.092424192	1.5329295E-5	0.0
236.094390272	4.478631E-5	0.0
236.096372736	2.4432711E-5	0.0
236.098338816	-1.9412348E-5	0.0
236.10032128	2.586889E-5	0.0
236.10228736	-1.9361516E-6	0.0
236.10425344	-2.1392496E-5	0.0
236.106235904	-9.700715E-5	0.0
236.108201984	1.10370775E-5	0.0
236.110184448	-6.4187197E-6	0.0
236.112150528	-6.5089705E-5	0.0
236.114116608	-1.0370227E-5	0.0
236.116099072	1.439117E-5	0.0
236.118065152	8.707469E-6	0.0
236.120047616	8.6258916E-7	0.0
236.122013696	-5.018688E-5	0.0
236.123979776	-3.232818E-5	0.0
236.12596224	-9.62563E-7	0.0
236.12792832	1.7456043E-5	0.0
236.129910784	9.5970674E-5	0.0
236.131876864	1.0966537E-5	0.0
236.133842944	-4.526551E-5	0.0
236.135825408	-7.6708864E-5	0.0
236.137791488	-2.6639917E-5	0.0
236.139773952	6.213442E-5	0.0
236.141740032	-4.5164134E-6	0.0
236.143706112	8.851423E-6	0.0
236.145688576	2.8909979E-5	0.0
236.147654656	-3.5900262E-5	6.607460412144661E-11
236.14963712	-4.1788637E-5	1.5499197758561678E-10
236.1516032	3.4535067E-6	3.4631625345227235E-10
236.15356928	-2.6362775E-5	7.37096883529631E-10
236.155551744	-6.9658134E-5	1.4943930537469896E-9
236.157517824	-2.4135381E-6	2.886004768498651E-9
236.159500288	1.5717264E-5	5.309015005394713E-9
236.161466368	1.7630418E-5	9.302920211951005E-9
236.163432448	6.531239E-5	1.5527914953850086E-8
236.165414912	1.06788946E-4	2.4688533883931996E-8
236.167380992	3.5038003E-5	3.739088683119007E-8
236.169363456	-3.578928E-5	5.394191049390429E-8
236.171329536	-2.1225385E-5	7.412642588633389E-8
236.173295616	6.1627024E-6	9.70304725456117E-8
236.17527808	2.3265437E-5	1.2098506374513818E-7
236.17724416	3.7376387E-5	1.4369574330430623E-7
236.179226624	3.8970265E-5	1.625716805619959E-7
236.181192704	1.44858595E-5	1.7520031292406202E-7
236.183158784	8.221813E-6	1.7985128408781748E-7
236.185141248	-6.58503E-6	1.7586576461781078E-7
236.187107328	1.2896863E-5	1.6380910494717682E-7
236.189089792	-4.3662776E-6	1.4533952708006836E-7
236.191055872	-2.1654801E-5	1.228337396241841E-7
236.193021952	4.058964E-5	9.888731966611886E-8
236.195004416	1.7645334E-5	7.583190608784207E-8
236.196970496	-3.59503E-6	5.539248348895853E-8
236.19895296	-4.68574E-5	3.854239949419025E-8
236.20091904	9.166204E-7	2.5545535464743807E-8
236.20288512	1.071027E-4	1.612791500349431E-8
236.204867584	-1.2565907E-5	9.699087755166147E-9
236.206833664	4.253403E-5	5.556125337591311E-9
236.208816128	6.303209E-5	3.031795703378748E-9
236.210782208	4.6642966E-5	1.5758605531601688E-9
236.212748288	1.3988202E-4	7.802327672834508E-10
236.214730752	-7.2570992E-6	3.67973901349572E-10
236.216696832	-5.064111E-5	1.6531027935418052E-10
236.218679296	3.835109E-5	7.074108659965717E-11
236.220645376	4.1200637E-5	0.0
236.222611456	3.209098E-5	0.0
236.22459392	1.2251791E-5	0.0
236.22656	4.6951685E-5	0.0
236.228542464	3.7380767E-6	0.0
236.230508544	1.7141817E-6	0.0
236.232474624	-5.282501E-5	0.0
236.234457088	-8.345652E-6	0.0
236.236423168	4.1087394E-5	0.0
236.238405632	7.262515E-5	0.0
236.240371712	3.1526444E-5	0.0
236.242337792	-5.4327502E-5	0.0
236.244320256	-1.5191455E-5	0.0
236.246286336	1.1469381E-4	0.0
236.2482688	8.089558E-6	0.0
236.25023488	3.567331E-5	0.0
236.25220096	6.699217E-6	0.0
236.254183424	-3.7501868E-5	0.0
236.256149504	4.7370628E-5	0.0
236.258131968	8.337404E-5	0.0
236.260098048	5.581682E-5	0.0
236.262064128	5.533807E-5	0.0
236.264046592	4.8229707E-5	0.0
236.266012672	-1.3615981E-5	0.0
236.267995136	8.114216E-6	0.0
236.269961216	5.4082066E-5	0.0
236.271927296	5.286247E-5	0.0
236.27390976	8.790798E-5	0.0
236.27587584	1.34485335E-5	0.0
236.277858304	-8.728792E-5	0.0
236.279824384	-4.6589008E-5	0.0
236.281790464	3.770863E-5	0.0
236.283772928	5.3323503E-5	0.0
236.285739008	6.1002585E-5	0.0
236.287721472	5.805631E-5	0.0
236.289687552	7.3098454E-5	0.0
236.291653632	5.6854104E-5	0.0
236.293636096	-1.5997144E-5	0.0
236.295602176	-5.989524E-5	0.0
236.29758464	-5.304367E-6	0.0
236.29955072	-3.297071E-5	0.0
236.3015168	-6.385718E-5	0.0
236.303499264	-2.9348987E-5	0.0
236.305465344	2.1297683E-5	0.0
236.307447808	2.802032E-6	0.0
236.309413888	-1.1037781E-5	0.0
236.311379968	2.4039235E-5	0.0
236.313362432	-3.498409E-6	0.0
236.315328512	-6.757455E-5	0.0
236.317310976	-8.352818E-5	0.0
236.319277056	-6.860647E-5	0.0
236.321243136	-6.337556E-5	0.0
236.3232256	-2.5392072E-5	0.0
236.32519168	1.3854386E-5	0.0
236.327174144	-3.245182E-5	0.0
236.329140224	-7.6965836E-5	0.0
236.331106304	-6.388198E-5	0.0
236.333088768	-2.3619463E-5	0.0
236.335054848	1.1307821E-7	0.0
236.337037312	1.7299537E-5	0.0
236.339003392	5.978975E-5	0.0
236.340969472	9.060911E-5	0.0
236.342951936	2.2453127E-5	0.0
236.344918016	-3.312928E-5	0.0
236.34690048	2.3205483E-5	0.0
236.34886656	1.13763635E-4	0.0
236.35083264	1.0191608E-4	0.0
236.352815104	2.3667244E-5	0.0
236.354781184	1.3703774E-5	0.0
236.356763648	3.561495E-5	0.0
236.358729728	5.2059953E-5	0.0
236.360695808	-4.3035334E-6	0.0
236.362678272	2.8470598E-5	0.0
236.364644352	-4.4901253E-6	0.0
236.366626816	4.7226862E-5	0.0
236.368592896	3.844153E-6	0.0
236.370558976	-1.1925976E-5	0.0
236.37254144	1.0251441E-5	0.0
236.37450752	3.548228E-5	0.0
236.376489984	6.0597948E-5	0.0
236.378456064	7.543619E-5	0.0
236.380422144	1.2276384E-5	0.0
236.382404608	1.469831E-5	0.0
236.384370688	2.9697805E-5	0.0
236.386353152	3.6922294E-5	0.0
236.388319232	1.6670894E-5	0.0
236.390301696	8.080381E-5	0.0
236.392267776	7.989814E-5	0.0
236.394233856	4.6698642E-5	0.0
236.39621632	-4.831309E-5	0.0
236.3981824	-3.2790358E-5	0.0
236.400164864	-9.593874E-5	0.0
236.402130944	-7.358948E-5	0.0
236.404097024	4.6434066E-5	0.0
236.406079488	-4.927756E-5	0.0
236.408045568	7.8617166E-5	0.0
236.410028032	9.6343625E-5	0.0
236.411994112	5.3043153E-5	0.0
236.413960192	2.5916446E-5	0.0
236.415942656	-1.6768698E-5	0.0
236.417908736	-4.367529E-5	0.0
236.4198912	-2.5273699E-5	0.0
236.42185728	-7.6606615E-5	0.0
236.42382336	-1.0487348E-4	0.0
236.425805824	-2.6844087E-5	0.0
236.427771904	7.712067E-6	0.0
236.429754368	-4.963012E-5	0.0
236.431720448	-2.9694824E-5	0.0
236.433686528	-8.996543E-5	0.0
236.435668992	-8.547405E-5	0.0
236.437635072	-3.9477603E-5	0.0
236.439617536	-9.125348E-5	0.0
236.441583616	-2.1340527E-5	0.0
236.443549696	8.238028E-5	0.0
236.44553216	3.4043416E-5	0.0
236.44749824	-1.6142478E-5	0.0
236.449480704	6.0818846E-5	0.0
236.451446784	4.2823694E-6	0.0
236.453412864	-2.3870887E-5	0.0
236.455395328	-6.3192725E-5	0.0
236.457361408	-7.687523E-6	0.0
236.459343872	-4.1946705E-6	0.0
236.461309952	1.2903462E-5	0.0
236.463276032	-9.6967684E-5	0.0
236.465258496	-7.176241E-5	0.0
236.467224576	-3.491575E-5	0.0
236.46920704	-6.345281E-5	0.0
236.47117312	-5.129565E-5	0.0
236.4731392	-3.611994E-5	0.0
236.475121664	-2.4445862E-5	4.004613884944774E-8
236.477087744	-1.7879409E-5	9.667738964935779E-8
236.479070208	2.9914578E-5	2.2234740981730283E-7
236.481036288	1.8650457E-5	4.871666305916733E-7
236.483002368	-5.089155E-6	1.0168512289965292E-6
236.484984832	2.3268165E-5	2.0218556073814398E-6
236.486950912	3.1331303E-5	3.829473826044705E-6
236.488933376	4.9483486E-5	6.908673185535008E-6
236.490899456	8.9884175E-5	1.1870733942487277E-5
236.492865536	1.0685645E-4	1.9424584024818614E-5
236.494848	7.43356E-5	3.026609556400217E-5
236.49681408	6.602328E-5	4.490196442930028E-5
236.498796544	5.3728318E-6	6.342648703139275E-5
236.500762624	6.707195E-5	8.531116327503696E-5
236.502728704	1.792379E-4	1.0928214760497212E-4
236.504711168	1.4119063E-4	1.333621476078406E-4
236.506677248	1.98642E-4	1.55103494762443E-4
236.508659712	1.7007014E-4	1.7198588466271758E-4
236.510625792	1.3536292E-4	1.8188678950536996E-4
236.512591872	1.8081098E-4	1.8350711616221815E-4
236.514574336	2.1623084E-4	1.7663916514720768E-4
236.516540416	1.853799E-4	1.622093841433525E-4
236.51852288	1.8536045E-4	1.4208490028977394E-4
236.52048896	1.9715936E-4	1.1869205627590418E-4
236.52245504	1.4786361E-4	9.454893734073266E-5
236.524437504	6.913163E-5	7.182890840340406E-5
236.526403584	2.7946351E-5	5.206324567552656E-5
236.528386048	-1.5911302E-5	3.603467484936118E-5
236.530352128	-2.2127855E-5	2.3848810087656602E-5
236.532318208	6.0078046E-6	1.5124171113711782E-5
236.534300672	3.4105997E-5	9.217354090651497E-6
236.536266752	2.5267955E-5	5.419988610810833E-6
236.538249216	2.1521964E-5	3.0907760901754955E-6
236.540215296	3.560688E-5	1.7197984334416105E-6
236.542181376	-1.00429725E-5	9.399689133715583E-7
236.54416384	-6.19367E-7	5.077193350189191E-7
236.54612992	6.4694854E-5	2.7217063802709163E-7
236.548112384	9.9239995E-5	1.449676858555904E-7
236.550078464	3.196998E-5	5.428778138139023E-8
236.552044544	-4.6009893E-5	3.135849624413822E-8
236.554027008	-6.534603E-5	1.725669385166384E-8
236.555993088	1.3623593E-5	9.0471488078947E-9
236.557975552	5.6257868E-5	4.518700968958456E-9
236.559941632	6.529863E-5	2.150134958966987E-9
236.561907712	6.591829E-5	9.74692881960948E-10
236.563890176	3.4727873E-5	4.209393111853643E-10
236.565856256	1.992976E-5	0.0
236.56783872	3.631614E-5	0.0
236.5698048	1.5981963E-5	0.0
236.57177088	-1.2892798E-5	0.0
236.573753344	-1.1548288E-5	0.0
236.575719424	-7.50032E-6	0.0
236.577701888	2.913263E-5	0.0
236.579667968	1.1138255E-4	0.0
236.581634048	1.987009E-5	0.0
236.583616512	-3.5295212E-5	0.0
236.585582592	1.9819005E-5	0.0
236.587565056	-3.5401492E-5	0.0
236.589531136	-7.325163E-5	0.0
236.591497216	-3.554543E-5	0.0
236.59347968	2.3201568E-5	0.0
236.59544576	7.8051155E-5	0.0
236.597428224	6.165187E-5	0.0
236.599394304	3.9168463E-5	0.0
236.601360384	-3.9186147E-5	0.0
236.603342848	-2.6820415E-5	0.0
236.605308928	-1.8923647E-5	0.0
236.607291392	-2.4185078E-5	0.0
236.609257472	-6.0975177E-5	0.0
236.611223552	-2.5309952E-5	0.0
236.613206016	-5.9264035E-5	0.0
236.615172096	-9.498846E-5	0.0
236.61715456	-1.0960445E-5	0.0
236.61912064	5.704653E-5	0.0
236.62108672	5.132551E-5	0.0
236.623069184	5.055001E-5	0.0
236.625035264	-3.1145613E-5	3.5689981525699466E-10
236.627017728	-3.1258533E-5	8.336717982615482E-10
236.628983808	5.430893E-5	1.8553317771008437E-9
236.630949888	6.4393804E-5	3.933882997131377E-9
236.632932352	1.539435E-5	7.946850288931273E-9
236.634898432	8.4606516E-5	1.529471660433046E-8
236.636880896	3.1202067E-5	2.804516796572898E-8
236.638846976	1.2401261E-5	4.8994916568290137E-8
236.640813056	-4.173945E-6	8.154857766839996E-8
236.64279552	-8.621208E-5	1.2931661785842152E-7
236.6447616	-4.2573847E-5	1.9537299067451386E-7
236.646744064	-4.929013E-5	2.8121925765844935E-7
236.648710144	4.6842233E-5	3.8565582372029894E-7
236.650676224	-1.7773657E-5	5.038803010393167E-7
236.652658688	-5.046296E-6	6.272314863053907E-7
236.654624768	-1.21014755E-5	7.43879809306236E-7
236.656607232	3.9944895E-5	8.405276048506494E-7
236.658573312	3.3839697E-5	9.048534934663621E-7
236.660539392	9.3924966E-5	9.280725521421118E-7
236.662521856	-2.1734884E-5	9.069124189409195E-7
236.664487936	-2.051667E-5	8.443690262538439E-7
236.6664704	-9.86024E-6	7.490144184885139E-7
236.66843648	1.4063279E-5	6.330760129458213E-7
236.67040256	3.1205836E-5	5.09878475440928E-7
236.672385024	3.0064404E-5	3.913818318324047E-7
236.674351104	-2.5527856E-5	2.8643682981055463E-7
236.676333568	-4.5561874E-6	2.0003754741537705E-7
236.678299648	3.077422E-5	1.3354070915738703E-7
236.680265728	4.0898925E-5	8.553320185455959E-8
236.682248192	-6.48216E-5	5.2958203156094896E-8
236.684214272	-7.6079385E-5	3.2162184027129115E-8
236.686196736	-2.4942101E-5	1.965610074705637E-8
236.688162816	5.4546897E-5	1.2544474792264282E-8
236.690128896	4.7684272E-5	8.668759043928276E-9
236.69211136	2.3857103E-5	6.564693677546529E-9
236.69407744	-3.8383305E-6	5.328159247142139E-9
236.696059904	-6.029983E-5	4.458525548756143E-9
236.698025984	-4.2345804E-5	3.5664344810726334E-9
236.700008448	3.720527E-6	2.9652187372164462E-9
236.701974528	-2.3066857E-5	2.348868655133174E-9
236.703940608	-3.1276355E-5	1.772718194459344E-9
236.705923072	-1.3328016E-5	1.2746761424153874E-9
236.707889152	1.4982349E-5	8.732488065987809E-10
236.709871616	3.0248988E-5	5.699753446997136E-10
236.711837696	3.4095614E-5	3.544485815965004E-10
236.713803776	3.090942E-5	2.1000499950130092E-10
236.71578624	6.120408E-5	1.1854503489949764E-10
236.71775232	1.16150746E-4	6.375550087867055E-11
236.719734784	1.20500314E-4	3.2668638627608715E-11
236.721700864	5.135984E-5	1.5948633039220006E-11
236.723666944	-1.6239623E-5	7.418101723166703E-12
236.725649408	-2.7152959E-5	3.2873298267538376E-12
236.727615488	2.0304748E-5	1.3879467236979637E-12
236.729597952	1.6297878E-5	0.0
236.731564032	1.4142311E-5	0.0
236.733530112	1.6501954E-5	0.0
236.735512576	-5.660554E-6	0.0
236.737478656	-2.1553735E-5	0.0
236.73946112	1.60277E-5	0.0
236.7414272	5.750199E-5	0.0
236.74339328	4.500715E-5	0.0
236.745375744	-1.6706447E-6	0.0
236.747341824	-6.008648E-5	0.0
236.749324288	-6.0492366E-5	0.0
236.751290368	2.5862226E-5	0.0
236.753256448	6.503799E-5	0.0
236.755238912	3.999274E-5	0.0
236.757204992	-6.1357895E-7	0.0
236.759187456	-5.059531E-6	1.2045195570131728E-11
236.761153536	1.3678199E-5	2.7936998200916996E-11
236.763119616	5.1392748E-5	6.173599131908958E-11
236.76510208	2.7678305E-5	1.299866325688015E-10
236.76706816	-1.5621607E-5	2.6076879544589815E-10
236.769050624	-1.3336176E-5	4.984331281043808E-10
236.771016704	2.920579E-5	9.077331664109067E-10
236.772982784	7.721116E-5	1.5750848403328632E-9
236.774965248	6.614277E-5	2.604053861432476E-9
236.776931328	4.5277167E-5	4.101951667223602E-9
236.778913792	2.4561512E-6	6.156457121875292E-9
236.780879872	1.9619236E-5	8.803721307515389E-9
236.782845952	4.5664445E-5	1.1995014759236255E-8
236.784828416	5.112714E-5	1.5571522737900523E-8
236.786794496	3.6836926E-5	1.926016146569509E-8
236.78877696	2.5967189E-5	2.2697909329849608E-8
236.79074304	6.066258E-5	2.5486393440132815E-8
236.79270912	7.9030746E-5	2.7266452207186376E-8
236.794691584	3.031349E-5	2.7793698009759282E-8
236.796657664	4.8160513E-5	2.699362688929341E-8
236.798640128	1.4311797E-6	2.4978918489182433E-8
236.800606208	-5.5332028E-5	2.202334670187156E-8
236.802572288	-2.5405274E-5	1.8500793785847236E-8
236.804554752	-5.572561E-5	1.4807944204164869E-8
236.806520832	-2.2306924E-5	1.129266458121947E-8
236.808503296	-6.0387643E-5	8.205318202669787E-9
236.810469376	-1.2008005E-5	5.680568015975496E-9
236.812435456	1.6119828E-5	3.74701336625094E-9
236.81441792	2.8226767E-5	2.354919592661986E-9
236.816384	5.6062954E-6	1.410146777125476E-9
236.818366464	2.528616E-5	8.045408783630137E-10
236.820332544	-2.4319748E-5	4.373515161137931E-10
236.822298624	-1.00388446E-4	2.2652205111661772E-10
236.824281088	1.1700274E-6	1.1178606651451872E-10
236.826247168	-5.5984574E-6	5.256081681004332E-11
236.828229632	-1.108509E-4	2.3546909214133827E-11
236.830195712	-1.0875008E-4	1.005085424610197E-11
236.832161792	-1.14948554E-4	0.0
236.834144256	-1.2098278E-5	0.0
236.836110336	-2.8546074E-5	0.0
236.8380928	-3.0514766E-5	0.0
236.84005888	4.3694845E-6	0.0
236.84202496	1.1549749E-5	0.0
236.844007424	-2.277142E-5	0.0
236.845973504	1.0837964E-5	0.0
236.847955968	1.4595079E-5	0.0
236.849922048	7.283026E-5	0.0
236.851888128	1.6519154E-5	0.0
236.853870592	3.54853E-5	0.0
236.855836672	4.9525228E-5	0.0
236.857819136	-2.9991485E-5	0.0
236.859785216	1.949759E-6	0.0
236.861751296	2.1574846E-5	0.0
236.86373376	5.5636947E-6	1.2188153819536751E-9
236.86569984	-2.3456376E-5	2.859807279875781E-9
236.867682304	-4.0552135E-5	6.393696683204553E-9
236.869648384	3.6944857E-5	1.3620173433537275E-8
236.871614464	3.388854E-5	2.76460276893431E-8
236.873596928	-1.074173E-5	5.346801401628909E-8
236.875563008	2.6426667E-6	9.853039273366448E-8
236.877545472	-4.776763E-5	1.7300699539646303E-7
236.879511552	-2.1947557E-5	2.894457509228232E-7
236.881477632	1.0094692E-4	4.614062163454946E-7
236.883460096	-1.8990117E-5	7.008277407294372E-7
236.885426176	2.5911608E-5	1.0142673545487924E-6
236.88740864	1.4388813E-5	1.398630729454453E-6
236.88937472	-8.042734E-5	1.8376647403783863E-6
236.8913408	-2.8678425E-5	2.3006214178167284E-6
236.893323264	7.5486996E-6	2.744352514127968E-6
236.895289344	5.4193906E-6	3.1192851110972697E-6
236.897271808	8.89452E-5	3.3782660011638654E-6
236.899237888	2.7955257E-5	3.4862453048845055E-6
236.901203968	1.4561355E-5	3.428061290833284E-6
236.903186432	1.6370848E-5	3.2119237403094303E-6
236.905152512	6.619405E-5	2.8675146950263297E-6
236.907134976	6.212867E-5	2.439311629132135E-6
236.909101056	3.4343775E-5	1.977185547730187E-6
236.911067136	-1.3685273E-5	1.5270113635779126E-6
236.9130496	7.118777E-5	1.1237005992370541E-6
236.91501568	7.8271805E-5	7.878976475694799E-7
236.916998144	-7.5740218E-6	5.26382393672975E-7
236.918964224	-3.9138293E-5	3.350758390752162E-7
236.920930304	4.5418896E-5	2.0323422234014288E-7
236.922912768	-7.321699E-6	1.1745326844447845E-7
236.924878848	-3.854419E-5	6.467637092555378E-8
236.926861312	-6.131398E-5	3.393458314349118E-8
236.928827392	-6.105012E-5	1.6964946780717582E-8
236.930793472	4.109644E-5	8.081269875503949E-9
236.932775936	3.3112712E-5	3.667925740913347E-9
236.934742016	1.4404129E-6	1.5862700042390543E-9
236.93672448	-4.3330507E-5	0.0
236.93869056	-5.868998E-5	0.0
236.94065664	-9.339278E-6	0.0
236.942639104	3.1812222E-5	0.0
236.944605184	4.372875E-5	0.0
236.946587648	9.963089E-5	0.0
236.948553728	1.1065459E-4	0.0
236.950519808	9.1815826E-5	0.0
236.952502272	5.0722814E-5	0.0
236.954468352	3.0225276E-5	0.0
236.956450816	3.7687536E-5	0.0
236.958416896	7.7276265E-5	0.0
236.960382976	5.7372254E-5	0.0
236.96236544	-1.4087121E-5	0.0
236.96433152	1.7745213E-6	0.0
236.966313984	5.2670333E-5	0.0
236.968280064	5.1762025E-5	0.0
236.970246144	5.890582E-5	0.0
236.972228608	5.8483656E-5	0.0
236.974194688	3.968755E-5	0.0
236.976177152	1.5137756E-5	0.0
236.978143232	-3.5754827E-5	0.0
236.980109312	-1.0817556E-5	0.0
236.982091776	-7.3279234E-6	0.0
236.984057856	-2.7927228E-5	0.0
236.98604032	5.419311E-5	0.0
236.9880064	9.368457E-5	0.0
236.98997248	5.4077293E-5	0.0
236.991954944	1.6330714E-5	0.0
236.993921024	2.9686265E-5	0.0
236.995903488	3.6051595E-5	0.0
236.997869568	2.5029129E-5	0.0
236.999852032	3.5876878E-5	0.0
237.001818112	2.83632E-6	0.0
237.003784192	1.3730491E-5	0.0
237.005766656	-5.8454107E-6	0.0
237.007732736	-5.1313822E-5	0.0
237.0097152	-7.345284E-5	0.0
237.01168128	-3.149287E-5	0.0
237.01364736	-1.5777225E-5	0.0
237.015629824	-6.0824757E-5	0.0
237.017595904	1.7348315E-5	0.0
237.019578368	4.165885E-5	0.0
237.021544448	-5.0424833E-6	0.0
237.023510528	2.0572359E-6	0.0
237.025492992	2.8416305E-5	0.0
237.027459072	7.266252E-5	0.0
237.029441536	6.669401E-5	0.0
237.031407616	3.1269516E-5	0.0
237.033373696	2.2279472E-5	0.0
237.03535616	6.6655875E-6	0.0
237.03732224	1.7136694E-5	0.0
237.039304704	1.2796724E-5	0.0
237.041270784	-3.3125296E-5	0.0
237.043236864	-9.2624214E-5	0.0
237.045219328	-2.9964443E-5	0.0
237.047185408	-9.6202175E-6	0.0
237.049167872	-1.3841226E-5	9.043699122912585E-10
237.051133952	-8.949993E-6	2.15542761416998E-9
237.053100032	2.2784227E-5	4.895190475195932E-9
237.055082496	1.522872E-5	1.0593866228703064E-8
237.057048576	-2.3729675E-5	3.458002595380094E-8
237.05903104	6.113605E-5	7.25510105326066E-8
237.06099712	-1.5486485E-5	1.4604745501856087E-7
237.0629632	4.1963245E-5	2.8212770075697335E-7
237.064945664	1.351538E-4	5.230318151916435E-7
237.066911744	1.1006022E-4	9.305062462772185E-7
237.068894208	4.470263E-5	1.5884127151366556E-6
237.070860288	-1.3399342E-6	2.601097548904363E-6
237.072826368	3.8043003E-5	4.084712145413505E-6
237.074808832	1.2961772E-5	6.149085947981803E-6
237.076774912	-1.0020115E-5	8.86999441718217E-6
237.078757376	-3.5412286E-5	1.2254760804353282E-5
237.080723456	-2.6298994E-5	1.62092055688845E-5
237.082689536	8.13966E-6	2.051667070190888E-5
237.084672	3.4348548E-5	2.484105061739683E-5
237.08663808	5.504346E-5	2.8760123313986696E-5
237.088620544	8.3986124E-5	3.182906220899895E-5
237.090586624	4.3009506E-5	3.3661497582215816E-5
237.092552704	2.2701208E-5	3.400866989977658E-5
237.094535168	3.5290697E-5	3.2814412406878546E-5
237.096501248	-5.1383366E-5	3.0229517506086268E-5
237.098483712	-8.455671E-6	2.6580581106827594E-5
237.100449792	2.4541749E-5	2.2302101569948718E-5
237.102415872	-7.63685E-6	1.78511327248998E-5
237.104398336	-5.4350685E-6	1.3627956832351629E-5
237.106364416	-3.26134E-5	9.921132914314512E-6
237.10834688	-8.884062E-6	6.8864937929902226E-6
237.11031296	6.474321E-5	4.557150987238856E-6
237.11227904	4.5164943E-5	2.8748647764587076E-6
237.114261504	7.5616066E-5	1.7288216440647375E-6
237.116227584	4.4130644E-5	9.910680773828062E-7
237.118210048	-2.2668262E-5	5.417028887677589E-7
237.120176128	-2.6249347E-5	2.825408387252537E-7
237.122142208	-2.1199414E-5	1.4104755052812834E-7
237.124124672	-1.6901633E-5	6.775098171374339E-8
237.126090752	-1.2796599E-5	3.283195226799762E-8
237.128073216	-3.2372995E-5	1.7611380798143728E-8
237.130039296	-6.888303E-6	7.128869938810567E-9
237.132005376	8.578626E-6	9.997362049318781E-9
237.13398784	1.999044E-5	1.3360144990315348E-8
237.13595392	2.513052E-5	1.7013594089121398E-8
237.137936384	4.1514566E-5	2.0646202969487604E-8
237.139902464	1.0316974E-4	2.38749677805572E-8
237.141868544	4.018652E-5	2.6309074030450574E-8
237.143851008	2.9310484E-5	2.7626603227304258E-8
237.145817088	5.3000867E-6	2.7644505351531734E-8
237.147799552	-2.8878907E-5	2.6360259752777893E-8
237.149765632	-1.8712728E-5	2.3952434702323444E-8
237.151731712	-3.068304E-5	2.0740028361387886E-8
237.153714176	-2.2235205E-5	1.7113070072127812E-8
237.155680256	-4.063199E-5	1.3455701441955625E-8
237.15766272	-2.795088E-5	1.008192285212317E-8
237.1596288	-3.0142937E-5	7.198474705205626E-9
237.16159488	-5.0396124E-5	4.89774221179573E-9
237.163577344	-1.6420914E-5	3.1754960883034755E-9
237.165543424	2.876422E-5	1.9619383895275178E-9
237.167525888	2.6424104E-5	1.155100792793462E-9
237.169491968	-1.7144792E-5	6.480551095755516E-10
237.171458048	1.3491578E-5	3.464697417854268E-10
237.173440512	2.2295137E-5	1.765134149955827E-10
237.175406592	2.1126314E-6	8.569350090636974E-11
237.177389056	-2.1916328E-5	3.964414213575296E-11
237.179355136	2.6369025E-5	1.7477012892452848E-11
237.181321216	1.0098679E-4	7.342054048065094E-12
237.18330368	4.7570375E-5	0.0
237.18526976	2.0888054E-5	0.0
237.187252224	4.2898315E-5	0.0
237.189218304	2.831829E-5	0.0
237.191184384	1.6185544E-5	0.0
237.193166848	-1.3163809E-5	0.0
237.195132928	-1.7630819E-5	0.0
237.197115392	2.6727614E-5	0.0
237.199081472	8.7974324E-5	0.0
237.201047552	1.01110425E-4	0.0
237.203030016	8.304891E-5	0.0
237.204996096	2.698193E-5	0.0
237.20697856	-3.5041478E-5	0.0
237.20894464	-8.441269E-6	0.0
237.21091072	5.1976396E-5	0.0
237.212893184	9.019441E-5	0.0
237.214859264	5.904526E-5	0.0
237.216841728	-8.699751E-6	0.0
237.218807808	-2.4108916E-5	0.0
237.220773888	-2.2203594E-5	0.0
237.222756352	-3.460604E-5	0.0
237.224722432	-3.0985826E-5	0.0
237.226704896	-1.1408183E-4	0.0
237.228670976	-1.4337536E-4	0.0
237.230637056	-9.5727526E-5	0.0
237.23261952	-2.4177823E-5	1.3304378432277275E-11
237.2345856	5.408219E-5	3.181158808596152E-11
237.236568064	8.3772604E-5	7.248663475012407E-11
237.238534144	3.1021376E-5	1.5740249381668292E-10
237.240500224	-1.5416887E-5	3.257213110341439E-10
237.242482688	3.9911796E-5	6.423359621976488E-10
237.244448768	-6.71623E-5	1.2071441624073032E-9
237.246431232	-9.1801805E-5	2.1619104284553714E-9
237.248397312	-7.685111E-5	3.6897507271760333E-9
237.250363392	-1.7295371E-5	6.0011955405059325E-9
237.252345856	4.6609213E-5	9.301594161570392E-9
237.254311936	6.374783E-7	1.3739175130922376E-8
237.2562944	-1.08690656E-4	1.9339493562142707E-8
237.25826048	-9.973749E-6	2.5942428649727844E-8
237.26022656	5.708801E-5	3.316327479296888E-8
237.262209024	-2.900769E-5	4.0400369272219905E-8
237.264175104	1.2014486E-6	4.690234689519457E-8
237.266157568	-7.083568E-5	5.189017926454653E-8
237.268123648	3.7627968E-5	5.470877795232809E-8
237.270089728	5.8317888E-5	5.496806565474799E-8
237.272072192	5.7811554E-5	5.263144231548722E-8
237.274038272	2.9699086E-5	4.802434361295127E-8
237.276020736	-1.96048E-5	4.175985779397706E-8
237.277986816	3.8971117E-5	3.460491626583462E-8
237.279952896	-5.9126807E-5	2.7327413221200914E-8
237.28193536	1.3294647E-5	2.0565527947269402E-8
237.28390144	2.297164E-5	1.4748991361557273E-8
237.285883904	-3.8155435E-5	1.0080127843536957E-8
237.287849984	-5.3096344E-5	6.565243015899114E-9
237.289816064	-2.201539E-5	4.074898640737956E-9
237.291798528	1.0342268E-4	2.4102686513316485E-9
237.293764608	7.900099E-5	1.358606560586395E-9
237.295747072	1.5255406E-4	7.297995541222235E-10
237.297713152	7.785901E-5	3.7358910409679424E-10
237.299679232	-1.5081868E-5	2.4392232678138726E-10
237.301661696	-5.734185E-5	2.2805948796111863E-10
237.303627776	-7.9505364E-5	3.5499675421490906E-10
237.30561024	-5.9423095E-5	6.859277035253797E-10
237.30757632	-2.4717929E-5	1.3479092286772243E-9
237.309558784	-5.883942E-5	2.5839481665457242E-9
237.311524864	-9.2713475E-5	4.720628776766489E-9
237.313490944	-1.0235631E-4	8.21881407375713E-9
237.315473408	4.7699095E-6	1.3636755724633076E-8
237.317439488	-5.9496826E-5	2.1562946983522124E-8
237.319421952	-1.6821003E-4	3.249342128697208E-8
237.321388032	-5.1029616E-5	4.666332387159855E-8
237.323354112	-3.886717E-5	6.386289896909148E-8
237.325336576	-9.591667E-5	8.329439538101724E-8
237.327302656	-8.7359535E-5	1.0353193147238926E-7
237.32928512	-5.9016053E-5	1.226382693175765E-7
237.3312512	-9.222338E-5	1.3844295665421669E-7
237.33321728	2.7129516E-5	1.4893926447712147E-7
237.335199744	-2.4779112E-5	1.5270060771399585E-7
237.337165824	1.8705536E-5	1.491988967927682E-7
237.339148288	-4.0935873E-5	1.3892605466025998E-7
237.341114368	-6.468076E-5	1.2328074205925077E-7
237.343080448	-8.031559E-6	1.04255640565043E-7
237.345062912	-9.9548684E-5	8.402282247743642E-8
237.347028992	-6.9036134E-5	6.45337863147688E-8
237.349011456	-6.548077E-5	4.723572999409953E-8
237.350977536	-6.7385045E-5	3.294927353181265E-8
237.352943616	-8.1600585E-5	2.190356873654764E-8
237.35492608	-6.354982E-5	1.3876353399666641E-8
237.35689216	4.1981784E-5	8.377794458169774E-9
237.358874624	7.13416E-5	4.8203165903260015E-9
237.360840704	9.641149E-6	2.6431130617510235E-9
237.362806784	-9.300514E-5	1.3811699561827595E-9
237.364789248	-9.0639725E-5	6.878173586244429E-10
237.366755328	-6.984977E-5	3.2642996639076216E-10
237.368737792	4.5224744E-5	1.4763928968264395E-10
237.370703872	1.2493592E-4	6.363622823135628E-11
237.372669952	2.7928903E-5	4.355444130355046E-11
237.374652416	4.0259398E-5	1.0308807280035026E-10
237.376618496	7.701839E-5	2.3253628189667808E-10
237.37860096	5.4887405E-5	4.998950697832072E-10
237.38056704	-1.2551144E-5	1.0241706371871828E-9
237.38253312	5.5088054E-5	1.999733267865622E-9
237.384515584	4.9917875E-5	3.721152497249136E-9
237.386481664	-9.409531E-6	6.599113255845168E-9
237.388464128	2.2535382E-5	1.115328007728067E-8
237.390430208	4.044719E-5	1.7964920218105362E-8
237.392396288	3.138988E-5	2.7577423011848623E-8
237.394378752	3.2026084E-5	4.683511889425063E-8
237.396344832	1.6306121E-5	7.189367323690021E-8
237.398327296	2.2569346E-5	1.1067541549891757E-7
237.400293376	3.267406E-5	1.7331007029497414E-7
237.402259456	-2.7281127E-5	2.783369552616932E-7
237.40424192	-8.3955005E-5	4.5767731648993504E-7
237.406208	-5.686425E-5	7.623056603733858E-7
237.408190464	1.0650186E-5	1.2669921716224053E-6
237.410156544	5.0404942E-5	2.0713196136057377E-6
237.412122624	1.8542707E-5	3.2935281524260063E-6
237.414105088	-2.0438276E-5	5.053862423665123E-6
237.416071168	5.395994E-5	7.4464137469476555E-6
237.418053632	8.29525E-5	1.0502412806090433E-5
237.420019712	9.568469E-6	1.4152836229186505E-5
237.421985792	9.38788E-6	1.820322358980775E-5
237.423968256	3.4390036E-5	2.2332878870656714E-5
237.425934336	2.5298602E-6	2.6127425371669233E-5
237.4279168	3.6867114E-5	2.914326796599198E-5
237.42988288	2.5418138E-5	3.0991250241640955E-5
237.43184896	3.194281E-5	3.1418421713169664E-5
237.433831424	7.719339E-5	3.0364042686414905E-5
237.435797504	-1.2659691E-5	2.7973381293122657E-5
237.437779968	-3.0388914E-5	2.4564938939874992E-5
237.439746048	5.320521E-5	2.0560979464789852E-5
237.441712128	4.168251E-5	1.6402338587795384E-5
237.443694592	-1.955425E-5	1.2470828551158775E-5
237.445660672	-1.4905058E-5	9.037304153025616E-6
237.447643136	-2.6214644E-5	6.243623829504941E-6
237.449609216	-4.145574E-5	4.114987859793473E-6
237.451575296	1.7356326E-5	2.591316388134146E-6
237.45355776	-2.2167436E-5	1.5652545926059247E-6
237.45552384	-3.1896209E-6	9.154041435976978E-7
237.457506304	1.0965512E-4	5.294387506182829E-7
237.459472384	1.1036141E-4	3.159997277180082E-7
237.461438464	4.757723E-5	2.076518228477653E-7
237.463420928	-1.7844684E-5	1.5840812750411715E-7
237.465387008	-1.2646814E-7	1.3897154360620334E-7
237.467369472	6.660121E-5	1.3184538261157286E-7
237.469335552	9.451659E-5	1.2294832174575276E-7
237.471301632	6.251624E-5	1.1912432995586641E-7
237.473284096	2.1339345E-5	1.1005275979414364E-7
237.475250176	9.643004E-6	9.694461766684981E-8
237.47723264	2.1621645E-5	8.14269043303284E-8
237.47919872	-3.806553E-5	6.521284490190737E-8
237.4811648	3.88284E-5	4.9798728696259786E-8
237.483147264	1.76724E-5	3.6259521607462375E-8
237.485113344	1.3955704E-5	2.517348818287246E-8
237.487095808	1.6691376E-5	1.6664055024762092E-8
237.489061888	-4.01108E-5	1.051796694184759E-8
237.491027968	1.903136E-5	6.329889057354876E-9
237.493010432	2.344484E-5	3.632217859816933E-9
237.494976512	-9.305849E-6	1.9872650192098718E-9
237.496958976	5.4465407E-5	1.0366830727193133E-9
237.498925056	1.6630818E-5	5.156319260457565E-10
237.500891136	4.8791164E-5	2.445320335109358E-10
237.5028736	2.1899026E-5	1.1056833226774643E-10
237.50483968	-5.6855966E-5	4.766748454287928E-11
237.506822144	-5.055468E-5	1.3664147938130533E-11
237.508788224	-9.948054E-6	0.0
237.510754304	-6.737591E-5	0.0
237.512736768	-1.5314765E-5	0.0
237.514702848	6.194052E-5	0.0
237.516685312	-1.7886077E-5	0.0
237.518651392	3.0929976E-5	0.0
237.520617472	-8.223241E-6	0.0
237.522599936	-4.028193E-6	0.0
237.524566016	4.836082E-5	0.0
237.52654848	-2.2743077E-5	0.0
237.52851456	-4.7980702E-5	0.0
237.53048064	2.6982774E-5	0.0
237.532463104	1.4417116E-5	0.0
237.534429184	1.5498083E-5	0.0
237.536411648	-3.8239283E-5	0.0
237.538377728	-2.1173417E-5	0.0
237.540343808	2.062262E-5	0.0
237.542326272	5.8611473E-5	0.0
237.544292352	-3.985137E-5	0.0
237.546274816	-7.719256E-7	0.0
237.548240896	-2.639918E-5	0.0
237.550206976	-5.1836596E-5	0.0
237.55218944	-8.588676E-5	0.0
237.55415552	-7.849644E-5	0.0
237.556137984	-2.2182041E-6	0.0
237.558104064	-1.3861519E-5	0.0
237.560070144	-4.6192117E-6	0.0
237.562052608	-1.24673215E-5	0.0
237.564018688	-6.31646E-5	0.0
237.566001152	-8.1343256E-5	0.0
237.567967232	-5.3554162E-5	0.0
237.569933312	-1.1808098E-5	0.0
237.571915776	-2.1829726E-5	0.0
237.573881856	-1.9382944E-6	0.0
237.57586432	2.9082084E-5	0.0
237.5778304	6.6215514E-5	0.0
237.57979648	6.0448776E-5	0.0
237.581778944	4.0425137E-5	0.0
237.583745024	2.0782625E-5	0.0
237.585727488	-2.6511689E-5	0.0
237.587693568	-6.9247246E-5	0.0
237.589659648	-6.399662E-5	0.0
237.591642112	-1.0085224E-5	0.0
237.593608192	3.741334E-5	0.0
237.595590656	8.313861E-6	0.0
237.597556736	-5.1965697E-5	0.0
237.599522816	-1.6426904E-6	0.0
237.60150528	3.7097558E-5	0.0
237.60347136	1.2687548E-5	0.0
237.605453824	-2.8494356E-5	0.0
237.607419904	-3.9484723E-5	0.0
237.609385984	-1.7062017E-5	0.0
237.611368448	-9.902026E-6	0.0
237.613334528	-1.064608E-5	0.0
237.615316992	1.240789E-5	0.0
237.617283072	2.7567514E-5	0.0
237.619265536	1.7792054E-5	0.0
237.621231616	-1.9048219E-5	0.0
237.623197696	8.85771E-6	0.0
237.62518016	2.3543698E-5	0.0
237.62714624	6.160207E-6	0.0
237.629128704	3.7767048E-5	0.0
237.631094784	6.545828E-5	0.0
237.633060864	7.212736E-5	0.0
237.635043328	4.9154278E-5	0.0
237.637009408	1.4249493E-5	0.0
237.638991872	2.7872733E-5	0.0
237.640957952	1.2397827E-5	0.0
237.642924032	-2.3153416E-5	0.0
237.644906496	-4.431921E-5	2.3973809049060435E-10
237.646872576	-8.2913226E-5	5.564512739475447E-10
237.64885504	-7.202031E-6	1.231034607585002E-9
237.65082112	6.228638E-5	2.5957540561449832E-9
237.6527872	3.7872964E-5	5.216914900074698E-9
237.654769664	1.1803127E-5	9.993499361371505E-9
237.656735744	-3.3618326E-5	1.8246279154254808E-8
237.658718208	-1.1210167E-4	3.175278706635254E-8
237.660684288	-5.057655E-5	5.266777591828031E-8
237.662650368	-1.3021171E-5	8.326475864350869E-8
237.664632832	2.5391777E-5	1.2546713890060346E-7
237.666598912	-1.312585E-5	1.8019788683432125E-7
237.668581376	-2.1001402E-5	2.4667443199177796E-7
237.670547456	3.609539E-5	3.2184854603656277E-7
237.672513536	3.5078065E-5	4.002498315003322E-7
237.674496	-1.374208E-5	4.744229613606876E-7
237.67646208	-5.740975E-6	5.361608828025055E-7
237.678444544	1.2663683E-5	5.775721660938871E-7
237.680410624	1.8363515E-5	5.933548550274281E-7
237.682376704	2.5200841E-5	5.816090151711251E-7
237.684359168	6.607395E-5	5.446737532111001E-7
237.686325248	2.055368E-5	4.887147042609286E-7
237.688307712	-3.7621223E-6	4.2267538447049446E-7
237.690273792	3.08107E-5	3.5677027199199074E-7
237.692239872	5.340199E-5	3.009293152445025E-7
237.694222336	6.172143E-5	2.6351028736826265E-7
237.696188416	1.2452647E-4	2.504000065073342E-7
237.69817088	5.7342684E-5	2.644827077347145E-7
237.70013696	-4.114293E-5	3.053502837246924E-7
237.70210304	2.7773402E-5	3.692158259127609E-7
237.704085504	4.5702112E-5	4.490673859436356E-7
237.706051584	1.4862725E-5	5.352205221242912E-7
237.708034048	-7.123355E-7	6.163816124171717E-7
237.710000128	1.8656197E-5	6.812219339735748E-7
237.711966208	-1.1359057E-4	7.202280585261178E-7
237.713948672	9.389044E-6	7.273972073562618E-7
237.715914752	6.505973E-5	7.013314871073817E-7
237.717897216	6.531568E-5	6.452723368965962E-7
237.719863296	-1.3784248E-5	5.667293407896068E-7
237.721829376	6.3513316E-6	4.7498818389613007E-7
237.72381184	3.1131178E-5	3.7991560475347796E-7
237.72577792	2.1661757E-5	2.900082165524509E-7
237.727760384	1.664524E-5	2.112898869199853E-7
237.729726464	-3.9902767E-5	1.4693738137339096E-7
237.731692544	-1.5857482E-5	9.755488861173944E-8
237.733675008	4.9738697E-5	6.186188983292595E-8
237.735641088	2.667412E-5	3.7514983119990575E-8
237.737623552	2.1805632E-5	2.183657699106334E-8
237.739589632	-4.8487755E-6	1.2329725684878667E-8
237.741555712	-3.355364E-5	6.951399011967396E-9
237.743538176	3.5871093E-5	4.18770262911039E-9
237.745504256	5.800551E-5	3.0027031971968654E-9
237.74748672	-5.4600012E-5	2.9659859013264622E-9
237.7494528	-4.2047497E-5	3.5007148291299472E-9
237.75141888	6.496233E-5	4.56412330152034E-9
237.753401344	2.1362104E-5	6.437389288294071E-9
237.755367424	-1.9816636E-5	9.512693743829459E-9
237.757349888	1.6894026E-5	1.4551233995518942E-8
237.759315968	7.287764E-5	2.281847599761022E-8
237.761282048	4.3183547E-5	3.606183085480552E-8
237.763264512	-1.7061184E-5	5.643691736167966E-8
237.765230592	-3.766255E-5	8.624836311810213E-8
237.767213056	2.0725154E-6	1.27478500644429E-7
237.769179136	-4.0252748E-5	1.8112851307705569E-7
237.771145216	-6.408946E-5	2.4650370278322953E-7
237.77312768	-3.191053E-5	3.2065196364783333E-7
237.77509376	9.641898E-6	3.9819150288167293E-7
237.777076224	3.6103662E-5	4.7186918550323753E-7
237.779042304	5.056898E-5	5.332752266440366E-7
237.781008384	9.678329E-6	5.748063927057956E-7
237.782990848	-3.7464488E-5	5.910802656217129E-7
237.784956928	-3.6230336E-5	5.802920668429579E-7
237.786939392	8.124141E-6	5.448080173664493E-7
237.788905472	5.7013607E-5	4.908596338282223E-7
237.790871552	6.5952654E-6	4.2745961081891437E-7
237.792854016	-1.1998764E-5	3.648249276011484E-7
237.794820096	8.957092E-6	3.1271372336050263E-7
237.79680256	3.279917E-5	2.789938946534676E-7
237.79876864	2.215645E-5	2.686298614662519E-7
237.80073472	3.5038112E-5	2.8310418542787374E-7
237.802717184	3.866325E-5	3.2026909480009635E-7
237.804683264	2.4950592E-5	3.7458406154655677E-7
237.806665728	5.2277956E-5	4.3777271230283077E-7
237.808631808	3.981745E-5	4.999209863854048E-7
237.810597888	-7.1056393E-6	5.509580205398379E-7
237.812580352	-3.4356217E-5	5.823140440952557E-7
237.814546432	-5.1702227E-5	5.884160714231257E-7
237.816528896	-8.5056425E-5	5.676384375874477E-7
237.818494976	-1.0153523E-4	5.224375740908727E-7
237.820461056	-1.2100301E-4	4.585132558077021E-7
237.82244352	-6.1605475E-5	3.839264195448777E-7
237.8244096	3.3008106E-5	3.0658142691208923E-7
237.826392064	8.8064255E-5	2.3350445133019093E-7
237.828358144	6.78258E-5	1.696511162663228E-7
237.830324224	-2.687558E-6	1.175995123503526E-7
237.832306688	-3.0470748E-5	7.779088662118738E-8
237.834272768	-3.1522624E-5	4.91173430816616E-8
237.836255232	-6.181773E-5	2.96109678998846E-8
237.838221312	-7.056132E-5	1.7050394873763253E-8
237.840187392	-3.7625174E-5	9.381247778605939E-9
237.842169856	-3.969796E-6	4.934476827145318E-9
237.844135936	3.923781E-6	2.482666294767455E-9
237.8461184	1.5883732E-6	1.1955511025618648E-9
237.84808448	2.0596935E-5	5.514403933482015E-10
237.85005056	2.1736794E-5	2.438073076760361E-10
237.852033024	1.2077416E-5	2.2355556641984187E-11
237.853999104	-2.687186E-5	1.0672741336537062E-11
237.855981568	-5.2614025E-5	4.856741311204393E-12
237.857947648	-7.1509196E-5	2.106650574471014E-12
237.859913728	-4.7710717E-5	0.0
237.861896192	-3.8106977E-5	5.831388844024232E-11
237.863862272	-4.5282606E-5	1.3516106289745977E-10
237.865844736	-7.2670855E-6	2.986201008692291E-10
237.867810816	5.4778513E-5	6.288998211090302E-10
237.869776896	1.1942425E-5	1.262501436727348E-9
237.87175936	-6.411246E-5	2.4158728351153513E-9
237.87372544	-3.608471E-5	4.406677245327728E-9
237.875707904	-5.0010436E-5	7.66190311196624E-9
237.877673984	-6.187978E-5	1.26986163806464E-8
237.879640064	7.1252965E-5	2.006157373557471E-8
237.881622528	4.3541277E-5	3.021114380885592E-8
237.883588608	1.7542816E-5	4.336694914286454E-8
237.885571072	5.4536245E-5	5.933924640544319E-8
237.887537152	5.8050737E-5	7.739593854694249E-8
237.889503232	1.296971E-5	9.622426944133622E-8
237.891485696	4.8947466E-5	1.1403644606389207E-7
237.893451776	8.62676E-5	1.2882308908501727E-7
237.89543424	6.14281E-5	1.387190167179142E-7
237.89740032	5.382035E-5	1.4238696621760027E-7
237.8993664	-5.3843914E-6	1.3931455100646417E-7
237.901348864	1.371268E-5	1.2993156417451246E-7
237.903314944	-6.8886084E-6	1.1551137646392817E-7
237.905297408	-8.250033E-5	9.788747235006667E-8
237.907263488	-4.390776E-5	7.907162569154025E-8
237.909229568	2.4437128E-5	6.088436776963135E-8
237.911212032	1.965328E-5	4.4687116229624735E-8
237.913178112	-3.6356738E-5	3.1264420385923586E-8
237.915160576	7.276957E-6	2.0850171367214898E-8
237.917126656	-1.925446E-5	1.3254406461271628E-8
237.919092736	-1.1150628E-5	8.031630471805329E-9
237.9210752	8.71615E-7	4.6391415153834714E-9
237.92304128	2.3328861E-5	2.5542463699679274E-9
237.925023744	2.6754571E-5	1.3405387910836453E-9
237.926989824	6.697744E-5	6.70636990385276E-10
237.928972288	-5.168448E-5	3.198064590925753E-10
237.930938368	-1.2012312E-4	1.27089949675252E-9
237.932904448	-1.31668285E-5	2.7657507395417724E-9
237.934886912	7.0812624E-5	6.1866862743897855E-9
237.936852992	6.461293E-5	1.3499331430466555E-8
237.938835456	-4.638467E-5	2.807851018360452E-8
237.940801536	-6.545904E-5	5.5671748100394325E-8
237.942767616	-1.8625522E-5	1.0522002469315339E-7
237.94475008	-5.408631E-5	1.8956882286147447E-7
237.94671616	4.0012337E-6	3.2556135920458473E-7
237.948698624	2.2679264E-5	5.329648047336377E-7
237.950664704	1.9550871E-5	8.316958997056645E-7
237.952630784	2.9937199E-5	1.2371592674753629E-6
237.954613248	5.043046E-5	1.7542176919960184E-6
237.956579328	1.3832937E-5	2.371049731664243E-6
237.958561792	-7.784432E-6	3.054892658838071E-6
237.960527872	2.6066127E-5	3.751927351913764E-6
237.962493952	-6.392994E-5	4.392589289636817E-6
237.964476416	-1.0793178E-4	4.902294222119963E-6
237.966442496	5.0573337E-5	5.215481905906927E-6
237.96842496	1.19726894E-4	5.28942609889782E-6
237.97039104	3.1948886E-5	5.1137844820914324E-6
237.97235712	5.260512E-5	4.714134320238372E-6
237.974339584	3.0533924E-5	4.1433718251937535E-6
237.976305664	8.370315E-6	3.474047616691678E-6
237.978288128	3.3515626E-5	2.7822088668472134E-6
237.980254208	1.4854751E-5	2.135448767148773E-6
237.982220288	-1.9574449E-5	1.5850190493438276E-6
237.984202752	-3.905511E-5	1.16373098535405E-6
237.986168832	-4.6690484E-6	8.886813702702057E-7
237.988151296	5.276856E-5	7.665614134566567E-7
237.990117376	8.209685E-5	7.988404036041175E-7
237.992083456	6.177053E-5	9.845024351307075E-7
237.99406592	2.3854287E-5	1.3192984624765813E-6
237.996032	5.2063257E-5	1.7918243884196272E-6
237.998014464	4.6292942E-5	2.3780867195455357E-6
237.999980544	5.4964654E-5	3.037207306988421E-6
238.001946624	3.1092397E-5	3.7107420212123543E-6
238.003929088	-4.112133E-5	4.32738988820347E-6
238.005895168	-1.6250613E-5	4.8122560656338464E-6
238.007877632	2.2659313E-5	5.103695912112016E-6
238.009843712	5.677869E-6	5.15996771355276E-6
238.011809792	-4.284376E-6	4.973197974322829E-6
238.013792256	6.521873E-6	4.569298198475735E-6
238.015758336	3.2637054E-5	4.002067726105452E-6
238.0177408	9.190133E-5	3.343851858517155E-6
238.01970688	1.261704E-4	2.665001829882385E-6
238.02167296	8.65859E-5	2.029839833994629E-6
238.023655424	4.521378E-5	1.4845461464574328E-6
238.025621504	-1.6660439E-5	1.0563586556600058E-6
238.027603968	-1.9767243E-5	7.567206239400548E-7
238.029570048	7.151527E-6	5.872720976185519E-7
238.031536128	-1.1517824E-5	5.46220746855397E-7
238.033518592	-3.7586142E-5	6.327934443106642E-7
238.035484672	1.7790651E-6	8.484395834784664E-7
238.037467136	3.186866E-5	1.1943754998355871E-6
238.039433216	5.813522E-6	1.6662428379277117E-6
238.041399296	-2.5658055E-5	2.2475751393358223E-6
238.04338176	-3.3810855E-5	2.9045595510979183E-6
238.04534784	-6.191282E-5	3.584441628845525E-6
238.047330304	NaN	4.2186516111542005E-6
238.049296384	NaN	4.735488346341299E-6
238.051262464	NaN	5.067412985226838E-6
238.053244928	NaN	5.169410997041268E-6
238.055211008	NaN	5.027246061217738E-6
238.057193472	NaN	4.660711965698283E-6
238.059159552	NaN	4.11911605624482E-6
238.061125632	NaN	3.4704185054579284E-6
238.063108096	NaN	2.7872763439518167E-6
238.065074176	NaN	2.134006763299112E-6
238.06705664	NaN	1.5574873941659462E-6
238.06902272	NaN	1.0835941566256224E-6
238.0709888	NaN	7.186533252934169E-7
238.072971264	NaN	4.543451836980239E-7
238.074937344	NaN	2.7382048983781715E-7
238.076919808	NaN	1.5731106373095827E-7
238.078885888	NaN	8.615295143954427E-8
238.080851968	NaN	4.4977554125580355E-8
