219.99607808	1.17302925E-5	0.0
219.99804416	6.6127606E-5	0.0
219.999993856	-3.767771E-5	0.0
220.001943552	-5.619661E-5	0.0
220.003909632	6.516025E-5	0.0
220.005859328	1.6381508E-5	0.0
220.007809024	-4.479225E-5	0.0
220.009775104	-8.118572E-5	0.0
220.0117248	4.058545E-6	0.0
220.013674496	1.1133664E-5	0.0
220.015624192	4.2979293E-5	0.0
220.017590272	-7.85393E-5	0.0
220.019539968	4.6107175E-6	0.0
220.021489664	-5.3872183E-5	0.0
220.023455744	-6.6135886E-5	0.0
220.02540544	-2.2521364E-5	0.0
220.027355136	-6.108681E-5	0.0
220.029321216	-4.8336988E-5	0.0
220.031270912	3.5229932E-5	0.0
220.033220608	-7.241461E-6	0.0
220.035186688	-1.000869E-5	0.0
220.037136384	1.2543134E-4	6.915931161088906E-10
220.03908608	1.594915E-4	1.8147117142319757E-9
220.041035776	-2.396263E-5	4.457073377039933E-9
220.043001856	-9.082993E-5	1.0246343329356478E-8
220.044951552	-1.5726237E-4	2.204801496930031E-8
220.046901248	2.2083967E-5	4.4406924359918776E-8
220.048867328	3.3361495E-5	8.371677751028983E-8
220.050817024	-3.2351025E-5	1.477250890502546E-7
220.05276672	-1.4234835E-5	2.439920763208647E-7
220.0547328	1.9693975E-5	3.7720400314356084E-7
220.056682496	3.694582E-5	5.458305736283364E-7
220.058632192	-3.840417E-5	7.392945917672478E-7
220.060598272	-9.292634E-6	9.372566864840337E-7
220.062547968	4.533193E-5	1.112199015551596E-6
220.064497664	3.465848E-5	1.2353539204923436E-6
220.06644736	2.8003933E-5	1.2843594277001102E-6
220.06841344	-6.074776E-5	1.2498804835558985E-6
220.070363136	-2.7430722E-5	1.1385099014660227E-6
220.072312832	7.8696576E-5	9.707118806545623E-7
220.074278912	4.8515598E-5	7.746888854853751E-7
220.076228608	8.724092E-6	5.786887413705699E-7
220.078178304	-2.0025958E-5	4.046164576720912E-7
220.080144384	7.6297285E-5	2.6480216774871224E-7
220.08209408	-2.008832E-5	1.6221042642428074E-7
220.084043776	7.5613075E-6	9.300663350586547E-8
220.086009856	-2.726662E-5	4.991493085526599E-8
220.087959552	-4.9233422E-5	2.5074218257259417E-8
220.089909248	9.391363E-6	1.1789755838265137E-8
220.091858944	-2.1133577E-5	5.1887387719773415E-9
220.093825024	-3.9260143E-5	2.137479526709285E-9
220.09577472	4.567777E-5	8.241828330923795E-10
220.097724416	5.6992176E-5	2.9745844676298816E-10
220.099690496	2.887647E-6	0.0
220.101640192	-6.818746E-5	0.0
220.103589888	-1.483797E-4	0.0
220.105555968	-4.4141256E-5	0.0
220.107505664	-4.6685447E-5	0.0
220.10945536	-1.5443713E-5	0.0
220.11142144	8.2581515E-5	0.0
220.113371136	7.786981E-5	0.0
220.115320832	-4.438602E-6	0.0
220.117270528	-4.522392E-5	0.0
220.119236608	-3.0061988E-6	0.0
220.121186304	8.1793325E-5	0.0
220.123136	1.7340551E-5	0.0
220.12510208	-1.414975E-5	0.0
220.127051776	-3.8205617E-5	0.0
220.129001472	3.6307632E-5	0.0
220.130967552	-8.865081E-5	0.0
220.132917248	-7.9552025E-5	0.0
220.134866944	-5.0074974E-5	0.0
220.136833024	-7.031947E-5	0.0
220.13878272	-1.4019375E-6	0.0
220.140732416	9.429566E-5	0.0
220.142682112	4.0699633E-5	0.0
220.144648192	-1.0363684E-5	0.0
220.146597888	2.2024551E-5	0.0
220.148547584	1.28959155E-5	0.0
220.150513664	-5.5142926E-5	0.0
220.15246336	-7.556801E-6	0.0
220.154413056	-6.511609E-5	0.0
220.156379136	-8.62149E-5	0.0
220.158328832	-6.635535E-5	0.0
220.160278528	-5.728729E-5	0.0
220.162244608	7.684407E-5	0.0
220.164194304	7.107623E-5	0.0
220.166144	8.395235E-5	0.0
220.168093696	2.2741965E-6	0.0
220.170059776	-1.2573792E-5	1.3073452542755604E-8
220.172009472	7.4555435E-5	3.200187137508692E-8
220.173959168	-3.2977274E-5	7.434980631160215E-8
220.175925248	1.5264706E-5	1.6394514545936545E-7
220.177874944	4.8682246E-5	3.431123900554667E-7
220.17982464	7.1988484E-6	6.815295137130306E-7
220.18179072	1.4629194E-5	1.2847941661675577E-6
220.183740416	-4.2972577E-5	2.298686240465031E-6
220.185690112	-1.2476877E-5	3.903082870237995E-6
220.187656192	8.5778265E-5	6.2893132053432055E-6
220.189605888	-2.0123274E-5	9.617454452381935E-6
220.191555584	-7.216785E-5	1.3956328984932043E-5
220.19350528	4.232763E-5	1.921949296956882E-5
220.19547136	-1.257428E-5	2.511829006834887E-5
220.197421056	-3.922404E-5	3.115664731012657E-5
220.199370752	1.03122606E-4	3.668307181214914E-5
220.201336832	7.33499E-5	4.0999733755597845E-5
220.203286528	-4.682876E-5	4.3504885979928076E-5
220.205236224	-3.6529258E-5	4.382892439025454E-5
220.207202304	1.0484263E-4	4.19230418629013E-5
220.209152	1.0536338E-4	3.807107714237645E-5
220.211101696	3.0108999E-5	3.282090983702801E-5
220.213067776	1.3037292E-6	2.6858038836508058E-5
220.215017472	-6.2907435E-5	2.0860288714175113E-5
220.216967168	-1.1488289E-4	1.5376359442598186E-5
220.218933248	-1.16161005E-4	1.0755996299849357E-5
220.220882944	-2.289628E-5	7.1400545493816026E-6
220.22283264	7.2499075E-5	4.4979065023653675E-6
220.224782336	9.738557E-6	2.688959284569137E-6
220.226748416	-1.1334402E-4	1.5255913012879319E-6
220.228698112	-3.9585284E-5	8.214532840611355E-7
220.230647808	-3.560099E-5	4.197854082121921E-7
220.232613888	1.2947487E-5	2.036022692664119E-7
220.234563584	-2.5280291E-5	9.3723841132487E-8
220.23651328	-1.7335721E-4	4.094840377888431E-8
220.23847936	-1.0466004E-4	1.6980125749910258E-8
220.240429056	3.6119316E-5	0.0
220.242378752	2.5622046E-5	0.0
220.244344832	-3.443472E-5	0.0
220.246294528	1.9125388E-5	0.0
220.248244224	3.8945327E-5	0.0
220.25019392	1.5260734E-5	0.0
220.25216	-2.4930427E-5	0.0
220.254109696	-4.317533E-5	0.0
220.256059392	-3.6684127E-5	0.0
220.258025472	-4.083629E-5	0.0
220.259975168	-2.2269041E-5	0.0
220.261924864	1.1327015E-5	0.0
220.263890944	-3.7618163E-5	0.0
220.26584064	-4.4927206E-6	0.0
220.267790336	-3.4525387E-5	0.0
220.269756416	1.4127122E-4	0.0
220.271706112	1.4252629E-4	0.0
220.273655808	-9.475326E-6	0.0
220.275605504	-5.0877345E-5	0.0
220.277571584	-6.147871E-5	0.0
220.27952128	-2.22433E-5	0.0
220.281470976	9.701974E-6	0.0
220.283437056	2.3187802E-5	0.0
220.285386752	3.1886804E-5	0.0
220.287336448	1.1478975E-4	0.0
220.289302528	4.5278757E-5	0.0
220.291252224	6.413067E-6	0.0
220.29320192	-5.5986686E-5	0.0
220.295168	-6.490446E-5	0.0
220.297117696	-4.7681337E-5	0.0
220.299067392	5.834204E-5	0.0
220.301017088	-1.0844447E-4	0.0
220.302983168	-1.4094185E-4	0.0
220.304932864	-1.7934186E-5	0.0
220.30688256	-6.297494E-5	0.0
220.30884864	2.5443684E-5	0.0
220.310798336	-9.635273E-5	0.0
220.312748032	-4.957334E-5	0.0
220.314714112	-1.9683125E-6	0.0
220.316663808	-1.784499E-5	0.0
220.318613504	9.920238E-6	0.0
220.320579584	-7.075568E-5	0.0
220.32252928	-8.412001E-5	0.0
220.324478976	-6.488203E-5	0.0
220.326428672	-7.421122E-5	0.0
220.328394752	-7.029229E-5	0.0
220.330344448	-3.105068E-5	0.0
220.332294144	-3.155804E-5	0.0
220.334260224	-7.266532E-5	0.0
220.33620992	-6.755992E-5	0.0
220.338159616	-9.111125E-5	0.0
220.340125696	-8.148785E-5	0.0
220.342075392	-9.742841E-5	0.0
220.344025088	-7.514695E-5	0.0
220.345991168	-3.7518206E-5	0.0
220.347940864	-3.8577913E-5	0.0
220.34989056	8.014679E-6	0.0
220.351840256	6.9476744E-5	0.0
220.353806336	1.9804118E-5	0.0
220.355756032	-3.23384E-5	0.0
220.357705728	1.975598E-5	0.0
220.359671808	1.0140804E-4	0.0
220.361621504	5.1679286E-5	0.0
220.3635712	2.0935617E-5	0.0
220.36553728	-4.633866E-5	5.814950441163091E-7
220.367486976	-3.3132434E-5	1.5624992784069036E-6
220.369436672	2.8016782E-5	3.926093540940201E-6
220.371402752	5.645553E-5	9.223234883393161E-6
220.373352448	2.339326E-5	2.025011053774506E-5
220.375302144	-1.2516239E-4	4.1526549466652796E-5
220.37725184	6.8977264E-5	7.94681254774332E-5
220.37921792	1.4362985E-4	1.4176081458572298E-4
220.381167616	2.4464043E-4	2.354662719881162E-4
220.383117312	4.1268763E-4	3.63898288924247E-4
220.385083392	5.9929484E-4	5.232861149124801E-4
220.387033088	6.479661E-4	7.011201814748347E-4
220.388982784	9.160401E-4	8.776600006967783E-4
220.390948864	0.0010185788	0.0010303399758413434
220.39289856	0.0010747715	0.0011389452265575528
220.394848256	0.0011915152	0.001189347472973168
220.396814336	0.001116225	0.0011751826386898756
220.398764032	0.0011083462	0.001098233857192099
220.400713728	0.0010008127	9.683571988716722E-4
220.402663424	8.6333376E-4	8.026617579162121E-4
220.404629504	6.3244073E-4	6.229712162166834E-4
220.4065792	4.5733186E-4	4.5124688767828047E-4
220.408528896	3.0562404E-4	3.0444530420936644E-4
220.410494976	1.6120536E-4	1.9121059449389577E-4
220.412444672	1.0630207E-4	1.118627842515707E-4
220.414394368	-3.7067926E-5	6.103870691731572E-5
220.416360448	-8.6015454E-5	3.111461774096824E-5
220.418310144	-1.7731494E-4	1.4841129086562432E-5
220.42025984	-6.1236075E-5	6.634356850554468E-6
220.42222592	-1.2998466E-4	2.7838434561999748E-6
220.424175616	-1.1467113E-4	1.098370830732165E-6
220.426125312	-1.5090239E-4	4.0830343550624093E-7
220.428075008	-1.17512645E-4	1.9634612158370146E-8
220.430041088	-1.6368274E-4	8.578012078430675E-9
220.431990784	-1.0574592E-4	3.5096288097946626E-9
220.43394048	-2.9248438E-5	1.344773292721868E-9
220.43590656	-4.7422174E-5	3.11921544149385E-10
220.437856256	-3.2351745E-5	0.0
220.439805952	-1.2031196E-4	0.0
220.441772032	-1.5065762E-4	0.0
220.443721728	-1.1391811E-4	0.0
220.445671424	-1.7658135E-4	0.0
220.447637504	-8.571819E-6	0.0
220.4495872	-6.440529E-5	0.0
220.451536896	-9.215057E-5	0.0
220.453486592	-4.4248795E-6	0.0
220.455452672	4.4053093E-5	0.0
220.457402368	7.9656464E-5	0.0
220.459352064	3.37616E-5	0.0
220.461318144	2.6588934E-5	0.0
220.46326784	6.777334E-5	0.0
220.465217536	-4.933405E-5	0.0
220.467183616	-9.219497E-5	0.0
220.469133312	-1.00435114E-4	0.0
220.471083008	-4.5351277E-5	0.0
220.473049088	-8.7645254E-5	0.0
220.474998784	-8.794203E-5	0.0
220.47694848	-9.424763E-5	0.0
220.478898176	-3.292867E-5	0.0
220.480864256	3.084367E-6	0.0
220.482813952	-4.133264E-5	0.0
220.484763648	-6.8257665E-5	0.0
220.486729728	-8.190355E-6	0.0
220.488679424	1.1580757E-5	0.0
220.49062912	-6.2336876E-5	0.0
220.4925952	-2.0187506E-5	0.0
220.494544896	-2.0952035E-5	0.0
220.496494592	-7.869216E-5	0.0
220.498460672	-9.00754E-5	0.0
220.500410368	-3.294392E-5	0.0
220.502360064	-4.8283633E-5	0.0
220.504326144	-2.4777872E-5	0.0
220.50627584	4.8961992E-5	0.0
220.508225536	1.2029771E-5	0.0
220.510175232	-5.919007E-5	0.0
220.512141312	-1.0068239E-6	0.0
220.514091008	4.271449E-5	0.0
220.516040704	7.4251664E-5	0.0
220.518006784	8.052799E-5	0.0
220.51995648	7.9003534E-5	0.0
220.521906176	-2.4500861E-5	0.0
220.523872256	6.5073777E-6	0.0
220.525821952	-7.853515E-6	0.0
220.527771648	-1.349244E-5	0.0
220.529737728	3.4509627E-5	0.0
220.531687424	-3.502983E-5	0.0
220.53363712	-6.8356494E-5	0.0
220.535586816	-6.43338E-5	0.0
220.537552896	-8.659263E-5	0.0
220.539502592	4.7903428E-5	0.0
220.541452288	3.1450596E-5	0.0
220.543418368	7.465704E-5	0.0
220.545368064	-3.2769924E-5	0.0
220.54731776	-8.9286164E-5	0.0
220.54928384	-1.1647169E-4	0.0
220.551233536	2.7727301E-5	0.0
220.553183232	4.9798073E-5	1.0635687885951484E-8
220.555149312	1.477042E-5	2.8487860959103273E-8
220.557099008	-6.5376575E-5	7.168048909989011E-8
220.559048704	2.6630829E-5	1.69428460594645E-7
220.5609984	-4.6869885E-5	3.76189518647152E-7
220.56296448	-8.61653E-6	7.846192602301016E-7
220.564914176	1.955544E-5	1.5371796280305716E-6
220.566863872	2.097284E-5	2.828666538334801E-6
220.568829952	-1.88842E-5	4.888812327408232E-6
220.570779648	-3.31387E-6	7.935443136375397E-6
220.572729344	-3.3388533E-5	1.2096725185983814E-5
220.574695424	-4.8595525E-6	1.7318036043434404E-5
220.57664512	1.9765075E-5	2.3286042051040567E-5
220.578594816	1.1768027E-4	2.9412070944090374E-5
220.580560896	1.4613708E-4	3.4903841878985986E-5
220.582510592	-7.719426E-6	3.892517270287499E-5
220.584460288	8.719453E-5	4.080120561411604E-5
220.586409984	5.2662137E-5	4.020102278445847E-5
220.588376064	7.762871E-5	3.7231533497106284E-5
220.59032576	3.4496312E-5	3.2406918762717396E-5
220.592275456	3.7823287E-5	2.6505173082114197E-5
220.594241536	3.6839752E-5	2.0365670934552327E-5
220.596191232	4.409816E-5	1.469817289034836E-5
220.598140928	1.1555771E-5	9.962692274712026E-6
220.600107008	3.5044293E-5	6.341875632642768E-6
220.602056704	-3.734984E-5	3.798211764660664E-6
220.6040064	-2.85216E-5	2.1450332496897317E-6
220.60597248	4.2997992E-5	1.1594497664191294E-6
220.607922176	4.1250132E-5	6.353583330565016E-7
220.609871872	-9.471273E-6	4.2118409737668117E-7
220.611821568	-4.0905237E-5	4.2998496496693406E-7
220.613787648	3.532203E-5	6.349831096486014E-7
220.615737344	1.459392E-5	1.058554857991112E-6
220.61768704	-3.9990926E-5	1.7517044170745066E-6
220.61965312	3.8349484E-5	2.807100599966361E-6
220.621602816	9.485645E-6	4.282375357433921E-6
220.623552512	5.467095E-7	6.219322585820919E-6
220.625518592	4.4862092E-5	8.598650310887024E-6
220.627468288	1.4865284E-5	1.1317620192130562E-5
220.629417984	4.075873E-5	1.4181600818119477E-5
220.631384064	4.48774E-5	1.6918334949878044E-5
220.63333376	-4.691982E-5	1.9216204236727208E-5
220.635283456	4.5885878E-5	2.0781213606824167E-5
220.637233152	-8.308032E-5	2.1398333046818152E-5
220.639199232	-1.2690446E-4	2.097969627357088E-5
220.641148928	-9.7008684E-5	1.9599970983108506E-5
220.643098624	-2.553794E-5	1.74425367731601E-5
220.645064704	5.0623064E-5	1.4808138985245023E-5
220.6470144	1.0561541E-5	1.2030199286527932E-5
220.648964096	-2.5557207E-5	9.426931683265138E-6
220.650930176	5.0018584E-6	7.264074611157412E-6
220.652879872	-4.1466454E-5	5.740545020671561E-6
220.654829568	7.075273E-5	4.993519723939244E-6
220.656795648	2.4820498E-5	5.112031885801116E-6
220.658745344	2.2355069E-5	6.1463715610443614E-6
220.66069504	2.5900817E-5	8.103481377474964E-6
220.662644736	3.3219032E-5	1.0927161383733619E-5
220.664610816	-5.3269123E-5	1.4469771485892124E-5
220.666560512	-1.1194105E-4	1.8471520888851956E-5
220.668510208	-6.25964E-5	2.2559112039743923E-5
220.670476288	-1.857005E-6	2.6315343347960152E-5
220.672425984	-9.677345E-5	2.9256032576086E-5
220.67437568	-2.4078878E-5	3.1029438105179E-5
220.67634176	5.5341654E-5	3.1459363526664674E-5
220.678291456	5.3658405E-5	3.059656955883838E-5
220.680241152	2.5329291E-5	2.8761543944710866E-5
220.682207232	2.78717E-5	2.6506599169806577E-5
220.684156928	-6.5427565E-5	2.4540850063203834E-5
220.686106624	-2.8801607E-5	2.3623828383279033E-5
220.68805632	4.178669E-5	2.4444245354970917E-5
220.6900224	7.063036E-5	2.7498448616825044E-5
220.691972096	9.1046524E-5	3.300542084616609E-5
220.693921792	9.5636824E-5	4.07660445489455E-5
220.695887872	2.8398188E-5	5.021306060370989E-5
220.697837568	3.6545687E-5	6.0411501181079075E-5
220.699787264	1.11404435E-4	7.019370241323486E-5
220.701753344	8.467044E-5	7.835880387574434E-5
220.70370304	8.8707464E-5	8.392492600250989E-5
220.705652736	6.0995466E-5	8.630623779026791E-5
220.707618816	1.09568624E-4	8.552084909752011E-5
220.709568512	1.3603328E-4	8.213893306674436E-5
220.711518208	1.4319224E-4	7.721340080024675E-5
220.713467904	6.458829E-5	7.201867265393957E-5
220.715433984	1.1440363E-4	6.779157411074266E-5
220.71738368	1.0400121E-6	6.546316581079736E-5
220.719333376	-1.1987001E-5	6.55387993901968E-5
220.721299456	5.532342E-5	6.808194302720949E-5
220.723249152	5.699692E-5	7.281865691766143E-5
220.725198848	1.05990235E-4	7.92917562648654E-5
220.727164928	1.3627799E-4	8.699660247657448E-5
220.729114624	3.5772835E-5	9.544110798742622E-5
220.73106432	6.802241E-5	1.0412444680696353E-4
220.7330304	1.5211807E-4	1.1246214853599668E-4
220.734980096	1.5402297E-4	1.1972530774073675E-4
220.736929792	1.7878652E-4	1.2504970072768629E-4
220.738879488	1.2935883E-4	1.2753953342325985E-4
220.740845568	3.2107208E-5	1.2644841626752168E-4
220.742795264	9.643094E-5	1.2136697478126734E-4
220.74474496	1.9662056E-4	1.1241139145568013E-4
220.74671104	1.5154897E-4	1.0017443855758756E-4
220.748660736	7.228404E-5	8.569927013013512E-5
220.750610432	6.623852E-5	7.026134699117392E-5
220.752576512	5.504999E-5	5.513076757779345E-5
220.754526208	3.6857185E-5	4.135945710004307E-5
220.756475904	9.0783746E-5	2.9644157621078193E-5
220.758441984	5.3345277E-5	2.028886774496641E-5
220.76039168	-5.0879928E-5	1.325470111623872E-5
220.762341376	-6.5540065E-5	8.263424206234049E-6
220.764291072	3.9658566E-6	4.909712515654974E-6
220.766257152	-3.3069547E-5	2.7869798486790387E-6
220.768206848	-2.016341E-6	1.5087908877831069E-6
220.770156544	-4.8704933E-5	7.789487881382229E-7
220.772122624	-7.926391E-6	3.834717290374101E-7
220.77407232	4.5530272E-5	1.7999671797497285E-7
220.776022016	9.464613E-5	7.032201665424509E-8
220.777988096	1.00487516E-4	3.0389855965040624E-8
220.779937792	4.0999228E-5	1.2503750035364192E-8
220.781887488	2.5829833E-5	0.0
220.783853568	2.220744E-5	0.0
220.785803264	2.9684374E-5	0.0
220.78775296	-7.657713E-5	0.0
220.789702656	-4.942497E-5	0.0
220.791668736	-3.9174047E-5	0.0
220.793618432	6.423123E-5	0.0
220.795568128	4.3088345E-5	0.0
220.797534208	-5.010514E-6	0.0
220.799483904	5.39995E-5	0.0
220.8014336	6.829372E-5	0.0
220.80339968	6.568473E-5	0.0
220.805349376	-1.5491923E-5	0.0
220.807299072	-4.812106E-6	0.0
220.809265152	-1.2685864E-5	0.0
220.811214848	-3.5033037E-5	0.0
220.813164544	-1.0142764E-5	0.0
220.815130624	-6.1533415E-6	0.0
220.81708032	6.465095E-5	0.0
220.819030016	4.2611755E-5	0.0
220.820979712	1.3858656E-5	0.0
220.822945792	-5.9567233E-6	0.0
220.824895488	7.777599E-6	0.0
220.826845184	3.1962605E-5	0.0
220.828811264	-1.9775185E-5	0.0
220.83076096	1.5359425E-5	0.0
220.832710656	3.2879085E-5	0.0
220.834676736	5.3723365E-5	0.0
220.836626432	1.8132467E-5	0.0
220.838576128	1.1294579E-5	0.0
220.840542208	8.898315E-6	0.0
220.842491904	-4.1085135E-5	0.0
220.8444416	-4.454863E-5	0.0
220.846391296	-6.114526E-5	0.0
220.848357376	4.8100344E-5	0.0
220.850307072	5.6816898E-5	0.0
220.852256768	9.6218246E-5	0.0
220.854222848	9.064467E-5	0.0
220.856172544	1.5053208E-5	0.0
220.85812224	2.0811998E-5	0.0
220.86008832	-1.3904478E-5	0.0
220.862038016	-6.5548265E-5	0.0
220.863987712	-9.106939E-7	0.0
220.865953792	-6.832665E-5	0.0
220.867903488	-3.129009E-5	0.0
220.869853184	-3.445887E-5	0.0
220.87180288	3.502178E-5	0.0
220.87376896	9.918055E-5	0.0
220.875718656	6.998826E-5	0.0
220.877668352	2.5033407E-5	0.0
220.879634432	-2.515783E-5	0.0
220.881584128	-7.783877E-5	0.0
220.883533824	-5.7025358E-5	0.0
220.885499904	-4.037146E-5	0.0
220.8874496	-4.2422166E-6	0.0
220.889399296	2.3663839E-5	0.0
220.891365376	-6.1263985E-5	0.0
220.893315072	7.296484E-5	0.0
220.895264768	3.9423998E-5	0.0
220.897214464	2.767308E-5	0.0
220.899180544	1.1605393E-5	0.0
220.90113024	3.7936326E-5	0.0
220.903079936	1.6092987E-5	0.0
220.905046016	-4.6654342E-5	0.0
220.906995712	-3.0687777E-5	0.0
220.908945408	-1.2397438E-5	0.0
220.910911488	-2.3798033E-5	0.0
220.912861184	-2.8235225E-5	0.0
220.91481088	2.707974E-5	0.0
220.91677696	4.4129243E-5	0.0
220.918726656	3.6975012E-5	0.0
220.920676352	-3.1147254E-5	0.0
220.922626048	1.2686954E-6	0.0
220.924592128	7.299948E-6	4.906313549879471E-11
220.926541824	1.7883352E-5	1.352474104932E-10
220.92849152	1.3680581E-4	3.4915270674673593E-10
220.9304576	-2.633837E-6	8.441465304542817E-10
220.932407296	1.881239E-5	1.9112968985268708E-9
220.934356992	1.897949E-5	4.05276301407298E-9
220.936323072	-6.107981E-5	8.047966737478873E-9
220.938272768	-1.01234065E-4	1.496704804537785E-8
220.940222464	1.0968514E-5	2.6067240810334624E-8
220.942188544	9.674191E-5	4.251734253557515E-8
220.94413824	7.4022224E-5	6.494578741467194E-8
220.946087936	7.358399E-5	9.295326464098252E-8
220.948037632	-3.43695E-6	1.2459625509109173E-7
220.950003712	-4.236286E-5	1.5649720808141865E-7
220.951953408	-7.943962E-5	1.8430381487632985E-7
220.953903104	-1.5076954E-4	2.0376457143811422E-7
220.955869184	-7.259048E-5	2.12027742918508E-7
220.95781888	-3.162757E-5	2.0870383821147698E-7
220.959768576	9.841093E-5	1.962469866612082E-7
220.961734656	5.818763E-5	1.7943514762919222E-7
220.963684352	1.4986153E-5	1.6406845304572926E-7
220.965634048	5.4113094E-5	1.552968882378991E-7
220.967600128	3.4108256E-5	1.5610513059982623E-7
220.969549824	5.016772E-5	1.6642296429836279E-7
220.97149952	4.4805936E-5	1.8312952931864857E-7
220.973449216	2.4460498E-5	2.0095448860502074E-7
220.975415296	4.4341134E-5	2.140107255854673E-7
220.977364992	-4.5917128E-5	2.1748498113538517E-7
220.979314688	-6.796347E-6	2.089518602588214E-7
220.981280768	-6.1620216E-5	1.8889006980771228E-7
220.983230464	2.850254E-5	1.6028043603455444E-7
220.98518016	3.0072201E-6	1.2751229405694176E-7
220.98714624	5.649303E-5	9.514733534388142E-8
220.989095936	2.2337184E-5	6.660809503955534E-8
220.991045632	-5.9125414E-5	4.4017944844654266E-8
220.993011712	-3.552765E-5	2.8002441254670885E-8
220.994961408	4.551131E-5	1.8318019101570826E-8
220.996911104	4.56326E-5	1.442704800069805E-8
220.9988608	-3.7936466E-6	1.600046140026734E-8
221.00082688	-6.776327E-5	2.314769176336995E-8
221.002776576	-8.211394E-5	3.6315647378160065E-8
221.004726272	1.4522514E-5	5.588608686935004E-8
221.006692352	3.4873046E-5	8.158827569104687E-8
221.008642048	3.1468422E-5	1.1193730387049072E-7
221.010591744	-1.260262E-5	1.4394485958746372E-7
221.012557824	-1.06528305E-5	1.7343531055757921E-7
221.01450752	4.684335E-5	1.9570745735109085E-7
221.016457216	-1.812045E-5	2.0682644219505164E-7
221.018423296	-6.0085596E-5	2.0470744743761315E-7
221.020372992	-4.234892E-5	1.8975360660533624E-7
221.022322688	-2.7452514E-5	1.6473094888169726E-7
221.024272384	3.179408E-5	1.339332129646209E-7
221.026238464	1.19230455E-4	1.0198350253176613E-7
221.02818816	5.3975156E-5	7.272763724586184E-8
221.030137856	1.4935876E-5	5.88037778470607E-8
221.032103936	-1.0500912E-4	5.5819814548385693E-8
221.034053632	-1.4972131E-4	7.785136801885528E-8
221.036003328	-7.5850585E-5	1.4438070650157897E-7
221.037969408	6.2712E-6	2.915317622864677E-7
221.039919104	-5.3760454E-5	5.814218866362353E-7
221.0418688	-1.8411554E-5	1.1120698673039442E-6
221.04383488	-3.6476893E-5	2.0244044662831584E-6
221.045784576	5.5850665E-5	3.500850425552926E-6
221.047734272	-5.3030294E-6	5.748542207584251E-6
221.049683968	-3.2240547E-5	8.961603271018248E-6
221.051650048	-2.3386927E-5	1.3263137589092366E-5
221.053599744	2.4590781E-5	1.8635088053997606E-5
221.05554944	5.8323123E-5	2.4857508833520114E-5
221.05751552	-5.3084754E-5	3.148166069877334E-5
221.059465216	-4.6591136E-5	3.785907392739318E-5
221.061414912	4.932406E-5	4.3236406781943515E-5
221.063380992	4.548883E-5	4.689717025030404E-5
221.065330688	3.3868862E-5	4.831747355638072E-5
221.067280384	6.830853E-5	4.7287998313549906E-5
221.069246464	9.759972E-5	4.39647410530597E-5
221.07119616	8.4978E-5	3.883180397679098E-5
221.073145856	4.5028828E-5	3.258801007177681E-5
221.075095552	1.02451035E-4	2.5993322196882218E-5
221.077061632	8.142241E-6	1.972034078789875E-5
221.079011328	-4.536393E-5	1.4250668755266815E-5
221.080961024	-4.4855624E-5	9.834444426815026E-6
221.082927104	1.3847116E-5	6.510123967018444E-6
221.0848768	-4.66692E-5	4.163513949606568E-6
221.086826496	-3.2583077E-5	2.5999277113442076E-6
221.088792576	-2.2823811E-5	1.6071763866420952E-6
221.090742272	-9.9822384E-5	9.977841273212107E-7
221.092691968	1.19825645E-5	6.284822120505851E-7
221.094658048	2.2189934E-5	4.0199512341132504E-7
221.096607744	1.5642343E-5	2.586957350558805E-7
221.09855744	4.8364243E-5	1.6492718657445948E-7
221.10052352	6.7595734E-5	1.0250068527284384E-7
221.102473216	2.3132578E-5	5.671464364809253E-8
221.104422912	-2.6084685E-5	3.3233007457056374E-8
221.106372608	-4.6144596E-5	1.8238528909364504E-8
221.108338688	-4.3174186E-5	9.374664600159122E-9
221.110288384	4.272903E-5	4.5130237324997324E-9
221.11223808	-3.4538134E-5	2.0348176477114066E-9
221.11420416	-7.130431E-5	8.592677680496763E-10
221.116153856	-3.9677252E-5	3.3984232095107814E-10
221.118103552	-1.0909606E-5	1.2588491360432386E-10
221.120069632	-2.087344E-5	0.0
221.122019328	-5.168138E-5	0.0
221.123969024	-1.1431436E-4	0.0
221.125935104	-2.1417092E-5	0.0
221.1278848	2.761886E-5	0.0
221.129834496	-3.362421E-5	0.0
221.131784192	8.85951E-7	0.0
221.133750272	1.5767082E-5	0.0
221.135699968	4.9636838E-5	0.0
221.137649664	4.8367925E-5	0.0
221.139615744	7.073655E-5	0.0
221.14156544	2.8678181E-5	0.0
221.143515136	-9.3713286E-5	0.0
221.145481216	-9.405805E-5	0.0
221.147430912	-2.3683146E-5	0.0
221.149380608	6.389357E-5	0.0
221.151346688	5.2372263E-5	0.0
221.153296384	8.207154E-5	0.0
221.15524608	-3.850105E-5	0.0
221.157195776	-5.4432585E-5	0.0
221.159161856	8.095748E-6	0.0
221.161111552	-2.0250589E-5	0.0
221.163061248	-1.029892E-4	0.0
221.165027328	-7.355079E-5	0.0
221.166977024	-8.7921755E-5	0.0
221.16892672	-8.806286E-5	0.0
221.1708928	3.81699E-5	0.0
221.172842496	6.2348495E-6	0.0
221.174792192	-1.8656994E-5	0.0
221.176758272	7.5583025E-6	0.0
221.178707968	2.7002572E-5	0.0
221.180657664	8.813454E-5	0.0
221.18260736	1.6744538E-6	0.0
221.18457344	-5.1440496E-5	0.0
221.186523136	-3.9090796E-6	0.0
221.188472832	-1.6314361E-5	0.0
221.190438912	4.549596E-5	0.0
221.192388608	5.8259997E-5	0.0
221.194338304	9.147968E-6	0.0
221.196304384	-3.073489E-5	0.0
221.19825408	-3.9729857E-5	0.0
221.200203776	-2.3716972E-5	0.0
221.202169856	6.450945E-5	0.0
221.204119552	1.051896E-4	0.0
221.206069248	-1.3750489E-5	0.0
221.208018944	7.182043E-5	0.0
221.209985024	1.0939054E-4	0.0
221.21193472	5.8428377E-5	0.0
221.213884416	5.5844044E-5	0.0
221.215850496	1.0305872E-4	0.0
221.217800192	7.367496E-5	0.0
221.219749888	-1.4247903E-5	0.0
221.221715968	-4.7148344E-5	0.0
221.223665664	6.3252424E-5	0.0
221.22561536	9.152297E-5	0.0
221.22758144	-5.157532E-6	0.0
221.229531136	-3.2229807E-5	0.0
221.231480832	1.2952872E-5	0.0
221.233430528	-3.4407632E-5	0.0
221.235396608	3.844311E-5	0.0
221.237346304	4.0093328E-5	0.0
221.239296	5.2885334E-5	0.0
221.24126208	9.381028E-5	0.0
221.243211776	7.7104814E-5	0.0
221.245161472	4.3180356E-5	0.0
221.247127552	3.2238036E-6	0.0
221.249077248	-4.5313252E-5	0.0
221.251026944	6.76212E-5	0.0
221.252993024	-2.4439314E-5	0.0
221.25494272	-1.1602816E-5	0.0
221.256892416	-3.4024968E-5	0.0
221.258842112	6.598305E-5	0.0
221.260808192	4.270474E-5	0.0
221.262757888	-3.1429467E-5	0.0
221.264707584	-4.070119E-5	0.0
221.266673664	3.5319586E-5	0.0
221.26862336	2.7937445E-5	0.0
221.270573056	-5.109115E-5	0.0
221.272539136	-5.668478E-5	0.0
221.274488832	-2.3575607E-5	0.0
221.276438528	-2.6688786E-5	0.0
221.278404608	-2.328323E-5	0.0
221.280354304	-1.3982122E-6	0.0
221.282304	1.6779662E-5	0.0
221.284253696	4.862612E-5	0.0
221.286219776	-2.5892185E-5	0.0
221.288169472	-1.4979748E-5	0.0
221.290119168	4.1214975E-5	0.0
221.292085248	2.5747077E-5	0.0
221.294034944	-6.481229E-5	0.0
221.29598464	-1.5804077E-5	0.0
221.29795072	5.758355E-5	0.0
221.299900416	1.9525594E-5	0.0
221.301850112	7.8174366E-5	0.0
221.303816192	5.633293E-5	0.0
221.305765888	1.4975995E-5	0.0
221.307715584	1.7493507E-5	0.0
221.30966528	-9.420138E-6	0.0
221.31163136	-4.3308944E-5	0.0
221.313581056	2.6961317E-5	0.0
221.315530752	4.3201297E-5	0.0
221.317496832	5.0834053E-5	0.0
221.319446528	1.2537728E-4	0.0
221.321396224	9.067034E-5	0.0
221.323362304	3.592534E-5	0.0
221.325312	-3.959026E-5	0.0
221.327261696	-9.973962E-6	0.0
221.329227776	6.24051E-6	0.0
221.331177472	-5.7884634E-5	0.0
221.333127168	-5.297592E-5	0.0
221.335076864	-1.6709046E-5	0.0
221.337042944	4.669412E-5	0.0
221.33899264	7.7065524E-5	0.0
221.340942336	1.1440385E-4	0.0
221.342908416	-1.0870855E-5	0.0
221.344858112	6.1076316E-5	0.0
221.346807808	-4.1242878E-5	0.0
221.348773888	-1.1376163E-5	0.0
221.350723584	1.3588965E-5	0.0
221.35267328	2.4638279E-5	0.0
221.35463936	5.3335832E-5	0.0
221.356589056	8.901882E-5	0.0
221.358538752	3.36483E-5	0.0
221.360488448	4.5158835E-5	0.0
221.362454528	8.023927E-6	0.0
221.364404224	3.0422549E-5	0.0
221.36635392	5.5795185E-6	0.0
221.36832	3.543654E-5	0.0
221.370269696	9.007415E-5	0.0
221.372219392	3.3489174E-5	0.0
221.374185472	-5.2142773E-6	0.0
221.376135168	-6.8298345E-5	0.0
221.378084864	-4.1253712E-5	0.0
221.380050944	-1.2585284E-6	0.0
221.38200064	5.3698146E-5	0.0
221.383950336	-1.8316065E-5	0.0
221.385916416	-5.710159E-5	0.0
221.387866112	6.519682E-5	0.0
221.389815808	4.191303E-5	0.0
221.391765504	-6.536584E-5	0.0
221.393731584	-1.1714022E-5	0.0
221.39568128	1.6363641E-6	0.0
221.397630976	-5.964097E-5	0.0
221.399597056	-4.9291834E-6	0.0
221.401546752	-4.821019E-5	0.0
221.403496448	3.5116864E-5	0.0
221.405462528	7.708402E-5	0.0
221.407412224	9.47951E-5	0.0
221.40936192	5.4521668E-5	0.0
221.411328	2.1265072E-5	0.0
221.413277696	-9.671871E-6	0.0
221.415227392	4.479572E-5	0.0
221.417177088	-1.5178975E-7	0.0
221.419143168	-6.0082953E-6	0.0
221.421092864	1.4622224E-5	0.0
221.42304256	4.9288203E-5	0.0
221.42500864	2.1579597E-5	0.0
221.426958336	-1.4174772E-5	0.0
221.428908032	-1.8331184E-5	0.0
221.430874112	-8.122897E-5	0.0
221.432823808	2.9870347E-5	0.0
221.434773504	2.7216645E-5	0.0
221.436739584	-1.1610565E-5	0.0
221.43868928	-7.685567E-5	0.0
221.440638976	-9.7529126E-5	0.0
221.442588672	8.265089E-6	0.0
221.444554752	8.658555E-5	0.0
221.446504448	2.4617489E-6	0.0
221.448454144	-4.251451E-5	0.0
221.450420224	-7.59715E-5	0.0
221.45236992	5.6271332E-5	0.0
221.454319616	6.130615E-5	0.0
221.456285696	1.1358964E-4	0.0
221.458235392	-4.33175E-5	0.0
221.460185088	-4.578817E-6	0.0
221.462151168	4.5688234E-5	0.0
221.464100864	2.1012349E-5	0.0
221.46605056	-1.0213345E-4	0.0
221.468000256	-2.8391258E-5	0.0
221.469966336	-6.211317E-5	0.0
221.471916032	-1.2553492E-4	0.0
221.473865728	-2.5344603E-5	0.0
221.475831808	-8.190168E-5	0.0
221.477781504	2.7128199E-5	0.0
221.4797312	8.065288E-5	0.0
221.48169728	2.3634168E-5	0.0
221.483646976	-1.2554075E-5	0.0
221.485596672	2.6358155E-5	0.0
221.487562752	-3.0029112E-5	0.0
221.489512448	-3.7215017E-5	0.0
221.491462144	-4.1056875E-5	0.0
221.49341184	4.4668573E-6	0.0
221.49537792	-4.2023057E-5	0.0
221.497327616	-1.696719E-5	0.0
221.499277312	1.7573106E-5	0.0
221.501243392	5.999559E-5	0.0
221.503193088	7.021141E-5	0.0
221.505142784	-1.1835843E-5	0.0
221.507108864	-4.571017E-5	0.0
221.50905856	1.5392647E-5	0.0
221.511008256	3.4022028E-6	0.0
221.512974336	-4.631438E-5	0.0
221.514924032	-6.405714E-5	0.0
221.516873728	-7.331671E-5	0.0
221.518823424	8.813856E-6	0.0
221.520789504	6.17516E-5	0.0
221.5227392	6.647467E-5	0.0
221.524688896	8.524229E-5	0.0
221.526654976	4.1509535E-5	0.0
221.528604672	-3.7644488E-5	0.0
221.530554368	2.000834E-5	0.0
221.532520448	7.904696E-5	0.0
221.534470144	9.488148E-5	0.0
221.53641984	-6.9399226E-5	0.0
221.53838592	-1.449988E-4	0.0
221.540335616	-6.321355E-5	0.0
221.542285312	-6.091145E-5	0.0
221.544235008	-1.2893214E-5	0.0
221.546201088	-4.0295046E-5	0.0
221.548150784	-3.746867E-5	0.0
221.55010048	1.25835295E-5	0.0
221.55206656	7.399661E-5	0.0
221.554016256	7.895765E-5	0.0
221.555965952	4.4741617E-5	0.0
221.557932032	7.3433715E-5	0.0
221.559881728	-2.053092E-6	0.0
221.561831424	5.6643818E-5	0.0
221.563797504	4.461193E-5	0.0
221.5657472	-2.0181504E-5	0.0
221.567696896	-2.4474799E-5	0.0
221.569646592	-2.7323026E-6	0.0
221.571612672	2.2306582E-5	0.0
221.573562368	-2.9919078E-5	0.0
221.575512064	1.1023477E-5	0.0
221.577478144	1.0528736E-4	0.0
221.57942784	2.7119744E-5	0.0
221.581377536	2.7545053E-5	0.0
221.583343616	9.31952E-6	0.0
221.585293312	9.4299256E-5	0.0
221.587243008	8.139185E-5	0.0
221.589209088	-6.447545E-6	0.0
221.591158784	7.781929E-6	0.0
221.59310848	-3.420533E-5	0.0
221.595058176	-9.496062E-5	0.0
221.597024256	-4.2115767E-5	0.0
221.598973952	1.0447643E-5	0.0
221.600923648	1.0723285E-5	0.0
221.602889728	6.0323124E-5	0.0
221.604839424	4.919371E-6	0.0
221.60678912	-5.142962E-5	0.0
221.6087552	3.324869E-5	0.0
221.610704896	-2.0051497E-5	0.0
221.612654592	-2.989595E-6	0.0
221.614620672	3.9922023E-5	0.0
221.616570368	-3.4942706E-5	0.0
221.618520064	-8.074871E-6	0.0
221.62046976	7.269258E-6	0.0
221.62243584	6.1766936E-5	0.0
221.624385536	-6.263337E-5	0.0
221.626335232	-4.528043E-5	0.0
221.628301312	5.0142822E-5	0.0
221.630251008	1.8648012E-5	0.0
221.632200704	-3.215208E-5	0.0
221.634166784	-3.4009892E-5	0.0
221.63611648	1.04399856E-4	0.0
221.638066176	4.2762178E-5	0.0
221.640032256	-1.1374023E-5	0.0
221.641981952	-4.5865883E-5	0.0
221.643931648	-9.880195E-5	0.0
221.645881344	-3.7538448E-5	0.0
221.647847424	1.06514395E-4	0.0
221.64979712	3.6613877E-5	0.0
221.651746816	1.363086E-5	0.0
221.653712896	-4.5461843E-6	0.0
221.655662592	-4.3788044E-5	0.0
221.657612288	-7.661481E-5	0.0
221.659578368	3.578596E-5	0.0
221.661528064	-1.5913638E-5	0.0
221.66347776	1.9819005E-5	0.0
221.66544384	4.850071E-5	0.0
221.667393536	-4.75462E-5	0.0
221.669343232	1.2614016E-5	0.0
221.671309312	5.5260934E-5	0.0
221.673259008	5.950695E-5	0.0
221.675208704	-1.8428485E-5	0.0
221.6771584	-2.129784E-5	0.0
221.67912448	-3.760963E-5	0.0
221.681074176	-5.118501E-5	0.0
221.683023872	-4.4414235E-5	0.0
221.684989952	-4.8940696E-5	0.0
221.686939648	-7.678813E-5	0.0
221.688889344	3.7606085E-5	0.0
221.690855424	2.108719E-5	0.0
221.69280512	4.874242E-5	0.0
221.694754816	2.6363263E-5	0.0
221.696720896	-2.3434657E-5	0.0
221.698670592	-6.1592014E-5	0.0
221.700620288	7.686964E-5	0.0
221.702569984	5.70826E-5	0.0
221.704536064	2.8473596E-5	0.0
221.70648576	-5.468377E-5	0.0
221.708435456	-1.2758933E-4	0.0
221.710401536	-4.387067E-5	0.0
221.712351232	-1.4732715E-5	0.0
221.714300928	-5.5691267E-5	0.0
221.716267008	-3.8487E-5	0.0
221.718216704	3.2235686E-5	0.0
221.7201664	-3.1265394E-5	0.0
221.72213248	-5.0910444E-6	0.0
221.724082176	5.2146737E-5	0.0
221.726031872	4.1614803E-5	0.0
221.727981568	4.636753E-5	0.0
221.729947648	2.601751E-5	0.0
221.731897344	7.165058E-5	0.0
221.73384704	5.6648582E-6	0.0
221.73581312	-2.8150911E-5	0.0
221.737762816	-4.3944958E-5	0.0
221.739712512	-1.6384062E-6	0.0
221.741678592	-9.036178E-6	0.0
221.743628288	-1.9241256E-6	0.0
221.745577984	-4.2562424E-5	0.0
221.747544064	-3.5453195E-5	0.0
221.74949376	-1.5103919E-5	0.0
221.751443456	7.61207E-5	0.0
221.753393152	6.681852E-5	0.0
221.755359232	1.6620363E-5	0.0
221.757308928	-5.6407695E-5	0.0
221.759258624	2.8472447E-5	0.0
221.761224704	5.6466517E-5	0.0
221.7631744	-2.3183113E-5	0.0
221.765124096	5.2931202E-5	0.0
221.767090176	2.0348316E-5	0.0
221.769039872	-1.804689E-5	0.0
221.770989568	2.78694E-5	0.0
221.772955648	2.697587E-5	0.0
221.774905344	-2.048585E-5	0.0
221.77685504	-4.1060353E-5	0.0
221.778804736	7.293402E-5	0.0
221.780770816	2.6992066E-5	0.0
221.782720512	4.1751737E-5	0.0
221.784670208	-3.0692086E-6	0.0
221.786636288	-3.714375E-6	0.0
221.788585984	-3.989537E-5	0.0
221.79053568	-5.543603E-5	0.0
221.79250176	1.02968326E-4	0.0
221.794451456	1.2997875E-4	0.0
221.796401152	7.836831E-5	0.0
221.798367232	6.957792E-5	0.0
221.800316928	2.7377735E-5	0.0
221.802266624	-6.8658475E-5	0.0
221.80421632	2.458825E-5	0.0
221.8061824	5.3143922E-5	0.0
221.808132096	-1.4255164E-5	0.0
221.810081792	1.4914998E-6	0.0
221.812047872	-3.8706712E-5	0.0
221.813997568	-3.360089E-5	0.0
221.815947264	-1.8970988E-5	0.0
221.817913344	-7.783528E-5	0.0
221.81986304	1.0569122E-5	0.0
221.821812736	-9.102688E-5	0.0
221.823778816	-5.762055E-6	0.0
221.825728512	5.6272706E-6	0.0
221.827678208	-6.7857823E-6	0.0
221.829627904	2.5536961E-5	0.0
221.831593984	1.1016405E-5	0.0
221.83354368	7.4928844E-6	0.0
221.835493376	5.9846694E-5	0.0
221.837459456	1.0439145E-5	0.0
221.839409152	-1.1776704E-5	0.0
221.841358848	-5.3007E-5	0.0
221.843324928	7.2942435E-6	0.0
221.845274624	8.650892E-5	0.0
221.84722432	-1.3938758E-6	0.0
221.8491904	-4.8619993E-5	0.0
221.851140096	-1.9861054E-7	0.0
221.853089792	2.6890144E-5	0.0
221.855039488	-3.47452E-5	0.0
221.857005568	-7.369973E-5	0.0
221.858955264	-1.1545925E-5	0.0
221.86090496	5.168892E-5	0.0
221.86287104	2.3954994E-5	0.0
221.864820736	6.0048806E-5	0.0
221.866770432	-1.2989497E-5	0.0
