234.319003648	6.50114E-5	0.0
234.320986112	5.8478814E-5	0.0
234.322952192	6.355036E-5	0.0
234.324918272	3.209967E-5	0.0
234.326900736	-1.1522016E-5	0.0
234.328866816	8.9139714E-5	0.0
234.33084928	7.343872E-5	0.0
234.33281536	3.6744743E-5	0.0
234.33478144	3.122286E-5	0.0
234.336763904	-1.9562176E-5	0.0
234.338729984	-1.05304236E-4	0.0
234.340712448	-5.953294E-5	0.0
234.342678528	2.1291264E-5	0.0
234.344644608	8.681807E-5	0.0
234.346627072	7.058096E-5	0.0
234.348593152	1.8222883E-5	0.0
234.350575616	-1.21583935E-5	0.0
234.352541696	-4.274689E-7	0.0
234.354507776	-2.4185669E-5	0.0
234.35649024	2.5844602E-5	0.0
234.35845632	2.9493538E-5	0.0
234.360438784	7.30658E-5	0.0
234.362404864	1.921883E-5	0.0
234.364370944	3.731467E-5	0.0
234.366353408	6.550451E-5	0.0
234.368319488	3.6693258E-5	0.0
234.370301952	6.244107E-5	0.0
234.372268032	3.4185454E-5	0.0
234.374234112	-5.8727446E-6	0.0
234.376216576	1.2488315E-4	0.0
234.378182656	1.1164262E-4	0.0
234.38016512	-6.347547E-5	0.0
234.3821312	6.5266076E-6	0.0
234.38409728	5.2814074E-5	0.0
234.386079744	2.0957123E-5	0.0
234.388045824	4.2764288E-5	0.0
234.390028288	3.2326185E-5	0.0
234.391994368	-8.636395E-5	0.0
234.393960448	2.7840062E-5	0.0
234.395942912	7.081152E-6	0.0
234.397908992	-1.3684248E-6	0.0
234.399891456	1.9995505E-6	0.0
234.401857536	4.762109E-5	0.0
234.403823616	2.9016977E-5	0.0
234.40580608	-2.4749454E-5	0.0
234.40777216	2.6668473E-5	0.0
234.409754624	6.985384E-5	0.0
234.411720704	2.3255612E-5	0.0
234.413686784	8.619086E-6	0.0
234.415669248	-7.579706E-6	0.0
234.417635328	4.4575492E-5	0.0
234.419617792	4.2152584E-5	0.0
234.421583872	3.0988558E-5	0.0
234.423549952	-2.6044625E-5	0.0
234.425532416	4.6786678E-7	0.0
234.427498496	1.864088E-5	0.0
234.42948096	-4.3976866E-5	0.0
234.43144704	-1.3089439E-6	0.0
234.43341312	5.1700183E-5	0.0
234.435395584	3.399222E-5	0.0
234.437361664	2.256981E-5	0.0
234.439344128	5.107531E-5	0.0
234.441310208	-1.4738652E-5	0.0
234.443276288	-2.6305053E-5	0.0
234.445258752	-7.939734E-7	0.0
234.447224832	-1.0156072E-5	0.0
234.449207296	-4.8321588E-5	0.0
234.451173376	-6.368815E-5	0.0
234.453139456	7.639819E-5	0.0
234.45512192	9.585247E-5	0.0
234.457088	5.188649E-5	0.0
234.459070464	-3.0039824E-5	0.0
234.461036544	-6.368937E-5	0.0
234.463002624	1.8136416E-5	0.0
234.464985088	5.379173E-5	0.0
234.466951168	7.764917E-5	0.0
234.468933632	8.773441E-5	0.0
234.470899712	3.757065E-5	0.0
234.472865792	-2.0202198E-5	0.0
234.474848256	1.598816E-5	0.0
234.476814336	1.6920327E-5	0.0
234.4787968	2.2654502E-5	0.0
234.48076288	-1.4063137E-5	0.0
234.48272896	1.3363774E-5	0.0
234.484711424	5.7084406E-5	0.0
234.486677504	5.7728503E-5	0.0
234.488659968	1.0671728E-5	0.0
234.490626048	-3.744675E-5	0.0
234.492592128	-3.230539E-5	0.0
234.494574592	-6.0661905E-6	0.0
234.496540672	-3.1258305E-6	0.0
234.498523136	-4.8006395E-6	0.0
234.500489216	-2.2096312E-5	0.0
234.502455296	-8.414324E-6	0.0
234.50443776	-8.570371E-6	0.0
234.50640384	-1.6024633E-6	0.0
234.508386304	9.848941E-5	0.0
234.510352384	1.1814248E-4	0.0
234.512318464	6.9861395E-5	0.0
234.514300928	5.4637807E-5	0.0
234.516267008	4.237808E-5	0.0
234.518249472	3.8804785E-5	0.0
234.520215552	-2.2429733E-5	0.0
234.522181632	-6.2307736E-5	0.0
234.524164096	-4.494671E-6	0.0
234.526130176	-1.570158E-6	0.0
234.52811264	-2.9265699E-5	0.0
234.53007872	-1.5487407E-5	0.0
234.532061184	3.4743258E-5	0.0
234.534027264	4.024317E-5	0.0
234.535993344	2.913134E-5	0.0
234.537975808	3.1613738E-5	0.0
234.539941888	6.509746E-5	0.0
234.541924352	4.8844006E-5	0.0
234.543890432	-9.858871E-6	0.0
234.545856512	-3.0354486E-6	0.0
234.547838976	1.8898638E-5	0.0
234.549805056	8.2979395E-6	0.0
234.55178752	-1.3647775E-5	0.0
234.5537536	-4.9706618E-5	0.0
234.55571968	1.8151777E-6	0.0
234.557702144	3.763494E-5	0.0
234.559668224	5.3587668E-5	0.0
234.561650688	5.4356417E-5	0.0
234.563616768	1.346395E-6	0.0
234.565582848	1.8177649E-5	0.0
234.567565312	2.3038847E-5	0.0
234.569531392	-3.3436714E-5	0.0
234.571513856	-2.2457934E-5	0.0
234.573479936	-1.3035612E-5	0.0
234.575446016	2.909857E-5	0.0
234.57742848	5.193594E-5	0.0
234.57939456	3.2673437E-5	0.0
234.581377024	1.12786665E-5	0.0
234.583343104	-2.6115726E-5	0.0
234.585309184	8.786447E-5	0.0
234.587291648	1.3091323E-4	0.0
234.589257728	1.5893242E-4	0.0
234.591240192	9.965772E-5	0.0
234.593206272	3.673019E-5	0.0
234.595172352	5.163013E-5	0.0
234.597154816	2.3385343E-5	0.0
234.599120896	-3.168887E-5	0.0
234.60110336	-4.4117514E-5	0.0
234.60306944	-3.2182352E-6	0.0
234.60503552	2.59702E-5	0.0
234.607017984	4.7730653E-5	0.0
234.608984064	9.767181E-5	0.0
234.610966528	5.609652E-5	0.0
234.612932608	-2.2065993E-5	0.0
234.614898688	-2.8135197E-5	0.0
234.616881152	8.222041E-5	0.0
234.618847232	5.8947226E-5	0.0
234.620829696	-2.0113323E-5	0.0
234.622795776	2.0584172E-5	0.0
234.624761856	7.850228E-6	0.0
234.62674432	2.0221714E-6	0.0
234.6287104	2.0003346E-5	0.0
234.630692864	-4.651177E-6	0.0
234.632658944	2.6293412E-5	0.0
234.634625024	2.1780499E-5	0.0
234.636607488	-1.8442079E-5	0.0
234.638573568	-1.1268886E-5	0.0
234.640556032	-2.5651781E-5	0.0
234.642522112	1.0710851E-5	0.0
234.644488192	5.6431563E-5	0.0
234.646470656	4.212543E-5	0.0
234.648436736	3.4403136E-5	0.0
234.6504192	-6.5200356E-6	0.0
234.65238528	4.471263E-5	0.0
234.65435136	6.871147E-5	0.0
234.656333824	1.3478357E-6	0.0
234.658299904	1.2875019E-5	0.0
234.660282368	6.659308E-5	0.0
234.662248448	1.7623053E-5	0.0
234.664214528	-8.035046E-5	0.0
234.666196992	-4.0209714E-5	0.0
234.668163072	5.707697E-5	0.0
234.670145536	7.272905E-5	0.0
234.672111616	4.043812E-5	0.0
234.674077696	5.3942138E-5	0.0
234.67606016	1.1853985E-4	0.0
234.67802624	6.678313E-5	0.0
234.680008704	-1.2818105E-5	0.0
234.681974784	-9.2170285E-7	0.0
234.683940864	1.7525992E-5	0.0
234.685923328	-3.6452526E-5	0.0
234.687889408	-3.5455514E-6	0.0
234.689871872	-3.9042076E-5	0.0
234.691837952	-6.518656E-5	0.0
234.693804032	-3.5074254E-6	0.0
234.695786496	3.297283E-6	0.0
234.697752576	6.136676E-5	0.0
234.69973504	5.201101E-5	0.0
234.70170112	5.7039906E-5	0.0
234.7036672	5.3163596E-5	0.0
234.705649664	-5.0916924E-6	0.0
234.707615744	-4.805168E-5	0.0
234.709598208	-6.58117E-5	0.0
234.711564288	-5.0649094E-5	0.0
234.713530368	-5.6393816E-5	0.0
234.715512832	1.5490004E-5	0.0
234.717478912	5.0399532E-5	0.0
234.719461376	-3.8406397E-5	0.0
234.721427456	-5.2554882E-5	0.0
234.723393536	6.2486806E-6	0.0
234.725376	3.0262374E-5	0.0
234.72734208	4.0487803E-6	0.0
234.729324544	-4.499943E-5	0.0
234.731290624	-5.4701646E-5	0.0
234.733256704	4.19152E-6	0.0
234.735239168	3.105538E-5	0.0
234.737205248	-1.0720526E-5	0.0
234.739187712	-1.3854485E-5	0.0
234.741153792	-9.6752765E-6	0.0
234.743119872	2.6607968E-6	0.0
234.745102336	5.3613934E-5	0.0
234.747068416	7.045967E-5	0.0
234.74905088	4.1721876E-5	0.0
234.75101696	2.7456299E-5	0.0
234.75298304	7.947486E-6	0.0
234.754965504	-3.1854222E-5	0.0
234.756931584	-5.9908674E-5	0.0
234.758914048	-2.288146E-5	0.0
234.760880128	-1.6002014E-5	0.0
234.762846208	2.8318747E-5	0.0
234.764828672	5.784182E-5	0.0
234.766794752	6.65718E-5	0.0
234.768777216	2.4750123E-5	0.0
234.770743296	2.656092E-5	0.0
234.772709376	4.5382963E-5	0.0
234.77469184	1.4923572E-5	0.0
234.77665792	-2.1311454E-5	0.0
234.778640384	-3.2105032E-5	0.0
234.780606464	-1.765506E-5	0.0
234.782572544	6.4183196E-6	0.0
234.784555008	-2.3155124E-5	0.0
234.786521088	-3.3778764E-5	0.0
234.788503552	-5.6506606E-6	0.0
234.790469632	4.862737E-5	0.0
234.792435712	6.343373E-5	0.0
234.794418176	2.0049483E-5	0.0
234.796384256	-5.8546057E-6	0.0
234.79836672	6.3505295E-6	0.0
234.8003328	-2.0977503E-5	0.0
234.80229888	-5.9934144E-5	0.0
234.804281344	-4.4518634E-5	0.0
234.806247424	9.288798E-5	0.0
234.808229888	7.771387E-5	0.0
234.810195968	-2.4079214E-5	0.0
234.812162048	-2.9559997E-5	0.0
234.814144512	5.0720984E-5	0.0
234.816110592	-3.408909E-5	0.0
234.818093056	-3.1511365E-5	0.0
234.820059136	4.5878514E-5	0.0
234.822025216	2.2555738E-5	0.0
234.82400768	9.165372E-6	0.0
234.82597376	4.665406E-5	0.0
234.827956224	1.4142628E-4	0.0
234.829922304	6.021391E-5	0.0
234.831888384	6.63637E-5	0.0
234.833870848	1.3810792E-4	0.0
234.835836928	9.17989E-5	0.0
234.837819392	8.177384E-6	0.0
234.839785472	4.946981E-5	0.0
234.841767936	-2.0665328E-5	0.0
234.843734016	-2.2201557E-6	0.0
234.845700096	-6.906651E-6	0.0
234.84768256	-3.7393373E-5	0.0
234.84964864	6.7804804E-6	0.0
234.851631104	4.2747524E-5	0.0
234.853597184	3.1016543E-6	0.0
234.855563264	-4.6758787E-6	0.0
234.857545728	-1.6996812E-5	0.0
234.859511808	3.9653758E-5	0.0
234.861494272	6.794319E-5	0.0
234.863460352	6.276991E-5	0.0
234.865426432	2.2570246E-5	0.0
234.867408896	4.991063E-5	0.0
234.869374976	3.5166326E-5	0.0
234.87135744	1.786711E-5	0.0
234.87332352	1.63984E-5	0.0
234.8752896	9.037002E-6	0.0
234.877272064	2.2657441E-5	0.0
234.879238144	-2.721043E-5	0.0
234.881220608	-2.3137225E-5	0.0
234.883186688	2.1307067E-5	0.0
234.885152768	3.133082E-5	0.0
234.887135232	-7.3056135E-6	0.0
234.889101312	3.5863786E-6	0.0
234.891083776	-3.1733987E-5	0.0
234.893049856	-5.9506992E-6	0.0
234.895015936	8.6747E-5	0.0
234.8969984	6.839765E-5	0.0
234.89896448	4.808438E-5	0.0
234.900946944	1.1949364E-5	0.0
234.902913024	9.134704E-6	0.0
234.904879104	-4.936016E-6	0.0
234.906861568	-4.0323785E-6	0.0
234.908827648	-2.4539397E-5	0.0
234.910810112	-8.3838946E-5	0.0
234.912776192	-5.561652E-5	0.0
234.914742272	-5.4922737E-5	0.0
234.916724736	-3.5717065E-5	0.0
234.918690816	2.9272567E-5	0.0
234.92067328	2.0086343E-5	0.0
234.92263936	-2.8632792E-5	0.0
234.92460544	-3.5111378E-5	0.0
234.926587904	-2.7492933E-5	0.0
234.928553984	1.7240942E-5	0.0
234.930536448	6.5416265E-5	0.0
234.932502528	4.3318207E-5	0.0
234.934468608	6.265053E-5	0.0
234.936451072	1.0748415E-4	0.0
234.938417152	9.2070775E-5	0.0
234.940399616	4.9388567E-5	0.0
234.942365696	-2.4477638E-5	0.0
234.944331776	-7.001351E-5	0.0
234.94631424	-4.445355E-5	0.0
234.94828032	-1.0529656E-5	0.0
234.950262784	1.4651058E-5	0.0
234.952228864	4.7477815E-6	0.0
234.954194944	2.165748E-6	0.0
234.956177408	1.0587494E-5	0.0
234.958143488	4.964423E-6	0.0
234.960125952	1.6041951E-5	0.0
234.962092032	2.6020258E-5	0.0
234.964058112	-8.960814E-6	0.0
234.966040576	-2.4509194E-5	0.0
234.968006656	1.7023522E-5	0.0
234.96998912	-1.22394185E-5	0.0
234.9719552	-5.4399963E-5	0.0
234.97392128	-3.9539533E-5	0.0
234.975903744	-5.2652285E-5	0.0
234.977869824	2.1161955E-5	0.0
234.979852288	9.5250136E-5	0.0
234.981818368	4.7197473E-6	0.0
234.983784448	-3.8046936E-5	0.0
234.985766912	-3.857496E-5	0.0
234.987732992	-1.634413E-5	0.0
234.989715456	6.2735264E-5	0.0
234.991681536	8.515923E-5	0.0
234.993647616	-2.9559487E-5	0.0
234.99563008	-5.0751918E-5	0.0
234.99759616	3.5737343E-5	0.0
234.999578624	7.427733E-5	0.0
235.001544704	8.6588254E-5	0.0
235.003510784	3.492712E-5	0.0
235.005493248	7.373392E-7	0.0
235.007459328	-9.9911695E-6	0.0
235.009441792	-2.1142776E-5	0.0
235.011407872	3.6728765E-5	0.0
235.013373952	-3.3984606E-6	0.0
235.015356416	-1.5929754E-6	0.0
235.017322496	3.28736E-5	0.0
235.01930496	-2.0966414E-5	0.0
235.02127104	1.1025994E-5	0.0
235.02323712	-7.408327E-5	0.0
235.025219584	-7.1584545E-5	0.0
235.027185664	2.1147913E-5	0.0
235.029168128	5.967856E-5	0.0
235.031134208	5.710165E-5	0.0
235.033100288	6.37719E-5	0.0
235.035082752	3.6733363E-5	0.0
235.037048832	-3.0388845E-5	0.0
235.039031296	1.9095032E-6	0.0
235.040997376	-7.069203E-6	0.0
235.042963456	-4.8169208E-5	0.0
235.04494592	-2.4254165E-5	0.0
235.046912	4.1351486E-5	0.0
235.048894464	5.6427765E-5	0.0
235.050860544	-5.374762E-5	0.0
235.052826624	-5.1966643E-5	0.0
235.054809088	1.3301652E-5	0.0
235.056775168	4.5937275E-5	0.0
235.058757632	-6.38442E-5	0.0
235.060723712	-3.6131612E-5	0.0
235.062689792	-4.9710425E-6	0.0
235.064672256	-3.921058E-5	0.0
235.066638336	-5.8754435E-5	0.0
235.0686208	2.8838804E-5	0.0
235.07058688	5.5697026E-5	0.0
235.07255296	5.5524382E-5	0.0
235.074535424	-8.5055135E-6	0.0
235.076501504	4.443137E-6	0.0
235.078483968	-2.8555696E-5	0.0
235.080450048	-1.4865479E-5	0.0
235.082416128	-7.2690884E-5	0.0
235.084398592	-2.9860712E-5	0.0
235.086364672	-3.583305E-5	0.0
235.088347136	-2.2065788E-6	0.0
235.090313216	1.8823172E-5	0.0
235.092279296	3.3004013E-5	0.0
235.09426176	-1.6007063E-5	0.0
235.09622784	-2.9767732E-5	0.0
235.098210304	-9.1698885E-6	0.0
235.100176384	1.6391823E-5	0.0
235.102142464	-2.6510694E-5	1.0230415625755995E-8
235.104124928	-7.1427703E-6	2.121322317805152E-8
235.106091008	1.4846316E-5	4.2514795239867453E-8
235.108073472	9.286218E-6	8.235612369844603E-8
235.110039552	1.395317E-5	1.5419625754020672E-7
235.112005632	2.9410767E-5	2.790440305489028E-7
235.113988096	4.3204585E-5	4.880787400907138E-7
235.115954176	5.6367273E-5	8.251308827311732E-7
235.11793664	4.052092E-5	1.3482415397447767E-6
235.11990272	3.7429076E-5	2.1292182736942777E-6
235.1218688	2.777337E-5	3.2499308417754946E-6
235.123851264	7.717638E-6	4.794290816789726E-6
235.125817344	4.342234E-6	6.835437488916796E-6
235.127799808	-1.9785284E-6	9.418820809514727E-6
235.129765888	-3.5042205E-5	1.2543403499876149E-5
235.131731968	-1.5499587E-5	1.6144576875376515E-5
235.133714432	-6.767068E-7	2.0083514755242504E-5
235.135680512	-3.879147E-6	2.4147342628566548E-5
235.137662976	2.1940687E-5	2.8062830097042024E-5
235.139629056	4.351959E-5	3.152445060550235E-5
235.141595136	4.3783184E-5	3.42323946824763E-5
235.1435776	1.7932369E-5	3.593499059206806E-5
235.14554368	2.0857777E-5	3.6466943129198626E-5
235.147526144	8.650422E-5	3.577554161893204E-5
235.149492224	9.418582E-5	3.392919825273566E-5
235.151474688	1.083341E-4	3.110638135694899E-5
235.153440768	4.7184927E-5	2.7567455617827363E-5
235.155406848	-2.7593225E-5	2.361538827244658E-5
235.157389312	-7.519849E-5	1.955350126081612E-5
235.159355392	-8.233605E-5	1.564829290146008E-5
235.161337856	-3.9991273E-6	1.2103476365155075E-5
235.163303936	6.14737E-5	9.047841558640357E-6
235.165270016	3.0121177E-5	6.5368458308512345E-6
235.16725248	-1.8388404E-5	4.564361461234512E-6
235.16921856	8.387397E-6	3.080235501329298E-6
235.171201024	1.822119E-6	2.0090224097657483E-6
235.173167104	1.0062425E-5	1.2664473842960433E-6
235.175133184	2.5275636E-5	7.716112122579943E-7
235.177115648	-4.6440706E-5	4.5438335405378893E-7
235.179081728	-3.500784E-5	2.5862007646537677E-7
235.181064192	4.935357E-5	1.4227258304799761E-7
235.183030272	8.208042E-5	7.564865001086218E-8
235.184996352	6.974214E-5	3.887793909029824E-8
235.186978816	-7.709975E-6	1.93120275326919E-8
235.188944896	-3.5758203E-5	9.272024037443316E-9
235.19092736	3.5863988E-5	0.0
235.19289344	3.0737843E-5	0.0
235.19485952	5.2541545E-5	0.0
235.196841984	4.8588663E-5	0.0
235.198808064	-5.91292E-5	0.0
235.200790528	-9.886742E-5	0.0
235.202756608	-9.926108E-5	0.0
235.204722688	-2.2794637E-5	0.0
235.206705152	-2.6126087E-5	0.0
235.208671232	1.4961385E-5	0.0
235.210653696	1.9589555E-5	0.0
235.212619776	4.629416E-5	0.0
235.214585856	8.232882E-5	0.0
235.21656832	-1.1275005E-5	0.0
235.2185344	-1.2129079E-5	0.0
235.220516864	-9.214308E-6	0.0
235.222482944	-2.2547036E-5	0.0
235.224449024	2.275184E-5	0.0
235.226431488	3.0111456E-5	0.0
235.228397568	-5.1991257E-5	0.0
235.230380032	1.6260761E-5	0.0
235.232346112	6.6007146E-5	0.0
235.234312192	9.169008E-5	1.6288699989513988E-12
235.236294656	8.970577E-5	4.100675528306841E-12
235.238260736	5.017434E-5	9.732610550816645E-12
235.2402432	3.3692202E-5	2.1777996073168993E-11
235.24220928	-6.6836044E-5	4.5942655929609444E-11
235.24417536	-3.5984216E-5	9.13735268004423E-11
235.246157824	-2.0016814E-5	1.7133192087293025E-10
235.248123904	-1.139694E-4	3.028766404344907E-10
235.250106368	-1.0789657E-4	5.047780526901136E-10
235.252072448	-2.1591106E-5	7.931358902979468E-10
235.254038528	8.05892E-5	1.174909391998824E-9
235.256020992	7.91712E-5	1.6408517877763984E-9
235.257987072	2.2097352E-5	2.160457590605347E-9
235.259969536	9.642326E-7	2.681833866091665E-9
235.261935616	3.3737897E-6	3.1385347654122597E-9
235.263901696	3.307977E-5	3.462842235180119E-9
235.26588416	-5.6119374E-5	3.602036890981708E-9
235.26785024	1.7827282E-5	3.5324301261852042E-9
235.269832704	-4.106091E-6	3.2659441817628476E-9
235.271798784	4.084687E-5	2.8467803669940395E-9
235.273764864	-6.344132E-5	2.3394253201303172E-9
235.275747328	-5.4302745E-5	1.8124818312870161E-9
235.277713408	1.402027E-6	1.3238803386883546E-9
235.279695872	8.3444924E-5	9.116616905835428E-10
235.281661952	1.0748137E-4	5.91871662791732E-10
235.283628032	9.153011E-5	3.622699362715309E-10
235.285610496	1.2270786E-4	2.0904851461001073E-10
235.287576576	7.942158E-5	1.1372871394632611E-10
235.28955904	4.885473E-5	5.833170058089365E-11
235.29152512	9.633558E-6	2.8206511779038657E-11
235.2934912	2.4325425E-5	1.2858838993601296E-11
235.295473664	1.05820865E-4	5.526701492286623E-12
235.297439744	1.5934116E-4	2.239446041801818E-12
235.299422208	4.5826855E-5	8.555046861896676E-13
235.301388288	-1.2474745E-5	0.0
235.303354368	8.1457394E-5	0.0
235.305336832	1.0116635E-4	0.0
235.307302912	4.4465698E-5	0.0
235.309285376	-2.8693794E-5	0.0
235.311251456	1.4941268E-7	0.0
235.313217536	6.1039194E-5	0.0
235.3152	7.436978E-5	0.0
235.31716608	3.2996695E-6	0.0
235.319148544	-4.5660443E-5	0.0
235.321114624	-2.1716614E-6	0.0
235.323080704	-4.495707E-5	0.0
235.325063168	2.1305845E-5	0.0
235.327029248	3.592886E-5	0.0
235.329011712	3.7241953E-5	0.0
235.330977792	4.0331106E-5	0.0
235.332943872	1.5524252E-5	0.0
235.334926336	1.8067032E-5	0.0
235.336892416	2.9074268E-5	0.0
235.33887488	3.9757644E-5	0.0
235.34084096	1.9903135E-5	0.0
235.34280704	6.022319E-7	0.0
235.344789504	-2.847008E-5	0.0
235.346755584	-2.3332293E-5	0.0
235.348738048	5.2030235E-5	0.0
235.350704128	7.097127E-5	0.0
235.352670208	1.2070298E-5	0.0
235.354652672	-4.8219743E-5	0.0
235.356618752	-3.0363277E-5	0.0
235.358601216	4.1570653E-5	0.0
235.360567296	8.020727E-5	0.0
235.362533376	5.103807E-5	0.0
235.36451584	6.0311657E-5	0.0
235.36648192	4.5717352E-5	0.0
235.368464384	-3.9397046E-6	0.0
235.370430464	3.1205847E-5	0.0
235.372396544	7.606077E-5	0.0
235.374379008	1.0991863E-4	0.0
235.376345088	7.5714524E-5	0.0
235.378327552	-1.72308E-5	0.0
235.380293632	-3.4528115E-5	0.0
235.382259712	-4.2341577E-5	0.0
235.384242176	-4.6308694E-5	0.0
235.386208256	-5.4978118E-5	0.0
235.38819072	-5.11238E-5	0.0
235.3901568	-2.2910579E-5	0.0
235.39212288	2.0930172E-5	0.0
235.394105344	9.342266E-5	0.0
235.396071424	1.2692089E-4	0.0
235.398053888	9.68279E-5	0.0
235.400019968	6.489494E-5	0.0
235.401986048	3.6435005E-5	0.0
235.403968512	-7.089787E-6	0.0
235.405934592	-4.0357583E-5	0.0
235.407917056	-2.5803587E-5	0.0
235.409883136	1.2679434E-5	0.0
235.411849216	6.989139E-5	0.0
235.41383168	6.7210996E-5	0.0
235.41579776	5.134337E-5	0.0
235.417780224	3.5052486E-5	0.0
235.419746304	2.7007402E-5	0.0
235.421712384	-4.790184E-6	0.0
235.423694848	2.7542475E-5	0.0
235.425660928	5.6454715E-5	0.0
235.427643392	3.0208153E-5	0.0
235.429609472	-7.728958E-6	0.0
235.431575552	2.575745E-5	0.0
235.433558016	3.0612E-5	0.0
235.435524096	3.2664968E-5	0.0
235.43750656	8.537234E-5	0.0
235.43947264	-9.997594E-6	0.0
235.44143872	-1.3500706E-5	0.0
235.443421184	-1.1740368E-5	0.0
235.445387264	-5.4950964E-5	0.0
235.447369728	1.1592501E-6	0.0
235.449335808	6.608673E-5	0.0
235.451301888	-4.8513602E-6	0.0
235.453284352	-2.8157505E-5	0.0
235.455250432	-4.461865E-5	0.0
235.457232896	3.819947E-5	0.0
235.459198976	3.9789484E-5	0.0
235.46118144	3.0027506E-5	0.0
235.46314752	5.2531914E-6	0.0
235.4651136	-2.6712085E-5	0.0
235.467096064	-1.646622E-5	0.0
235.469062144	-1.0501328E-4	0.0
235.471044608	-4.7690773E-5	0.0
235.473010688	-9.110617E-5	0.0
235.474976768	-3.131297E-5	0.0
235.476959232	-1.8967708E-5	0.0
235.478925312	-9.505136E-5	0.0
235.480907776	-1.2299271E-5	0.0
235.482873856	-8.983823E-5	0.0
235.484839936	-5.0817896E-5	0.0
235.4868224	8.921787E-6	0.0
235.48878848	-2.979971E-5	0.0
235.490770944	-3.0055708E-5	0.0
235.492737024	1.0424898E-5	0.0
235.494703104	4.9815942E-5	0.0
235.496685568	5.1981355E-5	0.0
235.498651648	-3.9794068E-5	0.0
235.500634112	-1.9307035E-6	0.0
235.502600192	6.016595E-5	0.0
235.504566272	1.2691278E-4	0.0
235.506548736	7.17295E-5	0.0
235.508514816	-2.4529108E-5	0.0
235.51049728	-1.9876228E-5	0.0
235.51246336	1.2357153E-5	0.0
235.51442944	-3.0490592E-5	0.0
235.516411904	-9.0456797E-7	0.0
235.518377984	6.391024E-5	0.0
235.520360448	5.4325712E-5	0.0
235.522326528	5.5474367E-5	0.0
235.524292608	4.8930036E-5	0.0
235.526275072	-2.1995502E-6	0.0
235.528241152	-2.1303851E-5	0.0
235.530223616	-5.0290855E-5	0.0
235.532189696	-4.3252403E-5	0.0
235.534155776	-2.7708345E-5	0.0
235.53613824	-2.5760171E-5	0.0
235.53810432	-2.9259943E-5	0.0
235.540086784	-1.713881E-5	0.0
235.542052864	1.303063E-5	0.0
235.544018944	6.798987E-5	0.0
235.546001408	3.5201614E-5	0.0
235.547967488	2.3369583E-5	0.0
235.549949952	6.578798E-6	0.0
235.551916032	4.724523E-5	0.0
235.553882112	9.5944044E-5	0.0
235.555864576	1.1447921E-4	0.0
235.557830656	5.3242133E-5	0.0
235.55981312	2.5583919E-5	0.0
235.5617792	1.6662641E-5	0.0
235.56374528	3.4377903E-5	0.0
235.565727744	7.335259E-5	0.0
235.567693824	4.975091E-5	0.0
235.569676288	6.401761E-5	0.0
235.571642368	4.715348E-5	0.0
235.573608448	3.7031037E-5	0.0
235.575590912	1.7507213E-5	0.0
235.577556992	-2.8704053E-5	0.0
235.579539456	-4.173606E-5	0.0
235.581505536	-6.4374244E-6	0.0
235.583471616	3.312993E-5	0.0
235.58545408	-5.43479E-6	0.0
235.58742016	-6.770421E-5	0.0
235.589402624	-5.9960414E-5	0.0
235.591368704	2.8916775E-6	0.0
235.593334784	4.7639776E-5	0.0
235.595317248	5.9827516E-6	0.0
235.597283328	-2.8960756E-5	0.0
235.599265792	-1.8916988E-5	0.0
235.601231872	-3.3699936E-5	0.0
235.603197952	-8.707938E-6	0.0
235.605180416	8.504868E-6	0.0
235.607146496	8.633303E-6	0.0
235.60912896	4.119018E-5	0.0
235.61109504	4.5537767E-5	0.0
235.61306112	3.184066E-5	0.0
235.615043584	3.7571364E-5	0.0
235.617009664	1.3405334E-5	0.0
235.618992128	9.203287E-6	0.0
235.620958208	5.390839E-7	0.0
235.622924288	1.6875041E-5	0.0
235.624906752	1.0597499E-5	0.0
235.626872832	-7.638001E-5	0.0
235.628855296	-7.978565E-5	0.0
235.630821376	-3.149907E-5	0.0
235.632787456	2.3981753E-5	0.0
235.63476992	7.204395E-5	0.0
235.636736	7.097121E-5	0.0
235.638718464	2.2389555E-5	0.0
235.640684544	-5.1440576E-5	0.0
235.642650624	-7.693848E-5	0.0
235.644633088	-4.269393E-6	0.0
235.646599168	-8.884154E-6	0.0
235.648581632	-6.410954E-5	0.0
235.650547712	-1.3478468E-4	0.0
235.652513792	-3.8228063E-5	0.0
235.654496256	7.334195E-5	0.0
235.656462336	9.140325E-5	0.0
235.6584448	9.811963E-5	0.0
235.66041088	-2.182593E-5	0.0
235.66237696	-4.6874422E-5	0.0
235.664359424	3.4973937E-6	0.0
235.666325504	1.643027E-5	0.0
235.668307968	8.487747E-6	0.0
235.670274048	-1.2426745E-5	0.0
235.672240128	3.258083E-5	0.0
235.674222592	2.7492373E-5	0.0
235.676188672	1.1037025E-5	0.0
235.678171136	7.674118E-5	0.0
235.680137216	7.045443E-5	0.0
235.682103296	1.7473089E-5	0.0
235.68408576	-2.5151545E-5	0.0
235.68605184	1.640762E-5	0.0
235.688034304	2.6058631E-5	0.0
235.690000384	-5.8863134E-7	0.0
235.691966464	2.0204578E-5	0.0
235.693948928	2.225089E-5	0.0
235.695915008	5.5425953E-5	0.0
235.697897472	-3.861852E-5	0.0
235.699863552	-2.8063354E-5	0.0
235.701829632	-4.4248E-5	0.0
235.703812096	-1.6337835E-5	0.0
235.705778176	1.674881E-5	0.0
235.70776064	7.3283685E-5	0.0
235.70972672	1.0463919E-5	0.0
235.7116928	6.571013E-6	0.0
235.713675264	2.5806403E-5	0.0
235.715641344	-6.4340848E-6	0.0
235.717623808	7.054522E-6	0.0
235.719589888	-3.3368247E-5	0.0
235.721555968	-8.0743985E-6	0.0
235.723538432	-2.311379E-5	0.0
235.725504512	1.9202264E-5	0.0
235.727486976	-9.385291E-5	0.0
235.729453056	-1.3316762E-4	0.0
235.731419136	-4.669795E-5	0.0
235.7334016	-2.1622582E-5	0.0
235.73536768	-8.834705E-5	0.0
235.737350144	-5.6468307E-5	0.0
235.739316224	-7.079484E-6	0.0
235.741282304	3.225325E-5	0.0
235.743264768	5.2742245E-5	0.0
235.745230848	-1.1664349E-5	0.0
235.747213312	-3.421695E-5	0.0
235.749179392	-4.514376E-5	0.0
235.751145472	-8.267853E-5	0.0
235.753127936	-2.7831942E-5	0.0
235.755094016	-3.5075848E-7	0.0
235.75707648	-1.5228797E-5	0.0
235.75904256	-5.170877E-5	0.0
235.76100864	-9.1089474E-5	0.0
235.762991104	-4.3653185E-5	0.0
235.764957184	-7.659385E-6	0.0
235.766939648	9.7739605E-5	0.0
235.768905728	3.638707E-5	0.0
235.770888192	4.4195862E-5	0.0
235.772854272	2.1828564E-5	0.0
235.774820352	3.833732E-6	0.0
235.776802816	2.0628686E-5	0.0
235.778768896	-4.2560652E-5	0.0
235.78075136	-4.7820955E-5	0.0
235.78271744	3.6666033E-6	0.0
235.78468352	4.395379E-5	0.0
235.786665984	-1.590771E-5	0.0
235.788632064	-1.238548E-4	0.0
235.790614528	-1.365476E-4	0.0
235.792580608	-1.1296959E-4	0.0
235.794546688	-6.182111E-5	0.0
235.796529152	-1.9608611E-5	0.0
235.798495232	1.724207E-5	0.0
235.800477696	3.992985E-5	0.0
235.802443776	2.2728396E-5	0.0
235.804409856	-3.714877E-5	0.0
235.80639232	-5.437458E-5	0.0
235.8083584	3.6112042E-6	0.0
235.810340864	3.7492246E-5	0.0
235.812306944	3.1632568E-5	0.0
235.814273024	-2.0400685E-6	0.0
235.816255488	-8.526701E-6	0.0
235.818221568	-2.2271859E-5	0.0
235.820204032	-4.5030734E-5	0.0
235.822170112	-1.6638704E-5	0.0
235.824136192	-1.4593089E-5	0.0
235.826118656	2.696267E-6	0.0
235.828084736	4.4103894E-5	0.0
235.8300672	1.9574989E-5	0.0
235.83203328	-6.727259E-5	0.0
235.83399936	-9.350805E-6	0.0
235.835981824	5.333135E-5	0.0
235.837947904	9.683522E-5	0.0
235.839930368	1.2150501E-4	0.0
235.841896448	1.0767795E-4	0.0
235.843862528	2.601777E-5	0.0
235.845844992	7.888131E-5	0.0
235.847811072	1.6603754E-4	0.0
235.849793536	1.3364633E-4	0.0
235.851759616	6.4736196E-5	0.0
235.853725696	3.1281183E-5	0.0
235.85570816	-1.0442075E-5	0.0
235.85767424	-9.586073E-6	0.0
235.859656704	2.7565133E-5	0.0
235.861622784	5.5061675E-5	0.0
235.863588864	-3.605464E-5	0.0
235.865571328	-3.573374E-5	0.0
235.867537408	-1.8927698E-5	0.0
235.869519872	4.496029E-5	0.0
235.871485952	-1.6998514E-5	0.0
235.873452032	-5.651971E-5	0.0
235.875434496	9.024808E-6	0.0
235.877400576	1.0357196E-5	0.0
235.87938304	6.508863E-5	0.0
235.88134912	3.028653E-5	0.0
235.8833152	-5.3631074E-6	0.0
235.885297664	8.113961E-5	0.0
235.887263744	2.6962132E-4	0.0
235.889246208	6.0732455E-5	0.0
235.891212288	1.600517E-4	0.0
235.893178368	1.1392302E-4	0.0
235.895160832	4.7823814E-5	0.0
235.897126912	-4.3347984E-5	0.0
235.899109376	-9.148803E-5	0.0
235.901075456	-1.1420895E-5	0.0
235.903041536	9.252852E-5	0.0
235.905024	1.6239112E-4	0.0
235.90699008	-1.7436621E-5	0.0
235.908972544	-4.996261E-6	0.0
235.910938624	1.7356327E-4	0.0
235.912904704	6.2446205E-5	0.0
235.914887168	5.0210707E-5	0.0
235.916853248	6.588664E-5	0.0
235.918835712	1.9003484E-5	0.0
235.920801792	5.4654512E-5	0.0
235.922767872	1.172565E-5	0.0
235.924750336	-7.785645E-5	0.0
235.926716416	-5.2742875E-5	0.0
235.92869888	5.469846E-5	0.0
235.93066496	2.2671833E-5	0.0
235.93263104	-6.1798337E-6	0.0
235.934613504	-7.455557E-5	0.0
235.936579584	1.7408944E-5	0.0
235.938562048	-2.018032E-5	0.0
235.940528128	8.4802065E-5	0.0
235.942494208	1.5090474E-4	0.0
235.944476672	1.3266115E-4	0.0
235.946442752	2.5246896E-5	0.0
235.948425216	3.71102E-5	0.0
235.950391296	1.2968603E-6	0.0
235.952357376	-5.594061E-5	0.0
235.95433984	-8.8287234E-5	0.0
235.95630592	2.1535925E-5	0.0
235.958288384	4.7229907E-5	0.0
235.960254464	8.7671935E-5	0.0
235.962220544	1.2769099E-4	0.0
235.964203008	6.996822E-5	0.0
235.966169088	-4.916189E-5	0.0
235.968151552	-4.9292157E-5	0.0
235.970117632	3.1891403E-5	0.0
235.972083712	6.858516E-5	0.0
235.974066176	3.6202568E-5	0.0
235.976032256	4.892343E-5	0.0
235.97801472	9.529037E-5	0.0
235.9799808	1.2560718E-4	0.0
235.98194688	8.764772E-5	0.0
235.983929344	9.4897354E-5	0.0
235.985895424	1.2090333E-4	0.0
235.987877888	4.8276233E-5	0.0
235.989843968	-4.1287985E-5	0.0
235.991810048	-3.5823825E-5	0.0
235.993792512	1.767806E-5	0.0
235.995758592	2.314493E-5	0.0
235.997741056	-4.9260092E-5	0.0
235.999707136	-3.5813042E-5	0.0
236.001673216	3.4498233E-5	0.0
236.00365568	7.3746945E-5	0.0
236.00562176	5.0135226E-5	0.0
236.007604224	-3.5081575E-5	0.0
236.009570304	-2.1759151E-5	0.0
236.011536384	8.659594E-5	0.0
236.013518848	6.599683E-5	0.0
236.015484928	3.2813892E-5	0.0
236.017467392	6.1716646E-6	0.0
236.019433472	-2.4502442E-5	0.0
236.021399552	-1.8678911E-5	0.0
236.023382016	1.9661902E-6	0.0
236.025348096	1.6554157E-5	0.0
236.02733056	1.8290426E-5	0.0
236.02929664	7.218832E-5	0.0
236.03126272	4.6277353E-5	0.0
236.033245184	-4.4039753E-5	0.0
236.035211264	-4.5234367E-5	0.0
236.037193728	-1.549891E-5	0.0
236.039159808	1.2903846E-5	0.0
236.041125888	2.8919232E-5	0.0
236.043108352	5.056308E-5	0.0
236.045074432	6.9920316E-5	0.0
236.047056896	4.9770308E-5	0.0
236.049022976	2.0355228E-6	0.0
236.050989056	3.0502131E-5	0.0
236.05297152	9.516674E-5	0.0
236.0549376	5.6904108E-5	0.0
236.056920064	-2.112412E-5	0.0
236.058886144	-8.5520165E-5	0.0
236.060852224	2.0723535E-5	0.0
236.062834688	9.667077E-5	0.0
236.064800768	7.595051E-5	0.0
236.066783232	9.452114E-5	0.0
236.068749312	2.1418884E-5	0.0
236.070715392	-1.913117E-5	0.0
236.072697856	4.0425315E-5	0.0
236.074663936	-5.5209084E-6	0.0
236.0766464	-3.7598344E-5	0.0
236.07861248	9.2665005E-6	0.0
236.080594944	2.162737E-5	0.0
236.082561024	7.111564E-5	0.0
236.084527104	5.2243915E-5	0.0
236.086509568	3.0054369E-5	0.0
236.088475648	-6.597724E-5	0.0
236.090458112	-1.5652615E-5	0.0
236.092424192	5.209198E-5	0.0
236.094390272	3.1069336E-5	0.0
236.096372736	6.2661866E-6	0.0
236.098338816	5.6091078E-5	0.0
236.10032128	8.7795146E-5	0.0
236.10228736	7.5783037E-6	0.0
236.10425344	-3.3069162E-5	0.0
236.106235904	1.0063305E-5	0.0
236.108201984	5.1042378E-5	0.0
236.110184448	-3.9101033E-5	0.0
236.112150528	9.839999E-6	0.0
236.114116608	-3.5494348E-5	0.0
236.116099072	7.40676E-5	0.0
236.118065152	1.3315237E-4	0.0
236.120047616	8.3138126E-5	0.0
236.122013696	5.1691597E-5	0.0
236.123979776	2.0587577E-5	0.0
236.12596224	4.6026626E-6	0.0
236.12792832	-1.0647977E-5	0.0
236.129910784	-7.2242656E-5	0.0
236.131876864	-4.961649E-6	0.0
236.133842944	2.0252766E-5	0.0
236.135825408	1.400981E-4	0.0
236.137791488	7.225562E-5	0.0
236.139773952	-5.316352E-6	0.0
236.141740032	4.68258E-5	0.0
236.143706112	-1.1876254E-5	0.0
236.145688576	-5.9189395E-5	0.0
236.147654656	1.8493949E-5	8.921029887032361E-11
236.14963712	-2.2796688E-5	2.275957200481571E-10
236.1516032	7.4375064E-5	5.476722408914725E-10
236.15356928	4.5444373E-5	1.2430397822171813E-9
236.155551744	4.923103E-5	2.661074693932619E-9
236.157517824	5.3078744E-5	5.373290701271571E-9
236.159500288	9.024049E-5	1.023357043550277E-8
236.161466368	2.5518479E-5	1.8383211397576815E-8
236.163432448	3.2665566E-6	3.1147486367899546E-8
236.165414912	7.9256766E-5	4.977738399247755E-8
236.167380992	1.2434089E-4	9.799563116530408E-8
236.169363456	-1.0422139E-5	1.5374372708265582E-7
236.171329536	-5.5555825E-5	2.3632412649021717E-7
236.173295616	-1.4756723E-4	3.5964086464446154E-7
236.17527808	-1.181219E-4	5.468858148560685E-7
236.17724416	-7.3711555E-5	8.35747641758644E-7
236.179226624	-1.8393686E-5	1.284334643969487E-6
236.181192704	3.5819096E-5	1.976552994165104E-6
236.183158784	3.1732103E-5	3.024972102139145E-6
236.185141248	-3.0641757E-5	4.568861641018884E-6
236.187107328	3.6187565E-5	6.765110811102204E-6
236.189089792	1.2158871E-4	9.770657015906181E-6
236.191055872	9.5170335E-6	1.3715974091610406E-5
236.193021952	3.477907E-5	1.867234277597163E-5
236.195004416	4.100316E-6	2.4617327653686516E-5
236.196970496	-2.0867017E-5	3.140578337479383E-5
236.19895296	-7.510016E-7	3.875457696267404E-5
236.20091904	5.6039564E-5	4.6248827857198194E-5
236.20288512	9.464422E-5	5.3372543334262446E-5
236.204867584	8.917407E-5	5.956374297966249E-5
236.206833664	3.3015887E-5	6.428563938243315E-5
236.208816128	6.699822E-5	6.710209709126502E-5
236.210782208	1.3480021E-4	6.774276698706672E-5
236.212748288	1.02073835E-4	6.614506128244102E-5
236.214730752	-3.9528917E-5	6.246375414775684E-5
236.216696832	-4.5149907E-5	5.704683280782774E-5
236.218679296	1.13562586E-4	5.0381866458337754E-5
236.220645376	2.5247056E-5	4.3024865590268746E-5
236.222611456	6.1160616E-5	3.552467387635261E-5
236.22459392	1.0211714E-4	2.835793020494748E-5
236.22656	4.154638E-6	2.1884181478526443E-5
236.228542464	-2.3841581E-5	1.6326057448168285E-5
236.230508544	4.0078266E-5	1.1773966434702743E-5
236.232474624	-2.5794783E-5	8.208375220419839E-6
236.234457088	1.25827E-5	5.53208565179375E-6
236.236423168	4.3397486E-5	3.6043629734194838E-6
236.238405632	4.8060967E-5	2.270320919706137E-6
236.240371712	7.101113E-5	1.3825243740939186E-6
236.242337792	8.8892724E-5	8.139433020915021E-7
236.244320256	6.166532E-5	4.632955494798807E-7
236.246286336	-2.7557297E-5	2.549598718815105E-7
236.2482688	-8.7051165E-5	1.3565465906140162E-7
236.25023488	-1.117477E-6	6.978322630857292E-8
236.25220096	7.974884E-5	3.4707614560147704E-8
236.254183424	7.614931E-5	1.668983173885863E-8
236.256149504	9.3386094E-5	0.0
236.258131968	5.8374593E-5	0.0
236.260098048	1.4488098E-4	0.0
236.262064128	8.596629E-5	0.0
236.264046592	4.1899046E-5	0.0
236.266012672	4.801277E-5	0.0
236.267995136	5.7238278E-5	0.0
236.269961216	1.1874736E-4	0.0
236.271927296	1.0748927E-4	0.0
236.27390976	-3.2790405E-5	0.0
236.27587584	-5.837637E-7	0.0
236.277858304	7.05253E-5	0.0
236.279824384	1.51242575E-5	0.0
236.281790464	-3.0496296E-5	0.0
236.283772928	-3.1394724E-5	0.0
236.285739008	-7.119541E-5	0.0
236.287721472	-7.3287505E-5	0.0
236.289687552	-1.2807671E-5	0.0
236.291653632	7.496229E-5	0.0
236.293636096	8.490662E-5	0.0
236.295602176	1.01716774E-4	0.0
236.29758464	7.6243676E-5	0.0
236.29955072	-2.2441673E-5	0.0
236.3015168	-5.2266105E-6	0.0
236.303499264	1.5523197E-5	0.0
236.305465344	2.756774E-6	0.0
236.307447808	4.9336413E-5	0.0
236.309413888	3.5221085E-5	0.0
236.311379968	8.297583E-6	0.0
236.313362432	2.5725625E-5	0.0
236.315328512	-7.859969E-6	0.0
236.317310976	-1.4377939E-5	0.0
236.319277056	4.1297696E-7	0.0
236.321243136	3.1302618E-5	0.0
236.3232256	2.7521477E-5	0.0
236.32519168	5.381372E-6	0.0
236.327174144	2.1832435E-5	0.0
236.329140224	4.85189E-5	0.0
236.331106304	5.1145886E-5	0.0
236.333088768	8.5606014E-5	0.0
236.335054848	2.9181385E-5	0.0
236.337037312	5.124523E-5	0.0
236.339003392	1.19503784E-4	0.0
236.340969472	5.8660087E-5	0.0
236.342951936	2.0146414E-5	0.0
236.344918016	3.015677E-5	0.0
236.34690048	2.6123285E-5	4.0661395149348134E-13
236.34886656	-3.826127E-6	1.05203150878308E-12
236.35083264	-3.1378237E-5	2.5675635662719687E-12
236.352815104	-6.0290613E-6	5.911106239903097E-12
236.354781184	-2.577743E-5	1.2837093367468189E-11
236.356763648	-4.5459634E-5	2.6297537064623455E-11
236.358729728	-4.1571227E-5	5.081755849456471E-11
236.360695808	-5.0800165E-5	9.263242256585258E-11
236.362678272	-4.1751307E-5	1.5928051932956322E-10
236.364644352	-3.5518562E-5	2.5835245054395273E-10
236.366626816	2.3382287E-5	3.952874971790976E-10
236.368592896	2.3710461E-5	5.705083072626849E-10
236.370558976	2.5709065E-5	7.767180787432437E-10
236.37254144	-2.6481248E-5	9.975054116040383E-10
236.37450752	-4.2273517E-5	1.2084188094618753E-9
236.376489984	-5.486415E-5	1.3809251520058297E-9
236.378456064	-6.7098685E-5	1.4885833676814286E-9
236.380422144	-2.1758526E-5	1.5136540909566065E-9
236.382404608	4.8074136E-5	1.4518796165319259E-9
236.384370688	9.982185E-5	1.3136661758395007E-9
236.386353152	9.004598E-5	1.121217230171112E-9
236.388319232	8.492647E-5	9.027043557097159E-10
236.390301696	-2.193061E-5	6.855692680218795E-10
236.392267776	-3.851104E-5	4.911422935016674E-10
236.394233856	-4.689933E-5	3.3190508674785235E-10
236.39621632	4.6256893E-5	2.1157872676091927E-10
236.3981824	1.3117112E-4	1.272270483410054E-10
236.400164864	1.3066486E-5	7.216678643562346E-11
236.402130944	-3.0014053E-5	3.8614070274611834E-11
236.404097024	4.2197216E-6	1.9489743152689698E-11
236.406079488	1.7961174E-5	9.279301285691766E-12
236.408045568	2.8105926E-5	4.1674931734736465E-12
236.410028032	6.443587E-5	1.7655679435818472E-12
236.411994112	1.0535234E-4	7.055776319112028E-13
236.413960192	8.396347E-6	0.0
236.415942656	-8.9876834E-5	0.0
236.417908736	-2.1292246E-5	0.0
236.4198912	-4.1656505E-5	0.0
236.42185728	-1.3047046E-4	0.0
236.42382336	-4.6623343E-5	0.0
236.425805824	4.323101E-5	0.0
236.427771904	-3.5978292E-6	0.0
236.429754368	-2.4903871E-5	0.0
236.431720448	-5.544657E-6	0.0
236.433686528	2.8300208E-5	0.0
236.435668992	-1.4145261E-5	0.0
236.437635072	-3.369117E-5	0.0
236.439617536	-1.8995743E-5	0.0
236.441583616	5.815521E-6	0.0
236.443549696	9.727272E-6	0.0
236.44553216	2.263835E-6	0.0
236.44749824	2.6136615E-5	0.0
236.449480704	5.352294E-5	0.0
236.451446784	6.638158E-5	0.0
236.453412864	-8.5488165E-5	0.0
236.455395328	-1.01873724E-4	0.0
236.457361408	-2.1697211E-5	0.0
236.459343872	3.4393954E-5	0.0
236.461309952	2.1631648E-5	0.0
236.463276032	4.1236992E-5	0.0
236.465258496	6.948482E-6	0.0
236.467224576	-2.1215928E-5	0.0
236.46920704	1.4738901E-5	0.0
236.47117312	4.2934167E-5	0.0
236.4731392	5.958658E-5	0.0
236.475121664	2.1704727E-5	0.0
236.477087744	6.780994E-5	1.3494340578290576E-7
236.479070208	2.2658329E-5	3.3623791750869714E-7
236.481036288	8.699964E-5	7.903208256720973E-7
236.483002368	5.5329314E-5	1.7523084352433216E-6
236.484984832	-1.2873111E-5	3.6646376884164056E-6
236.486950912	1.5394879E-5	7.22811819287017E-6
236.488933376	4.932838E-5	1.3444006071949843E-5
236.490899456	6.8826375E-5	2.3575479644932784E-5
236.492865536	6.510673E-5	3.8970822060946375E-5
236.494848	7.811146E-5	6.071288953535259E-5
236.49681408	1.00017925E-4	8.913790952647105E-5
236.498796544	1.3301506E-4	1.2334869825281203E-4
236.500762624	1.170206E-4	1.6093466547317803E-4
236.502728704	2.3447983E-4	1.9808644719887525E-4
236.504711168	2.4163713E-4	2.3018014326225966E-4
236.506677248	2.980737E-4	2.527031465433538E-4
236.508659712	2.3740139E-4	2.622637839522213E-4
236.510625792	1.5068021E-4	2.573835081420839E-4
236.512591872	1.9072137E-4	2.3884698748588562E-4
236.514574336	2.2963797E-4	2.0951475016772747E-4
236.516540416	2.2854017E-4	1.7364800442010164E-4
236.51852288	1.8382845E-4	1.3593645417131484E-4
236.52048896	9.353812E-5	1.0051119897980243E-4
236.52245504	8.1194776E-5	7.023762736935169E-5
236.524437504	1.2353378E-4	4.6455075789708644E-5
236.526403584	9.4890514E-5	2.9156330128898844E-5
236.528386048	5.3774325E-5	1.7436661437386647E-5
236.530352128	3.6968027E-5	9.997077540901955E-6
236.532318208	3.382595E-5	5.5415162023564335E-6
236.534300672	4.793019E-5	3.0014352887519635E-6
236.536266752	-3.5662655E-5	1.606760747563385E-6
236.538249216	-1.2904512E-4	8.583317594457185E-7
236.540215296	-4.2830325E-5	4.595824805164739E-7
236.542181376	-2.130877E-5	2.4602911707916064E-7
236.54416384	-9.8367955E-6	1.0512105319548937E-7
236.54612992	4.4477936E-5	5.921299361943966E-8
236.548112384	4.0862324E-5	3.146479699012161E-8
236.550078464	1.4612554E-5	1.577296693255903E-8
236.552044544	-3.3392853E-6	7.459042272728311E-9
236.554027008	-8.474096E-6	3.3276255084757622E-9
236.555993088	-2.2256849E-5	1.4004566395442453E-9
236.557975552	-2.2800501E-5	5.560116256297931E-10
236.559941632	-3.231268E-5	0.0
236.561907712	-4.2136508E-5	0.0
236.563890176	-6.497816E-5	0.0
236.565856256	3.5630883E-6	0.0
236.56783872	2.9289535E-5	0.0
236.5698048	8.56405E-6	0.0
236.57177088	-2.8707458E-5	0.0
236.573753344	5.4617713E-6	0.0
236.575719424	4.6095614E-5	0.0
236.577701888	1.2377209E-4	0.0
236.579667968	4.1256142E-5	0.0
236.581634048	-3.264578E-5	0.0
236.583616512	-6.2596073E-6	0.0
236.585582592	-5.575498E-5	0.0
236.587565056	-5.3295356E-5	0.0
236.589531136	2.6144546E-5	0.0
236.591497216	7.20193E-5	0.0
236.59347968	6.625572E-5	0.0
236.59544576	1.3640966E-5	0.0
236.597428224	-5.481267E-5	0.0
236.599394304	-6.9085974E-5	0.0
236.601360384	-1.2260343E-6	0.0
236.603342848	-6.4245314E-6	0.0
236.605308928	2.2933973E-6	0.0
236.607291392	-4.231988E-5	0.0
236.609257472	-4.603252E-5	0.0
236.611223552	-1.5530553E-5	0.0
236.613206016	1.0759156E-5	0.0
236.615172096	-4.1796386E-5	0.0
236.61715456	-4.15868E-5	0.0
236.61912064	4.5134562E-5	0.0
236.62108672	3.4791978E-5	0.0
236.623069184	-1.0809089E-5	0.0
236.625035264	-5.7640686E-5	4.840967071650937E-10
236.627017728	-6.266759E-5	1.2290315432039733E-9
236.628983808	-3.734626E-5	2.9438047555174762E-9
236.630949888	-7.056565E-5	6.65218280460067E-9
236.632932352	-5.0880783E-5	1.4181730456641617E-8
236.634898432	-4.8090144E-5	2.852353375715211E-8
236.636880896	-3.0693293E-5	5.412319126207876E-8
236.638846976	5.359618E-5	9.688928770401617E-8
236.640813056	-3.5028415E-6	1.636350361877703E-7
236.64279552	3.103204E-6	2.60726210399298E-7
236.6447616	6.783571E-5	3.9192303802337847E-7
236.646744064	-1.40380935E-5	5.55805456770031E-7
236.648710144	1.1992576E-5	7.43627026622562E-7
236.650676224	-6.4051264E-6	9.386350825479894E-7
236.652658688	-1.0857285E-4	1.117761598834477E-6
236.654624768	-1.002299E-4	1.2557812851810013E-6
236.656607232	7.383724E-5	1.3310472013472463E-6
236.658573312	3.2445467E-5	1.3310318536241539E-6
236.660539392	-8.7647226E-5	1.2557422905956628E-6
236.662521856	-4.192072E-5	1.1177181704624672E-6
236.664487936	-4.479619E-5	9.386248507325945E-7
236.6664704	-1.3408708E-6	7.437029125867411E-7
236.66843648	-2.949313E-5	5.560441991292464E-7
236.67040256	2.8639573E-5	3.9242763705260586E-7
236.672385024	7.826293E-5	2.6163206712226383E-7
236.674351104	-1.1372052E-5	1.6510232114796963E-7
236.676333568	1.7687707E-5	9.908649900580713E-8
236.678299648	2.121149E-5	5.7200264080847774E-8
236.680265728	2.5505935E-5	3.2572813779552234E-8
236.682248192	6.0900793E-6	5.456459462038765E-8
236.684214272	-4.7079444E-5	8.690515329590198E-8
236.686196736	2.6771968E-6	1.6047977169364458E-7
236.688162816	4.5712783E-5	3.0415395713134785E-7
236.690128896	-2.9351031E-5	5.677699164152727E-7
236.69211136	1.7045764E-5	1.0307654747521156E-6
236.69407744	5.15458E-5	1.8131335082216538E-6
236.696059904	-5.8082343E-5	3.0835101370030316E-6
236.698025984	-9.045333E-5	5.06624974150327E-6
236.700008448	3.894166E-6	8.03844795882469E-6
236.701974528	7.737986E-5	1.2314064406382386E-5
236.703940608	6.614152E-5	1.8209917470812798E-5
236.705923072	-1.7037455E-5	2.5993067538365722E-5
236.707889152	3.1119846E-5	3.581217970349826E-5
236.709871616	4.9434566E-5	4.7623841965105385E-5
236.711837696	5.2139403E-5	6.112980918260291E-5
236.713803776	7.6753386E-5	7.574405026389286E-5
236.71578624	1.0281885E-4	9.06068307813257E-5
236.71775232	1.487584E-4	1.0465268132975325E-4
236.719734784	1.3286286E-4	1.1673081462504342E-4
236.721700864	9.000245E-5	1.2575673463288695E-4
236.723666944	4.2456428E-5	1.3086969556752592E-4
236.725649408	9.742779E-5	1.3156475324649364E-4
236.727615488	1.7631448E-4	1.2777236406691372E-4
236.729597952	1.9727116E-4	1.1986938625341281E-4
236.731564032	1.3346781E-4	1.0861951159313321E-4
236.733530112	1.01908045E-4	9.505474008619785E-5
236.735512576	1.0410528E-4	8.032258483581245E-5
236.737478656	3.0371964E-5	6.552934792125598E-5
236.73946112	-4.6178444E-5	5.1607599743874744E-5
236.7414272	-5.0556037E-6	3.92313304473646E-5
236.74339328	3.5846293E-5	2.878535451600328E-5
236.745375744	2.4820118E-5	2.038567981799133E-5
236.747341824	5.0272494E-5	1.3934752132627182E-5
236.749324288	8.1376675E-5	9.194047379423864E-6
236.751290368	4.9137067E-5	5.8555528994475026E-6
236.753256448	2.8307193E-5	3.5999771625938592E-6
236.755238912	1.4963815E-5	2.136581770173507E-6
236.757204992	3.107328E-5	1.2241633839948918E-6
236.759187456	5.777782E-5	6.771469429622812E-7
236.761153536	2.3225271E-5	3.616391666128038E-7
236.763119616	2.9367591E-5	1.8652360722626327E-7
236.76510208	8.08244E-5	9.301293601993166E-8
236.76706816	2.1383974E-5	4.505913508978665E-8
236.769050624	2.4056724E-5	9.34365917970581E-10
236.771016704	3.853818E-5	1.7585416456356029E-9
236.772982784	6.8468034E-5	3.122652580955787E-9
236.774965248	4.2778316E-5	5.2316169174559946E-9
236.776931328	2.2247266E-5	8.269593010368226E-9
236.778913792	-4.4741455E-6	1.23331220791556E-8
236.780879872	-3.5370278E-5	1.73539582704052E-8
236.782845952	8.156029E-6	2.30390213573628E-8
236.784828416	4.1526342E-5	2.8858032408152212E-8
236.786794496	-7.184818E-6	3.41042927232138E-8
236.78877696	-6.435467E-6	3.8026783499844896E-8
236.79074304	-1.1099312E-5	4.0004465517995413E-8
236.79270912	5.025883E-6	3.970690798382748E-8
236.794691584	4.1086205E-5	3.718453811529798E-8
236.796657664	1.704567E-5	3.2854661213832514E-8
236.798640128	-4.4470717E-6	2.7388633583314004E-8
236.800606208	-4.670976E-5	2.1541818995274298E-8
236.802572288	8.204189E-6	1.598574250749607E-8
236.804554752	-2.4382738E-5	1.1192359927747475E-8
236.806520832	-6.223634E-5	7.393482270856566E-9
236.808503296	-5.524242E-5	4.608024628538487E-9
236.810469376	2.1771288E-5	2.709687585422671E-9
236.812435456	-4.134121E-5	1.5033563283139983E-9
236.81441792	-3.7801197E-5	7.869426776885291E-10
236.816384	-2.8686634E-5	3.88653720317933E-10
236.818366464	-7.691836E-6	1.811002181550947E-10
236.820332544	1.1162462E-5	7.961879072704292E-11
236.822298624	-1.4848992E-5	3.302558920781351E-11
236.824281088	-2.9206538E-5	1.2924808792669218E-11
236.826247168	1.6406339E-5	0.0
236.828229632	3.171026E-5	0.0
236.830195712	1.0323093E-5	0.0
236.832161792	-4.0087063E-5	0.0
236.834144256	9.021027E-5	0.0
236.836110336	1.3191163E-4	0.0
236.8380928	1.02045735E-4	0.0
236.84005888	6.4766595E-5	0.0
236.84202496	5.7343605E-5	0.0
236.844007424	6.6062867E-6	0.0
236.845973504	2.9942814E-5	0.0
236.847955968	3.4695047E-5	0.0
236.849922048	1.0394253E-4	0.0
236.851888128	2.576963E-5	0.0
236.853870592	-7.468726E-6	0.0
236.855836672	-5.619069E-5	0.0
236.857819136	-3.6835103E-5	0.0
236.859785216	-3.155718E-5	0.0
236.861751296	-4.9046354E-5	0.0
236.86373376	-4.8041857E-5	1.6371409783388913E-9
236.86569984	-3.6097903E-5	4.179281809513213E-9
236.867682304	-2.250242E-5	1.0066478317583005E-8
236.869648384	9.784258E-6	2.2877816974187226E-8
236.871614464	4.0929162E-6	4.90585883028416E-8
236.873596928	8.711323E-6	9.925935984256284E-8
236.875563008	6.6617715E-5	1.8948988156353153E-7
236.877545472	1.4872207E-4	3.413193496726308E-7
236.879511552	1.4220897E-4	5.800802682642825E-7
236.881477632	4.3772357E-5	9.301847399001417E-7
236.883460096	-6.532827E-6	1.4073541478865081E-6
236.885426176	-1.6595957E-5	2.009057197938091E-6
236.88740864	8.726052E-5	2.7060407319368096E-6
236.88937472	8.151067E-5	3.4390236578474287E-6
236.8913408	-1.2587457E-5	4.123830876778811E-6
236.893323264	4.132963E-6	4.6659015424665995E-6
236.895289344	-3.760585E-6	4.981333859177539E-6
236.897271808	-6.359378E-5	5.0180437938252E-6
236.899237888	-3.4274322E-5	4.769824045069981E-6
236.901203968	6.802925E-5	4.2780548028531484E-6
236.903186432	5.2583848E-5	3.6204467050993117E-6
236.905152512	1.983752E-5	2.890965106416843E-6
236.907134976	-4.861645E-5	2.1781270334031433E-6
236.909101056	-4.277339E-5	1.5483893776035984E-6
236.911067136	-2.968189E-5	1.0385546147517744E-6
236.9130496	-1.5477628E-5	6.572529400727944E-7
236.91501568	-2.641182E-5	3.924531029042555E-7
236.916998144	-2.9695708E-5	2.2110555164545076E-7
236.918964224	-3.50565E-6	1.1753476769627014E-7
236.920930304	3.972317E-5	5.895095966934605E-8
236.922912768	4.801008E-5	2.7898240162471666E-8
236.924878848	2.9086332E-5	1.245719527531719E-8
236.926861312	-1.9923746E-6	5.248396384160969E-9
236.928827392	-3.0417774E-5	2.0863684113692216E-9
236.930793472	-1.8219347E-5	0.0
236.932775936	5.345538E-6	0.0
236.934742016	3.9731553E-5	0.0
236.93672448	-1.3228039E-5	0.0
236.93869056	-4.0107334E-5	0.0
236.94065664	-5.561048E-5	0.0
236.942639104	-1.6235776E-5	0.0
236.944605184	1.1099563E-7	0.0
236.946587648	-3.36721E-5	0.0
236.948553728	-2.0156454E-5	0.0
236.950519808	-4.6254332E-5	0.0
236.952502272	-7.8515244E-5	0.0
236.954468352	-2.8564791E-5	0.0
236.956450816	-3.074193E-6	0.0
236.958416896	3.258585E-5	0.0
236.960382976	8.818886E-5	0.0
236.96236544	4.0770297E-5	0.0
236.96433152	-5.102632E-5	0.0
236.966313984	-4.147777E-5	0.0
236.968280064	5.028044E-5	0.0
236.970246144	7.017714E-5	0.0
236.972228608	5.2407042E-5	0.0
236.974194688	4.7806803E-5	0.0
236.976177152	1.5458478E-5	0.0
236.978143232	-1.7574217E-5	0.0
236.980109312	-9.500173E-6	0.0
236.982091776	5.092487E-5	0.0
236.984057856	7.623809E-5	0.0
236.98604032	3.997329E-5	0.0
236.9880064	2.450632E-5	0.0
236.98997248	7.127706E-5	0.0
236.991954944	6.315474E-5	0.0
236.993921024	1.4684499E-5	0.0
236.995903488	1.9149093E-6	0.0
236.997869568	2.9677314E-5	0.0
236.999852032	1.5891652E-5	0.0
237.001818112	-7.7709716E-5	0.0
237.003784192	-5.9417907E-5	0.0
237.005766656	-1.8313905E-5	0.0
237.007732736	5.8555825E-6	0.0
237.0097152	7.928629E-5	0.0
237.01168128	7.8319E-5	0.0
237.01364736	2.4596979E-5	0.0
237.015629824	-3.830045E-5	0.0
237.017595904	4.6043737E-5	0.0
237.019578368	1.0179265E-4	3.5160773848019744E-8
237.021544448	-3.2048265E-5	7.161835213764789E-8
237.023510528	-1.0843158E-4	1.410751906405494E-7
237.025492992	-7.690672E-5	2.6874189984482655E-7
237.027459072	-5.8236465E-6	4.950800871483807E-7
237.029441536	4.9258488E-5	8.820039170132077E-7
237.031407616	-3.099827E-5	1.5195250853139441E-6
237.033373696	-4.180157E-5	2.5315305265394272E-6
237.03535616	2.7558133E-5	4.078356596437516E-6
237.03732224	1.330521E-5	6.3533379943692125E-6
237.039304704	3.497312E-5	9.570196198183112E-6
237.041270784	8.782429E-5	1.3938748452346772E-5
237.043236864	-1.0776048E-6	1.9629151211120188E-5
237.045219328	1.9182211E-5	2.6726866053650156E-5
237.047185408	1.122468E-4	3.518567973515019E-5
237.049167872	1.1867351E-4	4.479005656321533E-5
237.051133952	1.2822509E-4	5.5132648412836716E-5
237.053100032	8.2924416E-5	6.562950875377283E-5
237.055082496	7.631649E-5	7.556358468718827E-5
237.057048576	-6.436183E-5	8.418063953286037E-5
237.05903104	-3.2791548E-5	9.07458525034599E-5
237.06099712	9.752735E-5	9.470607619732618E-5
237.0629632	2.2558226E-5	9.575536387274042E-5
237.064945664	1.0588203E-4	9.390572813572362E-5
237.066911744	1.2661584E-4	8.950721530709416E-5
237.068894208	5.296201E-5	8.321678615175188E-5
237.070860288	2.310318E-5	7.591567555209622E-5
237.072826368	1.2975813E-5	6.858313281554729E-5
237.074808832	-1.3211959E-5	6.214077438926324E-5
237.076774912	-5.7806566E-5	5.729151234845631E-5
237.078757376	-3.016735E-5	5.438304287963547E-5
237.080723456	7.050268E-5	5.332976070349105E-5
237.082689536	9.533979E-5	5.362289448385127E-5
237.084672	7.487536E-5	5.443961708806455E-5
237.08663808	3.0106989E-5	5.483435597852804E-5
237.088620544	3.765527E-5	5.396789129008539E-5
237.090586624	1.0358678E-4	5.1309696573298424E-5
237.092552704	7.4149786E-5	4.675436866818927E-5
237.094535168	-9.482049E-6	4.0619372157379985E-5
237.096501248	5.556235E-5	3.353068314027041E-5
237.098483712	1.1461527E-4	2.6240166334901005E-5
237.100449792	8.754712E-5	1.9438173694652505E-5
237.102415872	6.801762E-5	1.361679460387677E-5
237.104398336	1.3364262E-5	9.014487659442239E-6
237.106364416	-3.9536688E-5	5.63721778235049E-6
237.10834688	-5.6820478E-5	3.317703658467508E-6
237.11031296	-2.0194348E-5	1.8511632333684247E-6
237.11227904	-3.0677023E-5	9.749793434821186E-7
237.114261504	6.632601E-5	4.847640298066835E-7
237.116227584	-4.9782026E-5	2.2767652296806773E-7
237.118210048	-9.375237E-5	1.0089885904562834E-7
237.120176128	1.8360712E-5	4.315056045811616E-8
237.122142208	7.8746285E-5	1.8778353094717204E-8
237.124124672	5.7796955E-5	3.8619094588909775E-9
237.126090752	7.0384216E-5	6.317698808544492E-9
237.128073216	3.9103084E-5	9.752788798778056E-9
237.130039296	-5.003863E-5	1.4207294007917426E-8
237.132005376	-4.8804806E-5	1.953014105993134E-8
237.13398784	-7.5001924E-5	2.5334603748206064E-8
237.13595392	-7.089723E-5	3.101242285197259E-8
237.137936384	-3.9646948E-5	3.5823692456915524E-8
237.139902464	-6.836234E-6	3.904969503309985E-8
237.141868544	2.4157685E-5	4.016785126736977E-8
237.143851008	-8.640686E-6	3.898996325801818E-8
237.145817088	-1.4447446E-5	3.5714126767061316E-8
237.147799552	3.639966E-5	3.0870296541252173E-8
237.149765632	4.838255E-5	2.5179907936490054E-8
237.151731712	-4.9940812E-5	1.9381223737013897E-8
237.153714176	-6.893459E-5	1.4077339294260582E-8
237.155680256	2.7425434E-5	9.648811527540602E-9
237.15766272	5.016065E-5	6.2407838896660905E-9
237.1596288	-1.5524565E-5	3.809066839721709E-9
237.16159488	-1.1028524E-6	2.193863313237898E-9
237.163577344	1.1994408E-4	1.1923820819603748E-9
237.165543424	1.7246556E-4	6.115505324366666E-10
237.167525888	5.6082463E-5	2.9598118400642193E-10
237.169491968	-5.565035E-5	1.3517829910991708E-10
237.171458048	-6.1199025E-5	5.825931403968809E-11
237.173440512	4.4600463E-5	2.3693902742594197E-11
237.175406592	8.544523E-5	9.093246121361087E-12
237.177389056	6.393619E-5	0.0
237.179355136	1.2176332E-4	0.0
237.181321216	1.1940745E-4	0.0
237.18330368	-9.944697E-7	0.0
237.18526976	-1.0969924E-5	0.0
237.187252224	5.6461948E-5	0.0
237.189218304	6.851889E-5	0.0
237.191184384	8.866251E-5	0.0
237.193166848	7.016262E-5	0.0
237.195132928	2.3455003E-5	0.0
237.197115392	7.308015E-5	0.0
237.199081472	9.926962E-5	0.0
237.201047552	1.14255025E-4	0.0
237.203030016	1.14780174E-4	0.0
237.204996096	4.3027256E-5	0.0
237.20697856	-5.4371656E-5	0.0
237.20894464	-4.7641923E-5	0.0
237.21091072	-1.7402263E-6	0.0
237.212893184	2.4799076E-5	0.0
237.214859264	9.125849E-6	0.0
237.216841728	-3.2623553E-5	0.0
237.218807808	-6.723634E-5	0.0
237.220773888	-2.5593465E-5	0.0
237.222756352	-2.4640358E-5	0.0
237.224722432	-4.070414E-5	0.0
237.226704896	-2.8290982E-5	0.0
237.228670976	5.89504E-6	0.0
237.230637056	3.403023E-5	0.0
237.23261952	2.1978172E-5	1.720238361480053E-11
237.2345856	-5.373097E-5	4.492798494348804E-11
237.236568064	-6.330708E-6	1.1073496286595486E-10
237.238534144	4.9725633E-5	2.575680224659038E-10
237.240500224	2.3582143E-5	5.653776335989846E-10
237.242482688	3.270874E-5	1.1711827063720648E-9
237.244448768	-1.3909439E-6	2.2895496609720567E-9
237.246431232	3.417221E-5	4.223912775103145E-9
237.248397312	3.681925E-5	7.353923692221542E-9
237.250363392	1.8090068E-5	1.2082664646584362E-8
237.252345856	5.2851967E-5	1.8734553464128112E-8
237.254311936	2.0978441E-5	2.741358251512338E-8
237.2562944	1.0919074E-5	3.7855382828411166E-8
237.25826048	-1.5908212E-5	4.9332005147562086E-8
237.26022656	-1.0451316E-4	6.066935753779035E-8
237.262209024	-1.1574745E-5	7.041246163907999E-8
237.264175104	3.5719153E-5	7.712040428486944E-8
237.266157568	2.5452806E-5	7.971294024855524E-8
237.268123648	2.3597684E-5	7.775496868589471E-8
237.270089728	1.2359708E-4	7.157597536888716E-8
237.272072192	9.3518225E-5	6.217932480012678E-8
237.274038272	1.8424598E-4	5.0975820897747326E-8
237.276020736	7.0382426E-5	3.943864257394125E-8
237.277986816	4.8387978E-5	2.879513161246905E-8
237.279952896	8.585497E-5	1.984068376259529E-8
237.28193536	-7.274348E-7	1.2901272050669377E-8
237.28390144	1.6795828E-5	7.916764133142351E-9
237.285883904	1.9007173E-5	4.584610469038353E-9
237.287849984	7.138146E-5	2.505511131900562E-9
237.289816064	1.6418933E-4	1.2921999026360709E-9
237.291798528	4.8282083E-5	6.289328502440128E-10
237.293764608	-1.0525196E-5	2.8887936487365096E-10
237.295747072	3.6218924E-5	1.2521843284485357E-10
237.297713152	7.6108765E-5	5.1222335401002184E-11
237.299679232	1.8820925E-4	1.0384224730097813E-10
237.301661696	1.1160425E-5	2.1219262458238575E-10
237.303627776	-4.2814854E-6	5.05453401355993E-10
237.30561024	6.234492E-5	1.1362818463922508E-9
237.30757632	2.8017726E-5	2.4107253970839793E-9
237.309558784	-1.3818624E-4	4.826801625057442E-9
237.311524864	-6.650289E-7	9.120617150415455E-9
237.313490944	1.4448624E-4	1.626457013514937E-8
237.315473408	1.608389E-4	2.7372488276000695E-8
237.317439488	2.07497E-5	4.347520743408495E-8
237.319421952	7.1410986E-6	6.516579276194534E-8
237.321388032	9.482631E-5	9.21830149991365E-8
237.323354112	3.060059E-5	1.2306527708005888E-7
237.325336576	1.6745063E-5	1.5505109729474498E-7
237.327302656	7.290509E-5	1.8435991933074547E-7
237.32928512	-1.03847335E-4	2.0687701862698304E-7
237.3312512	-9.701323E-5	2.1908478231580375E-7
237.33321728	-4.2870877E-5	2.189608636626872E-7
237.335199744	1.0109042E-5	2.0652610999150056E-7
237.337165824	7.019523E-5	1.8383902045115974E-7
237.339148288	2.3354449E-5	1.5443792733549344E-7
237.341114368	4.706112E-5	1.22440297900539E-7
237.343080448	1.2471713E-4	9.161097835885812E-8
237.345062912	4.8217327E-5	6.468815172411269E-8
237.347028992	9.420614E-5	4.310761525516682E-8
237.349011456	8.0159814E-5	2.711050406389859E-8
237.350977536	1.6142293E-4	1.6090629273435297E-8
237.352943616	4.4810928E-5	9.012872226321633E-9
237.35492608	7.13102E-5	4.764363570330943E-9
237.35689216	1.089177E-4	2.3768502721566165E-9
237.358874624	5.251221E-5	1.1190515181169758E-9
237.360840704	-6.950841E-5	4.97226260165462E-10
237.362806784	-2.9923045E-5	2.0850139670347545E-10
237.364789248	6.0576676E-5	8.251254540736497E-11
237.366755328	5.3758187E-5	0.0
237.368737792	1.2101619E-4	0.0
237.370703872	1.3691651E-4	0.0
237.372669952	1.1009393E-4	5.736740596451462E-11
237.374652416	5.579275E-5	1.4801521119878203E-10
237.376618496	-7.352145E-5	3.60425966849931E-10
237.37860096	-9.995469E-5	8.28314528078522E-10
237.38056704	-2.5797439E-5	1.7965670062736194E-9
237.38253312	3.3843222E-5	3.677563809034723E-9
237.384515584	8.453357E-5	7.104707488991835E-9
237.386481664	7.802835E-5	1.2953821126870935E-8
237.388464128	1.0603063E-4	2.2290603141073007E-8
237.390430208	1.5325758E-4	3.6200496822402783E-8
237.392396288	1.0804136E-4	5.5485038785718643E-8
237.394378752	3.5584213E-5	8.026123765603188E-8
237.396344832	7.1095574E-6	1.313361366328536E-7
237.398327296	7.6196384E-6	1.9534289208422706E-7
237.400293376	5.8211845E-5	2.988980725149304E-7
237.402259456	2.9755807E-5	4.79050186186214E-7
237.40424192	-6.8851914E-5	8.034445500015863E-7
237.406208	-3.7541155E-5	1.3831756859872257E-6
237.408190464	2.8105489E-5	2.3813681764295325E-6
237.410156544	4.8008245E-5	4.0091135815600865E-6
237.412122624	1.4253071E-5	6.499471055576578E-6
237.414105088	-4.0099003E-5	1.0053164260170888E-5
237.416071168	-4.706018E-5	1.4759628356841858E-5
237.418053632	1.1511526E-5	2.0511348338914104E-5
237.420019712	9.449115E-5	2.69425490841968E-5
237.421985792	6.1161605E-5	3.3428394090151414E-5
237.423968256	7.572889E-5	3.916530476999469E-5
237.425934336	1.1326717E-4	4.332706157583743E-5
237.4279168	1.2726735E-4	4.525684198597446E-5
237.42988288	1.0861041E-4	4.463469304027967E-5
237.43184896	4.403374E-5	4.1562838305253536E-5
237.433831424	2.2958098E-5	3.653794919955544E-5
237.435797504	2.4841946E-5	3.032055428775493E-5
237.437779968	3.037502E-5	2.3748300009174272E-5
237.439746048	6.9603695E-5	1.7554575606482103E-5
237.441712128	5.881876E-5	1.2246183359820861E-5
237.443694592	4.827507E-5	8.063519089773763E-6
237.445660672	-5.164072E-5	5.013915142626502E-6
237.447643136	-8.603854E-5	2.9485854611266404E-6
237.449609216	-4.220263E-5	1.6472846482429304E-6
237.451575296	-2.9167995E-6	8.855184887579526E-7
237.45355776	5.8164305E-6	4.741476402614353E-7
237.45552384	3.574216E-5	2.7333055641065584E-7
237.457506304	8.430407E-5	1.8958256475798407E-7
237.459472384	6.358192E-5	1.6512773015620041E-7
237.461438464	-2.8106915E-5	1.662703255078668E-7
237.463420928	1.5972008E-5	1.6909702083012235E-7
237.465387008	3.0210831E-5	1.7708474331357138E-7
237.467369472	6.623094E-5	1.7514865646717226E-7
237.469335552	2.531142E-5	1.636111051084299E-7
237.471301632	2.73306E-5	1.4434394302043074E-7
237.473284096	8.45002E-5	1.2027156515159731E-7
237.475250176	2.5365174E-5	9.46464950857262E-8
237.47723264	3.0248186E-5	7.034303450836887E-8
237.47919872	1.428176E-5	4.937545128314014E-8
237.4811648	1.37860125E-5	3.2731946930653066E-8
237.483147264	-2.5737017E-6	2.0492755936629692E-8
237.485113344	1.1063004E-4	1.2116962544439502E-8
237.487095808	4.633668E-5	6.766255111756436E-9
237.489061888	6.51535E-5	3.5682876653453377E-9
237.491027968	-9.00853E-6	1.777156533044888E-9
237.493010432	-2.8440394E-5	8.358763126103952E-10
237.494976512	-3.31931E-5	3.712801732724813E-10
237.496958976	-7.1882445E-5	1.5574044831545564E-10
237.498925056	-1.7879145E-5	4.353774979426461E-11
237.500891136	3.7767204E-5	0.0
237.5028736	-3.6966965E-5	0.0
237.50483968	-9.893547E-7	0.0
237.506822144	-6.894562E-5	0.0
237.508788224	1.3790502E-5	0.0
237.510754304	4.882845E-5	0.0
237.512736768	6.935237E-5	0.0
237.514702848	3.493022E-5	0.0
237.516685312	-5.364788E-6	0.0
237.518651392	-7.936548E-6	0.0
237.520617472	-4.3509854E-6	0.0
237.522599936	1.317815E-5	0.0
237.524566016	3.3794997E-5	0.0
237.52654848	-6.1003047E-5	0.0
237.52851456	8.052165E-6	0.0
237.53048064	-3.973196E-6	0.0
237.532463104	-4.9764756E-5	0.0
237.534429184	3.207556E-6	0.0
237.536411648	8.5214626E-5	0.0
237.538377728	5.0137656E-5	0.0
237.540343808	4.5853965E-5	0.0
237.542326272	-1.9411447E-5	0.0
237.544292352	-4.8115535E-6	0.0
237.546274816	6.847754E-6	0.0
237.548240896	-4.1881493E-5	0.0
237.550206976	-9.891489E-6	0.0
237.55218944	1.1134704E-5	0.0
237.55415552	-7.8833276E-5	0.0
237.556137984	6.7320952E-6	0.0
237.558104064	5.2437586E-5	0.0
237.560070144	2.5966896E-5	0.0
237.562052608	-5.332963E-6	0.0
237.564018688	-5.780772E-5	0.0
237.566001152	-8.437512E-6	0.0
237.567967232	5.0153256E-5	0.0
237.569933312	1.0240227E-5	0.0
237.571915776	1.0461358E-5	0.0
237.573881856	5.882911E-6	0.0
237.57586432	-1.4354125E-5	0.0
237.5778304	-1.09663515E-5	0.0
237.57979648	4.51795E-5	0.0
237.581778944	5.6175202E-5	0.0
237.583745024	1.5468984E-5	0.0
237.585727488	9.209581E-6	0.0
237.587693568	-1.1265044E-5	0.0
237.589659648	-3.7372432E-5	0.0
237.591642112	-9.140945E-6	0.0
237.593608192	2.8387549E-5	0.0
237.595590656	1.4613871E-5	0.0
237.597556736	-3.4379613E-5	0.0
237.599522816	-5.7784153E-5	0.0
237.60150528	-1.0263499E-4	0.0
237.60347136	-6.011667E-5	0.0
237.605453824	1.3899853E-6	0.0
237.607419904	-2.843194E-5	0.0
237.609385984	1.70852E-5	0.0
237.611368448	4.375696E-5	0.0
237.613334528	1.204949E-4	0.0
237.615316992	1.6446943E-4	0.0
237.617283072	4.232607E-5	0.0
237.619265536	-8.946458E-6	0.0
237.621231616	-1.0071263E-5	0.0
237.623197696	-3.1113486E-5	0.0
237.62518016	-1.303698E-5	0.0
237.62714624	1.0681034E-5	0.0
237.629128704	1.6947752E-6	0.0
237.631094784	5.805189E-6	0.0
237.633060864	2.8506482E-5	0.0
237.635043328	7.618301E-5	0.0
237.637009408	8.509894E-5	0.0
237.638991872	-1.5555624E-6	0.0
237.640957952	-2.897402E-5	0.0
237.642924032	-7.1778186E-6	0.0
237.644906496	3.8505466E-5	3.2686023332395564E-10
237.646872576	3.1077443E-6	8.238336124399837E-10
237.64885504	-4.0918796E-5	1.959941764440032E-9
237.65082112	-1.2410251E-5	4.401179420909784E-9
237.6527872	2.816978E-5	9.328802619279486E-9
237.654769664	-3.7097052E-5	1.866415466622584E-8
237.656735744	3.0838137E-6	3.5246578988790134E-8
237.658718208	-5.7410643E-6	6.28272545100117E-8
237.660684288	-2.2486973E-5	1.0570798281150928E-7
237.662650368	2.7501017E-5	1.6787754475444672E-7
237.664632832	-6.655987E-6	2.516531196761207E-7
237.666598912	5.4387427E-5	3.560699610716256E-7
237.668581376	6.459795E-5	4.7554951265738055E-7
237.670547456	1.7354294E-5	5.994903062855883E-7
237.672513536	4.129223E-5	7.133371013878786E-7
237.674496	1.5120416E-5	8.011916747818759E-7
237.67646208	1.7473876E-6	8.496186865158961E-7
237.678444544	2.8172763E-5	8.50565754717536E-7
237.680410624	5.339295E-5	8.043629691201204E-7
237.682376704	8.148704E-5	7.192849693637982E-7
237.684359168	1.16031115E-4	6.099695610828348E-7
237.686325248	4.929743E-5	4.940872599945578E-7
237.688307712	-2.159395E-5	3.8902243204574916E-7
237.690273792	-3.1150383E-5	3.093746840931999E-7
237.692239872	1.3198559E-5	2.6568483235678286E-7
237.694222336	-5.7069765E-6	2.641443188622361E-7
237.696188416	1.48773115E-5	3.0664455152873415E-7
237.69817088	1.1581231E-7	3.906299355094234E-7
237.70013696	2.4927585E-6	5.086290570943675E-7
237.70210304	1.02628555E-5	6.479223202404683E-7
237.704085504	5.722364E-5	7.910657018328493E-7
237.706051584	6.23139E-5	9.178552886623947E-7
237.708034048	2.5114547E-5	1.0087018154081306E-6
237.710000128	-4.6174166E-5	1.0486721748748096E-6
237.711966208	2.8367294E-6	1.0307860520697432E-6
237.713948672	6.3683525E-5	9.581641506883898E-7
237.715914752	-9.380883E-7	8.420795438723871E-7
237.717897216	2.8311937E-5	6.99752547461685E-7
237.719863296	-3.3232907E-5	5.498588393493264E-7
237.721829376	2.0475389E-5	4.0860942362996866E-7
237.72381184	2.7319307E-5	2.871795743430994E-7
237.72577792	8.3793575E-6	1.909080395989804E-7
237.727760384	-2.7327485E-5	1.200534569534284E-7
237.729726464	-4.9795493E-5	7.143733427028565E-8
237.731692544	4.6603324E-7	4.025702438070766E-8
237.733675008	1.2134385E-5	2.1548020257000644E-8
237.735641088	-3.1087926E-5	1.107256775156884E-8
237.737623552	1.4729057E-5	5.665497404550024E-9
237.739589632	-2.4121546E-5	3.2049458642546824E-9
237.741555712	-6.2813946E-5	2.3939437099329552E-9
237.743538176	3.587863E-6	2.495804229951659E-9
237.745504256	9.750192E-6	3.0390003846747504E-9
237.74748672	5.8984597E-6	4.2442493963790184E-9
237.7494528	1.8468752E-5	5.73123326574887E-9
237.75141888	-3.4890276E-5	7.756955966442547E-9
237.753401344	1.7613442E-5	1.0852197362964944E-8
237.755367424	1.7561142E-5	1.6078217868198408E-8
237.757349888	6.746081E-5	2.5277412163404733E-8
237.759315968	4.110962E-5	4.1267270489697694E-8
237.761282048	1.5265767E-5	6.783489681083665E-8
237.763264512	-2.214851E-5	1.0936503969105615E-7
237.765230592	3.497226E-5	1.6995902285543707E-7
237.767213056	1.7281956E-5	2.5206495024576725E-7
237.769179136	-3.6589918E-5	3.5485618354869075E-7
237.771145216	1.7459432E-5	4.7288915538956644E-7
237.77312768	3.7174723E-5	5.956994755251799E-7
237.77509376	-1.0925679E-5	7.088398206178681E-7
237.777076224	-4.0918843E-5	7.964740689203609E-7
237.779042304	4.2818945E-5	8.453604891656141E-7
237.781008384	1.0032622E-5	8.472367767353717E-7
237.782990848	6.614024E-5	8.02443310021772E-7
237.784956928	2.8337126E-5	7.193769420155149E-7
237.786939392	-4.5684035E-5	6.128051950327063E-7
237.788905472	-2.673026E-5	5.006579044675163E-7
237.790871552	-4.0373263E-5	4.0059350681076467E-7
237.792854016	-2.5569258E-5	3.272633364304056E-7
237.794820096	-1.7565864E-5	2.9068877438476193E-7
237.79680256	5.369039E-6	2.9561050496340613E-7
237.79876864	3.189948E-5	3.413412628106016E-7
237.80073472	2.2958695E-5	4.217928903926804E-7
237.802717184	-4.107839E-5	5.257321618046262E-7
237.804683264	-8.008029E-5	6.376450301104342E-7
237.806665728	-2.4940724E-5	7.396226351374935E-7
237.808631808	-2.9603325E-5	8.143038598973362E-7
237.810597888	1.3567414E-6	8.483154374516744E-7
237.812580352	4.3666492E-5	8.351944984497095E-7
237.814546432	5.559173E-5	7.76623835463397E-7
237.816528896	5.8242476E-5	6.822774594184011E-7
237.818494976	5.835444E-5	5.661285626956669E-7
237.820461056	4.0834777E-5	4.4375187258083315E-7
237.82244352	4.4391614E-5	3.2864164722923306E-7
237.8244096	4.1872387E-5	2.3002314719633432E-7
237.826392064	1.8992578E-5	1.5220356885947695E-7
237.828358144	3.7831465E-5	9.524796240611977E-8
237.830324224	2.86512E-5	5.640017164409983E-8
237.832306688	-2.6780843E-5	3.1619965312756904E-8
237.834272768	-4.57531E-5	1.679663519382757E-8
237.836255232	2.3251538E-5	8.461547906790656E-9
237.838221312	6.715781E-5	4.0466860973253915E-9
237.840187392	6.513864E-5	1.8394789025322211E-9
237.842169856	7.109841E-6	7.958326220247613E-10
237.844135936	-8.108319E-6	3.2817779049842954E-10
237.8461184	-2.3966852E-5	3.6397166530699465E-11
237.84808448	-2.1330605E-5	1.6279241843442094E-11
237.85005056	1.2629717E-5	6.873177374466799E-12
237.852033024	1.4685939E-5	2.739283843158913E-12
237.853999104	3.385715E-6	0.0
237.855981568	-1.1231698E-5	0.0
237.857947648	2.6331727E-5	0.0
237.859913728	4.3165004E-5	0.0
237.861896192	3.5294775E-5	7.96011728754209E-11
237.863862272	5.2941214E-5	2.0030770098156125E-10
237.865844736	2.2467277E-5	4.758213822952939E-10
237.867810816	2.1165346E-5	1.067005372945573E-9
237.869776896	9.033945E-5	2.258692122225625E-9
237.87175936	5.505092E-5	4.513570850406268E-9
237.87372544	6.4809E-6	8.5144931105674E-9
237.875707904	-2.3348373E-5	1.5162330058160478E-8
237.877673984	-4.7922753E-5	2.5488727573019787E-8
237.879640064	4.6464957E-5	4.0448234983614384E-8
237.881622528	7.8778095E-5	6.059337209762816E-8
237.883588608	1.5374807E-4	8.568809306552794E-8
237.885571072	1.3073377E-4	1.1438999081292422E-7
237.887537152	1.2350144E-4	1.4415481075502612E-7
237.889503232	1.09658875E-4	1.7149102404800942E-7
237.891485696	2.2778964E-5	1.9258702366187208E-7
237.893451776	-1.2580894E-5	2.041666959939903E-7
237.89543424	-3.1078183E-5	2.0432233327483118E-7
237.89740032	9.258498E-5	1.9302775911000936E-7
237.8993664	6.203705E-5	1.7214577496815764E-7
237.901348864	7.6245495E-5	1.4492574962332583E-7
237.903314944	-3.1195077E-6	1.1517734321841999E-7
237.905297408	-4.2039526E-5	8.640949289429045E-8
237.907263488	-2.3636618E-5	6.119658024772434E-8
237.909229568	5.2974145E-5	4.091330652045144E-8
237.911212032	-6.0921293E-6	2.5821053739605304E-8
237.913178112	-2.8420698E-5	1.5383495366450006E-8
237.915160576	-3.3041586E-5	8.65183658049773E-9
237.917126656	6.279423E-5	4.5933896686278786E-9
237.919092736	1.9376806E-5	2.30214203256196E-9
237.9210752	-6.6876484E-5	1.089185297509232E-9
237.92304128	6.0056474E-5	4.864554314920611E-10
237.925023744	6.931931E-5	2.050956487975597E-10
237.926989824	4.604285E-5	8.162863440741575E-11
237.928972288	-3.2616583E-5	0.0
237.930938368	-3.0172203E-5	0.0
237.932904448	1.1017908E-4	3.771264189822432E-9
237.934886912	8.879056E-6	9.348602780789861E-9
237.936852992	1.7521787E-5	2.1877280431681356E-8
237.938835456	2.0389998E-5	4.8331529001188756E-8
237.940801536	5.6876357E-5	1.0079726564526936E-7
237.942767616	1.2825972E-5	1.9845009546770598E-7
237.94475008	7.309137E-6	3.6884148357785307E-7
237.94671616	6.533806E-5	6.471503297689196E-7
237.948698624	3.111225E-5	1.071885662895511E-6
237.950664704	5.839025E-5	1.6759836398705374E-6
237.952630784	5.3976495E-5	2.473793983881478E-6
237.954613248	1.6223139E-6	3.446936261752853E-6
237.956579328	7.95905E-5	4.534029812930385E-6
237.958561792	8.7732415E-6	5.630156920233276E-6
237.960527872	4.6505003E-5	6.600119377253577E-6
237.962493952	4.902659E-5	7.304443442990305E-6
237.964476416	2.428222E-5	7.631917469552718E-6
237.966442496	-7.209367E-6	7.5282582656654995E-6
237.96842496	4.0304505E-5	7.010814442764968E-6
237.97039104	2.0550891E-5	6.163831130834296E-6
237.97235712	6.0061597E-5	5.116020929563092E-6
237.974339584	5.1508374E-5	4.012628323835088E-6
237.976305664	1.0526133E-4	2.9749223813269055E-6
237.978288128	1.0615354E-5	2.093147941195639E-6
237.980254208	1.0096185E-5	1.4145582554192515E-6
237.982220288	-2.6496098E-5	9.525028872303665E-7
237.984202752	-1.3001757E-5	7.012421292529325E-7
237.986168832	-2.7445109E-5	6.512279924208997E-7
237.988151296	9.344958E-7	7.994344741746318E-7
237.990117376	3.2821386E-5	1.1515595588207361E-6
237.992083456	4.4379158E-5	1.7154496845250833E-6
237.99406592	3.0125033E-5	2.4878363547031768E-6
237.996032	3.0076357E-5	3.4388388030492933E-6
237.998014464	5.8931713E-5	4.50038032795419E-6
237.999980544	1.3155525E-4	5.564061211771332E-6
238.001946624	1.5470367E-4	6.497856702480931E-6
238.003929088	1.3635527E-4	7.164092949096812E-6
238.005895168	8.1176324E-5	7.457130777765997E-6
238.007877632	8.954391E-6	7.3283249548694585E-6
238.009843712	2.0893996E-5	6.799213679187233E-6
238.011809792	4.904491E-5	5.95564097238821E-6
238.013792256	7.0127026E-5	4.92499793836032E-6
238.015758336	8.680745E-5	3.8448711165983696E-6
238.0177408	5.4558586E-5	2.836970452335663E-6
238.01970688	8.285618E-5	1.979758280867827E-6
238.02167296	6.978271E-5	1.3143049955033348E-6
238.023655424	3.289301E-5	8.46027035095176E-7
238.025621504	-1.4384422E-5	5.605024853139184E-7
238.027603968	-7.025751E-6	4.391190202568396E-7
238.029570048	2.5705209E-5	4.7116191126406193E-7
238.031536128	7.62731E-5	6.596302455363912E-7
238.033518592	8.9058296E-5	1.0196494031333714E-6
238.035484672	8.6077394E-5	1.5698274182796013E-6
238.037467136	5.440681E-5	2.3182149107014993E-6
238.039433216	-5.5741975E-6	3.246477035645512E-6
238.041399296	-2.9607865E-5	4.296686711313669E-6
238.04338176	-2.9975636E-5	5.372218311094912E-6
238.04534784	-3.6735597E-5	6.341402695397846E-6
238.047330304	NaN	7.067038495733868E-6
238.049296384	NaN	7.435623956553172E-6
238.051262464	NaN	7.386327979475027E-6
238.053244928	NaN	6.92740877639153E-6
238.055211008	NaN	6.133930128271459E-6
238.057193472	NaN	5.127735221321927E-6
238.059159552	NaN	4.046891262987629E-6
238.061125632	NaN	3.015225729541271E-6
238.063108096	NaN	2.120867520716274E-6
238.065074176	NaN	1.4083205996939796E-6
238.06705664	NaN	8.828386057757598E-7
238.06902272	NaN	5.224647452450881E-7
238.0709888	NaN	2.9189581596256176E-7
238.072971264	NaN	1.5395691832509328E-7
238.074937344	NaN	7.666056234256757E-8
238.076919808	NaN	3.603671672181008E-8
238.078885888	NaN	1.5992782209650613E-8
238.080851968	NaN	6.70046240713873E-9
