220.033335296	1.878087E-4	2.2619344690610887E-6
220.0313856	1.3931602E-4	1.2042419257340953E-6
220.029435904	-9.9858684E-5	6.184279754961608E-7
220.027469824	-7.879263E-5	3.0634262770945497E-7
220.025520128	-5.4186916E-5	1.4637595313615748E-7
220.023570432	7.787061E-5	0.0
220.021604352	7.988774E-5	0.0
220.019654656	-1.6063184E-4	0.0
220.01770496	1.44093E-4	0.0
220.01573888	3.543245E-5	0.0
220.013789184	1.7831862E-6	0.0
220.011839488	-7.7457466E-5	0.0
220.009889792	2.1811837E-4	0.0
220.007923712	-2.9803085E-5	0.0
220.005974016	-4.5131026E-5	0.0
220.00402432	5.6390585E-5	0.0
220.00205824	2.6648567E-4	0.0
220.000108544	2.4826365E-4	2.0077509077509603E-7
219.998158848	1.0670099E-5	3.6389832303029834E-7
219.996192768	-7.783739E-5	6.452751222241204E-7
219.994243072	-1.7962628E-4	1.1194433682248928E-6
219.992293376	-4.576712E-5	1.8999751318915514E-6
219.99034368	-2.6907719E-5	3.1548147489957046E-6
219.9883776	5.997315E-5	5.124746166984551E-6
219.986427904	1.9696791E-4	8.1438720371807E-6
219.984478208	1.0547396E-4	1.2659983440244105E-5
219.982512128	5.0112423E-5	1.9251188859925605E-5
219.980562432	2.8310105E-4	2.863364716176875E-5
219.978612736	1.699052E-4	4.165430800640024E-5
219.976646656	3.7356214E-5	5.926102676312439E-5
219.97469696	-7.788733E-5	8.244549098890275E-5
219.972747264	-3.4509583E-5	1.121542154578492E-4
219.970797568	1.1527973E-6	1.491703005740419E-4
219.968831488	2.7283042E-4	1.9397430878598243E-4
219.966881792	4.7583896E-4	2.4660048075020313E-4
219.964932096	1.942155E-4	3.065104247070849E-4
219.962966016	4.8233714E-4	3.72509442968294E-4
219.96101632	4.928917E-4	4.427263920661062E-4
219.959066624	5.2141567E-4	5.146756302565336E-4
219.957100544	4.044844E-4	5.85394271183759E-4
219.955150848	4.564671E-4	6.516476278193295E-4
219.953201152	7.973655E-4	7.101766532287002E-4
219.951251456	7.742799E-4	7.579546072520316E-4
219.949285376	9.6092286E-4	7.924280944280326E-4
219.94733568	6.817384E-4	8.117170073091984E-4
219.945385984	7.8129914E-4	8.147566113620996E-4
219.943419904	7.02975E-4	8.013787446543574E-4
219.941470208	9.65962E-4	7.723227026872337E-4
219.939520512	9.180577E-4	7.291824440471828E-4
219.937554432	8.1172044E-4	6.742835394106805E-4
219.935604736	5.620978E-4	6.105041247792542E-4
219.93365504	5.179436E-4	5.410477751865983E-4
219.931705344	3.5781722E-4	4.691879148595035E-4
219.929739264	2.1659123E-4	3.9801420643925667E-4
219.927789568	1.5380542E-4	3.3020859700627625E-4
219.925839872	3.878945E-4	2.6787962997332215E-4
219.923873792	-6.07209E-5	2.1247296535875648E-4
219.921924096	4.3814704E-5	1.6476231394335628E-4
219.9199744	2.0363153E-4	1.2491154484450817E-4
219.91800832	1.3969309E-4	9.258811769541353E-5
219.916058624	3.922694E-4	6.710361776640639E-5
219.914108928	4.2151957E-4	4.755660847877152E-5
219.912159232	1.863669E-4	3.2960131647996604E-5
219.910193152	1.3920764E-5	2.2341646399581805E-5
219.908243456	2.0270987E-4	1.481246181356255E-5
219.90629376	1.169262E-4	9.606207640899811E-6
219.90432768	1.9845873E-4	6.0941461015318055E-6
219.902377984	1.7361279E-4	3.782058229262475E-6
219.900428288	2.3686868E-4	2.296210595886805E-6
219.898462208	2.2989867E-4	1.3638735936183366E-6
219.896512512	9.644782E-5	7.925417548904079E-7
219.894562816	4.3024243E-5	4.5056853537062125E-7
219.892596736	8.959561E-5	2.506070870822441E-7
219.89064704	2.9438694E-5	0.0
219.888697344	1.065253E-6	0.0
219.886747648	1.5031308E-4	0.0
219.884781568	-1.1162478E-4	0.0
219.882831872	1.4232699E-4	0.0
219.880882176	4.475627E-5	0.0
219.878916096	-8.550764E-5	0.0
219.8769664	-4.4387365E-5	0.0
219.875016704	1.6717153E-4	0.0
219.873050624	8.964299E-5	0.0
219.871100928	2.2108614E-4	0.0
219.869151232	1.4457159E-4	0.0
219.867201536	5.19448E-5	0.0
219.865235456	1.04193394E-4	0.0
219.86328576	-3.228477E-5	0.0
219.861336064	1.3727212E-4	0.0
219.859369984	-1.7355726E-5	0.0
219.857420288	8.253223E-5	0.0
219.855470592	2.6384852E-4	0.0
219.853504512	1.4965335E-4	0.0
219.851554816	-5.0460345E-5	0.0
219.84960512	1.1422957E-5	0.0
219.847655424	-8.119201E-5	0.0
219.845689344	-8.1842656E-5	0.0
219.843739648	-2.2679631E-5	0.0
219.841789952	1.2488634E-4	0.0
219.839823872	2.8633833E-4	0.0
219.837874176	1.0509841E-4	0.0
219.83592448	9.720149E-5	0.0
219.8339584	4.6804947E-5	0.0
219.832008704	3.7908849E-6	1.1743806993536055E-7
219.830059008	-1.1926186E-4	2.6036104827653617E-7
219.828109312	-1.2388983E-4	5.535774789677816E-7
219.826143232	6.574595E-5	1.1287705774520873E-6
219.824193536	-1.2873241E-4	2.207195393566508E-6
219.82224384	-9.353273E-5	4.138626081839902E-6
219.82027776	-1.7857004E-4	7.440679837600328E-6
219.818328064	8.575111E-5	1.2824828445445746E-5
219.816378368	6.3800886E-5	2.1188609025557525E-5
219.814412288	-4.926144E-5	3.354930231580511E-5
219.812462592	-8.0402793E-7	5.0899412599392235E-5
219.810512896	-9.855239E-5	7.398174057016149E-5
219.8085632	1.8418936E-5	1.0301281145075336E-4
219.80659712	9.082484E-5	1.3741888687945902E-4
219.804647424	1.4889723E-4	1.7567155009601265E-4
219.802697728	2.8133875E-4	2.153031382476911E-4
219.800731648	2.9067165E-4	2.531367354094982E-4
219.798781952	4.181979E-4	2.857048821169883E-4
219.796832256	1.8270005E-4	3.09764058329165E-4
219.794866176	2.4243939E-4	3.227975976187736E-4
219.79291648	4.0891458E-4	3.2340676989406347E-4
219.790966784	3.6753452E-4	3.1152559677138925E-4
219.789017088	2.8257264E-4	2.88431067019701E-4
219.787051008	2.4059141E-4	2.5654712226241827E-4
219.785101312	1.5268492E-4	2.190680825151503E-4
219.783151616	1.5166221E-4	1.7946326988749206E-4
219.781185536	9.5660034E-5	1.4095744700171053E-4
219.77923584	1.7793366E-4	1.0635214857757092E-4
219.777286144	-3.4095494E-5	7.70421393099241E-5
219.775320064	-1.1943025E-4	5.392747698351741E-5
219.773370368	-6.5498225E-6	3.706840652739629E-5
219.771420672	3.5978905E-5	2.6127723685931414E-5
219.769454592	3.111321E-5	2.064355430775322E-5
219.767504896	2.2128382E-4	2.0429562937351875E-5
219.7655552	7.6572695E-5	2.5657091100583784E-5
219.763605504	1.8851419E-5	3.70628185919486E-5
219.761639424	1.375266E-4	5.586968472925946E-5
219.759689728	8.689559E-5	8.365092799067497E-5
219.757740032	3.2567146E-4	1.2205604434711859E-4
219.755773952	2.1924399E-4	1.7242621106561273E-4
219.753824256	2.0420755E-4	2.3528681776951998E-4
219.75187456	2.914975E-4	3.101540496572852E-4
219.74990848	4.7477515E-4	3.947524237446487E-4
219.747958784	5.88632E-4	4.8525093006901443E-4
219.746009088	5.435468E-4	5.764407687820494E-4
219.744059392	7.3236664E-4	6.61782396491617E-4
219.742093312	6.709103E-4	7.346583879552782E-4
219.740143616	7.219633E-4	7.889553671702743E-4
219.73819392	8.379252E-4	8.200229494832456E-4
219.73622784	6.8360026E-4	8.25429568067193E-4
219.734278144	6.7645445E-4	8.054438512772322E-4
219.732328448	8.135826E-4	7.631593034602702E-4
219.730362368	6.017716E-4	7.042122888378799E-4
219.728412672	6.192809E-4	6.361403502523899E-4
219.726462976	7.447955E-4	5.67448150832206E-4
219.72451328	7.0838985E-4	5.065388977527618E-4
219.7225472	2.7624267E-4	4.6063843183219433E-4
219.720597504	3.9919087E-4	4.3487947550602257E-4
219.718647808	5.1080674E-4	4.3164624366909266E-4
219.716681728	5.1571586E-4	4.5028224121779203E-4
219.714732032	4.822694E-4	4.8719116603024304E-4
219.712782336	7.666902E-4	5.36551873665303E-4
219.710816256	6.248728E-4	5.905090365558863E-4
219.70886656	5.669529E-4	6.410356727428734E-4
219.706916864	7.2266645E-4	6.806113524362445E-4
219.704967168	7.1396393E-4	7.033694419078529E-4
219.703001088	5.9579225E-4	7.05910031683743E-4
219.701051392	4.208475E-4	6.877650157548487E-4
219.699101696	4.0631002E-4	6.514571723528206E-4
219.697135616	5.278589E-4	6.0214230325073E-4
219.69518592	5.6408247E-4	5.467737792059779E-4
219.693236224	3.983933E-4	4.935655160807073E-4
219.691270144	4.0647545E-4	4.5007449807599187E-4
219.689320448	5.6553987E-4	4.226166056469083E-4
219.687370752	5.187715E-4	4.15280694141984E-4
219.685421056	6.232735E-4	4.2919517727568746E-4
219.683454976	4.938575E-4	4.624356224667281E-4
219.68150528	5.1071827E-4	5.102709401398897E-4
219.679555584	6.5300014E-4	5.658372538164258E-4
219.677589504	4.0771562E-4	6.21114275418222E-4
219.675639808	4.0770957E-4	6.680452497676015E-4
219.673690112	6.573613E-4	6.9963134592399E-4
219.671724032	6.024241E-4	7.108378340490162E-4
219.669774336	7.746012E-4	6.991841364651918E-4
219.66782464	6.372728E-4	6.649426068179309E-4
219.665874944	4.603385E-4	6.109322421252728E-4
219.663908864	5.8870384E-4	5.419528461061418E-4
219.661959168	4.110408E-4	4.639677354134619E-4
219.660009472	4.054355E-4	3.8310367381200194E-4
219.658043392	2.8672017E-4	3.0517432605847716E-4
219.656093696	3.088272E-4	2.3438985226675868E-4
219.654144	1.9678095E-4	1.7355696763843298E-4
219.65217792	3.5768136E-4	1.2389077164698392E-4
219.650228224	3.972238E-4	8.525772136636078E-5
219.648278528	1.5659182E-4	5.656482244376093E-5
219.646328832	2.9156387E-5	3.618315895437263E-5
219.644362752	-3.2246877E-5	2.2317453840514645E-5
219.642413056	1.5446852E-4	1.3273654985823669E-5
219.64046336	1.1577998E-4	7.613238267367706E-6
219.63849728	-1.2877607E-4	4.2111414586543106E-6
219.636547584	-1.2809096E-4	2.246446911158273E-6
219.634597888	2.2422342E-5	1.1557625612113043E-6
219.632631808	5.1002302E-5	5.734857495554024E-7
219.630682112	1.342487E-4	2.744497464846063E-7
219.628732416	4.2153773E-4	0.0
219.626766336	2.2399676E-4	0.0
219.62481664	1.9669562E-4	0.0
219.622866944	1.7167424E-4	0.0
219.620917248	-7.17608E-5	0.0
219.618951168	1.7048867E-4	0.0
219.617001472	1.521699E-4	0.0
219.615051776	7.562542E-5	0.0
219.613085696	1.8208014E-4	0.0
219.611136	3.6133155E-5	0.0
219.609186304	2.2556534E-4	0.0
219.607220224	2.1072192E-4	0.0
219.605270528	1.182098E-4	0.0
219.603320832	1.600518E-5	0.0
219.601371136	-1.4876312E-5	0.0
219.599405056	-1.5396514E-4	0.0
219.59745536	-2.5531492E-4	0.0
219.595505664	-2.7751963E-5	0.0
219.593539584	-1.4303287E-4	0.0
219.591589888	6.2354775E-5	0.0
219.589640192	1.332637E-4	4.304788774334156E-7
219.587674112	-4.318619E-5	1.11392728285864E-6
219.585724416	-2.8727281E-6	2.718566520343302E-6
219.58377472	-2.8744177E-4	6.257023414946161E-6
219.581825024	8.41851E-6	1.3579689039033838E-5
219.579858944	1.7777138E-5	2.7785450583905913E-5
219.577909248	4.806363E-5	5.3581017709802836E-5
219.575959552	2.7972792E-5	9.73385467659682E-5
219.573993472	3.285858E-4	1.664997253101319E-4
219.572043776	4.2193948E-4	2.6804974186234176E-4
219.57009408	4.3062126E-4	4.0594773599877954E-4
219.568128	7.977144E-4	5.783807137049735E-4
219.566178304	6.7933026E-4	7.756880950182676E-4
219.564228608	8.64029E-4	9.803883731365204E-4
219.562278912	0.0010006202	0.0011697327718138695
219.560312832	0.0013065855	0.0013200847897678614
219.558363136	0.0014310458	0.0014116608072072268
219.55641344	0.0014172527	0.0014323877403512597
219.55444736	0.0014572784	0.0013796959538012743
219.552497664	0.0013816624	0.0012613541912287474
219.550547968	0.0010849058	0.0010939817875623703
219.548581888	8.352558E-4	9.001611615531147E-4
219.546632192	8.2613534E-4	7.040663622319698E-4
219.544682496	4.993303E-4	5.266808439046144E-4
219.5427328	2.6697473E-4	3.8216187385842204E-4
219.54076672	2.531553E-4	2.764930541161448E-4
219.538817024	3.4650235E-4	2.0861889061052352E-4
219.536867328	-8.0022735E-5	1.7296089208684862E-4
219.534901248	-8.33241E-5	1.6225827857851982E-4
219.532951552	6.200915E-6	1.696256222203374E-4
219.531001856	7.3046125E-5	1.8927005294244736E-4
219.529035776	1.4163106E-4	2.1691760048270226E-4
219.52708608	1.296319E-4	2.492812345735729E-4
219.525136384	3.6443718E-4	2.8364156605675817E-4
219.523186688	4.250721E-4	3.172779397573322E-4
219.521220608	3.7307345E-4	3.485494526103139E-4
219.519270912	3.455461E-4	3.7488059024326503E-4
219.517321216	4.235849E-4	3.94859496736899E-4
219.515355136	4.6864134E-4	4.0788683691062033E-4
219.51340544	3.1747663E-4	4.1440175846219063E-4
219.511455744	3.5157864E-4	4.158947558607906E-4
219.509489664	3.6522007E-4	4.1467673145234585E-4
219.507539968	2.8719677E-4	4.134259361308068E-4
219.505590272	3.1919364E-4	4.146041173953563E-4
219.503624192	3.098073E-4	4.198771493975073E-4
219.501674496	2.8285844E-4	4.296853148844093E-4
219.4997248	3.097605E-4	4.430768603924662E-4
219.497775104	4.6872644E-4	4.5785217662341893E-4
219.495809024	2.3771176E-4	4.70982922706753E-4
219.493859328	1.8091506E-4	4.791986139025539E-4
219.491909632	3.507727E-4	4.796082794200629E-4
219.489943552	2.762556E-4	4.7021385398693383E-4
219.487993856	1.6900286E-4	4.502193769440055E-4
219.48604416	2.9686542E-4	4.2015837971121073E-4
219.48407808	1.8144684E-4	3.816555254161358E-4
219.482128384	9.876099E-5	3.3717561746016145E-4
219.480178688	1.6434636E-4	2.8958736220374703E-4
219.478228992	-9.039889E-5	2.4174695136025548E-4
219.476262912	2.845545E-5	1.9614807388279587E-4
219.474313216	2.244616E-4	1.5482617891393602E-4
219.47236352	3.5603698E-5	1.1881301907123998E-4
219.47039744	1.6693427E-4	8.892315236153081E-5
219.468447744	-5.8998594E-5	6.512561230920255E-5
219.466498048	-6.889768E-5	4.716114926850423E-5
219.464531968	2.9668963E-5	3.46066735801287E-5
219.462582272	-1.2351741E-4	2.7050455173593946E-5
219.460632576	-1.2711069E-4	2.4228469555964693E-5
219.45868288	-6.224472E-5	2.6104906282853335E-5
219.4567168	-2.6888452E-5	3.2885891414480284E-5
219.454767104	2.2870587E-4	4.494578024605289E-5
219.452817408	3.221927E-5	6.275322812143713E-5
219.450851328	1.3721519E-4	8.656784484628588E-5
219.448901632	7.3793395E-5	1.1643396283034235E-4
219.446951936	1.578257E-4	1.5149445971474051E-4
219.444985856	7.4059055E-5	1.9051888375543058E-4
219.44303616	9.2443945E-5	2.313309087185189E-4
219.441086464	7.541157E-5	2.712905697990209E-4
219.439136768	4.5432644E-5	3.0740658985450864E-4
219.437170688	3.026927E-4	3.3700407948344946E-4
219.435220992	2.4892477E-4	3.580169868655503E-4
219.433271296	2.2766233E-4	3.695156774483621E-4
219.431305216	2.3988582E-4	3.7193531170487404E-4
219.42935552	4.5193575E-4	3.670889127533883E-4
219.427405824	4.6732934E-4	3.579073818400502E-4
219.425439744	2.958321E-4	3.479357692413032E-4
219.423490048	2.0025327E-4	3.4067610977217555E-4
219.421540352	3.441843E-4	3.389044140931219E-4
219.419590656	2.692347E-4	3.4412104287184775E-4
219.417624576	3.1719118E-4	3.562503552529961E-4
219.41567488	4.7175091E-4	3.7365962634794414E-4
219.413725184	1.7219613E-4	3.934945852961391E-4
219.411759104	2.3399625E-4	4.122344544157386E-4
219.409809408	5.3406955E-4	4.263473383616656E-4
219.407859712	3.806805E-4	4.3289692257530987E-4
219.405893632	4.123884E-4	4.299907886888832E-4
219.403943936	5.0313055E-4	4.16996655985713E-4
219.40199424	5.61156E-4	3.945180505979806E-4
219.400044544	4.1558227E-4	3.641635412350297E-4
219.398078464	3.6406604E-4	3.2818224281072617E-4
219.396128768	3.7368812E-4	2.890608739107847E-4
219.394179072	1.9512145E-4	2.4915969697758555E-4
219.392212992	2.4659402E-4	2.1045260655228049E-4
219.390263296	3.2381545E-4	1.7434376059100032E-4
219.3883136	1.3529143E-4	1.4187840861268342E-4
219.38634752	1.8724293E-4	1.1341778736095876E-4
219.384397824	1.6477698E-4	8.90653973328881E-5
219.382448128	1.2738904E-4	6.86758867232129E-5
219.380482048	-3.7939644E-5	5.19519489898812E-5
219.378532352	-1.0868011E-4	3.851406290777959E-5
219.376582656	-1.7160031E-5	2.794557440211065E-5
219.37463296	7.496791E-5	1.9820883608190343E-5
219.37266688	8.320336E-5	1.3724972632189747E-5
219.370717184	7.0908856E-5	9.268198482459411E-6
219.368767488	1.18109216E-4	6.097448022046592E-6
219.366801408	1.3398571E-4	3.904903678630944E-6
219.364851712	1.2454746E-4	2.385539119131863E-6
219.362902016	1.7580815E-4	1.452737251383951E-6
219.360935936	4.3755914E-5	8.58516159496503E-7
219.35898624	3.8882186E-5	4.923512619825487E-7
219.357036544	2.3523072E-4	2.740102900133934E-7
219.355086848	1.4574575E-4	1.4798986569530825E-7
219.353120768	-6.694219E-5	7.756547404369485E-8
219.351171072	1.0237429E-4	3.945251236814329E-8
219.349221376	1.7695484E-4	0.0
219.347255296	-4.7149668E-5	0.0
219.3453056	-4.6956757E-6	0.0
219.343355904	-1.13346854E-4	0.0
219.341389824	-1.6472209E-4	0.0
219.339440128	-2.1012686E-4	0.0
219.337490432	-2.9884284E-5	0.0
219.335540736	-1.8148514E-5	0.0
219.333574656	-1.13751456E-4	0.0
219.33162496	3.046827E-5	0.0
219.329675264	-1.6828766E-4	0.0
219.327709184	-9.054057E-5	0.0
219.325759488	-4.0228835E-5	0.0
219.323809792	6.5630586E-5	0.0
219.321843712	1.05012376E-4	0.0
219.319894016	-8.172135E-5	0.0
219.31794432	1.1206586E-4	0.0
219.315994624	5.142489E-5	0.0
219.314028544	9.887263E-5	3.428054995424645E-8
219.312078848	-3.903517E-5	7.249191469327343E-8
219.310129152	8.871366E-6	1.4783027779685654E-7
219.308163072	8.404516E-5	2.9071460971863416E-7
219.306213376	1.7225725E-4	5.513127234735293E-7
219.30426368	2.4412299E-4	1.0082146673084935E-6
219.3022976	4.4500273E-5	1.7779772178982967E-6
219.300347904	1.5389983E-4	3.0234978112275712E-6
219.298398208	-1.1675928E-4	4.9578329708310775E-6
219.296448512	-9.122544E-5	7.839040335966274E-6
219.294482432	-1.0515278E-5	1.1951078704441898E-5
219.292532736	8.231255E-5	1.7567555914865807E-5
219.29058304	2.3882877E-4	2.4898039555409923E-5
219.28861696	-5.0477167E-5	3.4022345062112436E-5
219.286667264	-1.2344122E-4	4.4824337237514555E-5
219.284717568	5.3457734E-5	5.694181891158223E-5
219.282751488	9.1312155E-5	6.975041469559073E-5
219.280801792	1.6776199E-4	8.239525777753443E-5
219.278852096	1.6867899E-4	9.387438331032172E-5
219.2769024	1.6866572E-4	1.0316501720808446E-4
219.27493632	2.1159305E-4	1.0937125625787303E-4
219.272986624	1.6756175E-4	1.1186421033926308E-4
219.271036928	1.5489425E-4	1.1038481898140162E-4
219.269070848	2.6630802E-4	1.0508721607038751E-4
219.267121152	-7.899205E-5	9.651296568335965E-5
219.265171456	2.4586154E-5	8.550161146558821E-5
219.263205376	8.7784305E-5	7.30576430214569E-5
219.26125568	-8.798263E-5	6.020176442689262E-5
219.259305984	1.09870154E-4	4.783663462148979E-5
219.257356288	1.293816E-4	3.66510430467315E-5
219.255390208	-3.8629638E-5	2.7074831450590864E-5
219.253440512	-7.212081E-5	1.933366911543999E-5
219.251490816	6.57257E-5	1.3349320397537667E-5
219.249524736	6.65264E-5	8.989113666757476E-6
219.24757504	9.8100914E-5	6.076489171391586E-6
219.245625344	2.4385349E-4	4.422516667546006E-6
219.243659264	2.456095E-4	3.886872946168296E-6
219.241709568	1.5940162E-4	4.524566520558437E-6
219.239759872	2.1493138E-4	6.5474196162540466E-6
219.237793792	1.8697401E-4	1.0377245416748337E-5
219.235844096	2.749933E-5	1.6662199413985945E-5
219.2338944	-1.1338824E-4	2.6268495275871828E-5
219.231944704	5.3691612E-5	4.0234368498204276E-5
219.229978624	-3.189542E-5	5.965338641544804E-5
219.228028928	2.2051897E-4	8.560670539736748E-5
219.226079232	3.113533E-4	1.1880081001436338E-4
219.224113152	3.952991E-4	1.5945170889608562E-4
219.222163456	1.4827208E-4	2.070162445306778E-4
219.22021376	6.8252026E-5	2.6002738741226494E-4
219.21824768	3.308204E-4	3.160511841997504E-4
219.216297984	2.3924297E-4	3.7179869832471013E-4
219.214348288	2.9744877E-4	4.234096559230238E-4
219.212398592	3.7510094E-4	4.668713372666389E-4
219.210432512	1.9808783E-4	4.990696907043457E-4
219.208482816	7.239001E-5	5.166722112335265E-4
219.20653312	4.237383E-5	5.186560447327793E-4
219.20456704	1.632885E-4	5.053039640188217E-4
219.202617344	-8.0600785E-6	4.787579528056085E-4
219.200667648	2.4053088E-4	4.428421088960022E-4
219.198701568	2.765776E-4	4.028335679322481E-4
219.196751872	2.9426353E-4	3.650633152574301E-4
219.194802176	1.353253E-4	3.364114963915199E-4
219.19285248	3.2069703E-4	3.237163182348013E-4
219.1908864	4.0588313E-4	3.331191837787628E-4
219.188936704	4.2120804E-4	3.6935610114596784E-4
219.186987008	5.8356946E-4	4.350287781562656E-4
219.185020928	5.085172E-4	5.299386684782803E-4
219.183071232	9.1400807E-4	6.50625501293689E-4
219.181121536	0.0010999814	7.90255144238472E-4
219.179155456	7.429133E-4	9.390008635818958E-4
219.17720576	6.683049E-4	0.0010849941754713655
219.175256064	8.3910447E-4	0.001215487951412797
219.173306368	0.001086764	0.0013185731368139386
219.171340288	0.0012583754	0.001384545350447297
219.169390592	0.0011951863	0.0014072323683649302
219.167440896	0.0012309127	0.0013844453496858478
219.165474816	0.0011547599	0.0013186584692448378
219.16352512	7.290361E-4	0.0012163609499111772
219.161575424	6.4831803E-4	0.0010873901192098856
219.159609344	7.578078E-4	9.438859415240586E-4
219.157659648	4.536608E-4	7.984944968484342E-4
219.155709952	4.359297E-4	6.631637224927545E-4
219.153760256	3.0187535E-4	5.47738338354975E-4
219.151794176	3.4219568E-4	4.5900308759883046E-4
219.14984448	3.9258524E-4	4.0015604463405907E-4
219.147894784	2.4494535E-4	3.707291034515947E-4
219.145928704	3.5380764E-4	3.66895052138716E-4
219.143979008	2.0803761E-4	3.821321006398648E-4
219.142029312	3.78748E-4	4.081756924279034E-4
219.140063232	6.3699164E-4	4.3619220377877355E-4
219.138113536	5.08574E-4	4.580155073199421E-4
219.13616384	3.6044844E-4	4.672716313507408E-4
219.134214144	3.3016567E-4	4.601867694873363E-4
219.132248064	3.117327E-4	4.35932568507269E-4
219.130298368	1.9021175E-4	3.964496136177331E-4
219.128348672	2.2645522E-4	3.457960847299546E-4
219.126382592	2.8504088E-4	2.89033108856529E-4
219.124432896	1.3527746E-4	2.3187167244032025E-4
219.1224832	2.697041E-4	1.7846589616965503E-4
219.12051712	1.6968435E-4	1.3195417704991996E-4
219.118567424	1.1625949E-4	9.399282862432301E-5
219.116617728	8.378113E-5	6.481318268924952E-5
219.114651648	4.2922962E-5	4.377287041279487E-5
219.112701952	2.3967127E-4	2.977078293042723E-5
219.110752256	3.9810948E-5	2.1640220438712277E-5
219.10880256	5.589419E-5	1.8414983060210943E-5
219.10683648	3.6412912E-6	1.945579788298346E-5
219.104886784	1.3011362E-4	2.4457980543957092E-5
219.102937088	9.3185045E-5	3.336774170747958E-5
219.100971008	8.161429E-5	4.6236968046287075E-5
219.099021312	1.5223568E-4	6.301245593931526E-5
219.097071616	6.526772E-5	8.35016107885167E-5
219.095105536	3.086805E-6	1.069613135769032E-4
219.09315584	7.610098E-5	1.3223628047853708E-4
219.091206144	3.0202611E-5	1.5768043522257358E-4
219.089256448	4.238105E-5	1.8138049927074462E-4
219.087290368	1.251726E-4	2.012223267229274E-4
219.085340672	2.0616857E-4	2.1531141828745604E-4
219.083390976	7.685337E-5	2.2222287952899933E-4
219.081424896	2.4924142E-4	2.2123493545223027E-4
219.0794752	2.578033E-4	2.124516904586926E-4
219.077525504	1.6355485E-4	1.9678502576425672E-4
219.075559424	3.864363E-4	1.7580138228368014E-4
219.073609728	2.1417002E-4	1.5146615623962134E-4
219.071660032	7.7908444E-5	1.2584513751789927E-4
219.069710336	3.1214724E-5	1.0082153312396258E-4
219.067744256	1.5674712E-4	7.788227958371863E-5
219.06579456	8.041091E-5	5.800650978926569E-5
219.063844864	1.3509399E-4	4.16542861785274E-5
219.061878784	2.3612712E-4	2.887608206947334E-5
219.059929088	4.164123E-5	1.9329936549183913E-5
219.057979392	-1.0199479E-4	1.2553023225336801E-5
219.056013312	1.0707934E-5	8.013133083295543E-6
219.054063616	1.1358114E-5	5.223751031735446E-6
219.05211392	-1.250836E-4	3.8094685805845074E-6
219.050164224	-1.7181219E-5	3.542269269019016E-6
219.048198144	1.17893964E-4	4.3543759602471255E-6
219.046248448	1.189814E-4	6.333661531243706E-6
219.044298752	-1.5911943E-5	9.703476280265022E-6
219.042332672	3.1958945E-4	1.4785141502215993E-5
219.040382976	6.5947E-5	2.1894620658713393E-5
219.03843328	-2.106204E-5	3.147042662021704E-5
219.0364672	9.795388E-5	4.361337414593436E-5
219.034517504	2.10292E-4	5.8276200434193015E-5
219.032567808	2.3800583E-4	7.507972622988746E-5
219.030618112	2.531964E-4	9.32666371227242E-5
219.028652032	2.513526E-4	1.1171787627972662E-4
219.026702336	3.1117866E-5	1.2904316827189177E-4
219.02475264	-6.2455314E-5	1.4374377497006208E-4
219.02278656	-4.2289677E-5	1.5442223229911178E-4
219.020836864	9.358132E-5	1.5999845345504582E-4
219.018887168	2.1297397E-4	1.5988844097591937E-4
219.016921088	2.1370692E-4	1.5410395280923694E-4
219.014971392	-2.7526175E-5	1.4332028513308614E-4
219.013021696	-1.511671E-5	1.2857983529102057E-4
219.011072	2.3149123E-5	1.1136478133266792E-4
219.00910592	-6.93808E-5	9.325707651441917E-5
219.007156224	1.1169019E-4	7.578165968880057E-5
219.005206528	-1.4798779E-5	6.027359631843865E-5
219.003240448	-8.8434674E-5	4.7817567974561825E-5
219.001290752	2.6682212E-5	3.9256967284018174E-5
218.999341056	-2.0028261E-4	3.524205385474488E-5
218.997374976	2.649782E-6	3.627903060987592E-5
218.99542528	1.1549441E-4	4.2737283365568146E-5
218.993475584	2.4650997E-5	5.4789463320048526E-5
218.991525888	1.4277297E-4	7.228695176308975E-5
218.989559808	1.7572026E-4	9.460376895731315E-5
218.987610112	2.1509296E-4	1.2051329395035282E-4
218.985660416	7.879937E-5	1.4816154725849628E-4
218.983694336	1.1230102E-4	1.7518475942779332E-4
218.98174464	1.9893382E-4	1.989726588362828E-4
218.979794944	3.2983633E-4	2.170288935303688E-4
218.977828864	2.9823504E-4	2.2735443781130016E-4
218.975879168	-1.2141793E-4	2.2875206195749342E-4
218.973929472	2.2706977E-4	2.2108912526164204E-4
218.971963392	1.4561479E-4	2.0519424288067967E-4
218.970013696	1.0622496E-4	1.8281197117175907E-4
218.968064	8.675822E-5	1.5627242100890726E-4
218.966114304	-2.7379192E-6	1.2811049236916006E-4
218.964148224	1.6125158E-4	1.0067450784845278E-4
218.962198528	1.0441284E-4	7.581258250866085E-5
218.960248832	-1.215359E-5	5.4696785809937865E-5
218.958282752	-2.3482256E-5	3.7805169995408505E-5
218.956333056	-1.5786994E-4	2.5033376005012542E-5
218.95438336	-2.4222541E-5	1.5882216757745482E-5
218.95241728	1.8201681E-4	9.655683243181556E-6
218.950467584	4.294287E-5	5.6259200391650666E-6
218.948517888	1.0618014E-4	3.1727879559184657E-6
218.946568192	2.1238514E-4	1.7481518170825439E-6
218.944602112	7.4389325E-5	9.998286714107962E-7
218.942652416	-1.2386887E-5	6.967720196371374E-7
218.94070272	-6.339019E-5	7.227687319755205E-7
218.93873664	-1.961069E-5	1.0579248055364587E-6
218.936786944	-1.5410414E-4	1.7269876479986124E-6
218.934837248	-8.289319E-5	2.972892161778873E-6
218.932871168	2.1507667E-5	5.398443136073183E-6
218.930921472	-1.001829E-4	9.047505045600701E-6
218.928971776	-2.1189742E-4	1.4880082744639367E-5
218.92702208	-8.9699E-5	2.4089393264148384E-5
218.925056	-4.0673483E-5	3.845362880383618E-5
218.923106304	-1.0408415E-4	6.050688534742221E-5
218.921156608	2.7319935E-5	9.360371041111648E-5
218.919190528	2.0472117E-4	1.417065504938364E-4
218.917240832	1.750263E-4	2.087020839098841E-4
218.915291136	2.470081E-4	2.97161634080112E-4
218.913325056	6.00415E-4	4.067406989634037E-4
218.91137536	6.375993E-4	5.327898543328047E-4
218.909425664	5.5676635E-4	6.65947562083602E-4
218.907475968	9.081205E-4	7.932049920782447E-4
218.905509888	8.6347637E-4	9.002508595585823E-4
218.903560192	6.660228E-4	9.742438560351729E-4
218.901610496	9.0284966E-4	0.0010060792556032538
218.899644416	0.0011645695	9.916987037286162E-4
218.89769472	0.0010758692	9.330319007858634E-4
218.895745024	8.097572E-4	8.363008964806795E-4
218.893778944	7.7872764E-4	7.131281308829784E-4
218.891829248	5.3184055E-4	5.781135405413806E-4
218.889879552	4.1174103E-4	4.4615467777475715E-4
218.887929856	3.645061E-4	3.306176222395152E-4
218.885963776	6.516539E-5	2.4098898575175554E-4
218.88401408	1.11819296E-4	1.824174396460876E-4
218.882064384	2.2960984E-4	1.565495040267706E-4
218.880098304	3.6737364E-4	1.6309237980749458E-4
218.878148608	2.6785204E-4	2.012436743825674E-4
218.876198912	1.2925669E-4	2.7039932319894433E-4
218.874232832	2.7096824E-4	3.700039815157652E-4
218.872283136	6.795722E-4	4.987571737729013E-4
218.87033344	7.614048E-4	6.535837892442942E-4
218.868383744	6.00003E-4	8.287830860354006E-4
218.866417664	8.975565E-4	0.0010155324125662446
218.864467968	8.7598764E-4	0.001202968880534172
218.862518272	9.656088E-4	0.0013778280699625611
218.860552192	0.0011826323	0.0015270314179360867
218.858602496	0.0010531386	0.0016387650975957513
218.8566528	0.0011716885	0.0017039707163348794
218.85468672	0.001401958	0.0017173730302602053
218.852737024	0.0010631976	0.0016780520090833306
218.850787328	0.0010804068	0.001589509891346097
218.848821248	0.0010180413	0.0014592346269637346
218.846871552	0.0010077283	0.0012978060403838754
218.844921856	8.3845755E-4	0.00111762888263911
218.84297216	7.485672E-4	9.314585477113724E-4
218.84100608	6.3320674E-4	7.509368006139994E-4
218.839056384	2.9679138E-4	5.854025366716087E-4
218.837106688	3.1268463E-4	4.4116590288467705E-4
218.835140608	4.0958036E-4	3.213515446987003E-4
218.833190912	1.4771818E-4	2.2623564291279763E-4
218.831241216	9.752012E-5	1.5393763897009194E-4
218.829275136	1.2761093E-4	1.0123697575181723E-4
218.82732544	1.4530407E-4	6.435152317862958E-5
218.825375744	1.6868737E-4	3.9537117118015885E-5
218.823426048	1.6118324E-4	2.3478598450310528E-5
218.821459968	8.1884726E-5	1.3475175364874303E-5
218.819510272	7.203378E-5	7.47412286727922E-6
218.817560576	-1.1607662E-4	4.005894425063161E-6
218.815594496	1.03621795E-4	2.074454187095398E-6
218.8136448	1.5673746E-5	8.844743888403173E-7
218.811695104	-1.9535602E-5	4.346298680957261E-7
218.809729024	8.995056E-5	2.0592990779277898E-7
218.807779328	-4.2176696E-5	0.0
218.805829632	7.913069E-5	0.0
218.803879936	-1.8730643E-4	0.0
218.801913856	-1.0307128E-4	0.0
218.79996416	-7.551083E-5	0.0
218.798014464	-4.6830224E-5	0.0
218.796048384	-2.0360638E-5	0.0
218.794098688	-2.2366707E-5	0.0
218.792148992	1.4027714E-4	0.0
218.790182912	1.5864923E-4	0.0
218.788233216	-6.411045E-5	0.0
218.78628352	-4.833629E-5	0.0
218.784333824	-4.2169595E-5	0.0
218.782367744	-1.0791531E-5	0.0
218.780418048	4.5444867E-5	0.0
218.778468352	-2.6401487E-5	0.0
218.776502272	1.3954384E-4	0.0
218.774552576	1.5153567E-4	0.0
218.77260288	2.7989963E-4	0.0
218.7706368	3.087017E-4	0.0
218.768687104	1.7659989E-4	0.0
218.766737408	2.916372E-4	0.0
218.764787712	8.8042514E-5	0.0
218.762821632	-3.6466932E-5	0.0
218.760871936	1.5749986E-4	0.0
218.75892224	7.6385964E-5	0.0
218.75695616	-9.9613735E-6	0.0
218.755006464	8.486461E-5	0.0
218.753056768	2.2453716E-4	0.0
218.751090688	2.3416412E-4	0.0
218.749140992	1.3156497E-4	0.0
218.747191296	5.1892763E-5	0.0
218.7452416	-1.3269117E-4	0.0
218.74327552	-1.1606102E-4	0.0
218.741325824	-1.5146862E-4	0.0
218.739376128	-2.3363047E-5	0.0
218.737410048	-4.231855E-5	0.0
218.735460352	2.5398453E-4	0.0
218.733510656	2.4462485E-4	0.0
218.731544576	1.2206419E-4	0.0
218.72959488	1.3476732E-4	0.0
218.727645184	1.9537268E-4	0.0
218.725679104	6.1717285E-5	0.0
218.723729408	1.3435032E-4	0.0
218.721779712	3.0375406E-4	0.0
218.719830016	1.4497963E-4	2.167779200590303E-7
218.717863936	-6.484998E-5	4.5665382231163676E-7
218.71591424	-5.0063078E-5	9.274735930375755E-7
218.713964544	-1.4077936E-5	1.8161757679990842E-6
218.711998464	-1.0946126E-4	3.4288616461708443E-6
218.710048768	-9.65639E-5	6.2412091210717335E-6
218.708099072	-1.3798446E-4	1.0964453394990414E-5
218.706132992	-1.2080483E-4	1.8552733308752067E-5
218.704183296	-8.140837E-5	3.0264105589594692E-5
218.7022336	3.7158425E-5	4.759110743179917E-5
218.700283904	-5.925401E-5	7.214086508611217E-5
218.698317824	2.8809457E-4	1.0540906805545092E-4
218.696368128	3.2840384E-4	1.4845968689769506E-4
218.694418432	4.4896844E-4	2.0155149104539305E-4
218.692452352	3.9526896E-4	2.6378268375992775E-4
218.690502656	3.9003772E-4	3.328569873701781E-4
218.68855296	4.6518206E-4	4.0506329969502985E-4
218.68658688	5.29229E-4	4.755324625875801E-4
218.684637184	5.208428E-4	5.38760214112699E-4
218.682687488	6.232742E-4	5.893274792470038E-4
218.680737792	5.586936E-4	6.226814002729952E-4
218.678771712	4.8199418E-4	6.358218379318714E-4
218.676822016	6.1598344E-4	6.27758156042546E-4
218.67487232	5.0479436E-4	5.996452528052032E-4
218.67290624	6.135832E-4	5.545710446313024E-4
218.670956544	4.727422E-4	4.970444715581834E-4
218.669006848	2.6677205E-4	4.3228926369920373E-4
218.667040768	1.8092227E-4	3.654784522950649E-4
218.665091072	2.2150524E-4	3.0107746715657413E-4
218.663141376	2.0444783E-4	2.4239248887170106E-4
218.66119168	7.89308E-5	1.9139917276334018E-4
218.6592256	1.7429871E-5	1.48825827636756E-4
218.657275904	-8.481951E-5	1.144149573519826E-4
218.655326208	-6.767596E-5	8.731537673156708E-5
218.653360128	1.1693773E-4	6.629539711866528E-5
218.651410432	1.4316995E-4	5.016614159103483E-5
218.649460736	1.0353949E-4	3.786076922551729E-5
218.647494656	2.6438089E-5	2.8530734198284335E-5
218.64554496	-1.8802419E-5	2.1556341380346566E-5
218.643595264	9.735562E-5	1.6519068594789132E-5
218.641645568	1.14875664E-4	1.3160548405721784E-5
218.639679488	1.0234705E-4	1.1343145160935819E-5
218.637729792	-3.532781E-5	1.1017830729542766E-5
218.635780096	-2.1671056E-4	1.2111011528759263E-5
218.633814016	-4.6453504E-5	1.489131864218507E-5
218.63186432	-9.100373E-5	1.9250905097578652E-5
218.629914624	5.562144E-6	2.5240624381694943E-5
218.627948544	-3.502705E-5	3.280254532000981E-5
218.625998848	5.923275E-5	4.182363045401871E-5
218.624049152	3.439682E-5	5.201453677727841E-5
218.622099456	-5.270418E-6	6.292448961175978E-5
218.620133376	1.1786544E-4	7.403337076539174E-5
218.61818368	4.5895395E-5	8.474160131299868E-5
218.616233984	-2.6732456E-5	9.447199408896267E-5
218.614267904	-3.4251025E-5	1.0280092101311311E-4
218.612318208	1.2664596E-4	1.0948728595394641E-4
218.610368512	-6.0002385E-5	1.1464594717836007E-4
218.608402432	-1.304443E-4	1.187597299576737E-4
218.606452736	1.859456E-4	1.2267746205907315E-4
218.60450304	-2.0997779E-5	1.2753861665260047E-4
218.602553344	4.7900998E-5	1.3462943024933338E-4
218.600587264	3.0318875E-4	1.4518192620016634E-4
218.598637568	1.5604642E-4	1.60143623361364E-4
218.596687872	2.8846838E-5	1.799572928575799E-4
218.594721792	8.8603636E-5	2.043940912699327E-4
218.592772096	1.1064129E-4	2.3248218349181116E-4
218.5908224	3.728264E-4	2.6255642296746373E-4
218.58885632	3.4915126E-4	2.9243266908451915E-4
218.586906624	2.2047368E-4	3.1968054827302694E-4
218.584956928	1.4965696E-4	3.419503627810627E-4
218.582990848	1.9220711E-4	3.572890709619969E-4
218.581041152	2.8129487E-4	3.643899690359831E-4
218.579091456	3.7331932E-4	3.627302940003574E-4
218.57714176	2.524085E-4	3.5258158459328115E-4
218.57517568	1.8904166E-4	3.349003673065454E-4
218.573225984	2.433579E-4	3.111347323283553E-4
218.571276288	3.227151E-4	2.82996246824041E-4
218.569310208	2.7756492E-5	2.5223742704838514E-4
218.567360512	4.0825973E-5	2.2047845413908362E-4
218.565410816	2.8218149E-4	1.8909451318904757E-4
218.563444736	2.6019727E-4	1.5914952382445335E-4
218.56149504	1.0444532E-4	1.3148356811143458E-4
218.559545344	9.669951E-5	1.0656256199581549E-4
218.557595648	8.7632965E-5	8.469007298117504E-5
218.555629568	2.9807847E-5	6.597559695364907E-5
218.553679872	-1.21936675E-4	5.038500239606947E-5
218.551730176	-4.8940077E-5	3.7776775570819154E-5
218.549764096	2.5618883E-6	2.793707426462788E-5
218.5478144	6.0233815E-6	2.0613992091966793E-5
218.545864704	1.6157685E-5	1.555064409330953E-5
218.543898624	8.0681E-6	1.2513387446233537E-5
218.541948928	-2.3768347E-5	1.1312100468785502E-5
218.539999232	-7.592904E-6	1.1787987205025274E-5
218.538049536	-9.7877935E-5	1.389817498420598E-5
218.536083456	-3.3081924E-5	1.7527629097457975E-5
218.53413376	5.8387553E-7	2.2602736862609163E-5
218.532184064	3.2670032E-5	2.904027860495262E-5
218.530217984	-1.16097166E-4	3.659927097032778E-5
218.528268288	-6.6271816E-5	4.4969892769586295E-5
218.526318592	-4.410145E-5	5.3723910241387784E-5
218.524352512	1.5697145E-4	6.235626642592251E-5
218.522402816	9.115942E-5	7.023265061434358E-5
218.52045312	-1.5844887E-5	7.68240715842694E-5
218.518503424	-1.7629587E-4	8.158983837347478E-5
218.516537344	8.8158464E-5	8.417082426603884E-5
218.514587648	3.794679E-5	8.441456884611398E-5
218.512637952	6.7238165E-5	8.241134491981938E-5
218.510671872	-4.4575783E-5	7.849798566894606E-5
218.508722176	-8.505904E-5	7.322784222196788E-5
218.50677248	-2.0343333E-4	6.730938912369311E-5
218.5048064	7.928133E-5	6.155081791803241E-5
218.502856704	1.1010252E-4	5.6674609368201345E-5
218.500907008	-4.1710104E-5	5.333179797162302E-5
218.498957312	-2.1371251E-4	5.2121878979960456E-5
218.496991232	-1.16405376E-4	5.306223101797514E-5
218.495041536	-2.6176622E-6	5.619322837446816E-5
218.49309184	8.977454E-5	6.131935515441E-5
218.49112576	1.3074855E-4	6.802314601372927E-5
218.489176064	1.3711915E-4	7.599582750117406E-5
218.487226368	7.914489E-5	8.50855212775059E-5
218.485260288	8.242E-5	9.547457011649385E-5
218.483310592	-2.8818292E-8	1.0778636351460591E-4
218.481360896	1.6200956E-4	1.2310626334510744E-4
218.4794112	-1.40577E-7	1.4288368402048945E-4
218.47744512	8.7697925E-5	1.6870642139110714E-4
218.475495424	1.0505207E-4	2.0196393597871065E-4
218.473545728	1.3929018E-4	2.434519410599023E-4
218.471579648	2.6828662E-4	2.9300025198608637E-4
218.469629952	2.150017E-4	3.492166579235345E-4
218.467680256	2.7110748E-4	4.0941894985735416E-4
218.465714176	3.3858704E-4	4.698626871686429E-4
218.46376448	2.715891E-4	5.260817124508321E-4
218.461814784	2.5599304E-4	5.735755548812449E-4
218.459848704	2.8910703E-4	6.082705222070217E-4
218.457899008	3.1036657E-4	6.272770697250962E-4
218.455949312	4.0934078E-4	6.291678873822093E-4
218.453999616	5.860343E-4	6.141497287899256E-4
218.452033536	3.039678E-4	5.839557852596045E-4
218.45008384	2.8443726E-4	5.415246705524623E-4
218.448134144	4.8986875E-4	4.905377281829715E-4
218.446168064	3.808968E-4	4.349226364865899E-4
218.444218368	3.901113E-4	3.784441214520484E-4
218.442268672	4.6353304E-4	3.2427371479570866E-4
218.440302592	5.0555245E-4	2.74963240372017E-4
218.438352896	4.0246296E-4	2.3226471967063844E-4
218.4364032	1.4934683E-4	1.972283498616889E-4
218.434453504	1.3861438E-4	1.7028006550390273E-4
218.432487424	1.07706925E-4	1.5131878899410367E-4
218.430537728	1.8134591E-4	1.3982073869556189E-4
218.428588032	9.767728E-5	1.3494653103407472E-4
218.426621952	1.3879262E-4	1.356551656499505E-4
218.424672256	1.3406499E-4	1.4082909910939634E-4
218.42272256	1.4049996E-4	1.4940026449039578E-4
218.42075648	1.5580881E-4	1.6046168457251042E-4
218.418806784	1.3153645E-4	1.7334298172499985E-4
218.416857088	2.2699771E-4	1.876309688668698E-4
218.414907392	2.95666E-4	2.0308025705162436E-4
218.412941312	2.499206E-4	2.1969176304992288E-4
218.410991616	1.15225375E-4	2.3730180691927671E-4
218.40904192	2.510248E-4	2.555672836024314E-4
218.40707584	3.670621E-4	2.7387920999899507E-4
218.405126144	3.531322E-4	2.912815834861249E-4
218.403176448	3.3347477E-4	3.065174096263945E-4
218.401210368	2.706268E-4	3.1814532121643424E-4
218.399260672	2.535843E-4	3.2479315996170044E-4
218.397310976	4.5971602E-4	3.2530323369428515E-4
218.39536128	4.5778294E-4	3.189372946508229E-4
218.3933952	2.9576506E-4	3.055507258977741E-4
218.391445504	2.1165126E-4	2.856202772818506E-4
218.389495808	3.2152625E-4	2.6019950746558607E-4
218.387529728	1.7509382E-4	2.3078943195287138E-4
218.385580032	-3.6350157E-6	1.9914880977012217E-4
218.383630336	5.453994E-6	1.6707880422472954E-4
218.381664256	1.0877784E-5	1.3621788821183145E-4
218.37971456	1.6371772E-4	1.0788400686578825E-4
218.377764864	1.7575809E-4	8.311564306495711E-5
218.375815168	-3.0420842E-5	6.226021650945768E-5
218.373849088	-1.2290396E-4	4.552091195364483E-5
218.371899392	-2.4493149E-5	3.277889481978491E-5
218.369949696	4.1319807E-5	2.3768152459524572E-5
218.367983616	5.782808E-5	1.8285223632119596E-5
218.36603392	1.8708076E-4	1.6179797967197374E-5
218.364084224	1.594135E-4	1.754777622409165E-5
218.362118144	1.7869164E-4	2.347398185520433E-5
218.360168448	6.0797604E-5	3.391304562683217E-5
218.358218752	-3.0655014E-5	5.033702836954035E-5
218.356269056	1.4530198E-4	7.416389416903257E-5
218.354302976	1.789041E-5	1.0700762504711747E-4
218.35235328	5.621049E-5	1.5058790449984372E-4
218.350403584	-2.0491489E-5	2.066354500129819E-4
218.348437504	1.9875326E-4	2.7694934397004545E-4
218.346487808	2.5198614E-4	3.6321315565146506E-4
218.344538112	3.3107464E-4	4.6718731755390763E-4
218.342572032	3.671366E-4	5.904182326048613E-4
218.340622336	5.367791E-4	7.34060478862375E-4
218.33867264	5.541689E-4	8.983013685792685E-4
218.336722944	7.374279E-4	0.001081621740013361
218.334756864	8.0397824E-4	0.001280002761632204
218.332807168	8.781993E-4	0.0014863427495583892
218.330857472	9.7427476E-4	0.0016903848154470325
218.328891392	9.5515704E-4	0.0018793139606714249
218.326941696	7.3768926E-4	0.0020390215795487165
218.324992	9.304373E-4	0.0021558301523327827
218.32302592	0.0010994747	0.0022183151450008154
218.321076224	0.0010173076	0.0022189337760210037
218.319126528	9.5150183E-4	0.0021551833488047123
218.317160448	0.0010120249	0.002030160278081894
218.315210752	8.0519816E-4	0.0018524377373978496
218.313261056	7.8041974E-4	0.0016351972008123994
218.31131136	8.192483E-4	0.001394664403051138
218.30934528	6.2434404E-4	0.0011480278335511684
218.307395584	6.596767E-4	9.111932013183832E-4
218.305445888	3.8347737E-4	6.968578672967851E-4
218.303479808	3.627914E-4	5.132891819812357E-4
218.301530112	3.4835242E-4	3.6406159051693976E-4
218.299580416	2.814973E-4	2.4864234728738666E-4
218.297614336	1.11412075E-4	1.6353487444575876E-4
218.29566464	1.8897251E-4	1.0359899897594005E-4
218.293714944	2.5249826E-4	6.317282532108948E-5
218.291765248	2.7117395E-4	3.7158028135308996E-5
218.289799168	1.0157358E-4	2.106201100104954E-5
218.287849472	4.6203662E-5	1.1506162081786897E-5
218.285899776	-1.7077376E-5	6.058756298443768E-6
218.283933696	-1.02537226E-4	3.075336962865549E-6
218.281984	-1.6357668E-4	1.5047818351376918E-6
218.280034304	6.3975625E-5	7.098021796991816E-7
218.278068224	-2.1962745E-5	0.0
218.276118528	-8.0645266E-5	0.0
218.274168832	-6.885263E-5	0.0
218.272219136	-8.2664956E-5	0.0
218.270253056	-2.521149E-4	0.0
218.26830336	1.344707E-5	0.0
218.266353664	8.841155E-5	0.0
218.264387584	7.701216E-5	0.0
218.262437888	-7.8923076E-5	0.0
218.260488192	-3.2392338E-5	0.0
218.258522112	2.8771634E-5	0.0
218.256572416	-7.952919E-5	0.0
218.25462272	-1.5384017E-4	0.0
218.252673024	-1.2944889E-4	0.0
218.250706944	-4.6771085E-5	0.0
218.248757248	5.859072E-5	0.0
218.246807552	-2.670504E-5	0.0
218.244841472	1.7021951E-4	0.0
218.242891776	5.368777E-5	3.4928678616097386E-8
218.24094208	7.4813426E-5	1.1726940840617317E-7
218.238976	1.03242746E-4	3.5338646853233513E-7
218.237026304	4.5191315E-5	9.558018518873723E-7
218.235076608	1.0347279E-5	2.3201591830002144E-6
218.233126912	-3.1470445E-5	5.054403573012678E-6
218.231160832	-6.1299124E-6	9.880690413410775E-6
218.229211136	-1.6583659E-5	1.733176759444177E-5
218.22726144	2.1107548E-5	2.72798915830208E-5
218.22529536	-7.6644654E-5	3.853417365462519E-5
218.223345664	9.956274E-5	4.886140231974423E-5
218.221395968	6.554083E-5	5.563344166148454E-5
218.219429888	-1.3870193E-4	5.689273166353814E-5
218.217480192	-1.6981212E-4	5.225735003477894E-5
218.215530496	6.969256E-6	4.310601798351854E-5
218.2135808	7.086997E-5	3.1922721973387524E-5
218.21161472	4.71968E-5	2.1218223992036656E-5
218.209665024	3.758497E-5	1.265545142814517E-5
218.207715328	-2.0709651E-5	6.773050245101331E-6
218.205749248	-4.273712E-5	3.2526641007279977E-6
218.203799552	-4.1985833E-5	1.4017957710166229E-6
218.201849856	-4.0800085E-5	5.42184295682091E-7
218.199883776	-1.9448885E-4	1.8821718583694746E-7
218.19793408	-2.3969333E-4	5.8645071021601325E-8
218.195984384	2.1542019E-6	1.6400774072167223E-8
218.194018304	3.234896E-5	0.0
218.192068608	1.4312862E-4	0.0
218.190118912	5.7780468E-5	0.0
218.188169216	1.1489976E-4	0.0
218.186203136	1.8552347E-4	0.0
218.18425344	1.2622884E-4	0.0
218.182303744	1.21544166E-4	0.0
218.180337664	-9.86436E-5	0.0
218.178387968	-2.1293404E-4	0.0
218.176438272	-1.9578385E-4	0.0
218.174472192	-5.753304E-5	0.0
218.172522496	3.5028606E-5	0.0
218.1705728	-2.1525722E-5	0.0
218.168623104	-8.461992E-5	0.0
218.166657024	-6.1291335E-5	0.0
218.164707328	-7.885707E-5	0.0
218.162757632	-1.9739545E-4	0.0
218.160791552	1.2779183E-4	0.0
