219.99607808	-6.815434E-5	5.67884171687183E-7
219.99804416	4.0760984E-5	3.206608880645945E-7
219.999993856	2.1379601E-4	1.7714388889089605E-7
220.001943552	3.1912627E-4	0.0
220.003909632	9.788779E-5	0.0
220.005859328	-1.0378913E-4	0.0
220.007809024	-3.8212027E-5	0.0
220.009775104	2.143938E-4	0.0
220.0117248	7.4676784E-5	0.0
220.013674496	-9.9871344E-5	0.0
220.015624192	-7.5062617E-6	0.0
220.017590272	8.613007E-5	0.0
220.019539968	-7.067322E-5	0.0
220.021489664	1.0581497E-4	0.0
220.023455744	2.9781784E-4	0.0
220.02540544	1.4356626E-4	1.191696128444164E-7
220.027355136	6.259485E-5	2.499424454072141E-7
220.029321216	2.4715055E-5	5.05657851590513E-7
220.031270912	-9.4026655E-5	9.867674179986352E-7
220.033220608	9.8711076E-5	1.8574185105535435E-6
220.035186688	7.8478035E-5	3.3723872547852807E-6
220.037136384	1.3071552E-4	5.905946181883337E-6
220.03908608	1.885184E-4	9.975987268262543E-6
220.041035776	2.431447E-5	1.6252710338449106E-5
220.043001856	8.075989E-5	2.5537445253576152E-5
220.044951552	1.093902E-4	3.869866850436665E-5
220.046901248	1.6727913E-4	5.655419226968661E-5
220.048867328	1.9393055E-4	7.970237493282184E-5
220.050817024	3.2086982E-4	1.0832060797838494E-4
220.05276672	2.606902E-4	1.419686886947602E-4
220.0547328	1.9582742E-4	1.7944829596672207E-4
220.056682496	3.539164E-4	2.1877227118238807E-4
220.058632192	3.7026472E-4	2.572786179371178E-4
220.060598272	2.788525E-4	2.919025719165802E-4
220.062547968	1.7899039E-4	3.195650060661137E-4
220.064497664	3.1863872E-4	3.3761607483029366E-4
220.06644736	4.1996708E-4	3.442452580202371E-4
220.06841344	3.1411494E-4	3.387725737411529E-4
220.070363136	1.7029882E-4	3.217599296476692E-4
220.072312832	2.8975375E-4	2.9491912573575974E-4
220.074278912	2.948545E-4	2.608356298878789E-4
220.076228608	1.85649E-4	2.2256630472838879E-4
220.078178304	1.09971115E-4	1.8319670925848186E-4
220.080144384	1.5486541E-4	1.4544067380484194E-4
220.08209408	2.0041768E-4	1.1135828390251845E-4
220.084043776	1.579671E-5	8.222455653594807E-5
220.086009856	1.1485823E-4	5.854839037056081E-5
220.087959552	1.5776846E-4	4.0203623939305544E-5
220.089909248	1.6403568E-4	2.6623441954143345E-5
220.091858944	1.18916236E-4	1.7003054381348193E-5
220.093825024	1.5174525E-4	1.0473070688021835E-5
220.09577472	4.759235E-5	6.221856892807409E-6
220.097724416	8.821088E-5	3.5651642065204214E-6
220.099690496	1.956308E-4	1.970432094822172E-6
220.101640192	-4.2430394E-5	1.050451714945666E-6
220.103589888	1.9858615E-5	5.401671501203964E-7
220.105555968	1.4999657E-4	2.6792938001563016E-7
220.107505664	1.267723E-4	1.2819040762224176E-7
220.10945536	5.388425E-5	0.0
220.11142144	-5.6346507E-5	0.0
220.113371136	5.0985742E-5	0.0
220.115320832	1.03885155E-4	0.0
220.117270528	2.1767672E-4	0.0
220.119236608	-1.0267631E-4	0.0
220.121186304	-9.075102E-5	0.0
220.123136	3.9950035E-5	0.0
220.12510208	2.1260578E-4	0.0
220.127051776	8.877282E-5	0.0
220.129001472	1.5140244E-5	0.0
220.130967552	1.483961E-4	0.0
220.132917248	3.0013625E-4	0.0
220.134866944	2.1898813E-4	0.0
220.136833024	1.8070868E-4	0.0
220.13878272	5.7792877E-6	0.0
220.140732416	-9.1892354E-5	0.0
220.142682112	5.529635E-6	0.0
220.144648192	-5.0980943E-6	0.0
220.146597888	1.2444062E-4	0.0
220.148547584	1.06531625E-4	0.0
220.150513664	2.746747E-4	0.0
220.15246336	3.80254E-5	0.0
220.154413056	-1.4229803E-4	0.0
220.156379136	2.3223425E-5	0.0
220.158328832	1.6020305E-4	0.0
220.160278528	8.3919054E-5	0.0
220.162244608	1.16671865E-4	0.0
220.164194304	1.6341705E-4	0.0
220.166144	2.7071565E-4	0.0
220.168093696	2.8440214E-4	6.648660644259508E-8
220.170059776	3.210214E-4	1.607663051572672E-7
220.172009472	2.098025E-4	3.6940139125363203E-7
220.173959168	3.5767708E-4	8.065609904406301E-7
220.175925248	3.4268873E-4	1.6733796428525238E-6
220.177874944	1.8389159E-4	3.298797992101754E-6
220.17982464	2.2399306E-4	6.1785217440046836E-6
220.18179072	9.699139E-5	1.0993426258210093E-5
220.183740416	1.01632286E-4	1.8580269170342945E-5
220.185690112	2.0836687E-4	2.9824828743585385E-5
220.187656192	7.661306E-5	4.5463009882951155E-5
220.189605888	2.975701E-4	6.58070930512622E-5
220.191555584	4.6671458E-4	9.045675687957555E-5
220.19350528	2.3202013E-4	1.1809905845439062E-4
220.19547136	2.6102978E-4	1.4649944205302745E-4
220.197421056	2.4600592E-4	1.7274687706958503E-4
220.199370752	1.9087546E-4	1.9372526730876416E-4
220.201336832	1.8005408E-4	2.067088062176481E-4
220.203286528	2.9033408E-4	2.099219273077324E-4
220.205236224	3.199606E-4	2.0291547116357833E-4
220.207202304	1.5709185E-4	1.86663877684623E-4
220.209152	2.4651524E-4	1.633559149922803E-4
220.211101696	1.3153206E-4	1.3593441690318286E-4
220.213067776	2.936007E-4	1.0750519868452102E-4
220.215017472	2.1599673E-4	8.077025995589793E-5
220.216967168	2.56933E-4	5.7633162214187905E-5
220.218933248	2.4643258E-4	3.9051054045557976E-5
220.220882944	1.390583E-4	2.5126320906565525E-5
220.22283264	-1.1458234E-4	1.5353227354353294E-5
220.224782336	-9.343026E-5	8.910430551622994E-6
220.226748416	-1.5904344E-4	4.912334134132834E-6
220.228698112	-3.1837473E-5	2.572874336692621E-6
220.230647808	-5.272477E-5	1.2803506024283706E-6
220.232613888	-1.4561784E-4	6.054119126019941E-7
220.234563584	-1.3953898E-4	2.720186955684767E-7
220.23651328	8.650179E-5	1.1614149997285494E-7
220.23847936	-2.8260378E-5	4.712143564233884E-8
220.240429056	-1.1302424E-4	0.0
220.242378752	-1.0950995E-4	0.0
220.244344832	1.4638028E-5	0.0
220.246294528	-2.335925E-4	0.0
220.248244224	-1.5904763E-4	0.0
220.25019392	6.894845E-5	0.0
220.25216	-4.8761485E-6	0.0
220.254109696	1.970029E-5	0.0
220.256059392	3.0254096E-5	0.0
220.258025472	-9.613395E-5	0.0
220.259975168	-2.2266907E-4	0.0
220.261924864	-1.7529426E-4	0.0
220.263890944	1.900436E-5	0.0
220.26584064	1.5015257E-4	0.0
220.267790336	1.3961454E-4	0.0
220.269756416	7.670311E-5	0.0
220.271706112	-1.3258925E-5	0.0
220.273655808	5.604451E-5	0.0
220.275605504	-6.0525177E-5	0.0
220.277571584	1.8004872E-4	0.0
220.27952128	1.3763361E-4	0.0
220.281470976	1.6869206E-4	0.0
220.283437056	-6.0051658E-5	0.0
220.285386752	1.1747932E-4	0.0
220.287336448	2.5066393E-4	0.0
220.289302528	7.560991E-5	0.0
220.291252224	1.4957096E-4	0.0
220.29320192	1.6562009E-4	0.0
220.295168	1.17797485E-4	0.0
220.297117696	4.9026006E-5	0.0
220.299067392	3.3217562E-5	0.0
220.301017088	6.147459E-5	0.0
220.302983168	1.6016731E-4	0.0
220.304932864	1.1922264E-4	0.0
220.30688256	1.9689018E-4	0.0
220.30884864	1.5355772E-4	0.0
220.310798336	4.8490845E-5	0.0
220.312748032	-1.1361588E-5	0.0
220.314714112	-1.2622191E-5	0.0
220.316663808	7.194463E-5	0.0
220.318613504	3.697766E-5	0.0
220.320579584	4.8319074E-5	0.0
220.32252928	2.2458841E-4	0.0
220.324478976	5.813824E-5	0.0
220.326428672	-4.5603876E-5	0.0
220.328394752	-2.1148682E-5	0.0
220.330344448	1.4948566E-5	0.0
220.332294144	-1.4765514E-5	4.852506663155509E-8
220.334260224	1.6551788E-4	8.630652814645146E-8
220.33620992	9.4005394E-5	1.503646700484751E-7
220.338159616	-1.605912E-5	2.566122248026659E-7
220.340125696	7.043339E-5	4.289746584618115E-7
220.342075392	9.9118064E-5	7.024456181170535E-7
220.344025088	8.643869E-5	1.1267135278103524E-6
220.345991168	5.5195494E-5	1.7702549257592182E-6
220.347940864	-2.58493E-5	2.724407522691763E-6
220.34989056	-3.5561367E-5	4.106972937734099E-6
220.351840256	-1.1206872E-5	6.064218723622616E-6
220.353806336	-8.4591135E-5	8.784871170064434E-6
220.355756032	-1.3698495E-4	1.2451433576643467E-5
220.357705728	1.0447387E-4	1.7288735762122087E-5
220.359671808	1.9708323E-5	2.4055352696450427E-5
220.361621504	1.5332911E-5	3.2939529774012044E-5
220.3635712	1.522101E-4	4.5200082240626216E-5
220.36553728	1.2071846E-4	6.273147300817072E-5
220.367486976	6.807906E-5	8.911627082852647E-5
220.369436672	1.7135087E-4	1.3000839680898935E-4
220.371402752	3.115892E-4	1.9304919987916946E-4
220.373352448	3.318983E-4	2.858980151358992E-4
220.375302144	3.2910143E-4	4.1180543485097587E-4
220.37725184	5.861577E-4	5.645514465868473E-4
220.37921792	6.8556605E-4	7.277216645888984E-4
220.381167616	8.53119E-4	8.816892514005303E-4
220.383117312	9.286089E-4	0.0010136887431144714
220.385083392	0.0011889378	0.0011219820007681847
220.387033088	0.0015222239	0.0012119149323552847
220.388982784	0.0014100485	0.0012894393876194954
220.390948864	0.001320428	0.0013569196453318
220.39289856	0.0013514573	0.0014116085367277265
220.394848256	0.0013147255	0.0014456859789788723
220.396814336	0.0012826675	0.0014479075325652957
220.398764032	0.0014862863	0.001408070558682084
220.400713728	0.0013299889	0.0013238661922514439
220.402663424	0.0011775871	0.0012051991652697325
220.404629504	0.0012584843	0.0010703291045501828
220.4065792	9.236448E-4	9.360773838125169E-4
220.408528896	8.736222E-4	8.11015022918582E-4
220.410494976	5.636316E-4	6.960726459510624E-4
220.412444672	3.9652325E-4	5.891360924579203E-4
220.414394368	3.6425513E-4	4.887653049081564E-4
220.416360448	3.3998638E-4	3.9536794065497816E-4
220.418310144	3.692192E-4	3.106410149484873E-4
220.42025984	1.5655751E-4	2.3649746435694396E-4
220.42222592	1.8036502E-4	1.7405353719368577E-4
220.424175616	5.7822348E-5	1.2407274334691465E-4
220.426125312	-1.2027144E-4	8.55025282362476E-5
220.428075008	-1.809304E-4	5.697819506167434E-5
220.430041088	-1.8486186E-4	3.674695108202286E-5
220.431990784	-7.409629E-5	2.2971202270127833E-5
220.43394048	-7.413011E-5	1.3968890016258229E-5
220.43590656	4.059585E-5	8.340284693986177E-6
220.437856256	1.5481023E-4	5.0094254220311996E-6
220.439805952	-1.3580165E-4	3.2068303426058264E-6
220.441772032	-2.1449526E-4	2.4216137717303354E-6
220.443721728	-8.2001534E-5	2.3434647573594702E-6
220.445671424	5.5103235E-5	2.7842654617415974E-6
220.447637504	-8.4488165E-5	3.630850869740243E-6
220.4495872	-4.6073554E-5	5.099413556308718E-6
220.451536896	2.9373181E-5	7.024727437965339E-6
220.453486592	4.271426E-5	9.443200724490453E-6
220.455452672	-2.2559927E-5	1.2400769264786504E-5
220.457402368	-2.5950756E-5	1.5866167814237997E-5
220.459352064	8.745375E-6	1.9778502974077128E-5
220.461318144	7.2044924E-5	2.402226709818933E-5
220.46326784	-3.3830212E-5	2.8427457436919212E-5
220.465217536	-3.8185193E-5	3.277705400250852E-5
220.467183616	-7.6134376E-5	3.682281749206595E-5
220.469133312	-9.140824E-5	4.03073790948838E-5
220.471083008	-2.810126E-6	4.299106512917206E-5
220.473049088	3.212518E-5	4.467896360438317E-5
220.474998784	1.3921E-4	4.524409450823441E-5
220.47694848	-5.4580545E-5	4.464325320441276E-5
220.478898176	-1.9007127E-4	4.29223473474849E-5
220.480864256	5.4943164E-5	4.0210750739788637E-5
220.482813952	8.018806E-5	3.670513251563534E-5
220.484763648	-5.9644786E-5	3.2646166800986975E-5
220.486729728	7.6867604E-5	2.829123150149826E-5
220.488679424	-8.0624864E-5	2.3902623070171103E-5
220.49062912	-8.99814E-5	1.9680221157614142E-5
220.4925952	-3.5999146E-5	1.5804491340531968E-5
220.494544896	2.621233E-5	1.239684297615895E-5
220.496494592	8.442812E-6	9.52862774283858E-6
220.498460672	-6.95448E-5	7.229571110656252E-6
220.500410368	-9.151676E-6	5.500246061274083E-6
220.502360064	1.6497305E-4	4.326648650021525E-6
220.504326144	1.8139902E-4	3.69410872735898E-6
220.50627584	1.12011876E-4	3.598849389163661E-6
220.508225536	-1.8515542E-5	4.055588306073332E-6
220.510175232	-1.1823435E-4	5.100172984384699E-6
220.512141312	-8.165764E-5	6.829764970461838E-6
220.514091008	-8.622025E-5	9.262373168894555E-6
220.516040704	-4.9430448E-5	1.2493570466176607E-5
220.518006784	-9.160097E-5	1.658453584241215E-5
220.51995648	7.137012E-5	2.1568304873653688E-5
220.521906176	1.398072E-4	2.743659570114687E-5
220.523872256	1.5156329E-4	3.413099329918623E-5
220.525821952	2.851132E-4	4.153524787398055E-5
220.527771648	2.525218E-4	4.95138592668809E-5
220.529737728	3.1089316E-5	5.787438931292854E-5
220.531687424	1.3156119E-5	6.64298131596297E-5
220.53363712	-4.5982808E-5	7.500625360989943E-5
220.535586816	6.744489E-5	8.345751848537475E-5
220.537552896	-9.922426E-7	9.16694916668348E-5
220.539502592	7.2708666E-5	9.955068526323885E-5
220.541452288	5.544055E-5	1.0706813918659464E-4
220.543418368	2.0134551E-4	1.1406039266148582E-4
220.545368064	1.7947596E-4	1.2048740609316155E-4
220.54731776	1.0317898E-4	1.2609956320375204E-4
220.54928384	2.8369212E-4	1.307618076680228E-4
220.551233536	2.9312095E-4	1.3434464926831424E-4
220.553183232	1.2840595E-4	1.368339144391939E-4
220.555149312	1.4160978E-4	1.3841252075508237E-4
220.557099008	3.9130633E-4	1.3952732842881233E-4
220.559048704	1.6960394E-4	1.4091345656197518E-4
220.5609984	2.193446E-4	1.4355144230648875E-4
220.56296448	2.3042559E-4	1.4854464097879827E-4
220.564914176	2.5582555E-4	1.5692289161961526E-4
220.566863872	2.822395E-4	1.6940757632255554E-4
220.568829952	3.3806378E-4	1.8619195907376707E-4
220.570779648	3.7859727E-4	2.068012981908396E-4
220.572729344	3.219874E-4	2.300774649484083E-4
220.574695424	1.5586763E-4	2.543071168474853E-4
220.57664512	2.735952E-4	2.774643653538078E-4
220.578594816	3.188259E-4	2.9751445981673896E-4
220.580560896	3.9305104E-4	3.127087256871164E-4
220.582510592	4.6633845E-4	3.2181793358176947E-4
220.584460288	3.1123645E-4	3.2426216057501733E-4
220.586409984	3.4900274E-4	3.2012275187298656E-4
220.588376064	3.6638227E-4	3.100430767517537E-4
220.59032576	5.2110135E-4	2.950634225271642E-4
220.592275456	4.217941E-4	2.763585071079433E-4
220.594241536	1.2408823E-4	2.5508776889182627E-4
220.596191232	2.0487266E-4	2.322526997886598E-4
220.598140928	3.623784E-4	2.086553577100858E-4
220.600107008	2.4635482E-4	1.84928736416623E-4
220.602056704	2.0357568E-4	1.616070221643895E-4
220.6040064	1.9555082E-4	1.3917277101427317E-4
220.60597248	1.7163108E-4	1.1818611528724432E-4
220.607922176	5.067241E-5	9.913080430123955E-5
220.609871872	-5.0061535E-5	8.250937389675528E-5
220.611821568	-1.8776662E-5	6.876287807244807E-5
220.613787648	1.9350773E-4	5.823052197229117E-5
220.615737344	1.0737587E-4	5.1120758143952116E-5
220.61768704	1.0237769E-4	4.7494922910118476E-5
220.61965312	9.166533E-5	4.726245970232412E-5
220.621602816	9.267739E-5	5.0162707339040935E-5
220.623552512	1.2813494E-4	5.5857832194305956E-5
220.625518592	1.637415E-4	6.378575199050829E-5
220.627468288	2.2926237E-4	7.330186781473458E-5
220.629417984	2.4511918E-4	8.370132854906842E-5
220.631384064	1.6419493E-4	9.41259422688745E-5
220.63333376	6.10378E-5	1.0378457955084741E-4
220.635283456	2.9423143E-4	1.1191912926733494E-4
220.637233152	3.3451183E-4	1.1789525160565972E-4
220.639199232	1.946202E-4	1.2126701039960608E-4
220.641148928	2.1569463E-4	1.2182868522359058E-4
220.643098624	1.07838736E-4	1.1964425357291475E-4
220.645064704	2.7086548E-4	1.1502661800477654E-4
220.6470144	1.8989036E-4	1.0861193732125685E-4
220.648964096	3.1262074E-4	1.0112976451637223E-4
220.650930176	3.0889708E-4	9.346615115646273E-5
220.652879872	3.0608856E-4	8.653248369228095E-5
220.654829568	1.5825182E-4	8.12975486041978E-5
220.656795648	9.297401E-5	7.83480572863482E-5
220.658745344	6.5820546E-5	7.83644791226834E-5
220.66069504	6.303921E-5	8.156003605108708E-5
220.662644736	1.2781014E-4	8.808222628431395E-5
220.664610816	1.8674272E-4	9.784492431208491E-5
220.666560512	1.5584132E-4	1.1063947749789804E-4
220.668510208	3.3912782E-4	1.262237929040566E-4
220.670476288	3.5752807E-4	1.4442243264056742E-4
220.672425984	3.7321364E-4	1.6521337965968996E-4
220.67437568	3.3681173E-4	1.8877808179240674E-4
220.67634176	2.8046218E-4	2.1548967924900353E-4
220.678291456	2.0086669E-4	2.458249218761921E-4
220.680241152	1.7854184E-4	2.8025757637806237E-4
220.682207232	3.2260836E-4	3.188878472428769E-4
220.684156928	3.9229295E-4	3.614426532294601E-4
220.686106624	4.0324134E-4	4.070037975907326E-4
220.68805632	3.8801806E-4	4.539837536867708E-4
220.6900224	5.2559044E-4	5.002138786949217E-4
220.691972096	4.2846668E-4	5.431452300399542E-4
220.693921792	3.1376487E-4	5.802985979244113E-4
220.695887872	4.4381872E-4	6.092683179304004E-4
220.697837568	4.4541268E-4	6.284975097514689E-4
220.699787264	4.435059E-4	6.370824412442744E-4
220.701753344	5.533938E-4	6.35185744613409E-4
220.70370304	6.879236E-4	6.238259375095367E-4
220.705652736	4.7845297E-4	6.04744884185493E-4
220.707618816	4.841416E-4	5.801582592539489E-4
220.709568512	6.030084E-4	5.524872103706002E-4
220.711518208	4.7391883E-4	5.241120234131813E-4
220.713467904	5.609553E-4	4.971895250491798E-4
220.715433984	5.01138E-4	4.7353366971947253E-4
220.71738368	6.275636E-4	4.545525007415563E-4
220.719333376	5.672599E-4	4.412172129377723E-4
220.721299456	5.162787E-4	4.3404498137533665E-4
220.723249152	2.906115E-4	4.3309296597726643E-4
220.725198848	3.5330685E-4	4.3795412057079375E-4
220.727164928	2.9064305E-4	4.4777657603845E-4
220.729114624	4.009503E-4	4.612776974681765E-4
220.73106432	4.0288E-4	4.7692356747575104E-4
220.7330304	5.5984565E-4	4.928458947688341E-4
220.734980096	5.1143666E-4	5.071110790595412E-4
220.736929792	5.2980013E-4	5.178327555768192E-4
220.738879488	4.5005346E-4	5.232249386608601E-4
220.740845568	5.436475E-4	5.220841849222779E-4
220.742795264	4.6246892E-4	5.133964587002993E-4
220.74474496	5.846974E-4	4.968675784766674E-4
220.74671104	3.5278205E-4	4.7286489279940724E-4
220.748660736	3.119261E-4	4.4243887532502413E-4
220.750610432	3.0311334E-4	4.0725895087234676E-4
220.752576512	3.20296E-4	3.694359911605716E-4
220.754526208	3.3745178E-4	3.312260378152132E-4
220.756475904	3.6996914E-4	2.946390013676137E-4
220.758441984	2.535309E-4	2.609812072478235E-4
220.76039168	2.8635524E-4	2.308836265001446E-4
220.762341376	2.3733321E-4	2.038006641669199E-4
220.764291072	8.404746E-5	1.7869874136522412E-4
220.766257152	1.5837312E-4	1.5444261953234673E-4
220.768206848	1.3043321E-4	1.3031486014369875E-4
220.770156544	1.06305546E-4	1.0632462362991646E-4
220.772122624	2.739194E-4	8.318510663229972E-5
220.77407232	1.4804114E-4	6.199786002980545E-5
220.776022016	9.4815936E-5	4.381478356663138E-5
220.777988096	-2.113838E-5	2.9280414310051128E-5
220.779937792	-3.217537E-5	1.8449902199790813E-5
220.781887488	-3.1158947E-5	1.101166708394885E-5
220.783853568	1.1016231E-5	6.2257850004243664E-6
220.785803264	-2.781509E-5	3.3481032915005926E-6
220.78775296	1.2568629E-5	1.7229818922714912E-6
220.789702656	3.7538666E-5	8.551661494493601E-7
220.791668736	-1.821327E-5	4.131593982492632E-7
220.793618432	-3.019747E-5	1.6986338380320376E-7
220.795568128	9.591891E-5	7.913810406989796E-8
220.797534208	-9.076749E-5	0.0
220.799483904	-6.143234E-5	0.0
220.8014336	-3.606626E-5	0.0
220.80339968	-1.3635528E-5	0.0
220.805349376	-1.6860032E-4	0.0
220.807299072	-5.5334567E-5	0.0
220.809265152	-9.8348166E-5	0.0
220.811214848	4.2651627E-5	0.0
220.813164544	3.555233E-5	0.0
220.815130624	-2.8979184E-5	0.0
220.81708032	6.113244E-5	0.0
220.819030016	3.7041224E-5	0.0
220.820979712	-6.335634E-5	0.0
220.822945792	-8.784232E-5	0.0
220.824895488	-1.5971518E-5	0.0
220.826845184	-1.3385955E-4	0.0
220.828811264	-1.3348565E-5	0.0
220.83076096	2.6525895E-5	0.0
220.832710656	-5.5237535E-5	0.0
220.834676736	1.088278E-4	0.0
220.836626432	3.0415738E-5	0.0
220.838576128	3.1756666E-5	0.0
220.840542208	2.2657588E-5	0.0
220.842491904	5.574346E-5	0.0
220.8444416	-8.898174E-5	0.0
220.846391296	1.5062079E-4	0.0
220.848357376	7.871587E-5	0.0
220.850307072	-5.8274694E-5	0.0
220.852256768	-6.3388296E-5	0.0
220.854222848	1.4359155E-5	0.0
220.856172544	4.2207852E-5	0.0
220.85812224	5.0053313E-5	0.0
220.86008832	1.5562482E-5	0.0
220.862038016	8.336684E-5	0.0
220.863987712	2.1197551E-4	0.0
220.865953792	1.6148327E-4	0.0
220.867903488	1.2786579E-4	0.0
220.869853184	1.3231553E-4	0.0
220.87180288	-2.1735765E-5	0.0
220.87376896	5.4047174E-5	0.0
220.875718656	-7.669451E-5	0.0
220.877668352	1.9921072E-5	0.0
220.879634432	-5.4940618E-5	0.0
220.881584128	8.115733E-5	0.0
220.883533824	3.0410427E-4	0.0
220.885499904	1.5663807E-4	0.0
220.8874496	8.604672E-5	0.0
220.889399296	7.619967E-5	0.0
220.891365376	1.0326827E-4	0.0
220.893315072	-6.0060756E-6	0.0
220.895264768	9.465866E-5	0.0
220.897214464	4.777068E-6	0.0
220.899180544	-6.065073E-5	0.0
220.90113024	-1.1387494E-4	0.0
220.903079936	-5.1312418E-5	0.0
220.905046016	1.12131085E-4	0.0
220.906995712	6.9858743E-6	0.0
220.908945408	-1.7178593E-6	0.0
220.910911488	-3.0797943E-5	0.0
220.912861184	1.6758802E-6	0.0
220.91481088	5.259955E-5	7.541625990370449E-8
220.91677696	2.4177623E-5	1.5650851992177195E-7
220.918726656	6.514858E-6	3.133835946300678E-7
220.920676352	2.048935E-4	6.054569894331507E-7
220.922626048	1.9680717E-4	1.1286421113254619E-6
220.924592128	8.947602E-5	2.0300003598094918E-6
220.926541824	1.4662379E-4	3.522829047142295E-6
220.92849152	1.2839874E-4	5.898487870581448E-6
220.9304576	1.02909944E-4	9.528787813906092E-6
220.932407296	6.745356E-5	1.4851460946374573E-5
220.934356992	1.8133395E-4	2.233203122159466E-5
220.936323072	1.0795457E-4	3.246961205150001E-5
220.938272768	1.783281E-4	4.549241202767007E-5
220.940222464	2.2868844E-4	6.15229073446244E-5
220.942188544	1.2262698E-4	8.033160702325404E-5
220.94413824	1.4790098E-4	1.0131227463716641E-4
220.946087936	2.2439923E-4	1.234859664691612E-4
220.948037632	2.780121E-4	1.4558785187546164E-4
220.950003712	2.5837074E-4	1.6623098053969443E-4
220.951953408	1.8881782E-4	1.8412679492030293E-4
220.953903104	2.0379046E-4	1.9831550889648497E-4
220.955869184	1.3538878E-4	2.0835286704823375E-4
220.95781888	2.0692413E-4	2.1439795091282576E-4
220.959768576	-1.866729E-5	2.1717017807532102E-4
220.961734656	7.984892E-6	2.1777444635517895E-4
220.963684352	1.800486E-4	2.1742623357567936E-4
220.965634048	1.3118188E-4	2.1714367903769016E-4
220.967600128	1.6640112E-4	2.1748467406723648E-4
220.969549824	2.6627976E-4	2.1839889814145863E-4
220.97149952	1.5217354E-4	2.1923759777564555E-4
220.973449216	2.395685E-4	2.1891873620916158E-4
220.975415296	1.0449063E-4	2.1625605586450547E-4
220.977364992	1.0910836E-4	2.1010851196479052E-4
220.979314688	3.3329296E-4	1.9985681865364313E-4
220.981280768	1.191961E-4	1.8545830971561372E-4
220.983230464	-5.763633E-5	1.675109815550968E-4
220.98518016	2.2022019E-5	1.4716555597260594E-4
220.98714624	2.3664042E-4	1.2594433792401105E-4
220.989095936	1.13314796E-4	1.0552015010034665E-4
220.991045632	1.8800944E-4	8.750264532864094E-5
220.993011712	2.665964E-4	7.327219645958394E-5
220.994961408	2.2269771E-4	6.387232861015946E-5
220.996911104	1.739276E-4	5.995570245431736E-5
220.9988608	4.013461E-5	6.173422298161313E-5
221.00082688	9.413211E-5	6.91114182700403E-5
221.002776576	6.632666E-5	8.14341547084041E-5
221.004726272	-2.376436E-5	9.769354801392183E-5
221.006692352	1.2295131E-4	1.164883142337203E-4
221.008642048	2.2079339E-4	1.3609995949082077E-4
221.010591744	2.7997533E-4	1.5462776354979724E-4
221.012557824	2.639815E-4	1.7017860955093056E-4
221.01450752	1.8987394E-4	1.810926041798666E-4
221.016457216	9.823738E-5	1.8615978478919715E-4
221.018423296	7.9959944E-5	1.8478698621038347E-4
221.020372992	1.6914142E-4	1.7704260244499892E-4
221.022322688	1.8992633E-4	1.637731766095385E-4
221.024272384	2.5563987E-4	1.4620904403273016E-4
221.026238464	2.401344E-4	1.2596203305292875E-4
221.02818816	2.7350268E-6	1.0476638999534771E-4
221.030137856	1.5915066E-4	8.412056922679767E-5
221.032103936	4.9117807E-4	6.530057726195082E-5
221.034053632	3.712958E-4	4.919757702737115E-5
221.036003328	1.0319132E-4	3.636350083979778E-5
221.037969408	-3.1527576E-5	2.71111694019055E-5
221.039919104	-1.0046442E-4	2.165590376534965E-5
221.0418688	-9.9404286E-5	2.025578032771591E-5
221.04383488	-1.9097581E-4	2.3299720851355232E-5
221.045784576	-2.8676213E-5	3.1410527299158275E-5
221.047734272	1.2377891E-4	4.49944673164282E-5
221.049683968	8.4965744E-5	6.44027823000215E-5
221.051650048	9.162266E-5	8.940372208599001E-5
221.053599744	1.7903943E-5	1.1897604417754337E-4
221.05554944	2.807416E-5	1.5122216427698731E-4
221.05751552	-2.2506842E-5	1.8353553605265915E-4
221.059465216	1.2911795E-4	2.1303188987076283E-4
221.061414912	1.4781798E-4	2.3713617702014744E-4
221.063380992	2.7444176E-4	2.5427635409869254E-4
221.065330688	3.8255306E-4	2.6416932814754546E-4
221.067280384	2.3458849E-4	2.6806662208400667E-4
221.069246464	3.366966E-4	2.684692444745451E-4
221.07119616	3.1582892E-4	2.685467479750514E-4
221.073145856	2.7068818E-4	2.713738358579576E-4
221.075095552	3.644187E-4	2.790580037981272E-4
221.077061632	3.3896088E-4	2.9225496109575033E-4
221.079011328	1.5526774E-4	3.0991225503385067E-4
221.080961024	1.5387623E-4	3.2950437162071466E-4
221.082927104	1.6860335E-4	3.476124256849289E-4
221.0848768	3.409503E-4	3.6067486507818103E-4
221.086826496	2.902526E-4	3.657280176412314E-4
221.088792576	2.5384963E-4	3.6096444819122553E-4
221.090742272	2.2868611E-4	3.4602187224663794E-4
221.092691968	1.8313536E-4	3.2197937252931297E-4
221.094658048	7.7264E-5	2.910961047746241E-4
221.096607744	-1.7616641E-5	2.5637270300649107E-4
221.09855744	4.5366316E-5	2.2103235824033618E-4
221.10052352	2.4876124E-4	1.8799152167048305E-4
221.102473216	1.7512831E-4	1.5962118050083518E-4
221.104422912	3.8161335E-4	1.3724909513257444E-4
221.106372608	3.737588E-4	1.2132743722759187E-4
221.108338688	1.9705654E-4	1.1145285679958761E-4
221.110288384	3.2651072E-4	1.0657087113941088E-4
221.11223808	3.565978E-4	1.052316147251986E-4
221.11420416	3.3281822E-4	1.0584775009192526E-4
221.116153856	2.640043E-4	1.0691715579014271E-4
221.118103552	2.0232351E-4	1.0719131387304515E-4
221.120069632	2.1251998E-4	1.0577989451121539E-4
221.122019328	2.0707535E-4	1.0219272371614352E-4
221.123969024	2.5965166E-4	9.632714500185102E-5
221.125935104	3.718737E-4	8.841109956847504E-5
221.1278848	2.1327296E-4	7.891613495303318E-5
221.129834496	1.5582805E-4	6.845539610367268E-5
221.131784192	7.696551E-5	5.764522938989103E-5
221.133750272	1.10442365E-4	4.7183999413391575E-5
221.135699968	6.655303E-5	3.749430106836371E-5
221.137649664	1.42334E-4	2.8924012440256774E-5
221.139615744	1.5137295E-4	2.1660358470398933E-5
221.14156544	1.5628789E-4	1.574658199388068E-5
221.143515136	1.3212053E-4	1.111278743337607E-5
221.145481216	1.9430168E-4	7.613454727106728E-6
221.147430912	4.136815E-5	5.063755452283658E-6
221.149380608	1.3179934E-4	3.269665285188239E-6
221.151346688	1.3711266E-4	2.0496652268775506E-6
221.153296384	1.3710431E-5	1.2474372397264233E-6
221.15524608	1.4598967E-4	7.370797447947552E-7
221.157195776	1.299488E-4	4.22841367253568E-7
221.159161856	5.29279E-5	2.355100434670021E-7
221.161111552	-4.519712E-5	1.273535019663541E-7
221.163061248	-7.3105424E-5	6.686310172199228E-8
221.165027328	1.0538354E-4	3.408283077988017E-8
221.166977024	2.0128951E-4	0.0
221.16892672	1.6991873E-4	0.0
221.1708928	5.811321E-5	0.0
221.172842496	1.3089398E-4	0.0
221.174792192	3.755642E-5	0.0
221.176758272	4.4274515E-5	0.0
221.178707968	8.9083645E-5	0.0
221.180657664	8.4253574E-5	0.0
221.18260736	-1.600047E-6	0.0
221.18457344	7.9446785E-5	0.0
221.186523136	6.956848E-5	0.0
221.188472832	3.3215816E-5	0.0
221.190438912	8.324431E-5	0.0
221.192388608	1.3744817E-4	0.0
221.194338304	1.9745957E-4	0.0
221.196304384	-1.07460866E-4	0.0
221.19825408	-1.00121346E-4	0.0
221.200203776	1.8063083E-5	0.0
221.202169856	1.1118172E-4	0.0
221.204119552	8.4743624E-5	0.0
221.206069248	2.1619766E-4	0.0
221.208018944	1.1925896E-4	0.0
221.209985024	5.6553537E-5	0.0
221.21193472	1.6748309E-4	0.0
221.213884416	-5.2411688E-6	0.0
221.215850496	4.576306E-5	0.0
221.217800192	-9.7594144E-5	0.0
221.219749888	1.2355376E-4	0.0
221.221715968	1.6710462E-4	0.0
221.223665664	9.9009914E-5	0.0
221.22561536	5.7088233E-5	0.0
221.22758144	1.3789171E-4	0.0
221.229531136	1.2843005E-4	0.0
221.231480832	6.0834245E-5	0.0
221.233430528	1.1963207E-4	0.0
221.235396608	2.8108337E-4	0.0
221.237346304	2.3281129E-4	0.0
221.239296	2.5727387E-4	0.0
221.24126208	2.6775684E-4	0.0
221.243211776	1.329515E-4	0.0
221.245161472	1.0748099E-4	0.0
221.247127552	1.8547694E-4	0.0
221.249077248	2.8325184E-4	0.0
221.251026944	2.1999594E-4	0.0
221.252993024	3.9465874E-4	0.0
221.25494272	2.6247834E-4	0.0
221.256892416	3.4009546E-4	0.0
221.258842112	2.3972019E-4	0.0
221.260808192	2.0472458E-4	0.0
221.262757888	2.7023812E-4	0.0
221.264707584	2.520842E-4	0.0
221.266673664	1.7427499E-4	0.0
221.26862336	5.710971E-5	0.0
221.270573056	1.4634032E-4	0.0
221.272539136	2.8375394E-4	0.0
221.274488832	3.081341E-4	0.0
221.276438528	2.7576063E-4	0.0
221.278404608	1.8911503E-4	0.0
221.280354304	6.7536625E-5	0.0
221.282304	1.3515152E-4	0.0
221.284253696	1.0663733E-4	0.0
221.286219776	7.4237123E-6	0.0
221.288169472	1.0816272E-4	0.0
221.290119168	1.14241695E-4	0.0
221.292085248	7.8592704E-5	0.0
221.294034944	1.309558E-4	0.0
221.29598464	5.3546413E-5	0.0
221.29795072	5.201926E-6	0.0
221.299900416	7.7522905E-5	0.0
221.301850112	5.030023E-5	0.0
221.303816192	2.2141039E-4	0.0
221.305765888	2.9281213E-5	0.0
221.307715584	1.8467868E-4	0.0
221.30966528	2.0742681E-4	0.0
221.31163136	2.3373543E-5	0.0
221.313581056	1.0695212E-4	0.0
221.315530752	1.0360925E-4	0.0
221.317496832	-5.9675054E-5	0.0
221.319446528	2.9226905E-5	0.0
221.321396224	-1.572431E-5	0.0
221.323362304	-6.648442E-5	0.0
221.325312	-2.6908621E-5	0.0
221.327261696	1.9192867E-4	0.0
221.329227776	2.3178544E-4	0.0
221.331177472	1.1697408E-4	0.0
221.333127168	3.4508725E-5	0.0
221.335076864	2.4141593E-5	0.0
221.337042944	1.3723757E-4	0.0
221.33899264	1.5831875E-4	0.0
221.340942336	1.4463402E-4	0.0
221.342908416	1.2252349E-4	0.0
221.344858112	5.0238705E-5	0.0
221.346807808	2.1502955E-4	0.0
221.348773888	2.1734144E-4	0.0
221.350723584	2.8824466E-4	0.0
221.35267328	2.4538158E-4	0.0
221.35463936	1.6429191E-4	0.0
221.356589056	3.1379328E-4	0.0
221.358538752	3.2834717E-4	0.0
221.360488448	2.6004223E-4	0.0
221.362454528	1.4034924E-4	0.0
221.364404224	1.9765002E-4	0.0
221.36635392	1.6979637E-4	0.0
221.36832	2.814495E-4	0.0
221.370269696	3.313174E-4	0.0
221.372219392	3.200867E-4	0.0
221.374185472	3.6693012E-4	0.0
221.376135168	2.584804E-4	0.0
221.378084864	2.3623343E-4	0.0
221.380050944	2.4217376E-4	0.0
221.38200064	2.8233518E-4	0.0
221.383950336	2.0278685E-4	0.0
221.385916416	1.0910138E-4	0.0
221.387866112	1.7244808E-4	0.0
221.389815808	2.8204636E-4	0.0
221.391765504	2.5031887E-4	0.0
221.393731584	2.1705692E-4	0.0
221.39568128	-1.1207338E-5	0.0
221.397630976	5.5729997E-6	0.0
221.399597056	9.43767E-5	0.0
221.401546752	6.681997E-5	0.0
221.403496448	1.04522296E-4	0.0
221.405462528	4.9345334E-5	0.0
221.407412224	8.419112E-5	0.0
221.40936192	2.3191236E-5	0.0
221.411328	7.831319E-5	0.0
221.413277696	1.9342531E-4	0.0
221.415227392	1.2333246E-4	0.0
221.417177088	1.4814592E-4	0.0
221.419143168	4.8812384E-5	0.0
221.421092864	1.5374363E-4	0.0
221.42304256	-3.4650067E-5	0.0
221.42500864	7.662796E-5	0.0
221.426958336	1.5544551E-4	0.0
221.428908032	1.0634734E-4	0.0
221.430874112	8.415875E-5	0.0
221.432823808	3.9154045E-5	0.0
221.434773504	5.307107E-6	0.0
221.436739584	1.0357281E-4	0.0
221.43868928	1.1258953E-4	0.0
221.440638976	9.0365786E-5	0.0
221.442588672	1.5388333E-4	0.0
221.444554752	1.6420227E-4	0.0
221.446504448	3.0574572E-4	0.0
221.448454144	2.311079E-4	0.0
221.450420224	1.3560228E-4	0.0
221.45236992	-1.2481154E-5	0.0
221.454319616	1.395313E-4	0.0
221.456285696	4.0523322E-5	0.0
221.458235392	2.6347721E-5	0.0
221.460185088	1.598367E-4	0.0
221.462151168	2.598439E-5	0.0
221.464100864	6.4815475E-5	0.0
221.46605056	2.1340043E-4	0.0
221.468000256	1.0497224E-4	0.0
221.469966336	2.9315264E-5	0.0
221.471916032	9.110572E-5	0.0
221.473865728	1.0901154E-5	0.0
221.475831808	5.3733434E-5	0.0
221.477781504	1.5501733E-4	0.0
221.4797312	5.2868992E-5	0.0
221.48169728	6.0812883E-5	0.0
221.483646976	-3.8950915E-5	0.0
221.485596672	-2.9031571E-5	0.0
221.487562752	1.298956E-4	0.0
221.489512448	1.771863E-4	0.0
221.491462144	3.6455072E-5	0.0
221.49341184	-8.246248E-5	0.0
221.49537792	-9.158944E-5	0.0
221.497327616	6.148588E-5	0.0
221.499277312	1.5504027E-4	0.0
221.501243392	-4.2140287E-5	0.0
221.503193088	-1.1177557E-4	0.0
221.505142784	1.117636E-5	0.0
221.507108864	8.718066E-5	0.0
221.50905856	3.9766546E-6	0.0
221.511008256	6.0636903E-6	0.0
221.512974336	-1.0805994E-4	0.0
221.514924032	8.497814E-5	0.0
221.516873728	3.3069424E-5	0.0
221.518823424	-6.389499E-5	0.0
221.520789504	2.7243304E-5	0.0
221.5227392	-6.3331445E-6	0.0
221.524688896	-2.2559054E-5	0.0
221.526654976	-2.6981264E-5	0.0
221.528604672	-3.992927E-5	0.0
221.530554368	-2.7639186E-5	0.0
221.532520448	-3.8426353E-7	0.0
221.534470144	9.22099E-6	0.0
221.53641984	5.340718E-5	0.0
221.53838592	7.7269586E-5	0.0
221.540335616	-1.5035969E-6	0.0
221.542285312	-3.1257725E-5	0.0
221.544235008	-4.094245E-6	0.0
221.546201088	-1.7498829E-5	0.0
221.548150784	1.0832291E-4	0.0
221.55010048	-2.1287682E-5	0.0
221.55206656	-4.495492E-5	0.0
221.554016256	-4.951223E-5	0.0
221.555965952	5.759982E-5	0.0
221.557932032	8.533478E-7	0.0
221.559881728	8.387214E-5	0.0
221.561831424	1.617643E-4	0.0
221.563797504	7.0383794E-5	0.0
221.5657472	1.2070414E-4	0.0
221.567696896	1.9324894E-4	0.0
221.569646592	1.2764017E-4	0.0
221.571612672	1.0691533E-4	0.0
221.573562368	-2.296327E-6	0.0
221.575512064	1.2488008E-4	0.0
221.577478144	4.6748166E-5	0.0
221.57942784	1.6722503E-5	0.0
221.581377536	2.339147E-5	0.0
221.583343616	4.0168023E-5	0.0
221.585293312	-8.298759E-6	0.0
221.587243008	5.7381716E-5	0.0
221.589209088	-3.566457E-5	0.0
221.591158784	1.1123329E-4	0.0
221.59310848	1.2369067E-4	0.0
221.595058176	-3.2933232E-5	0.0
221.597024256	2.00702E-5	0.0
221.598973952	3.622294E-5	0.0
221.600923648	-5.0762763E-5	0.0
221.602889728	5.834876E-6	0.0
221.604839424	4.5691464E-5	0.0
221.60678912	3.099007E-5	0.0
221.6087552	9.148871E-6	0.0
221.610704896	4.1298008E-5	0.0
221.612654592	5.291026E-5	0.0
221.614620672	7.683914E-5	0.0
221.616570368	5.4011027E-5	0.0
221.618520064	6.508084E-5	0.0
221.62046976	2.5181764E-5	0.0
221.62243584	5.9229227E-5	0.0
221.624385536	3.047674E-5	0.0
221.626335232	3.365901E-5	0.0
221.628301312	1.1897188E-4	0.0
221.630251008	8.556872E-5	0.0
221.632200704	1.705341E-4	0.0
221.634166784	1.694377E-4	0.0
221.63611648	7.932915E-5	0.0
221.638066176	1.2075843E-5	0.0
221.640032256	5.9450707E-5	0.0
221.641981952	-3.470944E-5	0.0
221.643931648	-5.1026345E-6	0.0
221.645881344	-4.9761475E-5	0.0
221.647847424	2.8759556E-5	0.0
221.64979712	1.10637826E-4	0.0
221.651746816	-4.673031E-5	0.0
221.653712896	-6.024252E-5	0.0
221.655662592	-5.0267707E-5	0.0
221.657612288	-5.4554934E-5	0.0
221.659578368	7.5047374E-6	0.0
221.661528064	-1.2495907E-4	0.0
221.66347776	-2.2900323E-4	0.0
221.66544384	-4.962323E-5	0.0
221.667393536	-1.3382267E-5	0.0
221.669343232	2.4105737E-5	0.0
221.671309312	-8.7490924E-5	0.0
221.673259008	6.4808646E-6	0.0
221.675208704	8.06452E-6	0.0
221.6771584	6.4466985E-5	0.0
221.67912448	1.1976642E-4	0.0
221.681074176	6.4772925E-5	0.0
221.683023872	2.2794842E-5	0.0
221.684989952	-8.420132E-5	0.0
221.686939648	-1.7163271E-4	0.0
221.688889344	3.701922E-5	0.0
221.690855424	2.1625552E-4	0.0
221.69280512	1.518116E-4	0.0
221.694754816	1.4098172E-4	0.0
221.696720896	1.230377E-4	0.0
221.698670592	8.518129E-5	0.0
221.700620288	-6.1872975E-5	0.0
221.702569984	1.1585207E-4	0.0
221.704536064	1.3282531E-4	0.0
221.70648576	7.4451327E-6	0.0
221.708435456	7.628925E-5	0.0
221.710401536	7.388574E-5	0.0
221.712351232	6.3151474E-6	0.0
221.714300928	7.224999E-5	0.0
221.716267008	6.732807E-5	3.992021291310266E-8
221.718216704	-6.804037E-5	7.773506638386607E-8
221.7201664	-6.503169E-6	1.4698899519771658E-7
221.72213248	1.0413917E-4	2.698980097193271E-7
221.724082176	1.5895776E-4	4.812406473320152E-7
221.726031872	1.6453498E-4	8.332293077728536E-7
221.727981568	3.396204E-5	1.4009043525220477E-6
221.729947648	-7.3297626E-5	2.2870954126119614E-6
221.731897344	7.1190436E-5	3.6256872135709273E-6
221.73384704	1.6609541E-4	5.581042387348134E-6
221.73581312	2.4911456E-4	8.341661668964662E-6
221.737762816	2.3358615E-4	1.2105836503906175E-5
221.739712512	-1.3049261E-5	1.7058062439900823E-5
221.741678592	6.0015245E-6	2.3337504899245687E-5
221.743628288	8.113853E-5	3.1000083254184574E-5
221.745577984	2.1980164E-4	3.998165266239084E-5
221.747544064	1.4181886E-4	5.006739229429513E-5
221.74949376	1.525307E-4	6.087850488256663E-5
221.751443456	2.5663603E-4	7.188081508502364E-5
221.753393152	8.4343155E-5	8.24196104076691E-5
221.755359232	2.1415844E-5	9.178063191939145E-5
221.757308928	1.6174835E-4	9.926724305842072E-5
221.759258624	1.5180555E-4	1.0428544919705018E-4
221.761224704	1.724645E-4	1.064201642293483E-4
221.7631744	2.8939694E-4	1.0549084981903434E-4
221.765124096	1.9986028E-4	1.0157637734664604E-4
221.767090176	2.4706914E-4	9.500412852503359E-5
221.769039872	1.9253683E-4	8.630555385025218E-5
221.770989568	1.2851923E-4	7.614662172272801E-5
221.772955648	1.8098133E-4	6.524460332002491E-5
221.774905344	2.7077596E-4	5.428614895208739E-5
221.77685504	2.2845584E-4	4.3858828576048836E-5
221.778804736	1.8813062E-4	3.440560612943955E-5
221.780770816	1.5159204E-4	2.6205447284155525E-5
221.782720512	2.0093968E-4	1.9379363948246464E-5
221.784670208	2.3457009E-4	1.391470868838951E-5
221.786636288	1.2110787E-4	9.700635018816683E-6
221.788585984	1.0653279E-4	6.5663771238178015E-6
221.79053568	1.2141614E-4	4.3157888285350055E-6
221.79250176	1.2112987E-4	2.7543110263650306E-6
221.794451456	1.1852531E-4	1.7068301758627058E-6
221.796401152	9.565896E-5	1.0270695156577858E-6
221.798367232	9.5632415E-5	6.001313295200816E-7
221.800316928	1.3251309E-4	3.4051353736685996E-7
221.802266624	1.9351926E-4	1.8761453191018518E-7
221.80421632	2.5996307E-4	1.003796725740358E-7
221.8061824	-1.957952E-5	5.2151932550259517E-8
221.808132096	4.962211E-5	2.6311361978059722E-8
221.810081792	5.9533304E-5	0.0
221.812047872	2.561329E-4	0.0
221.813997568	2.492013E-4	0.0
221.815947264	3.2005504E-5	0.0
221.817913344	2.7876778E-5	0.0
221.81986304	1.0743827E-4	0.0
221.821812736	1.2549886E-5	0.0
221.823778816	9.814041E-5	0.0
221.825728512	1.3465094E-4	0.0
221.827678208	2.3151105E-4	0.0
221.829627904	8.562937E-5	0.0
221.831593984	5.5133794E-5	0.0
221.83354368	8.700383E-5	0.0
221.835493376	2.9052631E-5	0.0
221.837459456	6.314451E-5	0.0
221.839409152	-4.069994E-5	0.0
221.841358848	-5.9535705E-5	0.0
221.843324928	-1.15380484E-4	0.0
221.845274624	-5.3159172E-5	0.0
221.84722432	1.0860789E-4	0.0
221.8491904	8.838696E-5	0.0
221.851140096	-4.8893035E-6	0.0
221.853089792	4.0925304E-5	0.0
221.855039488	5.0960654E-5	0.0
221.857005568	5.3038435E-5	0.0
221.858955264	1.4292857E-5	0.0
221.86090496	-1.01151156E-4	0.0
221.86287104	-6.540292E-5	0.0
221.864820736	1.1578501E-4	0.0
221.866770432	1.0945074E-4	0.0
