220.033335296	7.346567E-5	0.0
220.0313856	1.3870386E-4	0.0
220.029435904	1.5672621E-4	0.0
220.027469824	-2.8301154E-5	0.0
220.025520128	4.8085123E-5	0.0
220.023570432	-9.616863E-5	0.0
220.021604352	-9.866658E-6	0.0
220.019654656	1.8133498E-4	0.0
220.01770496	1.6927894E-5	0.0
220.01573888	3.6809237E-5	0.0
220.013789184	-6.1438885E-5	0.0
220.011839488	-4.4296823E-5	0.0
220.009889792	-1.6433572E-5	0.0
220.007923712	1.0644974E-4	0.0
220.005974016	2.1114676E-5	0.0
220.00402432	3.901004E-5	0.0
220.00205824	-5.3846503E-5	0.0
220.000108544	-5.2203894E-5	0.0
219.998158848	3.8148697E-5	0.0
219.996192768	-1.1204059E-5	0.0
219.994243072	3.717321E-5	0.0
219.992293376	-9.413157E-5	0.0
219.99034368	9.2623617E-7	0.0
219.9883776	-7.228801E-5	0.0
219.986427904	-1.3703844E-4	0.0
219.984478208	-3.0033036E-5	0.0
219.982512128	-3.492096E-5	0.0
219.980562432	5.637433E-5	0.0
219.978612736	-3.6482033E-5	0.0
219.976646656	5.3800184E-5	0.0
219.97469696	1.3096664E-4	0.0
219.972747264	9.0471476E-5	0.0
219.970797568	-5.846971E-5	0.0
219.968831488	-1.8630832E-5	0.0
219.966881792	-4.2808788E-5	0.0
219.964932096	-1.3018584E-6	0.0
219.962966016	4.0279432E-5	0.0
219.96101632	-1.0008415E-5	0.0
219.959066624	7.794418E-5	0.0
219.957100544	2.5991516E-4	0.0
219.955150848	2.5902072E-4	0.0
219.953201152	4.0936057E-4	0.0
219.951251456	3.2969972E-4	0.0
219.949285376	3.2896915E-4	0.0
219.94733568	5.3495256E-4	0.0
219.945385984	4.651753E-4	0.0
219.943419904	4.2243063E-4	0.0
219.941470208	4.3397117E-4	0.0
219.939520512	4.2437768E-4	0.0
219.937554432	2.493553E-4	0.0
219.935604736	1.8431827E-4	0.0
219.93365504	6.245891E-5	0.0
219.931705344	1.3938961E-4	0.0
219.929739264	2.5873302E-4	0.0
219.927789568	7.998474E-5	0.0
219.925839872	5.76221E-5	0.0
219.923873792	-1.5784477E-5	0.0
219.921924096	2.9367002E-5	0.0
219.9199744	-4.391585E-5	0.0
219.91800832	8.721057E-5	0.0
219.916058624	9.462826E-5	0.0
219.914108928	6.455766E-5	0.0
219.912159232	4.494584E-5	0.0
219.910193152	5.4014272E-5	0.0
219.908243456	2.8029986E-5	0.0
219.90629376	8.3901126E-5	0.0
219.90432768	2.9404473E-5	0.0
219.902377984	1.0893109E-4	0.0
219.900428288	4.7129324E-5	0.0
219.898462208	1.6402271E-4	0.0
219.896512512	2.068979E-5	0.0
219.894562816	-1.1065503E-4	0.0
219.892596736	-2.7219197E-5	0.0
219.89064704	-2.4146153E-5	0.0
219.888697344	3.6165708E-5	0.0
219.886747648	8.315058E-5	0.0
219.884781568	9.457114E-6	0.0
219.882831872	9.538713E-5	0.0
219.880882176	1.6086861E-4	0.0
219.878916096	-4.0777257E-5	0.0
219.8769664	-9.738064E-5	0.0
219.875016704	-5.5687565E-6	0.0
219.873050624	-1.1404373E-5	0.0
219.871100928	-1.0820339E-4	0.0
219.869151232	-3.1250915E-5	0.0
219.867201536	1.495432E-4	0.0
219.865235456	5.0289927E-5	0.0
219.86328576	5.147198E-5	0.0
219.861336064	-4.1912106E-5	0.0
219.859369984	1.3096614E-5	0.0
219.857420288	-7.465417E-5	0.0
219.855470592	-1.7038372E-5	0.0
219.853504512	6.498659E-5	0.0
219.851554816	9.669597E-5	0.0
219.84960512	-5.196106E-5	0.0
219.847655424	-7.776718E-5	0.0
219.845689344	2.8324437E-5	0.0
219.843739648	8.8323744E-5	0.0
219.841789952	1.2617404E-4	0.0
219.839823872	-1.4265047E-5	0.0
219.837874176	6.942383E-5	0.0
219.83592448	2.8218928E-5	0.0
219.8339584	1.3064592E-5	0.0
219.832008704	-1.5495076E-5	0.0
219.830059008	7.2206744E-6	0.0
219.828109312	6.9699214E-5	0.0
219.826143232	-7.2555966E-5	0.0
219.824193536	9.627939E-5	0.0
219.82224384	-9.707474E-6	0.0
219.82027776	-8.159815E-5	0.0
219.818328064	1.3517346E-5	0.0
219.816378368	3.3905082E-5	0.0
219.814412288	1.9306375E-5	0.0
219.812462592	-2.0943888E-5	0.0
219.810512896	2.5418928E-4	0.0
219.8085632	6.01398E-5	0.0
219.80659712	-1.6507042E-6	0.0
219.804647424	-1.4497317E-5	0.0
219.802697728	2.6275477E-5	0.0
219.800731648	-1.4853083E-5	0.0
219.798781952	4.2933934E-5	0.0
219.796832256	8.856657E-5	0.0
219.794866176	1.631904E-4	0.0
219.79291648	1.07419204E-4	0.0
219.790966784	1.1908965E-4	0.0
219.789017088	-2.066678E-6	0.0
219.787051008	6.9569876E-5	0.0
219.785101312	9.611369E-5	0.0
219.783151616	5.2530588E-5	0.0
219.781185536	-1.9267361E-5	0.0
219.77923584	-7.420439E-5	0.0
219.777286144	-1.2000581E-4	0.0
219.775320064	-8.947795E-5	0.0
219.773370368	5.8955084E-5	0.0
219.771420672	3.1879776E-5	0.0
219.769454592	1.9916137E-5	0.0
219.767504896	7.907302E-5	5.05107644599434E-9
219.7655552	3.9652812E-5	1.3958828759541575E-8
219.763605504	9.617782E-6	3.600476361498295E-8
219.761639424	8.1496495E-5	8.667925044392177E-8
219.759689728	3.6699676E-5	1.947664287627049E-7
219.757740032	-7.247087E-6	4.084639328993944E-7
219.755773952	8.5120286E-5	7.995232635948923E-7
219.753824256	9.859104E-5	1.4606338254452567E-6
219.75187456	1.1637602E-5	2.4904627480282215E-6
219.74990848	-2.5742753E-5	3.963166363973869E-6
219.747958784	2.2711785E-5	5.886135568289319E-6
219.746009088	9.561577E-5	8.15919520391617E-6
219.744059392	-2.3618013E-5	1.0556122106208932E-5
219.742093312	1.6561768E-5	1.2747280379699077E-5
219.740143616	-1.6201026E-5	1.436826369172195E-5
219.73819392	-1.5157349E-5	1.5117473594727926E-5
219.73622784	4.9831397E-5	1.4847372767690104E-5
219.734278144	3.03379E-6	1.3611706890515052E-5
219.732328448	1.13071355E-5	1.1655324669845868E-5
219.730362368	7.629206E-5	9.323262929683551E-6
219.728412672	4.2192907E-5	6.985003892623354E-6
219.726462976	-6.81106E-5	4.94108007842442E-6
219.72451328	-1.6361546E-4	3.386354137546732E-6
219.7225472	-8.837197E-6	2.4163839498214656E-6
219.720597504	-2.0327927E-5	2.06294362214976E-6
219.718647808	5.388945E-6	2.3315051294048317E-6
219.716681728	3.161726E-5	3.2182865652430337E-6
219.714732032	1.0477448E-4	4.697119493357604E-6
219.712782336	-7.7620614E-5	6.683546416752506E-6
219.710816256	-6.816112E-5	8.99746191862505E-6
219.70886656	8.842497E-5	1.1351345165167004E-5
219.706916864	7.055606E-5	1.3380207747104578E-5
219.704967168	-5.530873E-5	1.4732057934452314E-5
219.703001088	5.4823227E-5	1.5140716641326435E-5
219.701051392	2.2363501E-4	1.4529358850268181E-5
219.699101696	1.4650707E-4	1.301887368754251E-5
219.697135616	7.752881E-6	1.0903208021773025E-5
219.69518592	4.448428E-5	8.558696208638139E-6
219.693236224	9.514596E-5	6.351673619064968E-6
219.691270144	6.1524224E-5	4.570778401102871E-6
219.689320448	-1.11890375E-4	3.4025915738311596E-6
219.687370752	6.9236754E-5	2.9444015581248095E-6
219.685421056	1.675301E-4	3.2301497867592843E-6
219.683454976	4.6424226E-5	4.244701813149732E-6
219.68150528	4.5855566E-5	5.9142189456906635E-6
219.679555584	9.997885E-6	8.079869076027535E-6
219.677589504	2.967201E-5	1.0477951036591548E-5
219.675639808	7.160557E-5	1.2752338989230338E-5
219.673690112	2.8398936E-5	1.4512202142213937E-5
219.671724032	-5.9609752E-5	1.5421965144923888E-5
219.669774336	5.5826087E-5	1.5303729014704004E-5
219.66782464	5.2662952E-5	1.4175279829942156E-5
219.665874944	1.08396205E-4	1.2255527508386876E-5
219.663908864	-1.399335E-4	9.889671673590783E-6
219.661959168	-9.470951E-5	7.448403721355135E-6
219.660009472	2.3278476E-6	5.235539447312476E-6
219.658043392	-7.441891E-5	3.434532573010074E-6
219.656093696	-9.326393E-5	2.102708549500676E-6
219.654144	-6.895809E-5	1.2014277217531344E-6
219.65217792	7.5099083E-6	6.406602324204869E-7
219.650228224	-1.106654E-4	3.1884090390121855E-7
219.648278528	-8.30346E-5	1.4809531023729505E-7
219.646328832	-8.26877E-5	6.419958253900404E-8
219.644362752	-4.0019706E-5	2.597457537945047E-8
219.642413056	-3.5270812E-5	9.808260870158847E-9
219.64046336	-1.1724275E-5	3.456706254567621E-9
219.63849728	4.4084743E-5	0.0
219.636547584	6.504049E-5	0.0
219.634597888	-8.9044925E-6	0.0
219.632631808	-9.009943E-5	0.0
219.630682112	-6.427782E-5	0.0
219.628732416	4.0517577E-7	0.0
219.626766336	5.1364324E-5	0.0
219.62481664	8.784352E-5	0.0
219.622866944	-7.361593E-5	0.0
219.620917248	2.3519278E-5	0.0
219.618951168	1.0235057E-4	0.0
219.617001472	8.2772334E-5	0.0
219.615051776	4.6742738E-5	0.0
219.613085696	1.1980882E-5	0.0
219.611136	3.830465E-5	0.0
219.609186304	-5.7094487E-5	0.0
219.607220224	-4.7496942E-5	0.0
219.605270528	-1.3850012E-5	0.0
219.603320832	-7.534861E-5	0.0
219.601371136	-7.29376E-5	0.0
219.599405056	-2.1863227E-5	0.0
219.59745536	-3.0631825E-5	0.0
219.595505664	-6.607005E-5	0.0
219.593539584	-1.0994987E-4	0.0
219.591589888	-1.3590019E-4	0.0
219.589640192	1.6824793E-5	0.0
219.587674112	-3.2374362E-5	0.0
219.585724416	-1.5530582E-4	0.0
219.58377472	2.9643248E-5	0.0
219.581825024	-1.6500794E-4	0.0
219.579858944	-1.8969293E-4	0.0
219.577909248	-1.5213933E-4	0.0
219.575959552	-4.008371E-5	0.0
219.573993472	1.892578E-6	0.0
219.572043776	-8.659871E-5	0.0
219.57009408	3.7616286E-5	0.0
219.568128	7.112722E-5	0.0
219.566178304	2.4692656E-4	0.0
219.564228608	4.5655668E-4	0.0
219.562278912	5.441002E-4	0.0
219.560312832	6.10927E-4	8.958925615254465E-12
219.558363136	6.526869E-4	2.486068989560053E-11
219.55641344	6.44959E-4	6.438174993128598E-11
219.55444736	6.631974E-4	1.5559709076740091E-10
219.552497664	5.124948E-4	3.50937667814577E-10
219.550547968	5.2144757E-4	7.386650180407628E-10
219.548581888	2.7544211E-4	1.450952358261759E-9
219.546632192	2.4691323E-4	2.6598061531046824E-9
219.544682496	2.2179929E-4	5.165979199972526E-9
219.5427328	4.8186637E-5	8.984827104541182E-9
219.54076672	8.5488886E-5	1.530878890321219E-8
219.538817024	4.997399E-5	2.5962695104908562E-8
219.536867328	2.1345055E-5	4.4308507085588644E-8
219.534901248	-3.9409828E-5	7.615808073069275E-8
219.532951552	7.825677E-5	1.3056515513198974E-7
219.531001856	4.9292947E-5	2.1981918507663067E-7
219.529035776	1.17011434E-4	3.577772815788194E-7
219.52708608	9.3078845E-5	5.559264195653668E-7
219.525136384	5.6318873E-5	8.174527579285495E-7
219.523186688	-6.300122E-5	1.1311215075693326E-6
219.521220608	-9.800519E-5	1.4682387927678064E-6
219.519270912	-6.181019E-5	1.7838520989243989E-6
219.517321216	8.1506245E-5	2.0271413632144686E-6
219.515355136	8.78854E-5	2.1548410131799756E-6
219.51340544	8.421046E-5	2.1456737613334553E-6
219.511455744	2.338405E-6	2.0091285932721803E-6
219.509489664	6.0920174E-5	1.7849658888735576E-6
219.507539968	-5.5012647E-6	1.5335072021116503E-6
219.505590272	5.0516896E-6	1.3201602087065112E-6
219.503624192	-7.95307E-5	1.1992325426035677E-6
219.501674496	-1.3774532E-4	1.2012778825010173E-6
219.4997248	-1.3349672E-4	1.3263461369206198E-6
219.497775104	-1.0694287E-4	1.544039491818694E-6
219.495809024	2.153933E-5	1.8002058368438156E-6
219.493859328	1.4775119E-5	2.029506049439078E-6
219.491909632	-3.7489164E-5	2.1714181457355153E-6
219.489943552	4.3677042E-5	2.185560560974409E-6
219.487993856	6.8168515E-6	2.0614884306269232E-6
219.48604416	1.7032653E-5	1.8194297126683523E-6
219.48407808	-7.590723E-5	1.5018996464277734E-6
219.482128384	9.5812E-5	1.1595951718845754E-6
219.480178688	6.488349E-5	8.381251177524973E-7
219.478228992	1.2932342E-4	5.674374392583559E-7
219.476262912	1.7640275E-5	3.603051936806878E-7
219.474313216	-9.745017E-5	2.1492083135399298E-7
219.47236352	-7.682366E-5	1.2068359467320988E-7
219.47039744	2.7287344E-5	6.395848828333328E-8
219.468447744	1.4930991E-4	3.208721111036539E-8
219.466498048	4.5117944E-5	1.5289513655147857E-8
219.464531968	8.234039E-5	6.940648944464556E-9
219.462582272	1.2873014E-4	3.810911142210216E-9
219.460632576	-1.1493737E-5	3.4467766418799783E-9
219.45868288	3.5716897E-5	5.913406209145933E-9
219.4567168	1.5843929E-5	1.3598232762035423E-8
219.454767104	1.9167193E-5	3.0151127816679946E-8
219.452817408	8.631018E-5	6.27684144660634E-8
219.450851328	3.3519704E-5	1.2207382837914338E-7
219.448901632	-1.8250706E-5	2.2158985757414484E-7
219.446951936	-1.0490244E-5	3.753702628728206E-7
219.444985856	-1.7763661E-5	5.933757734055689E-7
219.44303616	4.341061E-5	8.753074212108913E-7
219.441086464	3.7205777E-5	1.204899945150828E-6
219.439136768	4.1318293E-5	1.5477605757041601E-6
219.437170688	-1.06446416E-4	1.8561815977591323E-6
219.435220992	-5.6308436E-5	2.0777472400368424E-6
219.433271296	-6.866921E-5	2.172452241211431E-6
219.431305216	-1.7639199E-5	2.124672846548492E-6
219.42935552	-1.9867708E-5	1.9501312635838985E-6
219.427405824	-5.0324303E-5	1.6931209074755316E-6
219.425439744	-2.1220862E-5	1.415502197232854E-6
219.423490048	3.8209553E-5	1.1816309779533185E-6
219.421540352	8.796236E-5	1.044011924022925E-6
219.419590656	9.029713E-5	1.0329330280001159E-6
219.417624576	-3.9247272E-5	1.1510618378451909E-6
219.41567488	-1.3607203E-4	1.3729506918025436E-6
219.413725184	-5.433212E-5	1.6494677765876986E-6
219.411759104	1.1973002E-4	1.91725439435686E-6
219.409809408	-1.5581832E-6	2.1125633793417364E-6
219.407859712	5.772913E-5	2.186601022913237E-6
219.405893632	6.765602E-5	2.1177615963097196E-6
219.403943936	2.7850168E-5	1.916165501825162E-6
219.40199424	-6.40711E-5	1.6182788158403127E-6
219.400044544	8.800091E-5	1.2760439176418004E-6
219.398078464	1.3688833E-5	9.389284514327301E-7
219.396128768	3.97716E-5	6.446931024584046E-7
219.394179072	3.999973E-5	4.130725699269533E-7
219.392212992	-5.341975E-5	2.4697615685909113E-7
219.390263296	4.3806717E-6	1.3779528273971664E-7
219.3883136	-7.461023E-5	7.174099891926744E-8
219.38634752	-4.55977E-5	3.485419952653501E-8
219.384397824	-9.5869116E-5	1.5801465025333528E-8
219.382448128	-6.855355E-5	6.684969022785481E-9
219.380482048	1.862341E-5	2.6390842844392637E-9
219.378532352	6.378997E-5	9.722150862145895E-10
219.376582656	1.3142248E-4	0.0
219.37463296	-5.2409964E-6	0.0
219.37266688	-1.2735535E-4	0.0
219.370717184	-1.276105E-4	0.0
219.368767488	4.6653945E-6	0.0
219.366801408	-3.15534E-5	0.0
219.364851712	1.2426549E-5	0.0
219.362902016	-1.7904899E-6	0.0
219.360935936	7.786429E-5	0.0
219.35898624	-3.942525E-5	0.0
219.357036544	-4.2884058E-5	0.0
219.355086848	9.860543E-5	0.0
219.353120768	1.6858241E-4	0.0
219.351171072	1.5806603E-4	0.0
219.349221376	-1.0635773E-4	0.0
219.347255296	-5.5781442E-5	0.0
219.3453056	2.8182425E-5	0.0
219.343355904	1.4052735E-4	0.0
219.341389824	4.6812922E-5	0.0
219.339440128	1.1007231E-4	0.0
219.337490432	5.0206894E-5	0.0
219.335540736	1.5585752E-4	0.0
219.333574656	1.4693545E-4	0.0
219.33162496	8.913762E-5	0.0
219.329675264	1.021398E-4	0.0
219.327709184	-2.1823289E-5	0.0
219.325759488	-1.6467858E-4	0.0
219.323809792	-1.0137882E-4	0.0
219.321843712	-6.331782E-5	0.0
219.319894016	-1.8483086E-5	0.0
219.31794432	-3.336748E-5	0.0
219.315994624	7.678083E-5	0.0
219.314028544	8.235787E-5	0.0
219.312078848	6.214709E-5	0.0
219.310129152	1.9979816E-5	0.0
219.308163072	-3.738939E-5	0.0
219.306213376	-1.1258369E-4	0.0
219.30426368	-1.2631876E-4	0.0
219.3022976	-4.659982E-6	0.0
219.300347904	2.485292E-6	0.0
219.298398208	9.067654E-6	0.0
219.296448512	8.445603E-6	0.0
219.294482432	1.8567713E-5	0.0
219.292532736	6.7387686E-5	0.0
219.29058304	-3.2331085E-5	0.0
219.28861696	-2.1233405E-5	0.0
219.286667264	6.37049E-5	0.0
219.284717568	2.515273E-5	0.0
219.282751488	2.9624057E-6	0.0
219.280801792	2.3798428E-5	0.0
219.278852096	-4.9888997E-5	0.0
219.2769024	7.981965E-6	0.0
219.27493632	5.9099497E-5	0.0
219.272986624	-4.6144545E-5	0.0
219.271036928	1.1816834E-7	0.0
219.269070848	-5.8507903E-5	0.0
219.267121152	3.5349432E-5	0.0
219.265171456	7.1642695E-5	0.0
219.263205376	-8.018623E-5	0.0
219.26125568	-8.407862E-5	0.0
219.259305984	3.822773E-5	0.0
219.257356288	1.5534817E-5	0.0
219.255390208	-4.140692E-5	0.0
219.253440512	8.586796E-5	0.0
219.251490816	8.311522E-6	0.0
219.249524736	-4.1343403E-5	0.0
219.24757504	-9.765044E-5	0.0
219.245625344	-1.3103138E-4	0.0
219.243659264	-1.0934654E-4	0.0
219.241709568	6.856076E-5	0.0
219.239759872	1.2811029E-4	3.3079908257072077E-10
219.237793792	9.3409726E-5	8.892866443233061E-10
219.235844096	-5.8111265E-5	2.2305988167659052E-9
219.2338944	-6.971412E-5	5.4425499662613674E-9
219.231944704	-2.707116E-5	1.2006127647623543E-8
219.229978624	-4.3470503E-5	2.4772026208097486E-8
219.228028928	8.732902E-6	4.7832195093633345E-8
219.226079232	6.9729555E-5	8.648921578924273E-8
219.224113152	-8.669945E-6	1.46561148994806E-7
219.222163456	-1.3476741E-5	2.329585839788706E-7
219.22021376	-7.6077704E-5	3.476760355169972E-7
219.21824768	-7.85878E-5	4.877400670011411E-7
219.216297984	-2.1629836E-5	6.43915370801551E-7
219.214348288	3.6977573E-5	8.009751581994351E-7
219.212398592	-1.2719022E-5	9.398595466336701E-7
219.210432512	1.0378421E-6	1.0413937161501963E-6
219.208482816	-1.1765115E-5	1.0905439467023825E-6
219.20653312	9.22738E-5	1.0799308256537188E-6
219.20456704	9.220841E-5	1.0115294344359427E-6
219.202617344	5.054361E-5	8.960747095443367E-7
219.200667648	2.9462979E-5	7.504082759623998E-7
219.198701568	3.0858697E-5	6.292869443313975E-7
219.196751872	-4.4537763E-5	5.398117650656786E-7
219.194802176	-4.0678356E-6	5.562324076890945E-7
219.19285248	5.5192366E-5	7.8343725817831E-7
219.1908864	-5.6057204E-5	1.3984132465338917E-6
219.188936704	-1.2351943E-5	2.682849753909977E-6
219.186987008	6.617563E-6	5.0373346311971545E-6
219.185020928	-5.2333664E-5	8.951215022534598E-6
219.183071232	9.759256E-6	1.4900206224410795E-5
219.181121536	4.574256E-6	2.3164933736552484E-5
219.179155456	-3.16154E-5	3.3607509976718575E-5
219.17720576	5.9954087E-5	4.5493299694499E-5
219.175256064	8.2341176E-5	5.746507304138504E-5
219.173306368	2.5956077E-5	6.774784560548142E-5
219.171340288	1.0192743E-4	7.456228195223957E-5
219.169390592	8.236616E-6	7.662209100089967E-5
219.167440896	1.29136815E-5	7.352550892392173E-5
219.165474816	1.0488435E-4	6.58815260976553E-5
219.16352512	1.7486863E-4	5.5117699957918376E-5
219.161575424	7.8874866E-5	4.304927642806433E-5
219.159609344	2.8340488E-5	3.1387709896080196E-5
219.157659648	-1.3114594E-5	2.1364841813920066E-5
219.155709952	-3.5253397E-5	1.3581828170572408E-5
219.153760256	-2.5716734E-5	8.073899152805097E-6
219.151794176	2.1343217E-6	4.506036020757165E-6
219.14984448	1.292276E-4	2.3908455659693573E-6
219.147894784	1.805951E-4	1.2532145774457604E-6
219.145928704	4.968819E-5	7.152109446906252E-7
219.143979008	6.3578987E-6	5.147454658072093E-7
219.142029312	6.533613E-5	4.865169103140943E-7
219.140063232	9.661723E-5	5.316514375408588E-7
219.138113536	6.1971565E-5	5.823338824484381E-7
219.13616384	1.0805179E-4	6.296960464169388E-7
219.134214144	1.0382698E-4	6.359285293910943E-7
219.132248064	-6.465249E-5	5.993443323859537E-7
219.130298368	-1.903341E-5	5.271807594908751E-7
219.128348672	5.692195E-5	4.3263912630209234E-7
219.126382592	1.1020403E-4	3.3126255516435776E-7
219.124432896	1.7591128E-4	2.3664614445806365E-7
219.1224832	6.845936E-5	1.5772803863001172E-7
219.12051712	1.9974184E-4	9.808359635599118E-8
219.118567424	5.5814722E-5	5.690674953484631E-8
219.116617728	4.4435677E-5	3.08045322583439E-8
219.114651648	7.232294E-5	1.5557603205706982E-8
219.112701952	-1.7195955E-5	7.46417061492366E-9
219.110752256	-6.3735904E-5	3.6039662365539016E-9
219.10880256	-4.6230634E-5	2.338311766436618E-9
219.10683648	-1.3157821E-5	3.034881235208786E-9
219.104886784	3.891E-6	6.0515943367533964E-9
219.102937088	1.5570606E-4	1.271564276095205E-8
219.100971008	6.0398255E-5	2.5694250282981557E-8
219.099021312	-3.172195E-5	4.843928991249413E-8
219.097071616	1.2039279E-5	8.519754146618652E-8
219.095105536	-5.2935025E-5	1.3980434232507832E-7
219.09315584	5.1516465E-5	2.1403270977771172E-7
219.091206144	6.342584E-5	3.057076582990703E-7
219.089256448	2.307664E-6	4.0737819517744356E-7
219.087290368	9.1355185E-5	5.064732135906524E-7
219.085340672	8.420769E-5	5.874653083992598E-7
219.083390976	9.6319905E-5	6.357354322972242E-7
219.081424896	6.783047E-5	6.418582643163973E-7
219.0794752	1.7756176E-4	6.046030875950237E-7
219.077525504	-4.934792E-5	5.313366386872076E-7
219.075559424	-1.2629018E-4	4.356500653557305E-7
219.073609728	-5.5197456E-6	3.3325116532978427E-7
219.071660032	-2.2726876E-5	2.3783277924849244E-7
219.069710336	1.1009163E-5	1.5835782107842533E-7
219.067744256	-1.6803962E-5	9.837186354388905E-8
219.06579456	1.7622435E-5	5.701220473497415E-8
219.063844864	-7.418236E-5	3.082693922351609E-8
219.061878784	-4.5186345E-5	1.5551144372238923E-8
219.059929088	-5.7755293E-5	7.3190951077606314E-9
219.057979392	-8.537856E-5	3.2137958960731794E-9
219.056013312	-6.8279046E-6	1.3165758483424383E-9
219.054063616	1.8450082E-5	5.032043115527074E-10
219.05211392	1.9849773E-5	1.7943413421761534E-10
219.050164224	-1.2095984E-4	0.0
219.048198144	5.3510776E-5	1.3701827172862835E-10
219.046248448	2.7246274E-6	3.6830100080820216E-10
219.044298752	2.7438946E-5	9.235901488047205E-10
219.042332672	2.013753E-5	2.1607491351716135E-9
219.040382976	-1.0809437E-4	4.71603422980138E-9
219.03843328	1.5929028E-5	9.602858064283737E-9
219.0364672	-6.858609E-5	1.82419732652761E-8
219.034517504	-3.2659354E-5	3.232909762118652E-8
219.032567808	-3.832211E-6	5.345201969930713E-8
219.030618112	-3.4446442E-5	8.244846583238541E-8
219.028652032	-7.580588E-5	1.1864541704653675E-7
219.026702336	1.6354183E-4	1.5928263508158125E-7
219.02475264	8.232294E-5	1.9949618490500143E-7
219.02278656	-7.946112E-5	2.331046005110693E-7
219.020836864	-3.707314E-5	2.5410719217688893E-7
219.018887168	-3.992046E-5	2.5842413720056356E-7
219.016921088	-3.8506773E-6	2.451882039622433E-7
219.014971392	4.343209E-5	2.1702810215629142E-7
219.013021696	-1.1779019E-4	1.792181762994005E-7
219.011072	-1.3652151E-4	1.3806939591631817E-7
219.00910592	9.9032615E-5	9.923430610569994E-8
219.007156224	7.6594275E-5	6.653884554452816E-8
219.005206528	-1.0374585E-4	4.16236218825361E-8
219.003240448	-8.186577E-5	2.4291320954716866E-8
219.001290752	-5.133989E-6	1.3225481154677254E-8
218.999341056	2.7250804E-5	6.71769839755143E-9
218.997374976	2.9663403E-5	3.1833091718169726E-9
218.99542528	6.585121E-5	1.4073116005874908E-9
218.993475584	9.102577E-5	5.804265401643249E-10
218.991525888	1.1848908E-4	2.2333328242307715E-10
218.989559808	8.516045E-5	8.016933644716673E-11
218.987610112	3.1326716E-5	0.0
218.985660416	-4.672461E-5	0.0
218.983694336	-1.0792994E-4	0.0
218.98174464	4.4230073E-5	0.0
218.979794944	2.5811969E-5	0.0
218.977828864	-1.6076597E-6	0.0
218.975879168	6.212513E-5	0.0
218.973929472	-1.7178361E-5	0.0
218.971963392	1.1896672E-4	0.0
218.970013696	4.9410715E-5	0.0
218.968064	-1.7249421E-4	0.0
218.966114304	-1.2886366E-4	0.0
218.964148224	5.3879594E-5	0.0
218.962198528	-3.4618137E-5	0.0
218.960248832	6.767899E-6	0.0
218.958282752	-7.849814E-5	0.0
218.956333056	-9.420038E-6	0.0
218.95438336	-1.5622281E-5	0.0
218.95241728	-5.5552887E-6	0.0
218.950467584	-2.2794557E-5	0.0
218.948517888	-6.240341E-5	0.0
218.946568192	-1.1579598E-4	0.0
218.944602112	-5.2652995E-5	0.0
218.942652416	-3.5331985E-5	0.0
218.94070272	8.104805E-5	0.0
218.93873664	3.6711026E-5	0.0
218.936786944	5.583556E-5	0.0
218.934837248	-1.3945247E-5	7.897461157257979E-11
218.932871168	-1.2257202E-4	2.1149483553362103E-10
218.930921472	-9.70452E-6	5.283570803094051E-10
218.928971776	3.885979E-5	1.2313283725973179E-9
218.92702208	-2.523273E-5	2.676936006196229E-9
218.925056	-8.367727E-5	5.429028337999853E-9
218.923106304	1.00500845E-4	1.0271234529568574E-8
218.921156608	2.2717715E-4	1.8127634504594425E-8
218.919190528	5.1508476E-5	2.9845406146478126E-8
218.917240832	-1.6932325E-4	4.583877100117206E-8
218.915291136	-2.1193824E-5	6.567579191596451E-8
218.913325056	3.632303E-5	8.778001614473396E-8
218.91137536	-7.182238E-5	1.094471144824638E-7
218.909425664	4.698219E-5	1.2730093601476256E-7
218.907475968	1.549615E-4	1.3812649513056385E-7
218.905509888	1.6186306E-4	1.3981087931824732E-7
218.903560192	7.398417E-5	1.3201506021687237E-7
218.901610496	4.239029E-5	1.1628524987372657E-7
218.899644416	9.1707356E-5	9.555295577001743E-8
218.89769472	1.4546458E-4	7.324567263822246E-8
218.895745024	1.8263627E-4	5.2376677217580436E-8
218.893778944	1.946737E-4	3.493911293617202E-8
218.891829248	1.5000154E-4	2.17420907944188E-8
218.889879552	-4.098564E-5	1.2621501177534356E-8
218.887929856	-8.147283E-5	6.835002341887275E-9
218.885963776	-1.8229875E-5	3.464865017122065E-8
218.88401408	-1.7657694E-5	8.704367360223841E-8
218.882064384	3.7835365E-5	2.1888212131671025E-7
218.880098304	-3.8137023E-5	5.233236493040749E-7
218.878148608	4.847996E-5	1.1643605830613524E-6
218.876198912	-1.2958991E-5	2.4183507321140496E-6
218.874232832	1.1027062E-5	4.687633918365464E-6
218.872283136	-8.654657E-5	8.480067663185764E-6
218.87033344	-3.971479E-5	1.4318270586954895E-5
218.868383744	7.147855E-5	2.256802144984249E-5
218.866417664	-4.0960116E-5	3.321326585137285E-5
218.864467968	-8.935794E-6	4.565624476526864E-5
218.862518272	4.98183E-5	5.865084312972613E-5
218.860552192	7.0499805E-6	7.045418897178024E-5
218.858602496	9.213204E-5	7.919819472590461E-5
218.8566528	6.1008548E-5	8.337639883393422E-5
218.85468672	1.2382421E-4	8.22698202682659E-5
218.852737024	3.3122218E-5	7.614780042786151E-5
218.850787328	2.6867201E-5	6.616774044232443E-5
218.848821248	-7.5380165E-5	5.402250462793745E-5
218.846871552	-1.18901546E-4	4.14798196288757E-5
218.844921856	-6.2374825E-6	2.9981527404743247E-5
218.84297216	-3.146184E-5	2.042018240899779E-5
218.84100608	1.7067164E-7	1.3118084098096006E-5
218.839056384	6.75204E-5	7.955113687785342E-6
218.837106688	1.1708252E-5	4.5566803237306885E-6
218.835140608	1.1407046E-4	2.4661114821356023E-6
218.833190912	6.5710115E-6	1.2610305475391215E-6
218.831241216	8.3673855E-5	6.090260740165832E-7
218.829275136	6.457762E-5	2.776213534616545E-7
218.82732544	1.5925623E-5	1.1934334054330975E-7
218.825375744	2.2241307E-5	3.800038328449773E-8
218.823426048	1.2455696E-5	1.5140399156621243E-8
218.821459968	-6.9055463E-6	5.627091681503771E-9
218.819510272	2.9151583E-5	0.0
218.817560576	7.725511E-5	0.0
218.815594496	-6.5629814E-5	0.0
218.8136448	-4.2434796E-5	0.0
218.811695104	6.294024E-5	0.0
218.809729024	3.622927E-5	0.0
218.807779328	2.347449E-6	0.0
218.805829632	-4.0811847E-5	0.0
218.803879936	-5.548212E-5	0.0
218.801913856	5.647442E-5	0.0
218.79996416	8.787044E-5	0.0
218.798014464	8.9683956E-5	0.0
218.796048384	4.0963212E-5	0.0
218.794098688	-3.7176593E-5	0.0
218.792148992	-1.4328217E-5	0.0
218.790182912	-5.3613636E-5	0.0
218.788233216	-7.598307E-5	0.0
218.78628352	-3.199584E-5	0.0
218.784333824	8.6516746E-5	0.0
218.782367744	6.848823E-5	0.0
218.780418048	-4.3173146E-5	0.0
218.778468352	8.744775E-5	0.0
218.776502272	2.038956E-4	0.0
218.774552576	-2.382163E-5	0.0
218.77260288	-6.850631E-5	0.0
218.7706368	3.6205856E-5	0.0
218.768687104	2.7956892E-5	0.0
218.766737408	3.606898E-5	0.0
218.764787712	8.244649E-5	0.0
218.762821632	1.2326344E-4	0.0
218.760871936	2.1270801E-4	0.0
218.75892224	1.9378071E-4	0.0
218.75695616	3.231157E-4	0.0
218.755006464	2.8871343E-4	0.0
218.753056768	2.39884E-4	0.0
218.751090688	2.766026E-4	0.0
218.749140992	2.4006203E-4	0.0
218.747191296	1.9722006E-4	0.0
218.7452416	1.3759428E-4	0.0
218.74327552	1.18780335E-4	0.0
218.741325824	5.667055E-5	0.0
218.739376128	-5.0566512E-5	0.0
218.737410048	4.118357E-5	0.0
218.735460352	3.208401E-5	0.0
218.733510656	6.539349E-5	0.0
218.731544576	3.3222568E-5	0.0
218.72959488	1.0268849E-4	0.0
218.727645184	7.933031E-5	0.0
218.725679104	4.6216104E-5	0.0
218.723729408	1.6385136E-5	0.0
218.721779712	-2.8590453E-5	0.0
218.719830016	-1.8281098E-5	0.0
218.717863936	-4.519872E-5	0.0
218.71591424	9.4340714E-5	0.0
218.713964544	2.413478E-5	0.0
218.711998464	6.630373E-5	0.0
218.710048768	1.0708943E-4	0.0
218.708099072	6.490283E-5	3.521672953255006E-9
218.706132992	2.1236025E-5	9.78440795051938E-9
218.704183296	3.9641127E-5	2.535582410700954E-8
218.7022336	-8.836419E-6	6.128794893811573E-8
218.700283904	6.11293E-5	1.381737462224919E-7
218.698317824	-9.075405E-6	2.9055448180770327E-7
218.696368128	4.076062E-5	5.6987175867107E-7
218.694418432	-1.62098E-5	1.0424953416077187E-6
218.692452352	-6.4550935E-5	1.7787444903660798E-6
218.690502656	1.1359366E-6	2.830694484146079E-6
218.68855296	-8.7474655E-5	4.201566753181396E-6
218.68658688	-2.8566203E-5	5.816663360747043E-6
218.684637184	3.5313795E-5	7.510829618695425E-6
218.682687488	2.4332956E-5	9.046168088389095E-6
218.680737792	-3.9114806E-5	1.016287842503516E-5
218.678771712	-2.1293548E-5	1.065011656464776E-5
218.676822016	5.8551137E-5	1.0410756658529863E-5
218.67487232	7.484631E-5	9.492888239037711E-6
218.67290624	-1.8292369E-5	8.074101060628891E-6
218.670956544	6.2319737E-6	6.405546628229786E-6
218.669006848	-2.1587672E-5	4.73995714855846E-6
218.667040768	-3.0895964E-5	3.271423338446766E-6
218.665091072	-5.6868383E-5	2.1059181563032325E-6
218.663141376	4.9758564E-5	1.2644048865695368E-6
218.66119168	3.0458337E-5	7.080589625729772E-7
218.6592256	-4.782758E-5	3.6982859796808043E-7
218.657275904	-6.783531E-5	1.8016741876181186E-7
218.655326208	-3.093099E-5	8.18664958046611E-8
218.653360128	-5.1149407E-5	3.469677878342736E-8
218.651410432	-5.534393E-5	1.371582492026846E-8
218.649460736	-7.832681E-5	5.057240848316269E-9
218.647494656	-3.805688E-5	0.0
218.64554496	-2.6363981E-5	0.0
218.643595264	7.7295284E-5	0.0
218.641645568	7.605456E-6	0.0
218.639679488	4.0447652E-5	0.0
218.637729792	1.2367152E-4	0.0
218.635780096	8.952182E-5	0.0
218.633814016	6.889378E-5	0.0
218.63186432	-2.66122E-5	0.0
218.629914624	9.11827E-5	0.0
218.627948544	4.4358814E-5	0.0
218.625998848	-5.839121E-5	0.0
218.624049152	2.2456545E-5	0.0
218.622099456	-5.3469783E-5	0.0
218.620133376	5.7922625E-5	0.0
218.61818368	8.4908104E-5	0.0
218.616233984	1.5918641E-4	0.0
218.614267904	-6.4735436E-6	0.0
218.612318208	-2.338337E-5	3.905515147395455E-11
218.610368512	8.460471E-5	1.0977104641929358E-10
218.608402432	7.4053673E-6	2.8775734572938916E-10
218.606452736	4.915153E-5	7.035471094596346E-10
218.60450304	1.4915173E-4	1.6043040229618555E-9
218.602553344	-1.238157E-4	3.4120168912465942E-9
218.600587264	-1.5027771E-5	6.768059002126847E-9
218.598637568	7.076962E-5	1.2521178760493967E-8
218.596687872	1.6679187E-5	2.1605034206118034E-8
218.594721792	7.924878E-5	3.4769069401363595E-8
218.592772096	4.8384936E-5	5.218668519546554E-8
218.5908224	3.5648986E-6	7.305578009209057E-8
218.58885632	5.4493976E-5	9.5384571352497E-8
218.586906624	3.0023526E-5	1.1615296102718276E-7
218.584956928	6.2526083E-6	1.3192017433993897E-7
218.582990848	7.70005E-6	1.3974015189432976E-7
218.581041152	2.989977E-5	1.3805762932861398E-7
218.579091456	2.1504893E-5	1.272121608053567E-7
218.57714176	3.48673E-5	1.0932659222362417E-7
218.57517568	-3.250086E-5	8.762979319953956E-8
218.573225984	2.66714E-6	6.550982334374567E-8
218.571276288	2.6787493E-5	4.567614553252497E-8
218.569310208	-4.5477518E-5	2.970304535665491E-8
218.567360512	4.429867E-5	1.801527460543184E-8
218.565410816	-1.2686946E-6	1.0190817967270505E-8
218.563444736	-1.0277353E-4	5.376576073246042E-9
218.56149504	-5.3263826E-5	2.6456430379795393E-9
218.559545344	4.4294262E-5	1.2141848637625685E-9
218.557595648	-4.0108243E-5	5.197171026871672E-10
218.555629568	1.2300383E-4	2.0748092133260343E-10
218.553679872	8.642357E-5	7.725336342856437E-11
218.551730176	-1.5863501E-5	0.0
218.549764096	-2.4435176E-5	0.0
218.5478144	-8.232381E-5	0.0
218.545864704	-1.7162602E-5	0.0
218.543898624	4.5953602E-5	0.0
218.541948928	-1.5073166E-5	0.0
218.539999232	6.567648E-5	0.0
218.538049536	-5.318791E-6	0.0
218.536083456	-9.709075E-5	0.0
218.53413376	-6.194896E-5	0.0
218.532184064	5.341709E-5	0.0
218.530217984	-3.213467E-5	0.0
218.528268288	9.1755595E-7	0.0
218.526318592	8.992598E-5	0.0
218.524352512	9.763931E-5	0.0
218.522402816	-3.663577E-5	0.0
218.52045312	-1.6874407E-4	0.0
218.518503424	-1.5826205E-5	0.0
218.516537344	-4.512673E-6	0.0
218.514587648	-9.271157E-6	0.0
218.512637952	9.410184E-6	9.874401643572561E-12
218.510671872	7.995942E-6	2.7356223189500817E-11
218.508722176	-1.3386628E-5	7.068096108397981E-11
218.50677248	8.6949854E-5	1.7031301369208052E-10
218.5048064	4.0289633E-5	3.827333727723925E-10
218.502856704	6.450408E-5	8.02132638089148E-10
218.500907008	2.229902E-5	1.5678150999676177E-9
218.498957312	-7.5930715E-5	2.857897252184216E-9
218.496991232	2.0992807E-6	4.85846829434422E-9
218.495041536	1.1688342E-4	7.702856130720193E-9
218.49309184	4.215267E-5	1.1389551524132457E-8
218.49112576	-9.398168E-5	1.570588104016224E-8
218.489176064	-1.3467381E-4	2.0198468675403092E-8
218.487226368	4.39683E-5	2.5607679532413385E-8
218.485260288	9.292205E-6	3.087729538719941E-8
218.483310592	3.3566706E-5	3.790723468455326E-8
218.481360896	4.462593E-5	5.0428798914481376E-8
218.4794112	8.073534E-5	7.581051164606833E-8
218.47744512	1.1705612E-4	1.2632351342745096E-7
218.475495424	1.3756921E-4	2.196376698293534E-7
218.473545728	1.3066338E-4	3.774568142489443E-7
218.471579648	9.8623386E-5	6.211816980794538E-7
218.469629952	1.7724755E-4	9.642437817092286E-7
218.467680256	1.1902709E-4	1.4024869869899703E-6
218.465714176	-5.509239E-6	1.906120246530918E-6
218.46376448	9.3522154E-5	2.417926680209348E-6
218.461814784	1.9181687E-4	2.8613817448785994E-6
218.459848704	8.6332766E-5	3.158404979330953E-6
218.457899008	8.061079E-5	3.2515317798242904E-6
218.455949312	1.881321E-5	3.1219253742165165E-6
218.453999616	6.335464E-5	2.7955379664490465E-6
218.452033536	1.224654E-4	2.3345830868493067E-6
218.45008384	8.1717204E-5	1.8182429357693763E-6
218.448134144	4.6868365E-5	1.3206500852902536E-6
218.446168064	2.732857E-5	8.945697231865779E-7
218.444218368	4.162576E-5	5.651061201206176E-7
218.442268672	4.089789E-5	3.3291658496636956E-7
218.440302592	3.1920594E-5	1.829072715509028E-7
218.438352896	3.9145896E-5	9.371679254854826E-8
218.4364032	4.738116E-5	4.4781657493331295E-8
218.434453504	1.1451112E-5	1.995593201797874E-8
218.432487424	-5.521797E-5	8.293496556177615E-9
218.430537728	7.266072E-5	3.2143787631611076E-9
218.428588032	1.8147226E-4	1.1618499495824608E-9
218.426621952	1.2536127E-4	0.0
218.424672256	-1.2911741E-5	0.0
218.42272256	-1.1727688E-5	0.0
218.42075648	6.841889E-5	0.0
218.418806784	-5.8705362E-5	0.0
218.416857088	-6.0992268E-5	0.0
218.414907392	-3.5181285E-5	0.0
218.412941312	-2.7592549E-5	0.0
218.410991616	-1.7196806E-5	0.0
218.40904192	1.3891192E-5	0.0
218.40707584	-1.4486069E-5	0.0
218.405126144	-3.367029E-5	0.0
218.403176448	-9.6860094E-5	0.0
218.401210368	-6.8407176E-6	0.0
218.399260672	1.3662425E-6	0.0
218.397310976	-6.716224E-5	0.0
218.39536128	-3.824505E-5	0.0
218.3933952	3.8443027E-6	0.0
218.391445504	-1.1092868E-5	0.0
218.389495808	-3.342729E-5	0.0
218.387529728	9.89016E-8	0.0
218.385580032	9.284824E-5	0.0
218.383630336	5.0933093E-5	0.0
218.381664256	3.2456526E-5	0.0
218.37971456	1.0430172E-5	0.0
218.377764864	-8.967944E-5	0.0
218.375815168	3.483198E-5	0.0
218.373849088	2.9538423E-5	0.0
218.371899392	-1.5913683E-5	0.0
218.369949696	-6.5487766E-5	0.0
218.367983616	-1.3863335E-4	0.0
218.36603392	-7.750868E-5	1.0366653091509193E-9
218.364084224	-3.0887655E-5	2.891277661731806E-9
218.362118144	3.4397723E-5	7.51970308243699E-9
218.360168448	-1.8695115E-5	1.823767803443843E-8
218.358218752	-6.241334E-5	4.124778740788315E-8
218.356269056	-2.4191984E-5	8.69942553549663E-8
218.354302976	-4.439017E-5	1.7109503858137032E-7
218.35235328	3.4439036E-5	3.1379317988466937E-7
218.350403584	4.7856076E-5	6.506825229735114E-7
218.348437504	-7.145114E-5	1.1752180171242799E-6
218.346487808	-8.420451E-5	2.1068178739369614E-6
218.344538112	1.8317318E-5	3.7959800920361886E-6
218.342572032	-3.914664E-5	6.893396403029328E-6
218.340622336	-1.1070316E-4	1.2511612112575676E-5
218.33867264	-1.5347607E-5	2.2348083803080954E-5
218.336722944	9.915111E-5	3.863996607833542E-5
218.334756864	6.654634E-5	6.379232945619151E-5
218.332807168	-1.8024097E-5	9.959161980077624E-5
218.330857472	1.02026424E-4	1.4612459926865995E-4
218.328891392	2.0011097E-4	2.007954171858728E-4
218.326941696	2.1780808E-4	2.579959691502154E-4
218.324992	2.8424626E-4	3.0983806937001646E-4
218.32302592	4.7285232E-4	3.478839935269207E-4
218.321076224	3.9188846E-4	3.6533590173348784E-4
218.319126528	2.897E-4	3.589071857277304E-4
218.317160448	2.4220896E-4	3.2974506029859185E-4
218.315210752	3.5798518E-4	2.83112283796072E-4
218.313261056	2.5706456E-4	2.26924370508641E-4
218.31131136	1.3695004E-4	1.696285471552983E-4
218.30934528	3.8408725E-5	1.1815802281489596E-4
218.307395584	-2.80549E-5	7.666093006264418E-5
218.305445888	5.967549E-5	4.632157651940361E-5
218.303479808	-4.3699474E-5	2.6071173124364577E-5
218.301530112	6.978356E-6	1.367134609608911E-5
218.299580416	5.136805E-5	6.681218110315967E-6
218.297614336	5.456803E-5	3.0436485758400522E-6
218.29566464	2.0452273E-5	1.2926871022500563E-6
218.293714944	5.1027404E-5	5.119249522067548E-7
218.291765248	-3.0951196E-5	1.8903962484273507E-7
218.289799168	-5.0000108E-5	0.0
218.287849472	-1.46404645E-5	0.0
218.285899776	4.652037E-5	0.0
218.283933696	1.3110417E-4	0.0
218.281984	-2.2571505E-5	0.0
218.280034304	-2.4415102E-5	0.0
218.278068224	-8.051225E-5	0.0
218.276118528	-3.3345565E-5	0.0
218.274168832	-2.962468E-5	0.0
218.272219136	4.4067077E-5	0.0
218.270253056	3.2865828E-5	0.0
218.26830336	5.0317096E-5	0.0
218.266353664	1.1759496E-5	0.0
218.264387584	-2.8319584E-5	0.0
218.262437888	-6.649912E-5	0.0
218.260488192	-2.0688334E-5	0.0
218.258522112	9.892391E-5	0.0
218.256572416	2.133716E-5	0.0
218.25462272	-1.00698535E-5	0.0
218.252673024	7.120193E-5	0.0
218.250706944	1.3922912E-4	0.0
218.248757248	6.502409E-5	0.0
218.246807552	-9.213071E-5	0.0
218.244841472	-5.141838E-5	0.0
218.242891776	6.2905114E-5	0.0
218.24094208	2.9033392E-5	0.0
218.238976	-5.1140265E-5	0.0
218.237026304	-3.9626375E-5	0.0
218.235076608	9.9821125E-5	0.0
218.233126912	9.593611E-5	0.0
218.231160832	1.9122039E-4	0.0
218.229211136	2.3656998E-4	0.0
218.22726144	2.848104E-4	0.0
218.22529536	2.826075E-4	0.0
218.223345664	2.2167266E-4	0.0
218.221395968	3.7463105E-4	0.0
218.219429888	4.7886197E-4	0.0
218.217480192	3.8244444E-4	0.0
218.215530496	2.775204E-4	0.0
218.2135808	3.5440724E-4	0.0
218.21161472	3.984528E-4	0.0
218.209665024	3.1074887E-4	0.0
218.207715328	3.2551683E-4	0.0
218.205749248	2.7575417E-4	0.0
218.203799552	8.7062166E-5	0.0
218.201849856	2.923962E-4	0.0
218.199883776	4.9659815E-5	0.0
218.19793408	1.0693979E-4	0.0
218.195984384	-8.11139E-5	0.0
218.194018304	-1.510421E-7	0.0
218.192068608	4.3773012E-5	0.0
218.190118912	8.1096E-5	0.0
218.188169216	1.9436964E-5	0.0
218.186203136	-1.5812002E-5	0.0
218.18425344	-1.0511426E-4	0.0
218.182303744	9.3654984E-5	0.0
218.180337664	1.7920347E-4	0.0
218.178387968	9.683948E-5	0.0
218.176438272	1.2266165E-5	0.0
218.174472192	6.7957335E-5	0.0
218.172522496	-1.072939E-4	0.0
218.1705728	-5.6949386E-5	0.0
218.168623104	-2.0501291E-5	0.0
218.166657024	9.429803E-5	0.0
218.164707328	2.830854E-5	0.0
218.162757632	6.2328276E-5	0.0
218.160791552	2.5160363E-4	0.0
