234.319003648	8.6882676E-5	0.0
234.320986112	8.869589E-5	0.0
234.322952192	4.929578E-5	0.0
234.324918272	2.3206116E-5	0.0
234.326900736	4.4148128E-5	0.0
234.328866816	4.6487683E-5	0.0
234.33084928	3.0733503E-5	0.0
234.33281536	2.2983282E-5	0.0
234.33478144	2.8724187E-5	0.0
234.336763904	-2.0132893E-5	0.0
234.338729984	-6.885142E-5	0.0
234.340712448	-5.8030873E-5	0.0
234.342678528	-2.4582816E-6	0.0
234.344644608	9.5055235E-5	0.0
234.346627072	7.3282004E-5	0.0
234.348593152	1.0751001E-5	0.0
234.350575616	3.4212887E-6	0.0
234.352541696	2.6369702E-5	0.0
234.354507776	-4.6223903E-7	0.0
234.35649024	6.822559E-5	0.0
234.35845632	2.1082642E-5	0.0
234.360438784	3.101466E-5	0.0
234.362404864	-1.2723668E-5	0.0
234.364370944	1.777035E-5	0.0
234.366353408	8.002673E-5	0.0
234.368319488	3.9518654E-5	0.0
234.370301952	1.0124076E-5	0.0
234.372268032	1.9459318E-5	0.0
234.374234112	-4.350139E-5	0.0
234.376216576	5.895121E-5	0.0
234.378182656	4.8796912E-5	0.0
234.38016512	-7.194068E-5	0.0
234.3821312	-9.264942E-5	0.0
234.38409728	-2.7025153E-5	0.0
234.386079744	-2.782326E-5	0.0
234.388045824	1.3800195E-5	0.0
234.390028288	1.6853762E-6	0.0
234.391994368	-1.1566984E-4	0.0
234.393960448	-7.077866E-5	0.0
234.395942912	2.4275144E-8	0.0
234.397908992	-5.52331E-5	0.0
234.399891456	1.8433742E-5	0.0
234.401857536	9.6118674E-5	0.0
234.403823616	4.0638657E-5	0.0
234.40580608	9.657061E-6	0.0
234.40777216	6.206175E-5	0.0
234.409754624	2.754196E-5	0.0
234.411720704	-3.8503467E-6	0.0
234.413686784	1.4322856E-5	0.0
234.415669248	2.1324116E-5	0.0
234.417635328	6.934708E-5	0.0
234.419617792	2.7986129E-5	0.0
234.421583872	5.705343E-6	0.0
234.423549952	-1.3675152E-5	0.0
234.425532416	4.3132215E-5	0.0
234.427498496	6.5800545E-5	0.0
234.42948096	-1.2530579E-5	0.0
234.43144704	3.220006E-5	0.0
234.43341312	5.2823892E-5	0.0
234.435395584	3.3188935E-5	0.0
234.437361664	-6.7286137E-6	0.0
234.439344128	6.821111E-6	0.0
234.441310208	-2.1304846E-5	0.0
234.443276288	1.360194E-5	0.0
234.445258752	6.2231906E-5	0.0
234.447224832	-6.3216174E-7	0.0
234.449207296	-5.187914E-5	0.0
234.451173376	-5.9560534E-5	0.0
234.453139456	9.4703646E-5	0.0
234.45512192	1.3247468E-4	0.0
234.457088	2.5913398E-5	0.0
234.459070464	-5.223931E-6	0.0
234.461036544	-5.957784E-6	0.0
234.463002624	3.0018318E-5	0.0
234.464985088	1.2745341E-5	0.0
234.466951168	1.6686945E-5	0.0
234.468933632	5.7439993E-5	0.0
234.470899712	3.2952656E-5	0.0
234.472865792	-1.3254522E-5	0.0
234.474848256	-3.492513E-5	0.0
234.476814336	-4.300282E-5	0.0
234.4787968	-2.4850566E-5	0.0
234.48076288	-4.723568E-5	0.0
234.48272896	-2.6576961E-5	0.0
234.484711424	4.0923947E-5	0.0
234.486677504	1.0137058E-4	0.0
234.488659968	5.0381994E-5	0.0
234.490626048	-1.9716286E-5	0.0
234.492592128	-2.1458958E-5	0.0
234.494574592	1.9487024E-5	0.0
234.496540672	2.8046199E-5	0.0
234.498523136	-1.8028162E-5	0.0
234.500489216	-7.136974E-5	0.0
234.502455296	-5.865109E-5	0.0
234.50443776	-2.815198E-5	0.0
234.50640384	-9.68143E-6	0.0
234.508386304	3.0789746E-5	0.0
234.510352384	1.7225686E-5	0.0
234.512318464	-4.721279E-6	0.0
234.514300928	-1.0545639E-5	0.0
234.516267008	-3.2729524E-5	0.0
234.518249472	-4.0848314E-5	0.0
234.520215552	-9.286367E-5	0.0
234.522181632	-1.245049E-4	0.0
234.524164096	-3.3860804E-5	0.0
234.526130176	1.3399508E-5	0.0
234.52811264	-4.617201E-5	0.0
234.53007872	-3.5771376E-5	0.0
234.532061184	5.0294842E-5	0.0
234.534027264	1.6541746E-5	0.0
234.535993344	-1.9563047E-5	0.0
234.537975808	1.6341788E-5	0.0
234.539941888	5.6113106E-5	0.0
234.541924352	5.1908344E-5	0.0
234.543890432	-1.770268E-5	0.0
234.545856512	-3.0632185E-5	0.0
234.547838976	-8.936649E-6	0.0
234.549805056	4.510165E-6	0.0
234.55178752	-4.6030003E-5	0.0
234.5537536	-6.903076E-5	0.0
234.55571968	-2.3719742E-6	0.0
234.557702144	3.620303E-5	0.0
234.559668224	2.0453723E-5	0.0
234.561650688	6.732448E-5	0.0
234.563616768	3.461303E-5	0.0
234.565582848	1.2990701E-5	0.0
234.567565312	2.636554E-5	0.0
234.569531392	-5.04467E-5	0.0
234.571513856	-3.0383495E-5	0.0
234.573479936	3.0719097E-5	0.0
234.575446016	9.081687E-5	0.0
234.57742848	7.7889374E-5	0.0
234.57939456	-1.1015535E-5	0.0
234.581377024	-1.8831544E-5	0.0
234.583343104	-4.5848068E-5	0.0
234.585309184	3.519605E-5	0.0
234.587291648	1.1452458E-4	0.0
234.589257728	8.026579E-5	0.0
234.591240192	9.232925E-7	0.0
234.593206272	-2.743284E-5	0.0
234.595172352	2.1409915E-5	0.0
234.597154816	3.582142E-5	0.0
234.599120896	-2.1762946E-6	0.0
234.60110336	1.4056884E-6	0.0
234.60306944	6.4663354E-6	0.0
234.60503552	-3.1869433E-5	0.0
234.607017984	-1.0369071E-4	0.0
234.608984064	-1.3255883E-5	0.0
234.610966528	2.189154E-5	0.0
234.612932608	-4.9666993E-5	0.0
234.614898688	-9.563581E-6	0.0
234.616881152	8.4938045E-5	0.0
234.618847232	1.7566812E-5	0.0
234.620829696	-9.029999E-6	0.0
234.622795776	5.9685144E-6	0.0
234.624761856	-3.5461893E-5	0.0
234.62674432	3.8146452E-5	0.0
234.6287104	2.411238E-5	0.0
234.630692864	-1.905579E-5	0.0
234.632658944	-4.3421463E-5	0.0
234.634625024	-2.735538E-5	0.0
234.636607488	-6.809326E-5	0.0
234.638573568	-9.844542E-5	0.0
234.640556032	-7.389858E-5	0.0
234.642522112	1.1820611E-5	0.0
234.644488192	5.2825537E-5	0.0
234.646470656	4.9795595E-5	0.0
234.648436736	5.2692125E-5	0.0
234.6504192	-1.2519854E-5	0.0
234.65238528	1.3114145E-5	0.0
234.65435136	2.8335971E-5	0.0
234.656333824	6.0749326E-6	0.0
234.658299904	7.715705E-5	0.0
234.660282368	8.3222534E-5	0.0
234.662248448	3.3220105E-5	0.0
234.664214528	-3.672599E-5	0.0
234.666196992	-4.976105E-5	0.0
234.668163072	-3.3899432E-5	0.0
234.670145536	-8.89837E-6	0.0
234.672111616	1.3840795E-5	0.0
234.674077696	1.8338107E-5	0.0
234.67606016	6.38082E-5	0.0
234.67802624	3.6695204E-5	0.0
234.680008704	-3.969845E-5	0.0
234.681974784	-3.6514157E-5	0.0
234.683940864	-2.9267028E-5	0.0
234.685923328	-6.221538E-5	0.0
234.687889408	-2.2761973E-5	0.0
234.689871872	-3.521032E-5	0.0
234.691837952	-6.274388E-5	0.0
234.693804032	2.856857E-5	0.0
234.695786496	6.811958E-6	0.0
234.697752576	-6.473533E-6	0.0
234.69973504	1.5014552E-5	0.0
234.70170112	4.943264E-5	0.0
234.7036672	5.1587955E-5	0.0
234.705649664	7.144309E-6	0.0
234.707615744	-4.2638178E-5	0.0
234.709598208	-6.438565E-5	0.0
234.711564288	-3.7553287E-5	0.0
234.713530368	-3.250776E-5	0.0
234.715512832	2.6719908E-5	0.0
234.717478912	3.9992E-5	0.0
234.719461376	-6.372022E-5	0.0
234.721427456	-6.731996E-5	0.0
234.723393536	1.4624867E-5	0.0
234.725376	6.0299037E-5	0.0
234.72734208	1.7239787E-5	0.0
234.729324544	-3.5769048E-5	0.0
234.731290624	-6.19241E-5	0.0
234.733256704	-4.769211E-5	0.0
234.735239168	6.1069904E-6	0.0
234.737205248	6.8677646E-6	0.0
234.739187712	1.7212612E-6	0.0
234.741153792	-6.8269846E-6	0.0
234.743119872	-1.0563378E-5	0.0
234.745102336	1.1619707E-5	0.0
234.747068416	3.5903173E-5	0.0
234.74905088	5.8862777E-5	0.0
234.75101696	4.665426E-5	0.0
234.75298304	9.867875E-6	0.0
234.754965504	-6.209605E-6	0.0
234.756931584	-3.989085E-5	0.0
234.758914048	-6.201756E-5	0.0
234.760880128	-2.852005E-5	0.0
234.762846208	-4.1347E-5	0.0
234.764828672	-1.7260883E-5	0.0
234.766794752	2.288708E-5	0.0
234.768777216	5.9953793E-5	0.0
234.770743296	4.7056532E-5	0.0
234.772709376	3.1970125E-5	0.0
234.77469184	5.1726358E-5	0.0
234.77665792	-3.2503715E-6	0.0
234.778640384	-1.7480406E-5	0.0
234.780606464	-9.2358455E-8	0.0
234.782572544	3.1414314E-5	0.0
234.784555008	-4.496807E-5	0.0
234.786521088	-7.765921E-5	0.0
234.788503552	-1.6050026E-5	0.0
234.790469632	8.89729E-5	0.0
234.792435712	9.756113E-5	0.0
234.794418176	2.7953736E-5	0.0
234.796384256	4.4142176E-5	0.0
234.79836672	9.559156E-6	0.0
234.8003328	-3.7570633E-5	0.0
234.80229888	-4.7022175E-5	0.0
234.804281344	-3.8119488E-5	0.0
234.806247424	3.8988383E-5	0.0
234.808229888	8.437435E-5	0.0
234.810195968	-1.9345744E-5	0.0
234.812162048	2.5226343E-5	0.0
234.814144512	1.0244599E-4	0.0
234.816110592	1.1714513E-5	0.0
234.818093056	1.2131375E-6	0.0
234.820059136	7.112717E-6	0.0
234.822025216	-2.3275103E-5	0.0
234.82400768	-1.0410474E-5	0.0
234.82597376	-1.7129109E-5	0.0
234.827956224	9.815763E-5	0.0
234.829922304	2.1089772E-5	0.0
234.831888384	1.5169821E-5	0.0
234.833870848	1.0473575E-4	0.0
234.835836928	1.0876272E-4	0.0
234.837819392	5.258786E-5	0.0
234.839785472	7.2818206E-5	0.0
234.841767936	-2.0274929E-7	0.0
234.843734016	-1.2020192E-5	0.0
234.845700096	-8.995016E-6	0.0
234.84768256	-3.648178E-5	0.0
234.84964864	1.8965571E-5	0.0
234.851631104	7.7109595E-5	0.0
234.853597184	1.6396663E-5	0.0
234.855563264	-1.4206573E-6	0.0
234.857545728	-8.466869E-6	0.0
234.859511808	-3.4261564E-5	0.0
234.861494272	2.1797447E-5	0.0
234.863460352	5.4855514E-5	0.0
234.865426432	4.6497098E-5	0.0
234.867408896	5.374113E-5	0.0
234.869374976	1.7353146E-5	0.0
234.87135744	2.9944627E-5	0.0
234.87332352	9.585451E-6	0.0
234.8752896	-2.9094108E-5	0.0
234.877272064	-4.160662E-5	0.0
234.879238144	-7.2408584E-5	0.0
234.881220608	-9.251887E-6	0.0
234.883186688	1.329683E-5	0.0
234.885152768	-2.5918305E-5	0.0
234.887135232	-4.3962635E-5	0.0
234.889101312	-9.093838E-6	0.0
234.891083776	-1.1235647E-5	0.0
234.893049856	-1.3368784E-5	0.0
234.895015936	3.066853E-5	0.0
234.8969984	3.599012E-5	0.0
234.89896448	2.20948E-5	0.0
234.900946944	-1.1998619E-5	0.0
234.902913024	-4.9525233E-6	0.0
234.904879104	3.7142564E-7	0.0
234.906861568	-5.041187E-5	0.0
234.908827648	-8.075207E-5	0.0
234.910810112	-1.1801545E-4	0.0
234.912776192	-7.188118E-5	0.0
234.914742272	-2.773063E-5	0.0
234.916724736	1.691525E-5	0.0
234.918690816	3.6798625E-5	0.0
234.92067328	-2.1894932E-6	0.0
234.92263936	-8.278891E-5	0.0
234.92460544	-1.09477114E-4	0.0
234.926587904	-7.537167E-5	0.0
234.928553984	-1.9838966E-5	0.0
234.930536448	2.1399437E-5	0.0
234.932502528	-2.6752421E-5	0.0
234.934468608	6.0841003E-6	0.0
234.936451072	9.6961405E-5	0.0
234.938417152	8.201477E-5	0.0
234.940399616	3.3334163E-5	0.0
234.942365696	-7.872394E-6	0.0
234.944331776	-7.869891E-6	0.0
234.94631424	2.3753995E-5	0.0
234.94828032	4.236786E-5	0.0
234.950262784	6.1335435E-5	0.0
234.952228864	-1.7062395E-5	0.0
234.954194944	-2.9768E-5	0.0
234.956177408	3.216194E-6	0.0
234.958143488	-1.861384E-5	0.0
234.960125952	-5.6436375E-6	0.0
234.962092032	-2.465007E-5	0.0
234.964058112	-5.969102E-5	0.0
234.966040576	-5.8903E-5	0.0
234.968006656	-2.3132981E-5	0.0
234.96998912	2.372343E-6	0.0
234.9719552	2.3896459E-5	0.0
234.97392128	-3.661413E-5	0.0
234.975903744	-7.062643E-5	0.0
234.977869824	6.398758E-5	0.0
234.979852288	1.6654744E-4	0.0
234.981818368	5.069157E-5	0.0
234.983784448	-1.6529373E-5	0.0
234.985766912	-2.3035622E-5	0.0
234.987732992	4.810284E-6	0.0
234.989715456	4.1222596E-5	0.0
234.991681536	5.5609056E-5	0.0
234.993647616	-7.3710784E-5	0.0
234.99563008	-6.847909E-5	0.0
234.99759616	4.0121113E-6	0.0
234.999578624	6.1605635E-5	0.0
235.001544704	5.2508247E-5	0.0
235.003510784	-1.1166846E-5	0.0
235.005493248	-4.913574E-7	0.0
235.007459328	1.6070177E-5	0.0
235.009441792	-1.1181747E-5	0.0
235.011407872	4.9292972E-5	0.0
235.013373952	3.0520085E-5	0.0
235.015356416	1.0513179E-5	0.0
235.017322496	5.018927E-5	0.0
235.01930496	3.5137524E-5	0.0
235.02127104	8.425985E-5	0.0
235.02323712	-3.430842E-5	0.0
235.025219584	-5.5757697E-5	0.0
235.027185664	3.890297E-6	0.0
235.029168128	1.087737E-5	0.0
235.031134208	-2.0413068E-5	0.0
235.033100288	3.5051275E-5	0.0
235.035082752	4.2583142E-5	0.0
235.037048832	3.2582927E-6	0.0
235.039031296	7.1971035E-6	0.0
235.040997376	3.227682E-5	0.0
235.042963456	-4.2602293E-5	0.0
235.04494592	4.007304E-5	0.0
235.046912	1.3704291E-6	0.0
235.048894464	5.2149E-6	0.0
235.050860544	-4.2873984E-5	0.0
235.052826624	-7.2261115E-5	0.0
235.054809088	-4.423634E-5	0.0
235.056775168	1.9267669E-5	0.0
235.058757632	-2.5783365E-5	0.0
235.060723712	-5.179526E-5	0.0
235.062689792	-4.1893627E-6	0.0
235.064672256	-6.608265E-5	0.0
235.066638336	-6.438342E-5	0.0
235.0686208	7.0791284E-5	0.0
235.07058688	7.350564E-5	0.0
235.07255296	5.5526925E-5	0.0
235.074535424	-3.2282212E-5	0.0
235.076501504	-1.613936E-5	0.0
235.078483968	-7.3454816E-5	0.0
235.080450048	-9.218262E-5	0.0
235.082416128	-6.213835E-5	0.0
235.084398592	-2.9903304E-5	0.0
235.086364672	-2.5710155E-5	0.0
235.088347136	-5.7817026E-5	0.0
235.090313216	-3.9670053E-5	0.0
235.092279296	5.4221007E-5	0.0
235.09426176	1.0901934E-8	0.0
235.09622784	-2.7379689E-5	0.0
235.098210304	-3.9795046E-5	0.0
235.100176384	8.239021E-6	0.0
235.102142464	-2.0565783E-5	0.0
235.104124928	2.8683413E-5	0.0
235.106091008	7.281924E-5	0.0
235.108073472	4.7459227E-5	0.0
235.110039552	2.33302E-5	0.0
235.112005632	1.2351319E-5	0.0
235.113988096	3.4279645E-5	0.0
235.115954176	7.155308E-5	0.0
235.11793664	7.135217E-5	0.0
235.11990272	5.445771E-5	0.0
235.1218688	4.9410915E-5	0.0
235.123851264	4.984903E-5	0.0
235.125817344	5.0918197E-6	0.0
235.127799808	-2.0806741E-5	0.0
235.129765888	-3.2961287E-7	0.0
235.131731968	4.8271922E-5	0.0
235.133714432	3.978782E-5	0.0
235.135680512	1.3100408E-5	0.0
235.137662976	-1.6076702E-7	0.0
235.139629056	3.2611137E-5	0.0
235.141595136	4.9736384E-5	0.0
235.1435776	2.4326046E-5	0.0
235.14554368	1.8413239E-5	0.0
235.147526144	7.732105E-5	0.0
235.149492224	9.358702E-5	0.0
235.151474688	7.008934E-5	0.0
235.153440768	2.3796036E-5	0.0
235.155406848	4.979159E-6	0.0
235.157389312	-2.4254083E-5	0.0
235.159355392	-5.0476698E-5	0.0
235.161337856	-3.107257E-5	0.0
235.163303936	7.608195E-6	0.0
235.165270016	1.5954227E-5	0.0
235.16725248	-3.4178764E-5	0.0
235.16921856	-5.1061625E-6	0.0
235.171201024	1.4737477E-6	0.0
235.173167104	-4.6756503E-7	0.0
235.175133184	4.9682594E-6	0.0
235.177115648	-5.7914996E-5	0.0
235.179081728	-7.105901E-5	0.0
235.181064192	3.0200334E-5	0.0
235.183030272	1.43111E-4	0.0
235.184996352	1.1151335E-4	0.0
235.186978816	-8.5707115E-6	0.0
235.188944896	-1.5146562E-5	0.0
235.19092736	2.3178525E-5	0.0
235.19289344	-1.4746661E-5	0.0
235.19485952	5.1075795E-6	0.0
235.196841984	4.207135E-5	0.0
235.198808064	-2.365506E-5	0.0
235.200790528	-6.237512E-5	0.0
235.202756608	-8.2777675E-5	0.0
235.204722688	-5.4793647E-5	0.0
235.206705152	-7.1605675E-5	0.0
235.208671232	-1.8017576E-5	0.0
235.210653696	3.2247004E-5	0.0
235.212619776	4.6715915E-5	0.0
235.214585856	7.764292E-5	0.0
235.21656832	-2.0907943E-5	0.0
235.2185344	-4.708362E-5	0.0
235.220516864	-5.5235465E-5	0.0
235.222482944	-2.6087595E-5	0.0
235.224449024	-3.3592365E-5	0.0
235.226431488	-5.4776847E-5	0.0
235.228397568	-9.012593E-5	0.0
235.230380032	-3.019878E-5	0.0
235.232346112	-1.6346296E-5	0.0
235.234312192	5.5131302E-5	4.272831654467124E-12
235.236294656	1.2853819E-4	1.0944266326529117E-11
235.238260736	6.328999E-5	2.636567006386592E-11
235.2402432	1.9915375E-5	5.974215566695307E-11
235.24220928	-2.2974518E-5	1.2732355447742094E-10
235.24417536	-1.741605E-5	2.552220101925684E-10
235.246157824	-7.48818E-6	4.811902543089275E-10
235.248123904	-5.2146093E-5	8.532989315135353E-10
235.250106368	-7.136676E-5	1.4232074407871664E-9
235.252072448	-5.720501E-5	2.2326647197701277E-9
235.254038528	1.593662E-5	3.294308603685181E-9
235.256020992	7.507166E-5	4.571818035259412E-9
235.257987072	5.4892907E-6	5.96761529081391E-9
235.259969536	-8.9612484E-5	7.326526496598262E-9
235.261935616	-1.0238277E-4	8.460194322879033E-9
235.263901696	3.1041654E-5	9.188588556696686E-9
235.26588416	1.9115616E-5	9.386481814033232E-9
235.26785024	2.8006938E-5	9.018673807759114E-9
235.269832704	7.176338E-6	8.150192520872679E-9
235.271798784	2.4773933E-6	6.927540319168202E-9
235.273764864	-8.253693E-5	5.538293379458992E-9
235.275747328	3.6483568E-6	4.16445189443948E-9
235.277713408	2.9772944E-5	2.9452766892035243E-9
235.279695872	1.0681279E-4	1.9592059086193103E-9
235.281661952	7.15139E-5	1.225796686377123E-9
235.283628032	6.692069E-5	7.213460939681227E-10
235.285610496	1.18052485E-4	3.9925901473836234E-10
235.287576576	4.7567435E-5	2.078498900770498E-10
235.28955904	9.543207E-6	1.0177288872759149E-10
235.29152512	-4.164378E-5	4.687056645580334E-11
235.2934912	-3.250244E-5	2.0302610287403766E-11
235.295473664	4.1958778E-5	8.271635112966358E-12
235.297439744	4.3982367E-5	3.1696878195069944E-12
235.299422208	-1.0914399E-5	0.0
235.301388288	-3.469885E-5	0.0
235.303354368	4.240344E-5	0.0
235.305336832	3.6304136E-5	0.0
235.307302912	3.2869695E-5	0.0
235.309285376	-3.7896123E-5	0.0
235.311251456	5.7080642E-6	0.0
235.313217536	1.1035448E-5	0.0
235.3152	6.91255E-5	0.0
235.31716608	3.0516532E-5	0.0
235.319148544	-1.8149794E-5	0.0
235.321114624	6.0870476E-5	0.0
235.323080704	8.761609E-6	0.0
235.325063168	6.5660015E-6	0.0
235.327029248	1.0246094E-5	0.0
235.329011712	4.8802733E-5	0.0
235.330977792	2.8939614E-5	0.0
235.332943872	-4.5480334E-5	0.0
235.334926336	-2.3844002E-5	0.0
235.336892416	5.3408467E-6	0.0
235.33887488	2.0080815E-5	0.0
235.34084096	4.320408E-6	0.0
235.34280704	3.6161673E-5	0.0
235.344789504	1.7818022E-5	0.0
235.346755584	-1.6448916E-5	0.0
235.348738048	3.5146502E-5	0.0
235.350704128	5.3696192E-5	0.0
235.352670208	-8.626059E-7	0.0
235.354652672	-3.0452798E-5	0.0
235.356618752	-5.120235E-5	0.0
235.358601216	-2.0938589E-5	0.0
235.360567296	5.5679313E-5	0.0
235.362533376	1.0642297E-4	0.0
235.36451584	1.5058574E-4	0.0
235.36648192	1.0256063E-4	0.0
235.368464384	2.8318742E-5	0.0
235.370430464	3.9028517E-5	0.0
235.372396544	5.3377986E-5	0.0
235.374379008	4.7871803E-5	0.0
235.376345088	2.8980796E-5	0.0
235.378327552	-6.780254E-5	0.0
235.380293632	-1.1175637E-4	0.0
235.382259712	-5.7544374E-5	0.0
235.384242176	-3.3432578E-5	0.0
235.386208256	-4.3573596E-5	0.0
235.38819072	-2.4733125E-5	0.0
235.3901568	-1.2241614E-5	0.0
235.39212288	1.6883163E-5	0.0
235.394105344	9.509039E-5	0.0
235.396071424	8.900161E-5	0.0
235.398053888	3.7556227E-5	0.0
235.400019968	1.6873486E-5	0.0
235.401986048	3.4136643E-5	0.0
235.403968512	3.1215608E-5	0.0
235.405934592	-6.2371664E-6	0.0
235.407917056	-2.7548351E-6	0.0
235.409883136	3.415569E-5	0.0
235.411849216	4.497037E-5	0.0
235.41383168	2.4243114E-5	0.0
235.41579776	3.7506794E-5	0.0
235.417780224	6.0129492E-5	0.0
235.419746304	6.871694E-5	0.0
235.421712384	4.2254575E-5	0.0
235.423694848	3.4414352E-5	0.0
235.425660928	9.6623435E-6	0.0
235.427643392	-2.5731837E-5	0.0
235.429609472	-2.920615E-5	0.0
235.431575552	4.5707884E-6	0.0
235.433558016	1.5496627E-5	0.0
235.435524096	9.905826E-6	0.0
235.43750656	5.517835E-5	0.0
235.43947264	-2.5319952E-5	0.0
235.44143872	-1.1897665E-5	0.0
235.443421184	-4.7291524E-5	0.0
235.445387264	-1.2085232E-4	0.0
235.447369728	-2.0330333E-5	0.0
235.449335808	4.8282574E-5	0.0
235.451301888	-2.2551094E-5	0.0
235.453284352	-1.610293E-5	0.0
235.455250432	-2.1658778E-5	0.0
235.457232896	5.262219E-5	0.0
235.459198976	3.346283E-5	0.0
235.46118144	5.1954605E-5	0.0
235.46314752	8.9577894E-5	0.0
235.4651136	3.4624307E-5	0.0
235.467096064	-3.0469424E-5	0.0
235.469062144	-1.4306654E-4	0.0
235.471044608	-4.3617354E-5	0.0
235.473010688	-1.1380093E-4	0.0
235.474976768	-6.828908E-5	0.0
235.476959232	-4.6839386E-6	0.0
235.478925312	-2.27533E-5	0.0
235.480907776	4.1706302E-5	0.0
235.482873856	-5.327375E-5	0.0
235.484839936	-1.4801136E-5	0.0
235.4868224	-7.773725E-5	0.0
235.48878848	-5.2202045E-5	0.0
235.490770944	-2.0068064E-5	0.0
235.492737024	3.581327E-5	0.0
235.494703104	8.3913255E-5	0.0
235.496685568	1.9845278E-5	0.0
235.498651648	-5.818885E-5	0.0
235.500634112	4.2142627E-5	0.0
235.502600192	7.406442E-5	0.0
235.504566272	1.0554533E-4	0.0
235.506548736	-2.4598665E-5	0.0
235.508514816	-7.8253084E-5	0.0
235.51049728	-5.3024913E-5	0.0
235.51246336	-4.182103E-5	0.0
235.51442944	-1.930178E-6	0.0
235.516411904	1.1211599E-5	0.0
235.518377984	6.501701E-5	0.0
235.520360448	6.134015E-5	0.0
235.522326528	5.8752546E-5	0.0
235.524292608	5.0140796E-5	0.0
235.526275072	-4.0291405E-5	0.0
235.528241152	-2.6566739E-5	0.0
235.530223616	-4.9019316E-5	0.0
235.532189696	-4.2365562E-5	0.0
235.534155776	-5.8634E-5	0.0
235.53613824	-5.7528665E-5	0.0
235.53810432	-1.4220114E-5	0.0
235.540086784	-1.3571514E-5	0.0
235.542052864	9.847458E-6	0.0
235.544018944	8.016244E-5	0.0
235.546001408	2.7821707E-5	0.0
235.547967488	2.1862363E-5	0.0
235.549949952	-7.086911E-6	0.0
235.551916032	-1.3134243E-6	0.0
235.553882112	1.13286354E-4	0.0
235.555864576	1.350378E-4	0.0
235.557830656	3.9079463E-5	0.0
235.55981312	7.070691E-6	0.0
235.5617792	8.285208E-6	0.0
235.56374528	2.556934E-6	0.0
235.565727744	3.1697364E-5	0.0
235.567693824	2.3791568E-5	0.0
235.569676288	-3.7155817E-6	0.0
235.571642368	1.2501044E-5	0.0
235.573608448	2.3021335E-5	0.0
235.575590912	-1.4232272E-5	0.0
235.577556992	-3.6754016E-5	0.0
235.579539456	-4.460064E-5	0.0
235.581505536	-3.6596928E-5	0.0
235.583471616	-2.2624436E-5	0.0
235.58545408	-5.5331806E-5	0.0
235.58742016	-1.120023E-4	0.0
235.589402624	-9.085298E-5	0.0
235.591368704	-4.5863108E-5	0.0
235.593334784	3.9106844E-6	0.0
235.595317248	2.457839E-5	0.0
235.597283328	1.1122745E-5	0.0
235.599265792	2.0659749E-5	0.0
235.601231872	-2.2909711E-5	0.0
235.603197952	-3.6224683E-5	0.0
235.605180416	-5.4736494E-5	0.0
235.607146496	-4.4655313E-5	0.0
235.60912896	-3.3116503E-5	0.0
235.61109504	-2.0496582E-5	0.0
235.61306112	-1.7153336E-6	0.0
235.615043584	3.3039312E-5	0.0
235.617009664	1.8844106E-5	0.0
235.618992128	8.551895E-7	0.0
235.620958208	-5.783205E-6	0.0
235.622924288	-1.8032999E-6	0.0
235.624906752	-1.3800357E-5	0.0
235.626872832	-7.324026E-5	0.0
235.628855296	-3.356412E-5	0.0
235.630821376	-1.4955866E-5	0.0
235.632787456	-5.4780397E-5	0.0
235.63476992	-3.7129383E-5	0.0
235.636736	-6.769257E-6	0.0
235.638718464	-1.6475362E-6	0.0
235.640684544	-2.8087865E-5	0.0
235.642650624	-6.119456E-5	0.0
235.644633088	-3.276533E-5	0.0
235.646599168	2.8987877E-6	0.0
235.648581632	-5.013854E-5	0.0
235.650547712	-1.03347214E-4	0.0
235.652513792	-2.6315616E-5	0.0
235.654496256	1.02728605E-4	0.0
235.656462336	6.549322E-5	0.0
235.6584448	7.456441E-5	0.0
235.66041088	-2.4144987E-5	0.0
235.66237696	-7.179454E-5	0.0
235.664359424	4.0422046E-6	0.0
235.666325504	5.515179E-5	0.0
235.668307968	3.661447E-5	0.0
235.670274048	-4.631959E-6	0.0
235.672240128	7.136617E-5	0.0
235.674222592	9.949121E-5	0.0
235.676188672	1.43281095E-5	0.0
235.678171136	2.0408976E-5	0.0
235.680137216	2.412974E-5	0.0
235.682103296	7.4231384E-6	0.0
235.68408576	-2.4798645E-5	0.0
235.68605184	3.647074E-5	0.0
235.688034304	6.031992E-5	0.0
235.690000384	-4.205416E-5	0.0
235.691966464	3.796259E-5	0.0
235.693948928	1.3036816E-5	0.0
235.695915008	5.3036166E-7	0.0
235.697897472	-1.7192679E-5	0.0
235.699863552	-2.5892032E-5	0.0
235.701829632	-6.297775E-6	0.0
235.703812096	-2.8373366E-5	0.0
235.705778176	-5.798184E-5	0.0
235.70776064	2.4315757E-5	0.0
235.70972672	-1.47758155E-5	0.0
235.7116928	4.4179284E-5	0.0
235.713675264	1.0586012E-5	0.0
235.715641344	-2.1227872E-6	0.0
235.717623808	1.5778425E-5	0.0
235.719589888	-1.0486064E-5	0.0
235.721555968	3.0456724E-5	0.0
235.723538432	-1.4071095E-5	0.0
235.725504512	-8.46148E-5	0.0
235.727486976	-7.886633E-5	0.0
235.729453056	-9.25729E-5	0.0
235.731419136	-4.4994445E-5	0.0
235.7334016	-6.309342E-5	0.0
235.73536768	-7.579778E-5	0.0
235.737350144	-6.635901E-5	0.0
235.739316224	-1.7166325E-5	0.0
235.741282304	4.2023854E-5	0.0
235.743264768	5.0600796E-5	0.0
235.745230848	-2.410595E-6	0.0
235.747213312	3.311782E-5	0.0
235.749179392	-1.566771E-5	0.0
235.751145472	-7.475503E-5	0.0
235.753127936	-2.546692E-5	0.0
235.755094016	6.3444486E-6	0.0
235.75707648	3.655443E-5	0.0
235.75904256	-1.9343968E-5	0.0
235.76100864	-7.184066E-5	0.0
235.762991104	-5.0522398E-5	0.0
235.764957184	-7.467224E-5	0.0
235.766939648	2.934717E-5	0.0
235.768905728	3.4454304E-6	0.0
235.770888192	-1.6412012E-5	0.0
235.772854272	-8.85614E-6	0.0
235.774820352	1.1331186E-5	0.0
235.776802816	3.08496E-5	0.0
235.778768896	-1.5024464E-5	0.0
235.78075136	-2.5300395E-5	0.0
235.78271744	1.6804146E-5	0.0
235.78468352	5.6603534E-5	0.0
235.786665984	-2.1715203E-5	0.0
235.788632064	-1.2486597E-4	0.0
235.790614528	-1.2615974E-4	0.0
235.792580608	-9.240637E-5	0.0
235.794546688	-5.9389084E-5	0.0
235.796529152	-7.022708E-6	0.0
235.798495232	3.2804925E-5	0.0
235.800477696	3.6897505E-5	0.0
235.802443776	2.5017625E-5	0.0
235.804409856	-4.9403065E-5	0.0
235.80639232	-6.597498E-5	0.0
235.8083584	6.737627E-6	0.0
235.810340864	6.632607E-5	0.0
235.812306944	9.1662485E-5	0.0
235.814273024	2.3246395E-5	0.0
235.816255488	3.0477556E-6	0.0
235.818221568	3.3121298E-5	0.0
235.820204032	-2.5794118E-6	0.0
235.822170112	-2.8337568E-5	0.0
235.824136192	-6.957893E-5	0.0
235.826118656	-8.945512E-5	0.0
235.828084736	-2.1761223E-5	0.0
235.8300672	1.7088301E-5	0.0
235.83203328	-4.877176E-5	0.0
235.83399936	-3.222966E-5	0.0
235.835981824	-1.7497308E-5	0.0
235.837947904	1.1195562E-5	0.0
235.839930368	7.933604E-5	0.0
235.841896448	1.0667529E-4	0.0
235.843862528	4.375778E-6	0.0
235.845844992	3.274954E-5	0.0
235.847811072	1.3533059E-4	0.0
235.849793536	1.5431772E-4	0.0
235.851759616	1.3255967E-4	0.0
235.853725696	3.1700303E-5	0.0
235.85570816	4.152455E-5	0.0
235.85767424	9.632688E-5	0.0
235.859656704	1.4142094E-4	0.0
235.861622784	1.5754362E-4	0.0
235.863588864	2.1664806E-5	0.0
235.865571328	-3.522851E-5	0.0
235.867537408	1.08836325E-7	0.0
235.869519872	3.9866678E-5	0.0
235.871485952	-2.6401487E-5	0.0
235.873452032	-2.805521E-5	0.0
235.875434496	3.756193E-5	0.0
235.877400576	4.0643547E-5	0.0
235.87938304	8.876085E-5	0.0
235.88134912	-2.4381237E-5	0.0
235.8833152	-1.9469617E-5	0.0
235.885297664	2.1510614E-5	0.0
235.887263744	2.1589953E-4	0.0
235.889246208	1.7959143E-4	0.0
235.891212288	1.5496962E-4	0.0
235.893178368	1.5452171E-4	0.0
235.895160832	1.8933277E-4	0.0
235.897126912	2.3275616E-5	0.0
235.899109376	-9.684495E-5	0.0
235.901075456	3.1066276E-5	0.0
235.903041536	1.5092942E-4	0.0
235.905024	5.848613E-5	0.0
235.90699008	-8.6899476E-5	0.0
235.908972544	1.7469227E-5	0.0
235.910938624	7.2767856E-5	0.0
235.912904704	3.5437686E-5	0.0
235.914887168	8.651194E-5	0.0
235.916853248	5.3894768E-5	0.0
235.918835712	1.4133361E-5	0.0
235.920801792	1.17486765E-4	0.0
235.922767872	1.18796E-4	0.0
235.924750336	5.019634E-5	0.0
235.926716416	2.1339207E-5	0.0
235.92869888	6.0146765E-5	0.0
235.93066496	1.9488683E-5	0.0
235.93263104	-1.252932E-5	0.0
235.934613504	-9.019054E-5	0.0
235.936579584	1.5636058E-6	0.0
235.938562048	-5.5225744E-5	0.0
235.940528128	2.1778122E-5	0.0
235.942494208	6.2222316E-5	0.0
235.944476672	7.407434E-5	0.0
235.946442752	4.0100804E-5	0.0
235.948425216	5.7152927E-5	0.0
235.950391296	-2.3137572E-5	0.0
235.952357376	-5.150802E-5	0.0
235.95433984	-1.1576944E-4	0.0
235.95630592	-1.8511431E-5	0.0
235.958288384	7.10632E-5	0.0
235.960254464	1.5535006E-4	0.0
235.962220544	1.167532E-4	0.0
235.964203008	9.5612966E-5	0.0
235.966169088	2.633207E-5	0.0
235.968151552	7.444006E-6	0.0
235.970117632	5.3987595E-5	0.0
235.972083712	1.2494474E-4	0.0
235.974066176	4.606463E-5	0.0
235.976032256	-3.6776746E-5	0.0
235.97801472	6.211994E-5	0.0
235.9799808	2.0099957E-4	0.0
235.98194688	1.7221288E-4	0.0
235.983929344	9.204501E-5	0.0
235.985895424	1.126163E-4	0.0
235.987877888	3.1213265E-5	0.0
235.989843968	-1.0218753E-4	0.0
235.991810048	-1.01327474E-4	0.0
235.993792512	-2.8367764E-5	0.0
235.995758592	-1.679982E-5	0.0
235.997741056	-4.6653488E-5	0.0
235.999707136	-5.8630863E-5	0.0
236.001673216	-4.901971E-5	0.0
236.00365568	1.7575878E-5	0.0
236.00562176	4.897213E-5	0.0
236.007604224	-1.6251563E-5	0.0
236.009570304	-1.9741221E-5	0.0
236.011536384	6.0704104E-5	0.0
236.013518848	4.558737E-5	0.0
236.015484928	2.440531E-5	0.0
236.017467392	3.0349855E-5	0.0
236.019433472	3.4187357E-5	0.0
236.021399552	1.2925843E-5	0.0
236.023382016	-3.4982343E-6	0.0
236.025348096	8.373427E-8	0.0
236.02733056	2.7646458E-5	0.0
236.02929664	1.0478716E-4	0.0
236.03126272	7.623942E-5	0.0
236.033245184	2.3070506E-5	0.0
236.035211264	2.2049675E-5	0.0
236.037193728	1.3797314E-5	0.0
236.039159808	3.3725843E-5	0.0
236.041125888	6.511324E-5	0.0
236.043108352	6.0855225E-5	0.0
236.045074432	5.463015E-5	0.0
236.047056896	5.876517E-6	0.0
236.049022976	-5.9818678E-5	0.0
236.050989056	-5.7643456E-6	0.0
236.05297152	3.2987376E-5	0.0
236.0549376	5.5857554E-6	0.0
236.056920064	-2.9704335E-5	0.0
236.058886144	-6.1400664E-5	0.0
236.060852224	1.9992864E-5	0.0
236.062834688	6.7536224E-5	0.0
236.064800768	7.883819E-5	0.0
236.066783232	9.313709E-5	0.0
236.068749312	2.2888695E-5	0.0
236.070715392	-8.341082E-6	0.0
236.072697856	-4.1386356E-5	0.0
236.074663936	-3.235546E-5	0.0
236.0766464	-3.9841823E-5	0.0
236.07861248	-2.5006111E-5	0.0
236.080594944	-2.5031452E-6	0.0
236.082561024	4.315317E-5	0.0
236.084527104	8.316038E-5	0.0
236.086509568	3.4433706E-5	0.0
236.088475648	-6.49501E-5	0.0
236.090458112	-4.399077E-5	0.0
236.092424192	1.7674336E-5	0.0
236.094390272	3.6226167E-5	0.0
236.096372736	5.523657E-5	0.0
236.098338816	9.244391E-5	0.0
236.10032128	1.0661411E-4	0.0
236.10228736	1.1507192E-5	0.0
236.10425344	6.083009E-6	0.0
236.106235904	3.0858548E-5	0.0
236.108201984	6.7076675E-5	0.0
236.110184448	-6.06847E-5	0.0
236.112150528	-8.519341E-5	0.0
236.114116608	-7.381568E-5	0.0
236.116099072	8.426407E-5	0.0
236.118065152	9.09691E-5	0.0
236.120047616	-2.6849242E-5	0.0
236.122013696	-2.3494189E-5	0.0
236.123979776	1.8179098E-5	0.0
236.12596224	-1.48397785E-5	0.0
236.12792832	-1.0573295E-5	0.0
236.129910784	-7.5075244E-5	0.0
236.131876864	3.1069943E-5	0.0
236.133842944	6.3782485E-5	0.0
236.135825408	1.5610534E-4	0.0
236.137791488	1.4710832E-4	0.0
236.139773952	5.7150206E-5	0.0
236.141740032	-1.5862788E-7	0.0
236.143706112	3.868193E-6	0.0
236.145688576	-3.0126559E-5	0.0
236.147654656	-4.0974188E-5	2.3016376304862973E-10
236.14963712	-5.886931E-6	5.977954242730732E-10
236.1516032	1.9335073E-5	1.4610315179908184E-9
236.15356928	8.307196E-6	3.360143718822428E-9
236.155551744	7.854149E-5	7.2718924215564584E-9
236.157517824	7.411401E-5	1.4809207193877683E-8
236.159500288	8.88698E-5	2.8379394834132654E-8
236.161466368	-8.393091E-6	5.117588131042794E-8
236.163432448	-6.664027E-5	8.683968388822905E-8
236.165414912	1.9727626E-5	1.386632959565759E-7
236.167380992	8.6372835E-5	2.0835075531522307E-7
236.169363456	-1.2217618E-5	2.945918993191299E-7
236.171329536	-6.109859E-5	3.9195407453007647E-7
236.173295616	-1.05031526E-4	4.907279844701407E-7
236.17527808	-1.0782135E-4	5.781473646493396E-7
236.17724416	-1.2490577E-4	6.40957068753778E-7
236.179226624	-5.9252325E-5	6.686712481496215E-7
236.181192704	1.7498738E-5	6.564322347912821E-7
236.183158784	2.93004E-5	6.064018407414551E-7
236.185141248	-1.1154855E-5	5.271372742754465E-7
236.187107328	6.235506E-5	4.3120076043123845E-7
236.189089792	9.160208E-5	3.3191494708262326E-7
236.191055872	-3.972714E-6	2.404164263225539E-7
236.193021952	4.64722E-5	1.6386745471663744E-7
236.195004416	6.866295E-6	1.051021598641455E-7
236.196970496	-1.5336524E-5	6.343361746985465E-8
236.19895296	3.0664032E-5	3.6026250427312334E-8
236.20091904	6.598195E-5	1.9253493022119983E-8
236.20288512	9.4855044E-5	9.682536550315035E-9
236.204867584	1.279066E-4	4.5820636174198626E-9
236.206833664	3.0188212E-5	2.040443813910997E-9
236.208816128	2.448453E-5	8.550217756031486E-10
236.210782208	5.6293346E-5	3.371499746052109E-10
236.212748288	8.313046E-6	0.0
236.214730752	-6.540945E-5	0.0
236.216696832	-5.0826548E-5	0.0
236.218679296	8.631869E-5	0.0
236.220645376	4.0381074E-5	0.0
236.222611456	4.198861E-5	0.0
236.22459392	8.876444E-5	0.0
236.22656	-3.312842E-5	0.0
236.228542464	-1.4483257E-5	0.0
236.230508544	3.8722796E-5	0.0
236.232474624	-6.756641E-5	0.0
236.234457088	1.0176907E-6	0.0
236.236423168	-1.4492868E-5	0.0
236.238405632	-1.3718663E-5	0.0
236.240371712	1.2511866E-4	0.0
236.242337792	1.1327281E-4	0.0
236.244320256	1.12034424E-4	0.0
236.246286336	-3.9697185E-5	0.0
236.2482688	-1.0314531E-4	0.0
236.25023488	-5.521836E-5	0.0
236.25220096	1.0514022E-4	0.0
236.254183424	1.1623833E-4	0.0
236.256149504	8.370147E-5	0.0
236.258131968	7.946207E-5	0.0
236.260098048	7.790135E-5	0.0
236.262064128	1.2195235E-5	0.0
236.264046592	-1.1177418E-5	0.0
236.266012672	9.782106E-6	0.0
236.267995136	1.1364219E-5	0.0
236.269961216	4.4860983E-5	0.0
236.271927296	1.08340435E-4	0.0
236.27390976	-8.34619E-6	0.0
236.27587584	3.561196E-5	0.0
236.277858304	3.0492492E-5	0.0
236.279824384	-2.098781E-5	0.0
236.281790464	3.7707239E-6	0.0
236.283772928	-1.9226054E-5	0.0
236.285739008	-6.433863E-5	0.0
236.287721472	-5.474433E-5	0.0
236.289687552	-3.5423855E-5	0.0
236.291653632	6.156786E-5	0.0
236.293636096	1.2136427E-4	0.0
236.295602176	1.0272043E-4	0.0
236.29758464	4.0877425E-5	0.0
236.29955072	-3.6422203E-5	0.0
236.3015168	1.3489046E-5	0.0
236.303499264	-7.4306854E-6	0.0
236.305465344	-8.347535E-5	0.0
236.307447808	-1.6923119E-5	0.0
236.309413888	-1.7638122E-7	0.0
236.311379968	-6.7200795E-5	0.0
236.313362432	-6.260059E-5	0.0
236.315328512	-5.646898E-5	0.0
236.317310976	-8.31809E-6	0.0
236.319277056	2.8324897E-5	0.0
236.321243136	4.6565652E-5	0.0
236.3232256	5.1320418E-5	0.0
236.32519168	6.3814105E-6	0.0
236.327174144	3.899723E-5	0.0
236.329140224	7.646502E-5	0.0
236.331106304	8.376594E-6	0.0
236.333088768	3.169169E-5	0.0
236.335054848	-1.2821428E-5	0.0
236.337037312	-2.732687E-6	0.0
236.339003392	8.317651E-5	0.0
236.340969472	4.60638E-5	0.0
236.342951936	-3.211728E-5	0.0
236.344918016	-1.9327736E-5	0.0
236.34690048	-4.508073E-5	1.0557363360266803E-12
236.34886656	-1.293944E-4	2.782399310952144E-12
236.35083264	-1.5900144E-4	6.901045707108366E-12
236.352815104	-6.8847774E-5	1.6108359437994046E-11
236.354781184	-1.9868106E-5	3.538534396052562E-11
236.356763648	-8.313696E-6	7.315287264830772E-11
236.358729728	1.96637E-5	1.4232287570692392E-10
236.360695808	-6.5257746E-6	2.605878846040355E-10
236.362678272	1.124167E-6	4.4902384588318967E-10
236.364644352	-1.8824363E-5	7.281489855515133E-10
236.366626816	1.3894128E-5	1.1112379905142689E-9
236.368592896	5.6915498E-5	1.595981236057753E-9
236.370558976	9.551225E-6	2.1571799901920485E-9
236.37254144	-5.3637024E-5	2.7439788219396632E-9
236.37450752	-5.3566106E-5	3.2848148645570063E-9
236.376489984	-5.494148E-5	3.7006402386907666E-9
236.378456064	-3.18E-5	3.923544600326068E-9
236.380422144	3.0174606E-5	3.91485999173824E-9
236.382404608	7.8865356E-5	3.6761200750135004E-9
236.384370688	7.920165E-5	3.2486204837312016E-9
236.386353152	1.9699826E-6	2.7017430515030583E-9
236.388319232	1.3488799E-5	2.114587394075329E-9
236.390301696	-5.848506E-5	1.557551532194168E-9
236.392267776	-5.5672583E-5	1.0796799010392988E-9
236.394233856	-2.026458E-5	7.043415850560564E-10
236.39621632	4.994868E-5	4.324230418184527E-10
236.3981824	1.2885038E-4	2.498440065945573E-10
236.400164864	3.9786148E-5	1.35851593863201E-10
236.402130944	3.2100525E-5	6.951783593223126E-11
236.404097024	1.6530425E-5	3.347848387402763E-11
236.406079488	-8.3191306E-5	1.5172916742467457E-11
236.408045568	-5.3090207E-5	6.471546389053007E-12
236.410028032	1.9186498E-5	2.5976660059101597E-12
236.411994112	2.3480608E-5	9.812823296984075E-13
236.413960192	-6.520779E-5	0.0
236.415942656	-1.2581794E-4	0.0
236.417908736	-1.1099303E-6	0.0
236.4198912	-2.5914384E-5	0.0
236.42185728	-5.0896397E-5	0.0
236.42382336	5.7847592E-5	0.0
236.425805824	9.063809E-5	0.0
236.427771904	1.824579E-5	0.0
236.429754368	4.1991985E-5	0.0
236.431720448	2.500156E-5	0.0
236.433686528	5.4558423E-5	0.0
236.435668992	-5.646155E-6	0.0
236.437635072	-6.643936E-5	0.0
236.439617536	-8.148828E-5	0.0
236.441583616	2.8983211E-5	0.0
236.443549696	4.6973135E-5	0.0
236.44553216	1.861893E-5	0.0
236.44749824	-8.6014015E-6	0.0
236.449480704	6.3066036E-5	0.0
236.451446784	9.099659E-5	0.0
236.453412864	-9.010986E-5	0.0
236.455395328	-3.4359644E-5	0.0
236.457361408	1.071922E-5	0.0
236.459343872	8.010237E-5	0.0
236.461309952	1.1208106E-5	0.0
236.463276032	5.1604253E-5	0.0
236.465258496	-8.481981E-6	0.0
236.467224576	-1.1049244E-6	0.0
236.46920704	1.990337E-5	0.0
236.47117312	6.551857E-6	0.0
236.4731392	1.5442974E-5	0.0
236.475121664	-8.294764E-6	0.0
236.477087744	6.554629E-5	1.706500682985279E-7
236.479070208	7.768067E-5	4.3248135739304416E-7
236.481036288	1.4407693E-4	1.0315122835891088E-6
236.483002368	5.5324304E-5	2.3153213533078087E-6
236.484984832	-5.409907E-5	4.890300715487683E-6
236.486950912	-1.9808094E-5	9.718437468109187E-6
236.488933376	8.204668E-5	1.8168395399698056E-5
236.490899456	1.0493398E-4	3.194457895006053E-5
236.492865536	1.3837415E-4	5.2813455113209784E-5
236.494848	1.299538E-4	8.208474173443392E-5
236.49681408	1.428931E-4	1.1993329098913819E-4
236.498796544	2.224213E-4	1.6476296877954155E-4
236.500762624	2.3583708E-4	2.129268104908988E-4
236.502728704	3.0588734E-4	2.5904254289343953E-4
236.504711168	2.7546452E-4	2.9694128897972405E-4
236.506677248	3.3780208E-4	3.2099743839353323E-4
236.508659712	3.0545297E-4	3.2744405325502157E-4
236.510625792	2.1440502E-4	3.152769058942795E-4
236.512591872	2.6928057E-4	2.8649589512497187E-4
236.514574336	2.9647665E-4	2.456196234561503E-4
236.516540416	2.914719E-4	1.9860095926560462E-4
236.51852288	2.5557325E-4	1.514566974947229E-4
236.52048896	1.2449002E-4	1.0902416397584602E-4
236.52245504	1.1356179E-4	7.422178168781102E-5
236.524437504	1.2925624E-4	4.79589871247299E-5
236.526403584	6.224375E-5	2.9582777642644942E-5
236.528386048	-2.4327628E-5	1.756736310198903E-5
236.530352128	-6.669184E-5	1.0156244570680428E-5
236.532318208	-2.7736567E-5	5.790500381408492E-6
236.534300672	1.7451634E-5	3.2941732115432387E-6
236.536266752	-2.1501122E-5	1.8823025129677262E-6
236.538249216	-7.077863E-5	1.0788679674078594E-6
236.540215296	-3.1881882E-5	6.14961550127191E-7
236.542181376	-5.185397E-5	2.9914622245996725E-7
236.54416384	-4.749587E-5	1.7158079401724535E-7
236.54612992	2.903097E-5	9.262308253710216E-8
236.548112384	8.384176E-6	4.705833589468966E-8
236.550078464	1.8635708E-5	2.2501971841393242E-8
236.552044544	4.2763513E-5	1.0126799843135359E-8
236.554027008	-3.76259E-5	4.289356425601909E-9
236.555993088	-5.582233E-5	1.7099446303348032E-9
236.557975552	-5.5126266E-6	6.415618591937289E-10
236.559941632	-2.19251E-5	0.0
236.561907712	-6.911806E-5	0.0
236.563890176	-1.070403E-4	0.0
236.565856256	-4.948676E-5	0.0
236.56783872	1.1892628E-5	0.0
236.5698048	1.8335328E-5	0.0
236.57177088	-3.7861242E-5	0.0
236.573753344	-2.905935E-5	0.0
236.575719424	8.228267E-6	0.0
236.577701888	4.305384E-5	0.0
236.579667968	-1.7542958E-5	0.0
236.581634048	-5.2217078E-5	0.0
236.583616512	2.1248141E-5	0.0
236.585582592	-4.2036318E-5	0.0
236.587565056	-9.280831E-5	0.0
236.589531136	-6.101164E-6	0.0
236.591497216	5.4457927E-5	0.0
236.59347968	8.377778E-5	0.0
236.59544576	2.832641E-5	0.0
236.597428224	-7.037157E-5	0.0
236.599394304	-5.0824357E-5	0.0
236.601360384	-8.552434E-6	0.0
236.603342848	-1.2140267E-5	0.0
236.605308928	2.0850117E-5	0.0
236.607291392	2.7884484E-5	0.0
236.609257472	-2.5129366E-5	0.0
236.611223552	-2.0748387E-6	0.0
236.613206016	5.3540763E-5	0.0
236.615172096	4.3946375E-6	0.0
236.61715456	3.7778107E-6	0.0
236.61912064	3.2053056E-5	0.0
236.62108672	-6.488844E-5	0.0
236.623069184	-2.5415675E-5	0.0
236.625035264	-3.5596986E-5	1.056421283784914E-9
236.627017728	-8.182366E-5	2.730026427144594E-9
236.628983808	-1.1036286E-4	6.640477945296652E-9
236.630949888	-1.6507786E-4	1.5202996195284868E-8
236.632932352	-9.211787E-5	3.2760915757990006E-8
236.634898432	-8.602668E-5	6.64476900169575E-8
236.636880896	-6.58983E-5	1.2685160299952258E-7
236.638846976	-5.3546846E-5	2.2793501841533725E-7
236.640813056	-6.994928E-5	3.8549654846065096E-7
236.64279552	2.6330843E-6	6.136538672762981E-7
236.6447616	4.0245013E-5	9.194322956318501E-7
236.646744064	1.7773202E-5	1.296604864364781E-6
236.648710144	1.7719389E-5	1.7210460327987676E-6
236.650676224	2.2097085E-5	2.150179170712363E-6
236.652658688	-8.339628E-5	2.528466211515479E-6
236.654624768	-8.165947E-5	2.798616606014548E-6
236.656607232	3.52705E-5	2.915665163527592E-6
236.658573312	1.5770596E-5	2.8591739464900456E-6
236.660539392	-1.3495342E-5	2.6390971470391378E-6
236.662521856	1.1245475E-5	2.2929098122403957E-6
236.664487936	-7.5634154E-5	1.875220846159209E-6
236.6664704	-8.137865E-6	1.443767928321904E-6
236.66843648	-4.31641E-5	1.0467634865563014E-6
236.67040256	-2.111506E-5	7.152167995627678E-7
236.672385024	-1.2683039E-5	4.614381055034755E-7
236.674351104	-5.10226E-5	2.8251236017240444E-7
236.676333568	-5.4548455E-5	1.6616181142126152E-7
236.678299648	-1.8936551E-5	9.656846344796577E-8
236.680265728	-4.5940806E-6	5.858634466449075E-8
236.682248192	3.2096435E-5	3.994855291011845E-8
236.684214272	-4.0050447E-5	3.18515844810463E-8
236.686196736	9.014274E-6	2.8587734846041712E-8
236.688162816	5.0399907E-5	2.6826894483633623E-8
236.690128896	1.0231178E-5	2.434503620918349E-8
236.69211136	-1.3299422E-5	2.2015845146938773E-8
236.69407744	5.796977E-5	1.8739811480372737E-8
236.696059904	-2.7253793E-5	1.501411261983776E-8
236.698025984	-5.9160728E-5	1.1322407011959967E-8
236.700008448	2.9146804E-5	8.036767695784874E-9
236.701974528	3.8483708E-5	5.369447109160319E-9
236.703940608	-5.6762337E-6	3.3766200946416802E-9
236.705923072	-4.3027972E-5	1.9986625687806736E-9
236.707889152	1.749606E-5	1.1135244948334844E-9
236.709871616	3.9282797E-5	5.839371763904921E-10
236.711837696	1.4779437E-5	2.8822833009201076E-10
236.713803776	4.3566677E-5	1.3390977215976818E-10
236.71578624	7.967345E-5	5.855849138924896E-11
236.71775232	1.15271934E-4	2.4103193399516165E-11
236.719734784	1.2701338E-4	9.338214229659414E-12
236.721700864	9.722238E-5	0.0
236.723666944	3.645734E-5	0.0
236.725649408	9.056623E-5	0.0
236.727615488	1.2435896E-4	0.0
236.729597952	1.3467968E-4	0.0
236.731564032	1.2516855E-4	0.0
236.733530112	1.3094979E-4	0.0
236.735512576	9.81552E-5	0.0
236.737478656	2.3720017E-5	0.0
236.73946112	-2.7353604E-5	0.0
236.7414272	-1.8035598E-5	0.0
236.74339328	-9.248292E-6	0.0
236.745375744	7.768252E-6	0.0
236.747341824	5.3523287E-5	0.0
236.749324288	7.337508E-5	0.0
236.751290368	8.575999E-6	0.0
236.753256448	7.132391E-6	0.0
236.755238912	6.1201135E-5	0.0
236.757204992	7.717704E-5	0.0
236.759187456	5.6082605E-5	5.207339420776336E-11
236.761153536	3.058052E-5	1.3338778692695286E-10
236.763119616	6.754692E-5	3.216171495790121E-10
236.76510208	1.292788E-4	7.299512660985386E-10
236.76706816	6.335466E-5	1.5594653346440168E-9
236.769050624	5.410545E-5	3.1360378738298778E-9
236.771016704	4.455254E-5	5.936322988731035E-9
236.772982784	4.4681718E-5	1.0577376308162911E-8
236.774965248	1.5751126E-5	1.7740608981853256E-8
236.776931328	-1.405917E-5	2.800811316205909E-8
236.778913792	-1.955492E-5	4.1622541857577744E-8
236.780879872	-5.5916807E-5	5.822355575446636E-8
236.782845952	-5.7900917E-5	7.666512402693115E-8
236.784828416	2.3626224E-6	9.502175402076318E-8
236.786794496	-2.9911918E-5	1.1086049767072836E-7
236.78877696	-1.2978414E-5	1.2174692187727487E-7
236.79074304	-1.9128476E-5	1.2585387310082297E-7
236.79270912	-5.2123385E-5	1.224625378881683E-7
236.794691584	2.788086E-5	1.1216767603627886E-7
236.796657664	3.9941475E-5	9.670736034195215E-8
236.798640128	2.6274818E-6	7.848363736684405E-8
236.800606208	-1.3022775E-6	5.995511287437694E-8
236.802572288	4.9889353E-5	4.3112251546517655E-8
236.804554752	2.5157193E-5	2.918114461181176E-8
236.806520832	-6.376995E-5	1.8592219319657488E-8
236.808503296	-4.620742E-5	1.1150324219499907E-8
236.810469376	-2.3465667E-5	6.294641252679867E-9
236.812435456	-2.5221552E-5	3.3448890324194736E-9
236.81441792	-4.0762203E-5	1.6730919982776982E-9
236.816384	-4.04228E-5	7.877444252457622E-10
236.818366464	-8.2404455E-5	3.4912112090168534E-10
236.820332544	-6.224247E-5	1.456452319859025E-10
236.822298624	-9.1828864E-5	5.7193187685822267E-11
236.824281088	-1.0177218E-4	0.0
236.826247168	3.0495272E-5	0.0
236.828229632	5.238927E-5	0.0
236.830195712	-1.625197E-5	0.0
236.832161792	-5.0576095E-5	0.0
236.834144256	6.5620436E-5	0.0
236.836110336	9.4083065E-5	0.0
236.8380928	5.1344487E-5	0.0
236.84005888	6.813755E-5	0.0
236.84202496	1.0315802E-4	0.0
236.844007424	8.783175E-5	0.0
236.845973504	6.1163984E-5	0.0
236.847955968	5.357683E-6	0.0
236.849922048	5.088891E-5	0.0
236.851888128	5.924E-6	0.0
236.853870592	-1.1817362E-4	0.0
236.855836672	-1.5322957E-4	0.0
236.857819136	-7.046786E-5	0.0
236.859785216	-6.3735824E-5	0.0
236.861751296	-5.6252797E-5	0.0
236.86373376	-8.72479E-5	3.110076196577438E-9
236.86569984	-2.4292158E-5	8.08331268586926E-9
236.867682304	-7.95041E-5	1.9776896564849267E-8
236.869648384	-8.8482004E-5	4.554876653628526E-8
236.871614464	-5.267066E-5	9.875267892311967E-8
236.873596928	-2.8993773E-5	2.0154163848928874E-7
236.875563008	-4.339233E-6	3.871922160669783E-7
236.877545472	1.1382507E-4	7.00221391980449E-7
236.879511552	1.6290935E-4	1.1920147926502977E-6
236.881477632	-1.5347634E-5	1.910142827910022E-6
236.883460096	-2.1142323E-5	2.8812878554163035E-6
236.885426176	2.358934E-5	4.091160917596426E-6
236.88740864	9.399683E-5	5.468216841109097E-6
236.88937472	8.573393E-5	6.880085948068881E-6
236.8913408	2.037489E-6	8.1489506555954E-6
236.893323264	3.6210757E-5	9.08611218619626E-6
236.895289344	6.499457E-5	9.537465302855708E-6
236.897271808	-8.839274E-6	9.424765266885515E-6
236.899237888	-4.696238E-5	8.767783583607525E-6
236.901203968	6.355923E-5	7.678634574403986E-6
236.903186432	5.809752E-5	6.330586984404363E-6
236.905152512	1.9998786E-5	4.913127668260131E-6
236.907134976	-2.9497764E-5	3.589362222555792E-6
236.909101056	-5.3201144E-5	2.468407046762877E-6
236.911067136	-5.3505133E-5	1.5979072713889764E-6
236.9130496	-3.5057867E-5	9.736985475683468E-7
236.91501568	-1.915176E-5	5.58515068860288E-7
236.916998144	-2.0757263E-6	3.01570281635577E-7
236.918964224	-4.3507647E-5	1.5327988478475163E-7
236.920930304	-2.2640231E-8	7.333789397989676E-8
236.922912768	4.1392344E-5	3.303102857898921E-8
236.924878848	4.495522E-5	1.4004359449870663E-8
236.926861312	-2.6316823E-6	5.589290363872124E-9
236.928827392	-6.3906016E-5	2.0998982552811185E-9
236.930793472	-6.0932627E-5	0.0
236.932775936	-1.902534E-5	0.0
236.934742016	-7.526146E-6	0.0
236.93672448	-2.2435603E-5	0.0
236.93869056	-2.0025493E-5	0.0
236.94065664	-6.7828085E-5	0.0
236.942639104	-2.3369756E-5	0.0
236.944605184	-8.901287E-6	0.0
236.946587648	-9.863417E-5	0.0
236.948553728	-7.3623705E-5	0.0
236.950519808	-3.0249646E-5	0.0
236.952502272	2.7340454E-6	0.0
236.954468352	-5.2938157E-7	0.0
236.956450816	-3.9026705E-5	0.0
236.958416896	-1.1123714E-5	0.0
236.960382976	4.1772077E-5	0.0
236.96236544	5.1210798E-5	0.0
236.96433152	-1.783105E-5	0.0
236.966313984	-2.4226376E-5	0.0
236.968280064	3.909988E-5	0.0
236.970246144	2.4785071E-5	0.0
236.972228608	-9.836197E-7	0.0
236.974194688	6.119106E-7	0.0
236.976177152	-2.2738966E-5	0.0
236.978143232	-5.5673543E-5	0.0
236.980109312	-1.8195633E-5	0.0
236.982091776	6.714338E-5	0.0
236.984057856	7.4372554E-5	0.0
236.98604032	7.038751E-5	0.0
236.9880064	1.676848E-5	0.0
236.98997248	-1.9738027E-5	0.0
236.991954944	1.5436266E-5	0.0
236.993921024	3.0124381E-6	0.0
236.995903488	-4.449325E-5	0.0
236.997869568	-1.2098518E-5	0.0
236.999852032	-3.670152E-5	0.0
237.001818112	-1.2328608E-4	0.0
237.003784192	-4.039847E-5	0.0
237.005766656	-6.698375E-6	0.0
237.007732736	-3.2034561E-6	0.0
237.0097152	5.9040427E-5	0.0
237.01168128	7.168153E-5	0.0
237.01364736	4.526135E-5	0.0
237.015629824	-7.058009E-5	0.0
237.017595904	-3.6980612E-6	0.0
237.019578368	8.084891E-5	0.0
237.021544448	2.2173206E-5	0.0
237.023510528	-4.3896394E-5	0.0
237.025492992	-1.4274742E-5	0.0
237.027459072	-6.189921E-5	0.0
237.029441536	3.3758868E-6	0.0
237.031407616	5.664524E-5	0.0
237.033373696	1.0459425E-4	0.0
237.03535616	9.869889E-5	0.0
237.03732224	5.266228E-5	0.0
237.039304704	9.164536E-5	0.0
237.041270784	1.1900773E-4	0.0
237.043236864	1.8465495E-5	0.0
237.045219328	-1.3912298E-5	0.0
237.047185408	7.892074E-5	0.0
237.049167872	1.15164046E-4	2.223535355838635E-9
237.051133952	1.5735532E-4	5.893754373431648E-9
237.053100032	1.0205757E-4	1.4707256745793984E-8
237.055082496	6.232619E-5	3.4551167260588045E-8
237.057048576	-4.3813245E-5	1.0270732531125759E-7
237.05903104	-3.7261638E-5	2.267133680788902E-7
237.06099712	6.5252054E-5	4.755369218401029E-7
237.0629632	2.8741853E-5	9.484886618338351E-7
237.064945664	9.419849E-5	1.7999534520640736E-6
237.066911744	1.990366E-4	3.2509813081560424E-6
237.068894208	9.52992E-5	5.589072770817438E-6
237.070860288	7.944826E-5	9.14470092538977E-6
237.072826368	4.0465067E-5	1.4234307855076622E-5
237.074808832	-2.1865524E-5	2.1066285626147874E-5
237.076774912	4.120803E-5	2.9622295187436976E-5
237.078757376	1.7813452E-5	3.954472049372271E-5
237.080723456	6.031171E-5	5.007900108466856E-5
237.082689536	8.938118E-5	6.011622826918028E-5
237.084672	8.4616855E-5	6.835868407506496E-5
237.08663808	4.4562392E-5	7.358237053267658E-5
237.088620544	8.0545244E-5	7.492983422707766E-5
237.090586624	4.1932934E-5	7.213724893517792E-5
237.092552704	1.7545624E-5	6.561558984685689E-5
237.094535168	3.6833445E-8	5.6352979299845174E-5
237.096501248	7.742713E-5	4.566916686599143E-5
237.098483712	5.5250453E-5	3.4904929634649307E-5
237.100449792	4.2957156E-5	2.5148512577288784E-5
237.102415872	3.5557434E-5	1.707447700027842E-5
237.104398336	-7.5965336E-6	1.0921634384430945E-5
237.106364416	-6.227314E-5	6.580520675925072E-6
237.10834688	-6.6276516E-5	3.7344443626352586E-6
237.11031296	-3.4675886E-5	1.9959932160418248E-6
237.11227904	-4.2199306E-5	1.004808154903003E-6
237.114261504	3.71807E-5	4.7663445457146736E-7
237.116227584	-1.1491354E-5	2.124522353597058E-7
237.118210048	-2.0103018E-5	9.104196863063407E-8
237.120176128	2.3060364E-5	3.931596737061227E-8
237.122142208	7.659783E-5	7.533543566751177E-9
237.124124672	4.1900483E-5	1.3092570583239649E-8
237.126090752	7.563627E-5	2.1421907803187423E-8
237.128073216	3.779997E-5	3.2998638488379584E-8
237.130039296	1.0327206E-5	4.78562505179525E-8
237.132005376	5.7102034E-6	6.534078522690834E-8
237.13398784	-5.737141E-5	8.399175754902899E-8
237.13595392	-7.770061E-5	1.0164681185642621E-7
237.137936384	-5.994367E-5	1.158126394784631E-7
237.139902464	-2.4818974E-5	1.2422900397268677E-7
237.141868544	1.6979782E-6	1.254572623565764E-7
237.143851008	1.0715204E-5	1.192817791206835E-7
237.145817088	3.4066634E-5	1.0677202055831003E-7
237.147799552	7.133369E-5	8.998009803917739E-8
237.149765632	5.7989313E-5	7.139041713344341E-8
237.151731712	-3.6894704E-5	5.3326004945120076E-8
237.153714176	-5.639011E-5	3.750094990095931E-8
237.155680256	7.837213E-6	2.4828537448229326E-8
237.15766272	7.80909E-5	1.5476178560902554E-8
237.1596288	3.3768334E-5	9.082017804473708E-9
237.16159488	3.325845E-5	5.01769648053596E-9
237.163577344	9.443218E-5	2.6099553629421735E-9
237.165543424	9.670327E-5	1.2780991820449117E-9
237.167525888	-2.2297293E-6	5.892549781449929E-10
237.169491968	-7.595767E-5	2.557669909197813E-10
237.171458048	-5.11504E-5	1.0451851883974683E-10
237.173440512	4.536854E-5	4.021121283170892E-11
237.175406592	2.8102239E-5	0.0
237.177389056	-8.906912E-6	0.0
237.179355136	4.4698772E-5	0.0
237.181321216	2.282097E-5	0.0
237.18330368	-3.4178953E-5	0.0
237.18526976	1.628751E-5	0.0
237.187252224	6.235932E-5	0.0
237.189218304	5.6225344E-5	0.0
237.191184384	7.005049E-5	0.0
237.193166848	3.878617E-5	0.0
237.195132928	-1.5163137E-5	0.0
237.197115392	4.388453E-6	0.0
237.199081472	4.541391E-5	0.0
237.201047552	1.2058344E-4	0.0
237.203030016	1.2188939E-4	0.0
237.204996096	-2.2526065E-5	0.0
237.20697856	-1.5241253E-4	0.0
237.20894464	-7.954027E-5	0.0
237.21091072	4.3567958E-5	0.0
237.212893184	1.7542627E-5	0.0
237.214859264	-1.9941252E-5	0.0
237.216841728	-4.64695E-5	0.0
237.218807808	-6.973843E-5	0.0
237.220773888	-2.2970618E-5	0.0
237.222756352	-3.06768E-5	0.0
237.224722432	-7.020686E-5	0.0
237.226704896	-7.2626186E-5	0.0
237.228670976	2.7720396E-5	0.0
237.230637056	7.524203E-5	0.0
237.23261952	6.41706E-5	4.973100403704578E-11
237.2345856	-9.509656E-5	1.3236359230894834E-10
237.236568064	-3.447566E-5	3.316976138201255E-10
237.238534144	1.9974717E-5	7.826147507827841E-10
237.240500224	3.0192781E-5	1.7385474171405235E-9
237.242482688	3.884394E-5	3.6362806099532463E-9
237.244448768	-6.006694E-5	7.160783077608812E-9
237.246431232	-2.0587924E-5	1.3276877375290042E-8
237.248397312	-1.4322451E-5	2.317733382994902E-8
237.250363392	-3.815404E-5	3.809456927683641E-8
237.252345856	-1.01062515E-5	5.895119770116253E-8
237.254311936	-1.7387063E-5	8.589278621684571E-8
237.2562944	4.8968057E-5	1.1782918818425969E-7
237.25826048	-1.870634E-5	1.5218830640151282E-7
237.26022656	-1.4535674E-4	1.850726505381317E-7
237.262209024	-4.966935E-5	2.1190238896906521E-7
237.264175104	1.2214968E-5	2.284348994407992E-7
237.266157568	3.1504696E-5	2.3185809538972535E-7
237.268123648	8.035823E-8	2.215722503251527E-7
237.270089728	4.8900158E-5	1.9936162232170318E-7
237.272072192	1.754497E-5	1.688887039108522E-7
237.274038272	1.1600727E-4	1.3470761928147112E-7
237.276020736	7.342898E-5	1.0116172433072279E-7
237.277986816	2.5009462E-5	7.152738845661588E-8
237.279952896	2.9582983E-5	4.761697525168529E-8
237.28193536	2.2358889E-5	2.98457294434229E-8
237.28390144	3.7221496E-6	1.7613054126286443E-8
237.285883904	3.9429306E-5	9.786321086835414E-9
237.287849984	1.13188886E-4	5.119602963787884E-9
237.289816064	1.9957898E-4	2.5216537746786116E-9
237.291798528	6.444953E-5	1.169416563584491E-9
237.293764608	2.2808645E-5	5.106027822776582E-10
237.295747072	6.3403886E-6	2.0990828519806826E-10
237.297713152	8.312789E-5	8.124716871504845E-11
237.299679232	2.28712E-4	2.21078308437761E-10
237.301661696	3.5510548E-5	5.678910675044335E-10
237.303627776	3.295807E-5	1.3735078630006115E-9
237.30561024	-1.8416837E-5	3.12784198541749E-9
237.30757632	-4.898148E-5	6.706701860537123E-9
237.309558784	-7.035582E-5	1.3539915855176332E-8
237.311524864	-4.0165334E-5	2.573771595848484E-8
237.313490944	1.2993439E-4	4.606494385939186E-8
237.315473408	1.4794186E-4	7.762785259046723E-8
237.317439488	1.1853529E-4	1.2317238429204735E-7
237.319421952	1.4877233E-4	1.840148087239868E-7
237.321388032	2.2939597E-4	2.588441816442355E-7
237.323354112	1.1199241E-4	3.4282368233107263E-7
237.325336576	1.8078501E-5	4.2751494788717537E-7
237.327302656	7.1773495E-5	5.019704758524313E-7
237.32928512	-1.6003241E-5	5.549494517254061E-7
237.3312512	1.7462358E-5	5.776668672297092E-7
237.33321728	2.2131733E-5	5.661747195517819E-7
237.335199744	1.065407E-4	5.224830488259613E-7
237.337165824	1.7207339E-4	4.5398607539937075E-7
237.339148288	8.998289E-5	3.714156662226742E-7
237.341114368	-7.794845E-5	2.861051200397924E-7
237.343080448	5.3250433E-6	2.0750897533616808E-7
237.345062912	9.933302E-5	1.417083268506758E-7
237.347028992	1.3763133E-4	9.111685983498319E-8
237.349011456	1.12461756E-4	5.516324463883393E-8
237.350977536	2.4269994E-4	3.1444557180293486E-8
237.352943616	1.4974193E-4	1.6876773756280272E-8
237.35492608	5.2308522E-5	8.528607153834855E-9
237.35689216	3.0141267E-5	4.058029468012592E-9
237.358874624	-3.82505E-5	1.8180160710201676E-9
237.360840704	-9.6458876E-5	7.668823354123333E-10
237.362806784	-2.259905E-5	3.045822205560711E-10
237.364789248	3.727062E-7	0.0
237.366755328	1.3061482E-5	0.0
237.368737792	1.320991E-4	0.0
237.370703872	1.7724441E-4	0.0
237.372669952	1.5054485E-4	1.499235458002346E-10
237.374652416	9.6936E-5	3.940187620621316E-10
237.376618496	-3.229648E-5	9.750515950202043E-10
237.37860096	-8.055053E-5	2.27196172986055E-9
237.38056704	-3.0146037E-5	4.984686885478595E-9
237.38253312	6.147925E-6	1.029763385673732E-8
237.384515584	7.529884E-5	2.003088894753091E-8
237.386481664	8.0329686E-5	3.668787940114271E-8
237.388464128	8.87404E-5	6.327191925947773E-8
237.390430208	1.1648737E-4	1.0274524697706511E-7
237.392396288	7.1943534E-5	1.5709953515852249E-7
237.394378752	4.354274E-5	2.2617798833834968E-7
237.396344832	1.0084313E-4	3.3972989399444486E-7
237.398327296	8.0549275E-5	4.752080826619931E-7
237.400293376	8.572586E-5	6.702151154058811E-7
237.402259456	7.369295E-5	9.808197773963911E-7
237.40424192	-2.1873018E-5	1.5150116041695583E-6
237.406208	-5.8110647E-5	2.454949708408094E-6
237.408190464	-1.0294459E-5	4.070554496138357E-6
237.410156544	5.2470223E-5	6.709404260618612E-6
237.412122624	5.2329273E-5	1.0747089618234895E-5
237.414105088	-3.6183123E-5	1.6488982510054484E-5
237.416071168	-6.479938E-5	2.403347025392577E-5
237.418053632	-3.0384374E-6	3.313266279292293E-5
237.420019712	6.6916924E-5	4.310716758482158E-5
237.421985792	9.018688E-5	5.287469321046956E-5
237.423968256	1.2811199E-4	6.111765833338723E-5
237.425934336	1.18695476E-4	6.65652914904058E-5
237.4279168	7.669104E-5	6.830893107689917E-5
237.42988288	8.7612934E-5	6.604492955375463E-5
237.43184896	3.876434E-5	6.0158206906635314E-5
237.433831424	-2.2264232E-5	5.161549415788613E-5
237.435797504	3.1475345E-5	4.170779720880091E-5
237.437779968	9.324684E-5	3.173493314534426E-5
237.439746048	9.730675E-5	2.273523568874225E-5
237.441712128	2.3955889E-5	1.533672184450552E-5
237.443694592	-1.0164568E-5	9.745926035975572E-6
237.445660672	-8.602518E-5	5.842436166858533E-6
237.447643136	-7.334738E-5	3.3186997825396247E-6
237.449609216	-6.332912E-5	1.8102351759807789E-6
237.451575296	-3.0256413E-5	9.844358146438026E-7
237.45355776	3.5995592E-5	5.823018227602006E-7
237.45552384	9.2846196E-5	4.2378309217383503E-7
237.457506304	7.4916374E-5	3.93593296621475E-7
237.459472384	1.3248474E-5	4.21482695855957E-7
237.461438464	-5.6794477E-5	4.545442777725839E-7
237.463420928	-9.564527E-6	4.964211939295637E-7
237.465387008	2.548232E-6	5.10886764004681E-7
237.467369472	7.345865E-5	4.954496830578137E-7
237.469335552	5.2037158E-5	4.52766755643097E-7
237.471301632	3.170851E-5	3.898957743331266E-7
237.473284096	8.1168764E-5	3.1638779773857095E-7
237.475250176	1.4822729E-5	2.4192797809519107E-7
237.47723264	2.736306E-5	1.7431891308206104E-7
237.47919872	4.477811E-5	1.1835675195470685E-7
237.4811648	5.977434E-5	7.57230722570057E-8
237.483147264	5.6830384E-5	4.565061573202911E-8
237.485113344	9.5102354E-5	2.593252190763451E-8
237.487095808	3.2932173E-6	1.3880923077635998E-8
237.489061888	-3.5592242E-5	7.001043300647325E-9
237.491027968	-4.924116E-5	3.327163877742123E-9
237.493010432	2.826552E-6	1.4898711153676913E-9
237.494976512	-2.187419E-5	6.286054454740508E-10
237.496958976	-2.6357897E-5	2.498951878759925E-10
237.498925056	-1.8389122E-5	6.706875332884721E-11
237.500891136	1.4151478E-5	0.0
237.5028736	-7.856221E-5	0.0
237.50483968	-3.7578833E-5	0.0
237.506822144	-8.981985E-6	0.0
237.508788224	1.13381815E-4	0.0
237.510754304	6.276042E-5	0.0
237.512736768	5.5739107E-5	0.0
237.514702848	3.3744396E-5	0.0
237.516685312	-8.002299E-6	0.0
237.518651392	-6.3843814E-5	0.0
237.520617472	-6.1906016E-5	0.0
237.522599936	-2.8906119E-5	0.0
237.524566016	-1.6230454E-6	0.0
237.52654848	-4.1442905E-5	0.0
237.52851456	-2.4468993E-5	0.0
237.53048064	1.4124485E-5	0.0
237.532463104	-2.4773273E-5	0.0
237.534429184	4.118444E-5	0.0
237.536411648	1.16031166E-4	0.0
237.538377728	2.6663694E-5	0.0
237.540343808	-1.1470181E-5	0.0
237.542326272	-4.810777E-5	0.0
237.544292352	-4.614264E-6	0.0
237.546274816	1.994733E-5	0.0
237.548240896	1.345458E-6	0.0
237.550206976	6.000034E-6	0.0
237.55218944	3.4881396E-5	0.0
237.55415552	-4.2447327E-6	0.0
237.556137984	-6.956904E-6	0.0
237.558104064	2.5771255E-5	0.0
237.560070144	2.3624192E-5	0.0
237.562052608	2.5099887E-5	0.0
237.564018688	9.200582E-6	0.0
237.566001152	2.0622685E-5	0.0
237.567967232	1.8581444E-5	0.0
237.569933312	-8.471905E-5	0.0
237.571915776	-3.981304E-5	0.0
237.573881856	5.1065774E-5	0.0
237.57586432	5.425602E-5	0.0
237.5778304	4.4614328E-5	0.0
237.57979648	2.3273215E-5	0.0
237.581778944	1.3596468E-5	0.0
237.583745024	-2.715628E-5	0.0
237.585727488	-1.3180198E-5	0.0
237.587693568	1.0380343E-6	0.0
237.589659648	-4.6868927E-6	0.0
237.591642112	2.5404066E-5	0.0
237.593608192	3.302012E-5	0.0
237.595590656	-5.0699573E-6	0.0
237.597556736	-3.4648572E-5	0.0
237.599522816	-3.1392152E-5	0.0
237.60150528	-8.155862E-5	0.0
237.60347136	-8.5770036E-5	0.0
237.605453824	-4.4427037E-5	0.0
237.607419904	-4.5722507E-5	0.0
237.609385984	1.7423112E-5	0.0
237.611368448	6.5709144E-5	0.0
237.613334528	9.406892E-5	0.0
237.615316992	1.2755232E-4	0.0
237.617283072	1.0533363E-4	0.0
237.619265536	5.143957E-5	0.0
237.621231616	-1.9466072E-6	0.0
237.623197696	-7.0663345E-6	0.0
237.62518016	-8.255764E-6	0.0
237.62714624	-2.6418104E-6	0.0
237.629128704	6.128469E-6	0.0
237.631094784	3.3296408E-6	0.0
237.633060864	-6.2256267E-6	0.0
237.635043328	5.912726E-5	0.0
237.637009408	6.35537E-5	0.0
237.638991872	-4.8215417E-5	0.0
237.640957952	-6.2305815E-5	0.0
237.642924032	1.1929685E-6	0.0
237.644906496	6.235822E-5	7.491806619519537E-10
237.646872576	4.124316E-5	1.9216461755178216E-9
237.64885504	-4.9066266E-6	4.641762085810797E-9
237.65082112	-1.7491066E-5	1.0558711238672913E-8
237.6527872	1.1502229E-5	2.2618598549684066E-8
237.654769664	-3.4810193E-5	4.562916444683651E-8
237.656735744	-3.42222E-5	8.668443740589282E-8
237.658718208	-1.1790708E-5	1.550807411376809E-7
237.660684288	-3.262953E-5	2.612754030906217E-7
237.662650368	-5.026264E-5	4.145332184180006E-7
237.664632832	-3.21429E-5	6.193554327182937E-7
237.666598912	3.998823E-5	8.714430919098959E-7
237.668581376	2.0102818E-5	1.1546783298399532E-6
237.670547456	-7.515123E-5	1.4408061588255805E-6
237.672513536	-2.8794178E-5	1.693066792540776E-6
237.674496	9.064376E-6	1.8735721596385702E-6
237.67646208	4.1133175E-5	1.95304073713487E-6
237.678444544	2.9225428E-5	1.9176056866854196E-6
237.680410624	6.11116E-5	1.7746374396665487E-6
237.682376704	1.02219696E-4	1.5498736729568918E-6
237.684359168	1.4026462E-4	1.281965978705557E-6
237.686325248	4.695047E-6	1.013625933410367E-6
237.688307712	-4.214601E-5	7.839610702831123E-7
237.690273792	-1.4139751E-5	6.236594458641775E-7
237.692239872	5.614192E-5	5.533732974072336E-7
237.694222336	7.764075E-6	5.840673793500173E-7
237.696188416	-1.1020636E-5	7.174277811827778E-7
237.69817088	-3.1296153E-5	9.451213713873585E-7
237.70013696	3.2905566E-5	1.24705468351749E-6
237.70210304	2.1127622E-5	1.5902688801361364E-6
237.704085504	1.46407865E-5	1.9305623482068768E-6
237.706051584	2.7978882E-5	2.2181789063324686E-6
237.708034048	-3.4407688E-6	2.407036390650319E-6
237.710000128	-2.6754044E-5	2.465051011313335E-6
237.711966208	-5.4298844E-6	2.3818295176170068E-6
237.713948672	2.1900896E-5	2.171693495256477E-6
237.715914752	2.0322406E-5	1.868352683231933E-6
237.717897216	3.6472647E-5	1.5168045592872659E-6
237.719863296	2.5172618E-5	1.1621143585216487E-6
237.721829376	5.8385154E-5	8.403324613937002E-7
237.72381184	1.6050197E-5	5.735578270105179E-7
237.72577792	-3.682022E-5	3.695445798257424E-7
237.727760384	-5.8332113E-5	2.2480260497559357E-7
237.729726464	-8.180949E-5	1.2918604852529825E-7
237.731692544	-1.8195407E-5	7.026681458910389E-8
237.733675008	1.6641354E-5	3.6440873429910425E-8
237.735641088	-2.0713915E-5	1.85138127051232E-8
237.737623552	4.229535E-5	1.0056254495793837E-8
237.739589632	2.7929871E-5	7.0266139573504915E-9
237.741555712	-4.19464E-5	7.105939836549169E-9
237.743538176	-7.2610484E-5	8.826240183168466E-9
237.745504256	-6.504061E-5	1.2021438955400754E-8
237.74748672	-1.6304844E-5	1.6425735438474476E-8
237.7494528	3.254133E-5	2.1369842784224602E-8
237.75141888	-1.27534195E-5	2.7355724796507275E-8
237.753401344	-2.4537365E-5	3.5524422514754406E-8
237.755367424	4.646459E-5	4.842570078267272E-8
237.757349888	1.13151225E-4	7.068543794730431E-8
237.759315968	1.3287648E-5	1.0947882600476078E-7
237.761282048	7.951082E-6	1.744218849353274E-7
237.763264512	2.8773722E-5	2.76450521141669E-7
237.765230592	4.5487195E-5	4.253604402038036E-7
237.767213056	2.7946227E-5	6.261510065996845E-7
237.769179136	-1.0431589E-5	8.749204880587058E-7
237.771145216	5.4007196E-5	1.1558073538253666E-6
237.77312768	5.884143E-5	1.4406922446141834E-6
237.77509376	5.207876E-5	1.6927886008488713E-6
237.777076224	-1.3671951E-5	1.874036570370663E-6
237.779042304	-2.4178564E-6	1.9553210677258903E-6
237.781008384	-3.0218207E-5	1.922113597174757E-6
237.782990848	5.7891475E-6	1.7817612842918606E-6
237.784956928	4.4984363E-6	1.5604395002810634E-6
237.786939392	-3.151022E-5	1.2973553111805813E-6
237.788905472	-1.850083E-5	1.036103640217334E-6
237.790871552	-1.0282641E-4	8.166355769390066E-7
237.792854016	-4.4004246E-5	6.696798209304688E-7
237.794820096	1.2533131E-5	6.142370239103911E-7
237.79680256	2.2526535E-6	6.570143114004168E-7
237.79876864	4.083183E-6	7.925017939669488E-7
237.80073472	-8.46604E-6	1.00299700989126E-6
237.802717184	-2.9460329E-5	1.2591087852342753E-6
237.804683264	-9.60942E-6	1.522033812761947E-6
237.806665728	2.8854674E-5	1.748678187141195E-6
237.808631808	-2.2856844E-5	1.8993936237166054E-6
237.810597888	-1.1585126E-5	1.946481006598333E-6
237.812580352	2.0190304E-5	1.8806204025167972E-6
237.814546432	3.430073E-5	1.712583753032959E-6
237.816528896	5.09961E-5	1.4703640545121743E-6
237.818494976	4.6579607E-5	1.1902253618245595E-6
237.820461056	3.8796647E-5	9.086523391488299E-7
237.82244352	3.6229776E-5	6.544863140334201E-7
237.8244096	1.2442691E-5	4.4499196860670054E-7
237.826392064	-1.0598157E-5	2.85773268160483E-7
237.828358144	-4.0095883E-6	1.7347674940992874E-7
237.830324224	-1.4272784E-6	9.963624592046472E-8
237.832306688	-3.4426663E-5	5.42039444439979E-8
237.834272768	-3.9890907E-5	2.7967114846205732E-8
237.836255232	3.882308E-6	1.370590130278515E-8
237.838221312	3.8750066E-5	6.390115991905532E-9
237.840187392	6.0880633E-5	2.8390705342218325E-9
237.842169856	3.1448846E-5	1.2039735874935786E-9
237.844135936	-5.2623773E-6	1.895393425543901E-10
237.8461184	-3.240829E-5	8.548131646968216E-11
237.84808448	-1.30209055E-5	3.630757500205917E-11
237.85005056	4.7647063E-5	1.4523701685753565E-11
237.852033024	3.9109804E-5	5.471565041326176E-12
237.853999104	2.3927774E-5	0.0
237.855981568	4.8033135E-6	0.0
237.857947648	-1.4597096E-5	0.0
237.859913728	1.7831505E-6	0.0
237.861896192	3.090488E-5	2.0955716328874274E-10
237.863862272	3.5702706E-5	5.3662452259573E-10
237.865844736	-1.7154064E-6	1.294206186663871E-9
237.867810816	-1.9600875E-5	2.9397575485035077E-9
237.869776896	3.2916756E-5	6.289056830866002E-9
237.87175936	1.840506E-5	1.267157223594495E-8
237.87372544	9.041166E-6	2.404633292485414E-8
237.875707904	-1.1676141E-6	4.297678302123131E-8
237.877673984	2.0769974E-6	7.234223886598556E-8
237.879640064	5.976434E-5	1.1468770111378035E-7
237.881622528	5.357387E-5	1.7124341411545174E-7
237.883588608	1.1531655E-4	2.408121417829534E-7
237.885571072	1.0368666E-4	3.189431367900397E-7
237.887537152	1.15296265E-4	3.978504707902175E-7
237.889503232	1.2370826E-4	4.674081992561696E-7
237.891485696	2.9436751E-5	5.171840484763379E-7
237.893451776	2.4362804E-5	5.389710509007273E-7
237.89543424	-4.223327E-6	5.290030458127148E-7
237.89740032	3.854749E-5	4.890160312243097E-7
237.8993664	4.738699E-5	4.257549335306976E-7
237.901348864	7.310338E-5	3.4911417401417566E-7
237.903314944	3.1403931E-6	2.6961612320519635E-7
237.905297408	-3.6169495E-5	1.9610794765867468E-7
237.907263488	-9.530418E-5	1.343425566346923E-7
237.909229568	-4.753889E-5	8.667652906524381E-8
237.911212032	4.6338273E-6	5.266950608984189E-8
237.913178112	1.4175271E-5	3.0143013418637565E-8
237.915160576	-4.465137E-5	1.6247401646296566E-8
237.917126656	6.6517576E-5	8.24804935461998E-9
237.919092736	1.04317805E-4	3.943583237742132E-9
237.9210752	-5.686635E-5	1.7758202686124491E-9
237.92304128	-1.0515546E-5	7.531427148599334E-10
237.925023744	3.6478337E-5	3.0083369129130233E-10
237.926989824	4.3842945E-5	1.1317369957852819E-10
237.928972288	1.0098537E-4	0.0
237.930938368	2.5638628E-5	0.0
237.932904448	4.193935E-5	6.9151426806968175E-9
237.934886912	-5.0764185E-5	1.7433773535913133E-8
237.936852992	-4.9086342E-5	4.1396816641281475E-8
237.938835456	-1.0153771E-5	9.258301503223265E-8
237.940801536	8.142498E-6	1.9501783299347153E-7
237.942767616	-2.2303922E-5	3.8689967141181114E-7
237.94475008	-6.859883E-5	7.229422180898837E-7
237.94671616	1.3489119E-5	1.2722703104373068E-6
237.948698624	3.438059E-5	2.1087487311888253E-6
237.950664704	8.377117E-5	3.2918430861172965E-6
237.952630784	4.7422993E-5	4.8396759666502476E-6
237.954613248	-3.633417E-5	6.701339771097992E-6
237.956579328	-1.5042196E-5	8.739453733142E-6
237.958561792	-2.2891027E-5	1.0734796887845732E-5
237.960527872	-1.7427845E-5	1.241958398168208E-5
237.962493952	3.9695606E-5	1.3534388926927932E-5
237.964476416	-2.6213374E-5	1.3893102732254192E-5
237.966442496	-7.356689E-5	1.3433586900646333E-5
237.96842496	-9.765227E-6	1.2235237591085024E-5
237.97039104	6.760706E-6	1.0496626600797754E-5
237.97235712	3.0130193E-5	8.481801160087343E-6
237.974339584	5.4092747E-5	6.462451892730314E-6
237.976305664	1.03470185E-4	4.645239641831722E-6
237.978288128	3.1855034E-5	3.166578835589462E-6
237.980254208	3.610182E-5	2.0815109564864542E-6
237.982220288	-6.793574E-5	1.3894219819121645E-6
237.984202752	-1.1786435E-4	1.066107870428823E-6
237.986168832	-7.168438E-5	1.0920168733719038E-6
237.988151296	2.344709E-6	1.4677499393656035E-6
237.990117376	1.8063134E-5	2.2126289422885748E-6
237.992083456	1.3860498E-5	3.346707217133371E-6
237.99406592	1.2575375E-5	4.861515662923921E-6
237.996032	3.1609572E-5	6.6892644099425524E-6
237.998014464	7.074527E-5	8.680923201609403E-6
237.999980544	1.4019456E-4	1.0620612556522246E-5
238.001946624	1.292386E-4	1.2239011994097382E-5
238.003929088	1.05130166E-4	1.3285279237607028E-5
238.005895168	1.1022638E-4	1.3584147382061929E-5
238.007877632	5.74928E-5	1.3083812518743798E-5
238.009843712	-9.145403E-6	1.1870565685967449E-5
238.011809792	5.048719E-5	1.014454937831033E-5
238.013792256	8.7158216E-5	8.165889084921218E-6
238.015758336	1.8239722E-5	6.19110369370901E-6
238.0177408	-3.529384E-5	4.427006842888659E-6
238.01970688	2.2622831E-5	2.98866507364437E-6
238.02167296	5.886627E-5	1.920095428431523E-6
238.023655424	3.4615125E-5	1.20626805255597E-6
238.025621504	-2.206557E-5	8.066585905908141E-7
238.027603968	7.0577045E-7	6.843233109066205E-7
238.029570048	4.9455386E-5	8.254303907051508E-7
238.031536128	4.9745566E-5	1.2457871889637318E-6
238.033518592	1.4896857E-5	1.983334186661523E-6
238.035484672	4.7086378E-5	3.0778210202697664E-6
238.037467136	2.427801E-5	4.541286671155831E-6
238.039433216	-8.025791E-5	6.324961759673897E-6
238.041399296	-9.923894E-5	8.307463758683298E-6
238.04338176	-2.2070488E-5	1.0277427463734057E-5
238.04534784	2.552505E-5	1.1976232599408831E-5
238.047330304	NaN	1.3145911907486152E-5
238.049296384	NaN	1.3592733921541367E-5
238.051262464	NaN	1.3239529835118446E-5
238.053244928	NaN	1.2147445886512287E-5
238.055211008	NaN	1.0498638403078075E-5
238.057193472	NaN	8.546791832486633E-6
238.059159552	NaN	6.553590992552927E-6
238.061125632	NaN	4.733157766168006E-6
238.063108096	NaN	3.2196514894167194E-6
238.065074176	NaN	2.0627755930036074E-6
238.06705664	NaN	1.2447412700566929E-6
238.06902272	NaN	7.074510222082608E-7
238.0709888	NaN	3.787080515849084E-7
238.072971264	NaN	1.9094612468961714E-7
238.074937344	NaN	9.068116924026981E-8
238.076919808	NaN	4.0562323277981704E-8
238.078885888	NaN	1.708967722890975E-8
238.080851968	NaN	6.7818155535803726E-9
