220.033335296	6.236246E-5	5.918091350309851E-9
220.0313856	-1.1423869E-4	0.0
220.029435904	9.128148E-5	0.0
220.027469824	1.3199987E-4	0.0
220.025520128	1.1138734E-4	0.0
220.023570432	-1.445467E-5	0.0
220.021604352	1.5898195E-5	0.0
220.019654656	1.6787619E-4	0.0
220.01770496	6.653906E-5	0.0
220.01573888	6.431963E-5	0.0
220.013789184	-3.304541E-5	0.0
220.011839488	2.2052694E-5	0.0
220.009889792	-7.7896E-5	0.0
220.007923712	1.7006462E-4	0.0
220.005974016	2.1950991E-5	0.0
220.00402432	-3.0230372E-5	0.0
220.00205824	-8.777958E-5	0.0
220.000108544	-1.3515659E-4	0.0
219.998158848	-1.3962151E-4	0.0
219.996192768	5.580931E-6	0.0
219.994243072	2.2046547E-4	0.0
219.992293376	-3.366452E-5	2.421776059691183E-7
219.99034368	1.6374202E-5	4.6058551106398227E-7
219.9883776	-7.5926786E-5	8.5281146766647E-7
219.986427904	6.0423637E-5	1.5372939969893196E-6
219.984478208	3.608013E-5	2.6978389087162213E-6
219.982512128	1.0723457E-4	4.609136340150144E-6
219.980562432	8.699144E-6	7.665715202165302E-6
219.978612736	-1.1321119E-5	1.2410720046318602E-5
219.976646656	4.8042853E-5	1.9557941413950175E-5
219.97469696	2.497981E-4	2.9998444006196223E-5
219.972747264	3.120261E-4	4.478007394936867E-5
219.970797568	4.4694967E-5	6.504842167487368E-5
219.968831488	4.5990364E-5	9.194134327117354E-5
219.966881792	8.662088E-5	1.264348829863593E-4
219.964932096	2.1032244E-4	1.691519864834845E-4
219.962966016	7.542446E-5	2.2015754075255245E-4
219.96101632	4.1130257E-5	2.787749981507659E-4
219.959066624	2.2009519E-4	3.4347109613008797E-4
219.957100544	3.8017143E-4	4.11841319873929E-4
219.955150848	5.358455E-4	4.807216755580157E-4
219.953201152	6.092357E-4	5.464224377647042E-4
219.951251456	7.254703E-4	6.050554802641273E-4
219.949285376	7.6610805E-4	6.529093370772898E-4
219.94733568	7.6940807E-4	6.868175696581602E-4
219.945385984	7.3446083E-4	7.044732919894159E-4
219.943419904	7.247608E-4	7.046581013128161E-4
219.941470208	6.672336E-4	6.873589591123164E-4
219.939520512	5.824693E-4	6.537704612128437E-4
219.937554432	6.035515E-4	6.061781896278262E-4
219.935604736	4.6200058E-4	5.477336817421019E-4
219.93365504	3.5273845E-4	4.821408656425774E-4
219.931705344	1.6198249E-4	4.1328780935145915E-4
219.929739264	4.147572E-4	3.448722418397665E-4
219.927789568	3.7504357E-4	2.800718357320875E-4
219.925839872	3.7902928E-4	2.2130852448754013E-4
219.923873792	2.4280115E-4	1.7013440083246678E-4
219.921924096	1.9982201E-4	1.2724239786621183E-4
219.9199744	1.9707467E-4	9.25817439565435E-5
219.91800832	3.4146648E-5	6.553904677275568E-5
219.916058624	-1.7961624E-5	4.514355168794282E-5
219.914108928	3.5378613E-5	3.025916521437466E-5
219.912159232	7.1258306E-5	1.973908547370229E-5
219.910193152	1.4088245E-4	1.2532681466836948E-5
219.908243456	1.41661E-4	7.745434231765103E-6
219.90629376	7.346455E-5	4.659682417695876E-6
219.90432768	2.0024404E-6	2.728955678321654E-6
219.902377984	5.6801317E-5	1.555898847982462E-6
219.900428288	1.18481785E-5	8.636152983854117E-7
219.898462208	6.704058E-5	4.6668219511047937E-7
219.896512512	1.1260179E-5	2.455203684803564E-7
219.894562816	4.782689E-5	0.0
219.892596736	4.0097752E-6	0.0
219.89064704	7.464678E-5	0.0
219.888697344	-4.637904E-6	0.0
219.886747648	-5.234589E-5	0.0
219.884781568	-5.7758134E-5	0.0
219.882831872	1.6203378E-5	0.0
219.880882176	8.330552E-5	0.0
219.878916096	-4.097795E-5	0.0
219.8769664	-8.627156E-5	0.0
219.875016704	5.156788E-5	0.0
219.873050624	8.398215E-5	0.0
219.871100928	1.2190747E-4	0.0
219.869151232	8.1906524E-5	0.0
219.867201536	4.9570106E-5	0.0
219.865235456	8.647383E-6	0.0
219.86328576	-2.1327118E-5	0.0
219.861336064	3.921425E-5	0.0
219.859369984	3.2760386E-6	0.0
219.857420288	-5.875344E-5	0.0
219.855470592	8.539206E-5	0.0
219.853504512	1.5755146E-4	0.0
219.851554816	1.1251339E-4	0.0
219.84960512	6.072716E-5	0.0
219.847655424	1.0903988E-4	0.0
219.845689344	1.5422737E-4	0.0
219.843739648	1.9313788E-4	5.1054396266181357E-8
219.841789952	1.4279826E-4	9.497843223016389E-8
219.839823872	-5.169379E-5	1.7232524385235592E-7
219.837874176	1.1548204E-4	3.0493347935589554E-7
219.83592448	-1.5383039E-5	5.262439799480489E-7
219.8339584	-1.9966777E-4	8.857111311044719E-7
219.832008704	-1.6528062E-4	1.4538308050759952E-6
219.830059008	-7.232806E-5	2.327249603695236E-6
219.828109312	-1.227342E-4	3.633021833593375E-6
219.826143232	-9.6166455E-5	5.530627731786808E-6
219.824193536	-7.198696E-5	8.210021405830048E-6
219.82224384	-6.2846266E-5	1.1883874321938492E-5
219.82027776	5.529368E-5	1.6772417438915E-5
219.818328064	5.862278E-5	2.308001603523735E-5
219.816378368	1.3977202E-4	3.096453656326048E-5
219.814412288	-4.604755E-6	4.0501661715097725E-5
219.812462592	-3.0951942E-5	5.1649163651745766E-5
219.810512896	1.552086E-4	6.421728176064789E-5
219.8085632	2.2357807E-4	7.785206253174692E-5
219.80659712	1.6717319E-4	9.203762601828203E-5
219.804647424	2.3490182E-4	1.061204748111777E-4
219.802697728	1.6303285E-4	1.1935569636989385E-4
219.800731648	9.722445E-5	1.3097010378260165E-4
219.798781952	1.1897249E-4	1.4023578842170537E-4
219.796832256	3.1319997E-4	1.465428649680689E-4
219.794866176	1.7828893E-4	1.4946277951821685E-4
219.79291648	1.2505922E-4	1.4879369700793177E-4
219.790966784	1.5803089E-4	1.4458208170253783E-4
219.789017088	1.3198535E-4	1.3711763313040137E-4
219.787051008	7.961419E-5	1.269024796783924E-4
219.785101312	1.5717107E-4	1.145984570030123E-4
219.783151616	1.0523342E-4	1.0096683399751782E-4
219.781185536	1.02168466E-4	8.676962897880003E-5
219.77923584	-2.3266233E-5	7.274054223671556E-5
219.777286144	-8.869321E-5	5.9479203628143296E-5
219.775320064	4.8908445E-5	4.745645492221229E-5
219.773370368	1.0796985E-4	3.697731517604552E-5
219.771420672	6.075622E-5	2.821473026415333E-5
219.769454592	6.7735404E-5	2.1180328985792585E-5
219.767504896	-9.507892E-6	1.5832954886718653E-5
219.7655552	-5.9719325E-5	1.2090053132851608E-5
219.763605504	4.4033466E-5	9.886698535410687E-6
219.761639424	7.629798E-5	9.222976586897857E-6
219.759689728	1.2457589E-4	1.0200044016528409E-5
219.757740032	5.6323548E-5	1.3033779396209866E-5
219.755773952	-1.2313414E-5	1.8031638319371268E-5
219.753824256	-3.990479E-5	2.5520388589939103E-5
219.75187456	-1.6020485E-5	3.572171772248112E-5
219.74990848	-5.386789E-5	4.859322143602185E-5
219.747958784	7.8666395E-5	6.367800233419985E-5
219.746009088	1.2750301E-4	8.002248796401545E-5
219.744059392	-7.75014E-5	9.622015204513445E-5
219.742093312	-2.25491E-5	1.105826158891432E-4
219.740143616	8.730086E-5	1.2154046999057755E-4
219.73819392	1.5650206E-4	1.2782591511495411E-4
219.73622784	1.1171935E-4	1.2889507343061268E-4
219.734278144	1.4706279E-4	1.249198685400188E-4
219.732328448	-6.823129E-5	1.1680214083753526E-4
219.730362368	9.69122E-5	1.0588891746010631E-4
219.728412672	3.8131137E-5	9.36886717681773E-5
219.726462976	1.1689442E-4	8.161116420524195E-5
219.72451328	-1.8433833E-5	7.081190415192395E-5
219.7225472	9.9921475E-5	6.214778841240332E-5
219.720597504	2.4984061E-5	5.6205295550171286E-5
219.718647808	-5.462261E-5	5.333230728865601E-5
219.716681728	1.2336453E-4	5.362549563869834E-5
219.714732032	1.112158E-4	5.686364966095425E-5
219.712782336	5.537849E-5	6.242706149350852E-5
219.710816256	1.4819947E-4	6.927052891114727E-5
219.70886656	1.6176258E-4	7.601149991387501E-5
219.706916864	1.7701808E-4	8.114931551972404E-5
219.704967168	1.117133E-4	8.339151099789888E-5
219.703001088	-9.6255735E-6	8.19050837890245E-5
219.701051392	1.2330216E-4	7.660531264264137E-5
219.699101696	1.4650781E-4	6.809611659264192E-5
219.697135616	-1.3220842E-5	5.7569628552300856E-5
219.69518592	-3.3443407E-6	4.651687777368352E-5
219.693236224	-1.6619767E-4	3.643052696133964E-5
219.691270144	-6.9989874E-5	2.8570926588145085E-5
219.689320448	-4.54889E-6	2.383635364822112E-5
219.687370752	3.3488785E-5	2.2726731913280673E-5
219.685421056	9.252095E-5	2.534963823563885E-5
219.683454976	1.2637369E-4	3.142175773973577E-5
219.68150528	1.5510802E-4	4.024826193926856E-5
219.679555584	-2.0756173E-5	5.0741273298626766E-5
219.677589504	9.530226E-5	6.144582584965974E-5
219.675639808	9.3554256E-5	7.075915345922112E-5
219.673690112	8.34249E-5	7.716598338447511E-5
219.671724032	1.2044512E-4	7.957078923936933E-5
219.669774336	1.7613851E-5	7.752369856461883E-5
219.66782464	1.77268E-4	7.137291686376557E-5
219.665874944	1.916514E-4	6.206295802257955E-5
219.663908864	1.0121159E-4	5.09660312673077E-5
219.661959168	4.8176935E-5	3.9520793507108465E-5
219.660009472	9.483258E-5	2.8934971851413138E-5
219.658043392	5.0603263E-5	2.0000652511953376E-5
219.656093696	-3.8434668E-5	1.3052002032054588E-5
219.654144	-2.9592053E-5	8.041254659474362E-6
219.65217792	-1.4838572E-4	4.677299330069218E-6
219.650228224	-4.595629E-5	2.568651325418614E-6
219.648278528	7.5709766E-5	1.331888597633224E-6
219.646328832	-6.709248E-5	6.520709803226055E-7
219.644362752	-3.2544576E-5	3.0143573326313344E-7
219.642413056	-7.954664E-6	1.315746089858294E-7
219.64046336	-7.351427E-5	5.422887383588204E-8
219.63849728	-7.076258E-5	2.1104344938294162E-8
219.636547584	1.0202721E-5	0.0
219.634597888	5.6588917E-5	0.0
219.632631808	2.195588E-6	0.0
219.630682112	5.5710985E-5	0.0
219.628732416	-1.03927305E-4	0.0
219.626766336	-6.942385E-5	0.0
219.62481664	-9.1527625E-5	0.0
219.622866944	4.5869918E-5	0.0
219.620917248	1.8239015E-4	0.0
219.618951168	3.7510978E-5	0.0
219.617001472	9.0828245E-5	0.0
219.615051776	1.2139242E-4	0.0
219.613085696	1.3464966E-4	0.0
219.611136	1.2611048E-5	0.0
219.609186304	-5.9472095E-5	0.0
219.607220224	-5.0131424E-5	0.0
219.605270528	1.4285214E-4	0.0
219.603320832	7.7178986E-5	0.0
219.601371136	6.144976E-5	0.0
219.599405056	-6.173752E-5	0.0
219.59745536	1.5009643E-4	0.0
219.595505664	6.6262226E-5	0.0
219.593539584	5.6162924E-5	0.0
219.591589888	1.0134921E-6	0.0
219.589640192	-4.4138465E-5	0.0
219.587674112	-2.4117171E-5	0.0
219.585724416	6.906449E-5	0.0
219.58377472	1.4524319E-4	4.876541765952425E-7
219.581825024	-6.0937422E-5	1.428684413440351E-6
219.579858944	-1.7099163E-4	3.863219262711937E-6
219.577909248	-1.1396819E-4	9.640373718866613E-6
219.575959552	-2.5495738E-4	2.2195912606548518E-5
219.573993472	1.0205922E-5	4.7132936742855236E-5
219.572043776	7.514153E-6	9.226155088981614E-5
219.57009408	5.7046836E-5	1.6637677617836744E-4
219.568128	2.5515523E-4	2.762613876257092E-4
219.566178304	4.3343075E-4	4.2232911800965667E-4
219.564228608	6.976517E-4	5.947414319962263E-4
219.562278912	8.717982E-4	7.726010517217219E-4
219.560312832	8.2600693E-4	9.277239441871643E-4
219.558363136	0.001098753	0.0010319752618670464
219.55641344	0.0010720708	0.001065187738277018
219.55444736	9.625025E-4	0.0010207778541371226
219.552497664	8.8733033E-4	9.075345587916672E-4
219.550547968	6.544422E-4	7.472209981642663E-4
219.548581888	5.746589E-4	5.685041542164981E-4
219.546632192	5.076917E-4	3.9890140760689974E-4
219.544682496	3.6159102E-4	2.5781584554351866E-4
219.5427328	3.2077613E-5	1.5344344137702137E-4
219.54076672	7.2311836E-5	8.417051139986143E-5
219.538817024	1.8490374E-4	4.269867713446729E-5
219.536867328	1.156358E-4	2.028277413046453E-5
219.534901248	1.9392997E-5	9.466925803280901E-6
219.532951552	1.6549983E-4	5.074123237136519E-6
219.531001856	1.2450563E-4	4.031364369438961E-6
219.529035776	1.0994035E-4	4.735879883810412E-6
219.52708608	9.29539E-5	6.287973974394845E-6
219.525136384	-1.21237805E-4	8.636841812403873E-6
219.523186688	-1.114622E-5	1.1208925570826977E-5
219.521220608	-1.8287383E-5	1.3735138963966165E-5
219.519270912	-6.449709E-5	1.590395186212845E-5
219.517321216	-7.863647E-5	1.7415677575627342E-5
219.515355136	-1.0592676E-4	1.806532782211434E-5
219.51340544	-2.5739157E-5	1.7807900803745724E-5
219.511455744	7.712366E-5	1.6785532352514565E-5
219.509489664	1.8843345E-4	1.5304703993024305E-5
219.507539968	4.6759098E-5	1.3767828932031989E-5
219.505590272	-4.504016E-5	1.2577847883221693E-5
219.503624192	-2.6110623E-5	1.2041543413943145E-5
219.501674496	2.9830271E-5	1.2296187378524337E-5
219.4997248	1.20296165E-4	1.3276794561534189E-5
219.497775104	-7.963804E-5	1.4731556802871637E-5
219.495809024	3.5129688E-5	1.628201971470844E-5
219.493859328	1.2392193E-4	1.7513752027298324E-5
219.491909632	2.3244162E-5	1.807548505894374E-5
219.489943552	4.5078963E-5	1.7759957700036466E-5
219.487993856	-1.21303325E-4	1.6544787285965867E-5
219.48604416	3.8104943E-5	1.4582838048227131E-5
219.48407808	3.746578E-5	1.2148560017521959E-5
219.482128384	2.3144306E-5	9.560367288941052E-6
219.480178688	-9.3384835E-5	7.103438747435575E-6
219.478228992	-4.143913E-5	4.98542794957757E-6
219.476262912	-1.5023467E-4	3.3034075386240147E-6
219.474313216	-1.4106868E-4	2.0665640931838425E-6
219.47236352	-9.942149E-5	1.220576450577937E-6
219.47039744	7.316024E-5	6.806381520618743E-7
219.468447744	1.18033226E-4	3.5834412415169936E-7
219.466498048	1.3397346E-4	1.8359983755544818E-7
219.464531968	8.7831104E-5	9.756118402037828E-8
219.462582272	2.123926E-4	7.066763174634616E-8
219.460632576	-2.7754611E-5	9.193648509153718E-8
219.45868288	-6.481732E-5	1.7017848108480393E-7
219.4567168	-8.6237706E-5	3.324285557937401E-7
219.454767104	-1.3662963E-4	6.359538247124874E-7
219.452817408	2.2813774E-5	1.1486218909340096E-6
219.450851328	3.5001616E-5	1.9586052530939924E-6
219.448901632	-2.875002E-5	3.153075340378564E-6
219.446951936	1.0195037E-5	4.79219988847035E-6
219.444985856	-7.952314E-5	6.8762205955863465E-6
219.44303616	-7.4310934E-5	9.315001989307348E-6
219.441086464	-1.4629749E-4	1.1919300959561951E-5
219.439136768	-3.6472284E-5	1.4400436157302465E-5
219.437170688	-1.7110191E-5	1.644667463551741E-5
219.435220992	-2.6898158E-5	1.7757529349182732E-5
219.433271296	-6.746437E-5	1.816274925658945E-5
219.431305216	5.120331E-7	1.7661668607615866E-5
219.42935552	-2.155944E-5	1.6447600501123816E-5
219.427405824	-6.35855E-5	1.4879524314892478E-5
219.425439744	1.7135806E-5	1.3413730812317226E-5
219.423490048	1.0010544E-4	1.2514418813225348E-5
219.421540352	9.6206575E-5	1.256518589798361E-5
219.419590656	1.2256097E-4	1.3799949556414504E-5
219.417624576	-1.258942E-5	1.6263236830127425E-5
219.41567488	7.733702E-5	1.980445631488692E-5
219.413725184	2.6724689E-5	2.4105418560793623E-5
219.411759104	1.6321231E-6	2.8735525120282546E-5
219.409809408	-2.3217674E-5	3.3223946957150474E-5
219.407859712	7.853851E-5	3.71333553630393E-5
219.405893632	1.7569671E-5	4.011872806586325E-5
219.403943936	1.0113522E-4	4.1958774090744555E-5
219.40199424	9.436759E-5	4.255867679603398E-5
219.400044544	-2.6886997E-5	4.192759661236778E-5
219.398078464	2.89245E-6	4.0168608393287286E-5
219.396128768	-3.1721826E-5	3.742616536328569E-5
219.394179072	-1.3670817E-5	3.389627454453148E-5
219.392212992	2.046885E-5	2.980865065183025E-5
219.390263296	-1.8528863E-4	2.541629146435298E-5
219.3883136	-1.4655199E-4	2.0978144675609656E-5
219.38634752	-1.9742603E-5	1.6735279132262804E-5
219.384397824	-7.590302E-5	1.2885869182355236E-5
219.382448128	-1.0157161E-4	9.565573236614E-6
219.380482048	1.5448351E-4	6.839625257271109E-6
219.378532352	8.531933E-5	4.707394964498235E-6
219.376582656	-7.960515E-5	3.1170598049357068E-6
219.37463296	-3.7847643E-5	1.981665946004796E-6
219.37266688	-6.761287E-5	1.2143043477408355E-6
219.370717184	-6.6480316E-5	7.151564318519377E-7
219.368767488	1.5197773E-4	4.0481066321262915E-7
219.366801408	3.9976014E-5	2.2023348833499767E-7
219.364851712	2.668016E-5	1.1515774644976773E-7
219.362902016	5.831035E-5	5.787477874719116E-8
219.360935936	4.9846796E-5	2.7955662673662118E-8
219.35898624	3.671995E-5	1.2978827790277592E-8
219.357036544	-1.3416537E-4	0.0
219.355086848	2.7606578E-5	0.0
219.353120768	2.3902947E-4	0.0
219.351171072	2.7991284E-4	0.0
219.349221376	-2.3241248E-5	0.0
219.347255296	8.293494E-5	0.0
219.3453056	6.449341E-5	0.0
219.343355904	6.317942E-5	0.0
219.341389824	1.2567753E-4	0.0
219.339440128	8.5097876E-5	0.0
219.337490432	-5.6987734E-5	0.0
219.335540736	-3.900908E-6	0.0
219.333574656	1.1699681E-4	0.0
219.33162496	-9.257733E-5	0.0
219.329675264	9.655515E-5	0.0
219.327709184	3.9038955E-6	0.0
219.325759488	6.391966E-5	0.0
219.323809792	-3.8487986E-5	0.0
219.321843712	-2.992567E-5	0.0
219.319894016	-9.237114E-5	0.0
219.31794432	-6.485308E-5	0.0
219.315994624	5.0994884E-5	0.0
219.314028544	-2.3884093E-5	0.0
219.312078848	6.490148E-5	0.0
219.310129152	1.2907569E-4	0.0
219.308163072	1.4925557E-6	0.0
219.306213376	1.8722358E-5	0.0
219.30426368	-2.6628002E-5	0.0
219.3022976	-6.3730163E-6	0.0
219.300347904	-2.082435E-5	0.0
219.298398208	3.067376E-5	0.0
219.296448512	6.107252E-5	0.0
219.294482432	2.0230329E-5	0.0
219.292532736	6.456322E-5	0.0
219.29058304	-1.7127668E-5	0.0
219.28861696	4.5808596E-5	0.0
219.286667264	1.4139921E-4	0.0
219.284717568	1.3930718E-5	0.0
219.282751488	3.2813066E-5	0.0
219.280801792	3.0337798E-5	0.0
219.278852096	-5.5331726E-5	0.0
219.2769024	-9.6665244E-5	0.0
219.27493632	1.7997934E-5	0.0
219.272986624	-5.3081883E-5	0.0
219.271036928	-1.0092093E-5	0.0
219.269070848	-4.778605E-5	0.0
219.267121152	5.4347063E-5	0.0
219.265171456	-3.2231972E-5	0.0
219.263205376	5.2320112E-5	0.0
219.26125568	5.3890526E-5	0.0
219.259305984	3.2412918E-5	0.0
219.257356288	-1.02339014E-4	0.0
219.255390208	8.080302E-5	0.0
219.253440512	3.9926523E-5	0.0
219.251490816	9.297119E-5	0.0
219.249524736	7.213235E-5	0.0
219.24757504	-2.5528008E-5	0.0
219.245625344	-1.5232095E-4	0.0
219.243659264	-5.7661073E-5	0.0
219.241709568	-6.228372E-5	0.0
219.239759872	-7.998657E-7	0.0
219.237793792	1.692209E-4	0.0
219.235844096	7.404097E-6	0.0
219.2338944	-6.761068E-5	0.0
219.231944704	-3.062285E-5	0.0
219.229978624	1.1437668E-4	0.0
219.228028928	5.367836E-5	0.0
219.226079232	-3.9558716E-5	0.0
219.224113152	-1.5569436E-4	0.0
219.222163456	-9.853583E-5	0.0
219.22021376	4.1534582E-5	0.0
219.21824768	-4.395878E-5	0.0
219.216297984	-1.6456315E-5	0.0
219.214348288	1.2811818E-4	0.0
219.212398592	-8.813159E-5	0.0
219.210432512	-5.801929E-5	0.0
219.208482816	-1.17283835E-5	0.0
219.20653312	4.3652468E-5	0.0
219.20456704	3.1289757E-5	0.0
219.202617344	-9.336776E-6	1.0122978721938125E-7
219.200667648	-2.5628702E-4	2.551768716330116E-7
219.198701568	-8.800662E-5	6.07211688929965E-7
219.196751872	3.3250963E-5	1.363931460218737E-6
219.194802176	1.0560785E-5	2.891939857363468E-6
219.19285248	-5.3989923E-5	5.787683676317101E-6
219.1908864	-6.336079E-5	1.0932264558505267E-5
219.188936704	4.510261E-5	1.9487693862174638E-5
219.186987008	5.2513842E-5	3.278003350715153E-5
219.185020928	1.1939488E-4	5.2080136811127886E-5
219.183071232	5.9033377E-5	7.800895400578156E-5
219.181121536	1.1298042E-4	1.1026080755982548E-4
219.179155456	1.9332257E-4	1.4709640527144074E-4
219.17720576	2.8782492E-4	1.8529797671362758E-4
219.175256064	2.8302145E-4	2.205434429924935E-4
219.173306368	2.2988452E-4	2.4821588885970414E-4
219.171340288	3.18952E-4	2.6444479590281844E-4
219.169390592	2.3496663E-4	2.6707490906119347E-4
219.167440896	3.9292776E-4	2.5625090347602963E-4
219.165474816	2.8477464E-4	2.3443128156941384E-4
219.16352512	1.2308627E-4	2.0581927674356848E-4
219.161575424	1.2109501E-4	1.7538160318508744E-4
219.159609344	1.1037621E-4	1.4775605814065784E-4
219.157659648	1.3522655E-4	1.263627636944875E-4
219.155709952	7.299016E-5	1.1294470459688455E-4
219.153760256	3.790845E-5	1.0757290874607861E-4
219.151794176	9.014387E-5	1.0900792403845116E-4
219.14984448	2.3369471E-4	1.152196855400689E-4
219.147894784	3.2446932E-4	1.2389406037982553E-4
219.145928704	1.8117466E-4	1.3282345025800169E-4
219.143979008	2.090915E-4	1.4015650958754122E-4
219.142029312	7.46278E-5	1.4452970935963094E-4
219.140063232	7.2542105E-5	1.4511527842842042E-4
219.138113536	1.6256352E-4	1.4161203580442816E-4
219.13616384	2.1859692E-5	1.3415321882348508E-4
219.134214144	7.151602E-5	1.2341421097517014E-4
219.132248064	7.4138586E-7	1.1015502968803048E-4
219.130298368	3.7160393E-5	9.53805647441186E-5
219.128348672	-2.7991982E-5	8.010750025277957E-5
219.126382592	-3.6451434E-6	6.525158096337691E-5
219.124432896	2.896639E-4	5.1543553126975894E-5
219.1224832	-4.5444223E-5	3.948160519939847E-5
219.12051712	1.1994468E-4	2.9325017749215476E-5
219.118567424	6.5762484E-5	2.1120453311596066E-5
219.116617728	7.788094E-5	1.4750090485904366E-5
219.114651648	-2.1352365E-5	9.989171303459443E-6
219.112701952	-7.0401526E-5	6.560268502653344E-6
219.110752256	-1.0525342E-4	4.178178642177954E-6
219.10880256	-9.887077E-5	2.5807203201111406E-6
219.10683648	-4.0406583E-5	1.545940108371724E-6
219.104886784	8.635947E-5	8.981674568531162E-7
219.102937088	2.3339159E-4	5.061044703325024E-7
219.100971008	6.012733E-5	2.7659584134198667E-7
219.099021312	-1.8388751E-5	1.4661479497135588E-7
219.097071616	1.6442449E-6	7.537706636639996E-8
219.095105536	1.1655511E-5	3.7586069367989694E-8
219.09315584	5.6319954E-5	0.0
219.091206144	7.966346E-5	0.0
219.089256448	-1.270826E-4	0.0
219.087290368	-1.3750183E-5	0.0
219.085340672	9.537889E-5	0.0
219.083390976	2.318479E-5	0.0
219.081424896	1.2991027E-4	0.0
219.0794752	1.9865012E-4	0.0
219.077525504	-7.733811E-5	0.0
219.075559424	-1.154994E-4	0.0
219.073609728	-8.652894E-6	0.0
219.071660032	-1.7663748E-6	0.0
219.069710336	5.1452993E-5	0.0
219.067744256	-5.1716055E-5	0.0
219.06579456	9.1404094E-5	0.0
219.063844864	-1.3853276E-4	0.0
219.061878784	-1.2943511E-4	0.0
219.059929088	-8.5780535E-5	0.0
219.057979392	-7.318186E-5	0.0
219.056013312	-3.0069748E-5	0.0
219.054063616	2.8063901E-5	0.0
219.05211392	-9.484553E-7	0.0
219.050164224	-8.412748E-5	0.0
219.048198144	-8.5233645E-5	0.0
219.046248448	9.397946E-5	0.0
219.044298752	5.5584078E-5	0.0
219.042332672	1.7747074E-5	0.0
219.040382976	1.0030528E-5	0.0
219.03843328	9.1107E-5	0.0
219.0364672	2.0278394E-5	0.0
219.034517504	5.1737265E-5	0.0
219.032567808	-4.9724406E-7	0.0
219.030618112	-8.346274E-5	0.0
219.028652032	1.0492624E-5	0.0
219.026702336	1.2906059E-4	2.9370808007911364E-8
219.02475264	1.9985449E-4	5.5044683477945E-8
219.02278656	1.7525608E-5	1.0059259381023367E-7
219.020836864	-2.9772307E-5	1.7925401607499225E-7
219.018887168	-7.375323E-6	3.1147391155172954E-7
219.016921088	4.728407E-6	5.277394166114391E-7
219.014971392	7.977257E-5	8.718897674953041E-7
219.013021696	-1.1659552E-4	1.404561317031039E-6
219.011072	-1.8171636E-4	2.2062165498937247E-6
219.00910592	-6.9511305E-5	3.378914243512554E-6
219.007156224	-1.5124213E-4	5.045626949140569E-6
219.005206528	2.7704527E-5	7.345950052695116E-6
219.003240448	1.3909894E-5	1.0427117558720056E-5
219.001290752	5.3074033E-5	1.4429440852836706E-5
218.999341056	8.9253204E-5	1.9466700905468315E-5
218.997374976	-2.8813554E-5	2.5602817913750187E-5
218.99542528	-1.8045603E-5	3.282731267972849E-5
218.993475584	1.1807246E-4	4.103396349819377E-5
218.991525888	2.021153E-4	5.0007234676741064E-5
218.989559808	-6.4060456E-5	5.941993367741816E-5
218.987610112	1.2128619E-4	6.884653703309596E-5
218.985660416	1.7869097E-4	7.779090810799971E-5
218.983694336	2.2296308E-5	8.572792285121977E-5
218.98174464	2.3697454E-5	9.215343015966937E-5
218.979794944	8.1413215E-5	9.663586388342083E-5
218.977828864	1.1605373E-4	9.88628962659277E-5
218.975879168	4.7037563E-5	9.8676115158014E-5
218.973929472	-3.2636894E-5	9.60889010457322E-5
218.971963392	1.4803771E-4	9.128486999543384E-5
218.970013696	1.4809828E-4	8.459728996967897E-5
218.968064	1.8480039E-4	7.647196616744623E-5
218.966114304	4.763246E-5	6.741977267665789E-5
218.964148224	1.5964729E-4	5.796442928840406E-5
218.962198528	-6.198658E-5	4.859363616560586E-5
218.960248832	5.445319E-5	3.971937621827237E-5
218.958282752	1.6847142E-4	3.1652165489504114E-5
218.956333056	8.920961E-5	2.4590226530563086E-5
218.95438336	3.477532E-5	1.8624008589540608E-5
218.95241728	4.917681E-5	1.3751064216194209E-5
218.950467584	1.8876238E-4	9.898264579533134E-6
218.948517888	7.8742036E-5	6.946288976905635E-6
218.946568192	-8.165104E-5	4.752619588543894E-6
218.944602112	-4.005543E-5	3.1703648346592672E-6
218.942652416	-5.5144967E-5	2.062037765426794E-6
218.94070272	-4.385674E-5	1.3076919458399061E-6
218.93873664	-2.9304623E-5	8.086213938440778E-7
218.936786944	9.2109454E-5	6.28989880624431E-7
218.934837248	4.6475423E-5	5.987499207549263E-7
218.932871168	4.504411E-5	8.240073725573893E-7
218.930921472	8.189651E-5	1.4273656461227802E-6
218.928971776	1.0011266E-4	2.6395998702355428E-6
218.92702208	-6.270046E-5	4.835395429836353E-6
218.925056	4.9762773E-5	8.551737664674874E-6
218.923106304	4.2917494E-5	1.4562431715603452E-5
218.921156608	2.289764E-4	2.3742008124827407E-5
218.919190528	8.496973E-5	3.7055040593259037E-5
218.917240832	-4.2206408E-5	5.535641321330331E-5
218.915291136	4.9475242E-5	7.914884190540761E-5
218.913325056	5.4212647E-5	1.083125316654332E-4
218.91137536	7.5816606E-5	1.4188059139996767E-4
218.909425664	2.2402851E-4	1.7794736777432263E-4
218.907475968	2.0838933E-4	2.1377293160185218E-4
218.905509888	2.6354607E-4	2.461015828885138E-4
218.903560192	3.638475E-4	2.716397575568408E-4
218.901610496	2.3908797E-4	2.8759261476807296E-4
218.899644416	2.7864732E-4	2.9214107780717313E-4
218.89769472	2.6257665E-4	2.847571449819952E-4
218.895745024	2.781753E-4	2.662958577275276E-4
218.893778944	2.6145088E-4	2.388466236880049E-4
218.891829248	1.9467439E-4	2.0537151431199163E-4
218.889879552	1.2308799E-4	1.69292907230556E-4
218.887929856	1.1423512E-4	1.3374094851315022E-4
218.885963776	1.414282E-4	1.0140831727767363E-4
218.88401408	1.6914716E-4	7.418389577651396E-5
218.882064384	6.927654E-5	5.315360249369405E-5
218.880098304	-9.41655E-6	3.885365731548518E-5
218.878148608	-8.610775E-5	3.155499143758789E-5
218.876198912	-7.7770375E-5	3.1556708563584834E-5
218.874232832	1.2562849E-4	3.9328293496510014E-5
218.872283136	1.5538608E-4	5.5421067372662947E-5
218.87033344	2.1330646E-4	8.013390470296144E-5
218.868383744	1.9106633E-4	1.1301655467832461E-4
218.866417664	3.3232845E-5	1.5238868945743889E-4
218.864467968	1.7292323E-4	1.9510167476255447E-4
218.862518272	1.2481151E-4	2.3672301904298365E-4
218.860552192	2.3655419E-4	2.721321943681687E-4
218.858602496	3.011775E-4	2.967114851344377E-4
218.8566528	2.3771546E-4	3.069426747970283E-4
218.85468672	1.4143126E-4	3.014781104866415E-4
218.852737024	3.2192943E-4	2.812946622725576E-4
218.850787328	1.9621538E-4	2.4942270829342306E-4
218.848821248	1.2017548E-5	2.102288417518139E-4
218.846871552	-1.0093985E-5	1.6847008373588324E-4
218.844921856	4.2993266E-5	1.283870224142447E-4
218.84297216	-9.781483E-6	9.306650463258848E-5
218.84100608	1.0734554E-4	6.41875813016668E-5
218.839056384	2.466044E-4	4.213050124235451E-5
218.837106688	5.43702E-5	2.6320787583244964E-5
218.835140608	-1.3092014E-5	1.5652347428840585E-5
218.833190912	-5.2340958E-5	8.859175977704581E-6
218.831241216	-7.7549914E-5	4.771296516992152E-6
218.829275136	-4.8127655E-5	2.4441890218440676E-6
218.82732544	2.4244227E-5	1.1903584891115315E-6
218.825375744	1.3952522E-4	5.508197773451684E-7
218.823426048	8.802587E-5	1.971748702089826E-7
218.821459968	-2.8185814E-5	8.493027081613036E-8
218.819510272	5.2044194E-5	3.452807817438952E-8
218.817560576	1.4469825E-4	1.3248726560277646E-8
218.815594496	-5.5937758E-6	0.0
218.8136448	1.350092E-4	0.0
218.811695104	1.4888335E-4	0.0
218.809729024	-1.3254196E-4	0.0
218.807779328	-2.9817738E-5	0.0
218.805829632	-6.932848E-5	0.0
218.803879936	6.571167E-5	0.0
218.801913856	2.9204088E-5	0.0
218.79996416	1.6114715E-4	0.0
218.798014464	8.892442E-5	0.0
218.796048384	1.4000939E-4	0.0
218.794098688	-8.053309E-5	4.9399126567095664E-8
218.792148992	-1.9863484E-4	1.095163284503542E-7
218.790182912	-1.0309608E-4	2.3341475241522858E-7
218.788233216	-2.64631E-5	4.782658038493537E-7
218.78628352	1.1319771E-4	9.420942888027639E-7
218.784333824	9.319652E-6	1.7839989823187352E-6
218.782367744	-1.7185948E-5	3.2475848001922714E-6
218.780418048	7.916334E-5	5.682933988282457E-6
218.778468352	1.0083353E-4	9.558870260661934E-6
218.776502272	1.21944315E-4	1.5453795640496537E-5
218.774552576	6.8691406E-5	2.4011731511563994E-5
218.77260288	4.472068E-5	3.585431113606319E-5
218.7706368	-3.7520633E-5	5.144736496731639E-5
218.768687104	1.1905765E-4	7.093793828971684E-5
218.766737408	1.0506476E-4	9.399486589245498E-5
218.764787712	1.3396397E-4	1.1969695333391428E-4
218.762821632	1.649395E-4	1.465188106521964E-4
218.760871936	7.9063546E-5	1.7244018090423197E-4
218.75892224	1.2727114E-4	1.951810991158709E-4
218.75695616	2.6471517E-4	2.1252506121527404E-4
218.755006464	2.5804163E-4	2.226655778940767E-4
218.753056768	3.2742848E-4	2.2450539108831435E-4
218.751090688	2.3913081E-4	2.1784222917631269E-4
218.749140992	3.737363E-4	2.0340396440587938E-4
218.747191296	2.1698541E-4	1.8272361194249243E-4
218.7452416	9.858808E-5	1.5788362361490726E-4
218.74327552	2.6100106E-5	1.3117912749294192E-4
218.741325824	1.6564367E-4	1.0477681644260883E-4
218.739376128	1.2035408E-4	8.04354713181965E-5
218.737410048	1.9084936E-4	5.934112050454132E-5
218.735460352	4.224105E-5	4.206895027891733E-5
218.733510656	8.79224E-5	2.8659142117248848E-5
218.731544576	1.0505181E-4	1.8762175386655144E-5
218.72959488	8.9532456E-5	1.1804557288996875E-5
218.727645184	-4.223237E-5	7.138283763197251E-6
218.725679104	-5.3874468E-5	4.149072083237115E-6
218.723729408	-6.0317612E-5	2.3181728465715423E-6
218.721779712	2.4586925E-5	1.2450723261281382E-6
218.719830016	8.435012E-6	6.428625169974111E-7
218.717863936	-8.8157885E-6	3.190976372025034E-7
218.71591424	5.9922048E-5	1.5226939353851776E-7
218.713964544	2.9162687E-5	6.985492007061112E-8
218.711998464	-4.76973E-6	1.6465595109593778E-8
218.710048768	1.4905326E-4	4.2394777466370215E-8
218.708099072	4.0918017E-5	1.0301585717797934E-7
218.706132992	6.125094E-5	2.3623732658961671E-7
218.704183296	-4.563791E-6	5.11267387537373E-7
218.7022336	-6.350429E-5	1.0442287248224602E-6
218.700283904	9.5401825E-5	2.0127295101701748E-6
218.698317824	-6.514903E-5	3.661069058580324E-6
218.696368128	-7.82647E-5	6.284221854002681E-6
218.694418432	-1.2885148E-4	1.017906834022142E-5
218.692452352	-3.8716524E-5	1.5558516679448076E-5
218.690502656	5.4398344E-5	2.244043025712017E-5
218.68855296	4.1153307E-5	3.0542629247065634E-5
218.68658688	-4.7219208E-5	3.923002441297285E-5
218.684637184	3.927771E-5	4.755556074087508E-5
218.682687488	2.8927325E-5	5.441204848466441E-5
218.680737792	5.3560663E-5	5.876759678358212E-5
218.678771712	-5.732712E-5	5.991779107716866E-5
218.676822016	6.559434E-5	5.767075708718039E-5
218.67487232	1.173962E-4	5.239915117272176E-5
218.67290624	-1.2779521E-4	4.493974847719073E-5
218.670956544	-7.872993E-5	3.6377579817781225E-5
218.669006848	-3.658682E-5	2.7790500098490156E-5
218.667040768	-3.178472E-5	2.00347785721533E-5
218.665091072	3.7158166E-5	1.3629590284836013E-5
218.663141376	-1.3961043E-4	8.749502740101889E-6
218.66119168	-1.9052616E-4	5.300139036990004E-6
218.6592256	6.07948E-5	3.029761728612357E-6
218.657275904	9.14932E-7	1.6343793731721235E-6
218.655326208	1.7900771E-5	8.320251367877063E-7
218.653360128	6.7567446E-5	3.997283783974126E-7
218.651410432	-3.197954E-5	1.9133317152864038E-7
218.649460736	5.3265157E-5	9.954582225191189E-8
218.647494656	2.9969328E-6	7.735402363096E-8
218.64554496	-8.6116226E-5	9.258207001039409E-8
218.643595264	1.0677491E-5	1.7889232140078093E-7
218.641645568	-1.5116851E-4	3.3213555639122205E-7
218.639679488	8.211549E-5	5.925102186665754E-7
218.637729792	1.0650741E-4	1.0156182952414383E-6
218.635780096	8.166537E-5	1.672695930210466E-6
218.633814016	-1.2989525E-5	2.64698292085086E-6
218.63186432	-6.4336978E-6	4.024666395707754E-6
218.629914624	-4.2133546E-5	5.8796290431928355E-6
218.627948544	-1.1063599E-4	8.252955012721941E-6
218.625998848	-1.4989827E-4	1.1130356142530218E-5
218.624049152	1.21865356E-4	1.4422899766941555E-5
218.622099456	9.952942E-5	1.7965692677535117E-5
218.620133376	1.3309409E-4	2.150139152945485E-5
218.61818368	2.272214E-5	2.4734572434681468E-5
218.616233984	7.7785655E-5	2.7358306397218257E-5
218.614267904	1.2199871E-4	2.9110618925187737E-5
218.612318208	1.593456E-5	2.982626756420359E-5
218.610368512	-9.397632E-6	2.9484068363672122E-5
218.608402432	4.0144103E-5	2.8198994186823256E-5
218.606452736	-3.643202E-5	2.6241701561957598E-5
218.60450304	1.5173739E-4	2.3985478037502617E-5
218.602553344	-3.295459E-5	2.1856107196072116E-5
218.600587264	-2.3276478E-5	2.026989204750862E-5
218.598637568	7.253646E-5	1.9575194528442807E-5
218.596687872	2.1308073E-5	2.0006084014312364E-5
218.594721792	6.8325746E-5	2.1653577277902514E-5
218.592772096	4.71768E-7	2.445775862724986E-5
218.5908224	2.9177734E-5	2.8219226805958897E-5
218.58885632	-1.273897E-5	3.2627805921947584E-5
218.586906624	-6.0547663E-5	3.7302597775124013E-5
218.584956928	-5.6808214E-5	4.183778946753591E-5
218.582990848	9.239282E-6	4.584631824400276E-5
218.581041152	-2.1526232E-5	4.899634950561449E-5
218.579091456	-1.9691279E-5	5.103631701786071E-5
218.57714176	-6.298789E-5	5.180821972317062E-5
218.57517568	3.929347E-6	5.1251266995677724E-5
218.573225984	9.344085E-6	4.939844802720472E-5
218.571276288	2.0712419E-6	4.636490120901726E-5
218.569310208	1.4362801E-4	4.235663072904572E-5
218.567360512	8.9773726E-5	3.7619662180077285E-5
218.565410816	7.646725E-5	3.244754043407738E-5
218.563444736	-7.485044E-5	2.714496076805517E-5
218.56149504	-1.044677E-4	2.1998819647706114E-5
218.559545344	-5.678299E-5	1.7250102246180177E-5
218.557595648	-7.896268E-6	1.3073335139779374E-5
218.555629568	1.07566324E-4	9.566515473125037E-6
218.553679872	1.8293568E-4	6.753374236723175E-6
218.551730176	6.0445873E-5	4.595881364366505E-6
218.549764096	-6.661051E-5	3.0132232495816424E-6
218.5478144	-1.5683657E-4	1.90233538432949E-6
218.545864704	-1.2424531E-4	1.155993004431366E-6
218.543898624	-1.4561688E-4	6.759036068615387E-7
218.541948928	-6.861069E-5	3.7368906191659335E-7
218.539999232	-1.336832E-4	2.0284916502077976E-7
218.538049536	-1.3314419E-4	1.0580043152685903E-7
218.536083456	-9.8322664E-5	5.3021853574364286E-8
218.53413376	-1.1935919E-4	2.553149158757151E-8
218.532184064	8.417825E-5	1.1812756994800111E-8
218.530217984	9.949432E-5	0.0
218.528268288	3.310089E-5	0.0
218.526318592	-2.7128995E-5	0.0
218.524352512	2.979069E-5	0.0
218.522402816	5.3557942E-5	0.0
218.52045312	1.1933801E-4	0.0
218.518503424	7.176192E-5	0.0
218.516537344	-1.2180206E-5	0.0
218.514587648	4.3914053E-5	0.0
218.512637952	3.233307E-5	0.0
218.510671872	7.873834E-5	0.0
218.508722176	4.4155368E-5	7.152993930503726E-8
218.50677248	-4.5000637E-5	1.5588284441037104E-7
218.5048064	1.5244802E-4	3.2655498216627166E-7
218.502856704	8.248351E-5	6.575951374543365E-7
218.500907008	-3.1480395E-5	1.272910139960004E-6
218.498957312	-1.0724709E-5	2.368443119848962E-6
218.496991232	5.767661E-6	4.235852429701481E-6
218.495041536	-1.3983101E-5	7.2813140832295176E-6
218.49309184	4.7074937E-7	1.202940802613739E-5
218.49112576	-3.1996653E-5	1.910746686917264E-5
218.489176064	1.3925843E-5	2.9168077162466943E-5
218.487226368	-4.8105914E-5	4.279678614693694E-5
218.485260288	4.6319514E-5	6.0347229009494185E-5
218.483310592	2.8087592E-5	8.18079206510447E-5
218.481360896	4.9274862E-5	1.0665063018677756E-4
218.4794112	1.04831466E-4	1.3377450522966683E-4
218.47744512	1.10388726E-4	1.615554210729897E-4
218.475495424	1.9937329E-4	1.880144700407982E-4
218.473545728	1.5780755E-4	2.1108273358549923E-4
218.471579648	1.4227847E-4	2.289057883899659E-4
218.469629952	1.6844965E-4	2.4012108042370528E-4
218.467680256	2.4041536E-4	2.4404875875916332E-4
218.465714176	1.649276E-4	2.4076146655716002E-4
218.46376448	3.0717367E-4	2.3102841805666685E-4
218.461814784	1.6414677E-4	2.1615212608594447E-4
218.459848704	1.514208E-4	1.9773925305344164E-4
218.457899008	2.4325922E-4	1.774452830431983E-4
218.455949312	1.8568774E-4	1.5674842870794237E-4
218.453999616	1.06298474E-4	1.3678331742994487E-4
218.452033536	5.840638E-5	1.1826814443338662E-4
218.45008384	1.6680072E-4	1.0151995229534805E-4
218.448134144	1.4763226E-4	8.654619887238368E-5
218.446168064	2.0238105E-4	7.317244308069348E-5
218.444218368	1.0092259E-4	6.117236625868827E-5
218.442268672	1.3966096E-4	5.0363025366095826E-5
218.440302592	6.923476E-6	4.065111352247186E-5
218.438352896	7.274726E-5	3.2048010325524956E-5
218.4364032	8.501644E-5	2.4580054741818458E-5
218.434453504	6.638964E-5	1.832460293371696E-5
218.432487424	1.1929863E-4	1.3289241906022653E-5
218.430537728	7.074707E-5	9.463750757277012E-6
218.428588032	2.1310447E-4	6.750211014150409E-6
218.426621952	1.5202837E-4	5.205973138799891E-6
218.424672256	6.3165855E-5	4.7020894271554425E-6
218.42272256	5.8564296E-5	5.265815616439795E-6
218.42075648	-2.2551269E-5	6.962407951505156E-6
218.418806784	5.395579E-5	9.913727808452677E-6
218.416857088	-2.8784175E-6	1.425844766345108E-5
218.414907392	-1.439597E-6	2.0101047994103283E-5
218.412941312	2.4906238E-5	2.7448206310509704E-5
218.410991616	1.2175904E-4	3.614589149947278E-5
218.40904192	4.448523E-5	4.582923065754585E-5
218.40707584	3.004919E-5	5.593084279098548E-5
218.405126144	1.4935169E-4	6.569235847564414E-5
218.403176448	7.646648E-6	7.425226067425683E-5
218.401210368	-1.1098882E-5	8.077594975475222E-5
218.399260672	-7.61296E-5	8.458046795567498E-5
218.397310976	4.347099E-5	8.525077282683924E-5
218.39536128	1.4137116E-4	8.271312981378287E-5
218.3933952	7.070475E-5	7.724827446509153E-5
218.391445504	1.2263929E-4	6.944112101336941E-5
218.389495808	2.9354438E-5	6.007900810800493E-5
218.387529728	-5.9869093E-5	5.0022543291561306E-5
218.385580032	4.3392614E-5	4.00779172196053E-5
218.383630336	7.3136275E-6	3.089628444286063E-5
218.381664256	1.9888635E-6	2.2916035959497094E-5
218.37971456	-4.3434924E-5	1.6352561942767352E-5
218.377764864	-8.994671E-5	1.1226100468775257E-5
218.375815168	1.6504418E-4	7.414150331896963E-6
218.373849088	1.6730168E-4	4.710566372523317E-6
218.371899392	3.963726E-5	2.8791184831788996E-6
218.369949696	1.0782864E-4	1.6992470364129986E-6
218.367983616	6.9983995E-5	9.740730320118018E-7
218.36603392	-2.2703361E-4	5.614481892735057E-7
218.364084224	-1.608795E-4	3.65880339359137E-7
218.362118144	-3.82819E-5	3.397018133455276E-7
218.360168448	1.3137664E-4	4.811660687664698E-7
218.358218752	-7.761808E-6	8.266245004051598E-7
218.356269056	4.1418734E-5	1.4730062503076624E-6
218.354302976	-8.397037E-5	2.7404673801356694E-6
218.35235328	-4.599851E-6	4.667620942200301E-6
218.350403584	1.1566554E-4	7.684339834668208E-6
218.348437504	9.252747E-5	1.2339134627836756E-5
218.346487808	5.048971E-6	1.9509572666720487E-5
218.344538112	1.594968E-5	3.060818198719062E-5
218.342572032	3.9982213E-5	4.781121970154345E-5
218.340622336	1.1277201E-4	7.419122994178906E-5
218.33867264	1.2974493E-4	1.1355592869222164E-4
218.336722944	1.1517223E-4	1.697893749224022E-4
218.334756864	2.2269925E-4	2.456148504279554E-4
218.332807168	3.756731E-4	3.4099005279131234E-4
218.330857472	2.9362435E-4	4.517023335210979E-4
218.328891392	4.1465738E-4	5.688811652362347E-4
218.326941696	6.430116E-4	6.799227558076382E-4
218.324992	7.462261E-4	7.707416662015021E-4
218.32302592	7.00327E-4	8.28664458822459E-4
218.321076224	8.4227213E-4	8.451079484075308E-4
218.319126528	8.5605617E-4	8.173601236194372E-4
218.317160448	7.0804596E-4	7.491471478715539E-4
218.315210752	6.6942256E-4	6.499149603769183E-4
218.313261056	4.1540017E-4	5.329066189005971E-4
218.31131136	4.089035E-4	4.1241224971599877E-4
218.30934528	2.3905796E-4	3.008849744219333E-4
218.307395584	1.4331576E-4	2.0679758745245636E-4
218.305445888	1.6627926E-4	1.3386057980824262E-4
218.303479808	1.55841E-4	8.160799188772216E-5
218.301530112	9.463571E-6	4.687854743679054E-5
218.299580416	-4.806405E-5	2.5380697479704395E-5
218.297614336	2.579107E-4	1.2956157661392353E-5
218.29566464	1.2188189E-4	6.2375202105613425E-6
218.293714944	4.179138E-5	2.8327390282356646E-6
218.291765248	-2.2067593E-6	1.2136996474509942E-6
218.289799168	-2.3153412E-5	4.906356707579107E-7
218.287849472	1.9185938E-5	1.8714028726662946E-7
218.285899776	8.80229E-5	0.0
218.283933696	8.844653E-5	0.0
218.281984	-2.6040105E-5	0.0
218.280034304	-3.804315E-5	0.0
218.278068224	-5.7385307E-5	0.0
218.276118528	3.4546779E-6	0.0
218.274168832	-2.3160863E-5	0.0
218.272219136	7.472156E-6	0.0
218.270253056	8.079873E-6	0.0
218.26830336	5.2816187E-5	0.0
218.266353664	-1.1625065E-5	0.0
218.264387584	-1.8754968E-4	0.0
218.262437888	-7.928293E-5	0.0
218.260488192	1.0148185E-4	0.0
218.258522112	1.0149451E-4	0.0
218.256572416	8.280441E-5	0.0
218.25462272	9.2356924E-5	2.1147297957213596E-7
218.252673024	5.7331705E-5	4.554628389996651E-7
218.250706944	1.2880878E-4	9.428664498045691E-7
218.248757248	-5.8620735E-5	1.8760142665996682E-6
218.246807552	-6.6467495E-5	3.5875161756848684E-6
218.244841472	-1.3174824E-4	6.593218131456524E-6
218.242891776	-8.566673E-5	1.164417335530743E-5
218.24094208	-5.2052248E-5	1.9759527276619337E-5
218.238976	-4.0576695E-5	3.221332372049801E-5
218.237026304	-7.185588E-5	5.044417048338801E-5
218.235076608	-9.545513E-5	7.586267020087689E-5
218.233126912	1.2519243E-4	1.095533516490832E-4
218.231160832	2.5443677E-4	1.5190588601399213E-4
218.229211136	3.013191E-4	2.022546686930582E-4
218.22726144	2.809479E-4	2.586353803053498E-4
218.22529536	3.5578056E-4	3.1776545802131295E-4
218.223345664	4.375362E-4	3.7530457484535873E-4
218.221395968	4.1292902E-4	4.263720184098929E-4
218.219429888	4.70472E-4	4.662239516619593E-4
218.217480192	5.5431225E-4	4.909466370008886E-4
218.215530496	4.8379888E-4	4.980351659469306E-4
218.2135808	4.479421E-4	4.867621755693108E-4
218.21161472	4.922825E-4	4.582829715218395E-4
218.209665024	4.7923825E-4	4.1546672582626343E-4
218.207715328	2.6840277E-4	3.624760720413178E-4
218.205749248	1.2639689E-4	3.041485615540296E-4
218.203799552	1.4201878E-4	2.452981425449252E-4
218.201849856	1.8614627E-4	1.900583883980289E-4
218.199883776	1.3191131E-5	1.4142277359496802E-4
218.19793408	1.6512783E-4	1.0104521788889542E-4
218.195984384	1.00823025E-4	6.932098767720163E-5
218.194018304	2.5672762E-4	4.566758798318915E-5
218.192068608	4.7529244E-5	2.889397001126781E-5
218.190118912	-5.160597E-7	1.7560747437528335E-5
218.188169216	-2.3020277E-5	1.0253772416035645E-5
218.186203136	2.558005E-5	5.753023287979886E-6
218.18425344	-2.7939974E-5	3.1018698791740462E-6
218.182303744	-1.2283001E-5	1.6073370261437958E-6
218.180337664	3.6394E-5	8.005036420399847E-7
218.178387968	9.6164724E-5	3.831908941265283E-7
218.176438272	9.901786E-5	1.7630445370286907E-7
218.174472192	8.6279055E-5	0.0
218.172522496	-7.217805E-5	0.0
218.1705728	1.2210838E-4	0.0
218.168623104	1.5152124E-4	0.0
218.166657024	-1.0279746E-4	0.0
218.164707328	-7.7866054E-5	0.0
218.162757632	2.67113E-6	0.0
218.160791552	1.4343119E-4	0.0
