219.99607808	2.7347243E-5	0.0
219.99804416	-7.6421784E-5	0.0
219.999993856	3.641121E-5	0.0
220.001943552	-4.492042E-5	0.0
220.003909632	-2.5909769E-5	0.0
220.005859328	-4.006085E-5	0.0
220.007809024	2.5453865E-5	0.0
220.009775104	1.613083E-5	0.0
220.0117248	3.354569E-5	0.0
220.013674496	-8.236784E-7	0.0
220.015624192	9.59004E-7	0.0
220.017590272	9.286818E-6	0.0
220.019539968	1.891499E-5	0.0
220.021489664	8.834447E-5	0.0
220.023455744	1.926687E-5	0.0
220.02540544	-1.6343063E-5	0.0
220.027355136	2.7598307E-5	0.0
220.029321216	2.7850085E-5	0.0
220.031270912	4.126621E-6	0.0
220.033220608	4.1846495E-5	4.757422900070196E-9
220.035186688	1.506597E-4	1.2306394125971565E-8
220.037136384	1.7788893E-4	3.006495674640064E-8
220.03908608	7.329672E-5	6.936814145319659E-8
220.041035776	1.02600636E-4	1.5115867313397757E-7
220.043001856	4.0571253E-5	3.1107839504329604E-7
220.044951552	1.8243481E-6	6.046051908015215E-7
220.046901248	8.390638E-6	1.1097770311607746E-6
220.048867328	4.4200835E-5	1.923790932778502E-6
220.050817024	-1.3083318E-5	3.1494412269239547E-6
220.05276672	5.013451E-5	4.869216809311183E-6
220.0547328	1.2615297E-4	7.109408215910662E-6
220.056682496	7.262337E-5	9.803047760215122E-6
220.058632192	1.469941E-4	1.2765756764565594E-5
220.060598272	8.635031E-5	1.5700165022281E-5
220.062547968	1.2366343E-4	1.8236858522868715E-5
220.064497664	1.8519553E-4	2.0007812054245733E-5
220.06644736	-2.1542884E-5	2.0733135897899047E-5
220.06841344	1.537972E-5	2.0293236957513727E-5
220.070363136	6.447625E-5	1.8760976672638208E-5
220.072312832	1.406968E-4	1.6382000467274338E-5
220.074278912	9.439511E-6	1.351047285425011E-5
220.076228608	1.2266592E-4	1.0523239325266331E-5
220.078178304	1.2303487E-4	7.740894034213852E-6
220.080144384	-1.2968387E-5	5.377569777920144E-6
220.08209408	2.2047538E-5	3.528012257447699E-6
220.084043776	4.335544E-5	2.1858600121049676E-6
220.086009856	5.9840855E-5	1.278992954212299E-6
220.087959552	6.875902E-5	7.067581577757664E-7
220.089909248	6.18806E-6	3.688370497911819E-7
220.091858944	6.0184222E-5	1.8178640459609596E-7
220.093825024	1.2101871E-5	8.461687173166865E-8
220.09577472	-3.4714085E-5	3.7198159219542504E-8
220.097724416	-4.433863E-6	1.5443863077280184E-8
220.099690496	-3.257277E-5	6.055626666778835E-9
220.101640192	1.14303E-5	0.0
220.103589888	-4.5414283E-5	0.0
220.105555968	1.9652307E-5	0.0
220.107505664	5.7903646E-5	0.0
220.10945536	3.7745984E-5	0.0
220.11142144	-6.7408473E-7	0.0
220.113371136	2.0461714E-5	0.0
220.115320832	3.3489054E-5	0.0
220.117270528	1.1869852E-4	0.0
220.119236608	1.8509054E-6	0.0
220.121186304	-5.2723797E-5	0.0
220.123136	-9.162605E-5	0.0
220.12510208	-6.234541E-5	0.0
220.127051776	-1.1909408E-4	0.0
220.129001472	4.25689E-6	0.0
220.130967552	1.1458763E-4	0.0
220.132917248	9.215216E-5	0.0
220.134866944	-3.3433094E-5	0.0
220.136833024	5.6339813E-6	0.0
220.13878272	1.0616123E-4	0.0
220.140732416	4.2356118E-5	0.0
220.142682112	5.179088E-5	0.0
220.144648192	-1.4306275E-5	0.0
220.146597888	-3.2095468E-5	0.0
220.148547584	7.834603E-5	0.0
220.150513664	-4.7228907E-5	0.0
220.15246336	-4.4452096E-5	0.0
220.154413056	-2.679131E-5	0.0
220.156379136	-2.7657148E-5	0.0
220.158328832	-5.7764377E-5	0.0
220.160278528	-5.8316753E-5	0.0
220.162244608	-7.255822E-5	3.186796249110557E-8
220.164194304	2.6057856E-5	6.382970951790412E-8
220.166144	-5.0329363E-6	1.2403621951762034E-7
220.168093696	8.149122E-5	2.3384399128190125E-7
220.170059776	1.734191E-4	4.2772126107593067E-7
220.172009472	7.569222E-5	7.59006240969029E-7
220.173959168	1.3478854E-4	1.306694343838899E-6
220.175925248	7.460319E-5	2.182418029406108E-6
220.177874944	1.8228824E-5	3.536159510986181E-6
220.17982464	4.6442135E-5	5.55827909920481E-6
220.18179072	8.199006E-5	8.475141839880962E-6
220.183740416	-8.760189E-5	1.2535422683868092E-5
220.185690112	2.5534104E-5	1.798449011403136E-5
220.187656192	-2.8256673E-5	2.5026989533216693E-5
220.189605888	-7.5867996E-5	3.37804522132501E-5
220.191555584	5.499871E-6	4.422498750500381E-5
220.19350528	6.039636E-5	5.61600572837051E-5
220.19547136	-5.5539185E-5	6.917839345987886E-5
220.197421056	1.6292299E-5	8.266826625913382E-5
220.199370752	2.1460594E-4	9.584813960827887E-5
220.201336832	2.1062701E-4	1.0783614561660215E-4
220.203286528	8.563744E-5	1.1774508311646059E-4
220.205236224	6.762988E-5	1.2478801363613456E-4
220.207202304	1.12766545E-4	1.2837935355491936E-4
220.209152	1.9255924E-4	1.2821286509279162E-4
220.211101696	2.6175228E-4	1.243027945747599E-4
220.213067776	8.881052E-6	1.1698220623657107E-4
220.215017472	-4.5975317E-5	1.0685771121643484E-4
220.216967168	-1.2648608E-5	9.472929377807304E-5
220.218933248	2.1895994E-5	8.148801134666428E-5
220.220882944	1.18023134E-4	6.801026029279456E-5
220.22283264	1.9676803E-4	5.506504749064334E-5
220.224782336	1.2379215E-4	4.3247222492937E-5
220.226748416	2.698147E-6	3.294557609478943E-5
220.228698112	1.4353314E-5	2.4343391487491317E-5
220.230647808	2.3708013E-5	1.744654400681611E-5
220.232613888	8.5587904E-5	1.2128095477237366E-5
220.234563584	4.2341377E-5	8.177927156793885E-6
220.23651328	7.244994E-5	5.34909167981823E-6
220.23847936	-4.9804916E-5	3.394042323634494E-6
220.240429056	-1.9935247E-5	2.0891593521810137E-6
220.242378752	8.7708584E-5	1.2475388757593464E-6
220.244344832	-4.096361E-5	7.227263836284692E-7
220.246294528	7.841518E-5	4.062002858518099E-7
220.248244224	1.3912263E-4	2.2149052369968558E-7
220.25019392	-2.185856E-5	1.1717241221731456E-7
220.25216	-3.818796E-5	6.013834763507475E-8
220.254109696	-3.0862542E-5	2.994559977764766E-8
220.256059392	-4.0359442E-5	0.0
220.258025472	-5.635284E-5	0.0
220.259975168	4.316842E-5	0.0
220.261924864	1.0389218E-4	0.0
220.263890944	2.8713435E-5	0.0
220.26584064	4.0488365E-5	0.0
220.267790336	2.2850876E-5	0.0
220.269756416	1.1042695E-5	0.0
220.271706112	-6.548152E-5	0.0
220.273655808	-1.5567417E-5	0.0
220.275605504	-5.014699E-7	0.0
220.277571584	-3.6354973E-5	0.0
220.27952128	-1.2198152E-4	0.0
220.281470976	-2.1576005E-5	0.0
220.283437056	1.07741624E-4	0.0
220.285386752	1.5758071E-4	0.0
220.287336448	1.08830805E-4	0.0
220.289302528	3.259887E-5	0.0
220.291252224	9.500337E-5	0.0
220.29320192	9.826053E-5	0.0
220.295168	6.6709734E-5	0.0
220.297117696	1.4130268E-4	0.0
220.299067392	4.268719E-5	0.0
220.301017088	1.0498511E-4	0.0
220.302983168	7.6372526E-5	0.0
220.304932864	2.4435434E-5	0.0
220.30688256	7.121073E-5	0.0
220.30884864	8.014994E-5	0.0
220.310798336	1.2433928E-4	0.0
220.312748032	-8.8974295E-5	0.0
220.314714112	-7.316031E-5	0.0
220.316663808	3.947491E-5	0.0
220.318613504	1.3913127E-4	0.0
220.320579584	-1.0789493E-4	0.0
220.32252928	-6.8054884E-5	0.0
220.324478976	-3.0595427E-5	0.0
220.326428672	-1.9179443E-4	0.0
220.328394752	-8.693314E-5	0.0
220.330344448	-9.108855E-6	0.0
220.332294144	-6.906477E-5	0.0
220.334260224	-5.153054E-5	0.0
220.33620992	-4.535574E-5	0.0
220.338159616	4.248662E-5	0.0
220.340125696	-5.8659494E-5	0.0
220.342075392	-6.511825E-5	0.0
220.344025088	-1.2817336E-4	0.0
220.345991168	-8.63828E-5	0.0
220.347940864	-4.2265565E-6	1.0638992797851188E-8
220.34989056	6.877424E-5	2.280458843983979E-8
220.351840256	1.87639E-4	4.7082494347705506E-8
220.353806336	1.5753153E-4	9.363071740153828E-8
220.355756032	1.8142979E-4	1.793459460941449E-7
220.357705728	2.4461846E-5	3.3089085604842694E-7
220.359671808	-3.1661573E-5	9.761205319591681E-7
220.361621504	-3.335405E-5	2.0046225017722463E-6
220.3635712	2.1259551E-5	4.086922217538813E-6
220.36553728	2.211535E-5	8.217741196858697E-6
220.367486976	1.3242051E-4	1.6167483408935368E-5
220.369436672	1.114047E-5	3.087316144956276E-5
220.371402752	-4.4730576E-5	5.682141272700392E-5
220.373352448	1.16998504E-4	1.001372147584334E-4
220.375302144	2.2587183E-4	1.681401045061648E-4
220.37725184	1.8682191E-4	2.6788312243297696E-4
220.37921792	3.3628693E-4	4.037103208247572E-4
220.381167616	5.7814486E-4	5.744042573496699E-4
220.383117312	7.317056E-4	7.712329970672727E-4
220.385083392	9.551672E-4	9.782450506463647E-4
220.387033088	0.0011295747	0.001175192417576909
220.388982784	0.0012962339	0.001341820228844881
220.390948864	0.001500615	0.001461582025513053
220.39289856	0.0015859897	0.0015234982129186392
220.394848256	0.0014160965	0.0015223537338897586
220.396814336	0.0013312239	0.0014583455631509423
220.398764032	0.0012123268	0.0013370760716497898
220.400713728	0.0012138853	0.0011698697926476598
220.402663424	0.0010726934	9.734689956530929E-4
220.404629504	8.6230715E-4	7.680464186705649E-4
220.4065792	5.5675214E-4	5.734411533921957E-4
220.408528896	2.776015E-4	4.0499004535377026E-4
220.410494976	3.052049E-4	2.7085861074738204E-4
220.412444672	3.0936845E-4	1.719565043458715E-4
220.414394368	1.0373694E-4	1.0395867866463959E-4
220.416360448	-8.502838E-5	6.006161493132822E-5
220.418310144	-2.0986631E-4	3.3274893212364987E-5
220.42025984	-1.5258098E-4	1.7730675608618185E-5
220.42222592	-9.4830524E-5	9.107952791964635E-6
220.424175616	-1.0279365E-4	4.516586614045082E-6
220.426125312	-1.3573369E-4	2.163068074878538E-6
220.428075008	-1.1240234E-4	6.491432031907607E-7
220.430041088	-1.245088E-4	3.172442006871279E-7
220.431990784	-1.3360108E-4	1.4290725403043325E-7
220.43394048	-5.8431597E-5	6.244643913078107E-8
220.43590656	-2.5947404E-4	2.5781684342973676E-8
220.437856256	-1.0753475E-4	6.383863215830843E-9
220.439805952	-3.2434004E-5	0.0
220.441772032	-6.4648455E-5	0.0
220.443721728	-1.20621495E-4	0.0
220.445671424	1.02959486E-4	0.0
220.447637504	-2.8406397E-5	0.0
220.4495872	-1.3614084E-5	0.0
220.451536896	2.9402236E-5	0.0
220.453486592	-6.6583416E-6	0.0
220.455452672	-9.811592E-7	0.0
220.457402368	6.16434E-5	0.0
220.459352064	9.006524E-5	0.0
220.461318144	8.2115206E-5	0.0
220.46326784	1.21054996E-4	0.0
220.465217536	-2.0769246E-5	0.0
220.467183616	1.0112056E-4	0.0
220.469133312	-1.0449072E-5	0.0
220.471083008	-1.0145722E-4	0.0
220.473049088	-5.0841536E-5	0.0
220.474998784	-5.7252615E-5	0.0
220.47694848	-1.01274854E-4	0.0
220.478898176	-9.361247E-5	0.0
220.480864256	-5.2960586E-5	0.0
220.482813952	-2.8003658E-5	6.162015786514985E-9
220.484763648	-7.7594144E-5	1.1664560872759466E-8
220.486729728	-4.980001E-5	2.1503598901517762E-8
220.488679424	8.711312E-5	3.860539266042906E-8
220.49062912	1.4173787E-4	6.749574055220364E-8
220.4925952	1.9354111E-4	1.1492136309243506E-7
220.494544896	6.753992E-5	1.905540472080247E-7
220.496494592	3.830063E-5	3.0769882641834556E-7
220.498460672	-7.4862E-6	4.838681206820183E-7
220.500410368	4.3974655E-5	7.410002353935852E-7
220.502360064	-3.2220378E-6	1.1050877901652711E-6
220.504326144	-2.7171769E-5	1.6049598343670368E-6
220.50627584	-4.0662817E-6	2.2699559849570505E-6
220.508225536	-3.448572E-5	3.1264632980310125E-6
220.510175232	-6.9075104E-5	4.193475888314424E-6
220.512141312	-3.1433297E-5	5.477442300616531E-6
220.514091008	1.0297263E-6	6.967286935832817E-6
220.516040704	2.5174919E-5	8.630503543827217E-6
220.518006784	1.2231529E-5	1.0417564226372633E-5
220.51995648	-1.6249625E-5	1.2244944628037047E-5
220.521906176	2.514465E-5	1.4023116818862036E-5
220.523872256	1.2571432E-5	1.5652671208954416E-5
220.525821952	-1.9749532E-6	1.7039581507560797E-5
220.527771648	-1.5329144E-5	1.8109529264620505E-5
220.529737728	4.9391023E-5	1.8840555640053935E-5
220.531687424	-3.0450898E-5	1.9217568478779867E-5
220.53363712	-4.719311E-5	1.931370388774667E-5
220.535586816	1.0933285E-4	1.9248156604589894E-5
220.537552896	-1.7392867E-5	1.92069146578433E-5
220.539502592	2.3737626E-5	1.936602347996086E-5
220.541452288	-2.6744161E-5	1.994335798372049E-5
220.543418368	1.5848465E-5	2.1125353669049218E-5
220.545368064	-4.735516E-5	2.3048680304782465E-5
220.54731776	5.0364095E-5	2.5779470888664946E-5
220.54928384	8.441729E-5	2.9306092983460985E-5
220.551233536	9.271171E-5	3.354964064783417E-5
220.553183232	5.823546E-5	3.839161217911169E-5
220.555149312	7.288091E-5	4.371319300844334E-5
220.557099008	5.2186984E-5	4.943561725667678E-5
220.559048704	-2.1110081E-5	5.554959352593869E-5
220.5609984	-8.293096E-5	6.212243170011789E-5
220.56296448	6.276925E-5	6.927768117748201E-5
220.564914176	1.2606429E-4	7.714852108620107E-5
220.566863872	2.622171E-5	8.581536530982703E-5
220.568829952	2.661825E-5	9.524232882540673E-5
220.570779648	9.0323825E-5	1.0522986849537119E-4
220.572729344	1.0517586E-4	1.1539559636730701E-4
220.574695424	-9.124426E-6	1.2519214942585677E-4
220.57664512	1.1833437E-4	1.3395893620327115E-4
220.578594816	1.4432005E-4	1.4100043335929513E-4
220.580560896	1.0647994E-4	1.4567148173227906E-4
220.582510592	1.0272485E-4	1.4747936802450567E-4
220.584460288	1.2366727E-4	1.4614051906391978E-4
220.586409984	2.4544404E-4	1.4159022248350084E-4
220.588376064	1.731503E-4	1.3404872152023017E-4
220.59032576	1.489987E-5	1.2395784142427146E-4
220.592275456	-1.1513341E-5	1.1193738464498892E-4
220.594241536	2.673746E-5	9.871606016531587E-5
220.596191232	1.0720303E-4	8.505542064085603E-5
220.598140928	9.920413E-5	7.167980947997421E-5
220.600107008	7.211481E-5	5.921495903749019E-5
220.602056704	7.8385405E-5	4.817129592993297E-5
220.6040064	1.8486116E-5	3.889209983753972E-5
220.60597248	-2.415459E-5	3.158461186103523E-5
220.607922176	2.3919205E-5	2.632552059367299E-5
220.609871872	1.1924622E-4	2.3082677216734737E-5
220.611821568	5.7357513E-5	2.173746906919405E-5
220.613787648	-6.411376E-5	2.2103029550635256E-5
220.615737344	-4.2425872E-5	2.3937513105920516E-5
220.61768704	3.6475558E-5	2.6952258849632926E-5
220.61965312	-3.6593843E-5	3.081874820054509E-5
220.621602816	-1.9878229E-4	3.519326128298417E-5
220.623552512	2.3944394E-5	3.967735392507166E-5
220.625518592	4.5999306E-5	4.3903914047405124E-5
220.627468288	6.375954E-5	4.7523917601210997E-5
220.629417984	2.5857767E-5	5.024343772674911E-5
220.631384064	1.3453516E-4	5.1852399337803945E-5
220.63333376	1.8418444E-4	5.223709740675986E-5
220.635283456	8.246719E-5	5.144283932168037E-5
220.637233152	9.6036325E-5	4.9586455133976415E-5
220.639199232	9.7224314E-5	4.6942739572841674E-5
220.641148928	1.8872946E-4	4.384534986456856E-5
220.643098624	2.494357E-4	4.069783608429134E-5
220.645064704	1.8273937E-4	3.792046118178405E-5
220.6470144	5.028045E-5	3.590861160773784E-5
220.648964096	-1.4241374E-5	3.4992732253158465E-5
220.650930176	1.998607E-5	3.54039621015545E-5
220.652879872	1.3683883E-5	3.732391996891238E-5
220.654829568	1.3406045E-4	4.06307699449826E-5
220.656795648	9.2674425E-5	4.5205175410956144E-5
220.658745344	1.0340492E-4	5.0767830543918535E-5
220.66069504	4.401006E-5	5.694885112461634E-5
220.662644736	-3.7928196E-5	6.333756755338982E-5
220.664610816	3.2980173E-5	6.952469266252592E-5
220.666560512	6.2016516E-6	7.517850463045761E-5
220.668510208	6.184299E-5	8.009468001546338E-5
220.670476288	1.03262806E-4	8.424669795203954E-5
220.672425984	2.7808791E-4	8.784059173194692E-5
220.67437568	3.3062368E-4	9.123513154918328E-5
220.67634176	2.6237938E-4	9.50142348301597E-5
220.678291456	1.4460969E-4	9.985869110096246E-5
220.680241152	1.3362613E-4	1.0645825386745855E-4
220.682207232	9.681555E-5	1.153756893472746E-4
220.684156928	9.7175915E-5	1.269618805963546E-4
220.686106624	1.9863792E-4	1.4120576088316739E-4
220.68805632	1.9288875E-4	1.5761100803501904E-4
220.6900224	1.6290057E-4	1.753905526129529E-4
220.691972096	1.4288904E-4	1.9335956312716007E-4
220.693921792	1.8599871E-4	2.1027894399594516E-4
220.695887872	3.1967842E-4	2.2498379985336214E-4
220.697837568	2.4509145E-4	2.366059779888019E-4
220.699787264	2.624248E-4	2.447204606141895E-4
220.701753344	1.8639202E-4	2.4940352886915207E-4
220.70370304	2.6810673E-4	2.5119760539382696E-4
220.705652736	2.3293047E-4	2.509994083084166E-4
220.707618816	3.04668E-4	2.499060065019876E-4
220.709568512	2.8703292E-4	2.4905012105591595E-4
220.711518208	3.0784783E-4	2.4945128825493157E-4
220.713467904	1.7852266E-4	2.519007830414921E-4
220.715433984	2.976044E-4	2.568802738096565E-4
220.71738368	1.8426389E-4	2.645210479386151E-4
220.719333376	3.2018058E-4	2.7459400007501245E-4
220.721299456	1.931547E-4	2.86523048998788E-4
220.723249152	3.4521546E-4	2.9948377050459385E-4
220.725198848	2.1261952E-4	3.1239434611052275E-4
220.727164928	2.9846423E-4	3.240720252506435E-4
220.729114624	2.9840445E-4	3.3331202575936913E-4
220.73106432	3.636879E-4	3.389917255844921E-4
220.7330304	2.9512437E-4	3.4017974394373596E-4
220.734980096	1.5946935E-4	3.3620448084548116E-4
220.736929792	2.6560517E-4	3.267380816396326E-4
220.738879488	3.057992E-4	3.1182903330773115E-4
220.740845568	2.950383E-4	2.9190804343670607E-4
220.742795264	2.6963645E-4	2.6775457081384957E-4
220.74474496	1.3411153E-4	2.4042838776949793E-4
220.74671104	2.5420685E-4	2.111706417053938E-4
220.748660736	2.051985E-4	1.813126727938652E-4
220.750610432	1.0411086E-4	1.5207668184302747E-4
220.752576512	1.3516881E-4	1.247102045454085E-4
220.754526208	8.753632E-5	1.0016346641350538E-4
220.756475904	-1.7468956E-6	7.932753942441195E-5
220.758441984	-5.890277E-6	6.303439295152202E-5
220.76039168	6.980842E-5	5.208288348512724E-5
220.762341376	9.446617E-5	4.712239751825109E-5
220.764291072	5.3300133E-5	4.832655395148322E-5
220.766257152	-1.4476722E-5	5.492871059686877E-5
220.768206848	-3.921228E-6	6.488524377346039E-5
220.770156544	7.5372256E-5	7.501574145862833E-5
220.772122624	-6.3946965E-5	8.176250412361696E-5
220.77407232	7.1857154E-5	8.246274956036359E-5
220.776022016	5.9954564E-5	7.620695396326482E-5
220.777988096	1.6394243E-4	6.42303639324382E-5
220.779937792	1.08186505E-4	4.925093162455596E-5
220.781887488	-1.3940899E-4	3.430895958445035E-5
220.783853568	-5.5166875E-5	2.1695987015846185E-5
220.785803264	9.437889E-5	1.243380847881781E-5
220.78775296	3.014108E-5	6.473973826359725E-6
220.789702656	-3.413604E-5	3.0395735848287586E-6
220.791668736	-8.318406E-5	1.3017139508519904E-6
220.793618432	-1.14684575E-4	5.056345457887801E-7
220.795568128	-5.6220913E-5	1.781514669119133E-7
220.797534208	-1.5588381E-4	5.693615889867942E-8
220.799483904	-5.2768457E-5	0.0
220.8014336	8.077413E-5	0.0
220.80339968	1.07064E-4	0.0
220.805349376	1.9025309E-5	0.0
220.807299072	7.0804905E-5	0.0
220.809265152	9.022388E-5	0.0
220.811214848	6.631817E-5	0.0
220.813164544	7.897004E-5	0.0
220.815130624	1.5284098E-4	0.0
220.81708032	-2.0659318E-6	0.0
220.819030016	6.698773E-5	0.0
220.820979712	6.741684E-5	0.0
220.822945792	2.313656E-5	0.0
220.824895488	-5.749905E-5	0.0
220.826845184	3.5426423E-5	0.0
220.828811264	-7.625208E-5	0.0
220.83076096	-6.747734E-6	0.0
220.832710656	4.1831012E-5	0.0
220.834676736	-3.6208043E-5	0.0
220.836626432	-8.738029E-5	0.0
220.838576128	-1.0424544E-4	0.0
220.840542208	3.7502443E-5	0.0
220.842491904	2.995838E-5	0.0
220.8444416	1.0225957E-4	0.0
220.846391296	2.8109458E-5	0.0
220.848357376	4.149073E-5	0.0
220.850307072	2.3051227E-5	0.0
220.852256768	1.1260368E-4	0.0
220.854222848	8.758801E-5	0.0
220.856172544	-3.6230293E-5	0.0
220.85812224	-4.453488E-5	0.0
220.86008832	-6.6249355E-5	0.0
220.862038016	1.6479844E-5	0.0
220.863987712	1.7332033E-5	0.0
220.865953792	3.9876137E-5	0.0
220.867903488	3.6265632E-5	0.0
220.869853184	-6.912069E-6	0.0
220.87180288	-8.9657085E-5	0.0
220.87376896	2.4998302E-5	0.0
220.875718656	3.684132E-5	0.0
220.877668352	2.238423E-6	0.0
220.879634432	8.097067E-5	0.0
220.881584128	4.2703545E-5	0.0
220.883533824	-5.6531146E-5	0.0
220.885499904	2.6801561E-5	0.0
220.8874496	6.535195E-5	0.0
220.889399296	8.122265E-5	0.0
220.891365376	1.0291424E-5	0.0
220.893315072	4.6709512E-5	0.0
220.895264768	-5.9507245E-5	0.0
220.897214464	3.7129623E-5	0.0
220.899180544	4.3739758E-5	0.0
220.90113024	-1.03225524E-4	0.0
220.903079936	1.7626811E-5	0.0
220.905046016	7.9013E-5	0.0
220.906995712	3.869234E-5	0.0
220.908945408	-1.6544182E-6	0.0
220.910911488	-9.98683E-6	0.0
220.912861184	-3.6841866E-5	0.0
220.91481088	3.5379377E-5	0.0
220.91677696	-8.539931E-5	0.0
220.918726656	-1.1575172E-5	0.0
220.920676352	-5.258289E-5	0.0
220.922626048	1.1725101E-4	0.0
220.924592128	4.528779E-5	0.0
220.926541824	2.2654978E-5	0.0
220.92849152	-1.5488546E-5	0.0
220.9304576	-2.8719915E-6	0.0
220.932407296	1.1036699E-4	0.0
220.934356992	7.237535E-5	0.0
220.936323072	-6.267165E-5	0.0
220.938272768	-1.19829165E-5	0.0
220.940222464	-7.334647E-5	0.0
220.942188544	-1.5502647E-4	0.0
220.94413824	-1.5275666E-5	0.0
220.946087936	-4.526437E-5	0.0
220.948037632	-4.5118966E-5	0.0
220.950003712	-8.2076804E-5	0.0
220.951953408	2.6671205E-5	0.0
220.953903104	1.0795225E-4	0.0
220.955869184	1.0702632E-5	0.0
220.95781888	-5.307294E-5	0.0
220.959768576	-8.079554E-5	0.0
220.961734656	2.8181461E-5	0.0
220.963684352	1.2376095E-4	0.0
220.965634048	7.3351344E-5	0.0
220.967600128	4.3928103E-5	0.0
220.969549824	9.2227565E-5	0.0
220.97149952	1.7717795E-4	0.0
220.973449216	2.9080988E-5	0.0
220.975415296	3.7298396E-5	0.0
220.977364992	9.173502E-6	0.0
220.979314688	-1.0675023E-4	0.0
220.981280768	-3.1835978E-5	0.0
220.983230464	1.3748804E-4	0.0
220.98518016	1.0677622E-4	0.0
220.98714624	-8.290772E-7	0.0
220.989095936	3.5275916E-6	0.0
220.991045632	1.2322449E-5	0.0
220.993011712	-1.88128E-5	0.0
220.994961408	8.356004E-6	0.0
220.996911104	8.7909226E-5	0.0
220.9988608	6.182323E-5	0.0
221.00082688	3.0279789E-5	0.0
221.002776576	4.9279395E-5	0.0
221.004726272	1.3962961E-4	0.0
221.006692352	8.983063E-5	0.0
221.008642048	1.3962697E-5	0.0
221.010591744	1.139853E-4	0.0
221.012557824	2.7675855E-5	0.0
221.01450752	-3.4040931E-7	0.0
221.016457216	1.0762422E-4	0.0
221.018423296	-7.318664E-6	0.0
221.020372992	5.6507768E-5	0.0
221.022322688	1.0538843E-4	0.0
221.024272384	-7.1474045E-5	5.508695721800905E-8
221.026238464	-1.998663E-5	1.0792122395741899E-7
221.02818816	5.83657E-5	2.051730092489379E-7
221.030137856	5.8907437E-5	3.785208377848903E-7
221.032103936	-1.0696076E-5	6.776645022910088E-7
221.034053632	-1.1777021E-5	1.1772945072152652E-6
221.036003328	-4.456023E-5	1.9847186649712967E-6
221.037969408	-6.2805615E-5	3.246692585889832E-6
221.039919104	-1.3485477E-4	5.153502115717856E-6
221.0418688	2.8018305E-5	7.937233931443188E-6
221.04383488	4.7241792E-5	1.1860949598485604E-5
221.045784576	-6.0148563E-5	1.7196405678987503E-5
221.047734272	6.598036E-5	2.418849544483237E-5
221.049683968	9.70586E-5	3.300787284388207E-5
221.051650048	1.1242967E-4	4.3698175431927666E-5
221.053599744	1.0625544E-4	5.612432141788304E-5
221.05554944	4.4572753E-5	6.993664283072576E-5
221.05751552	9.75501E-5	8.455962233711034E-5
221.059465216	7.7447534E-5	9.921456512529403E-5
221.061414912	2.2464988E-4	1.1298114259261638E-4
221.063380992	2.7135861E-4	1.2488776701502502E-4
221.065330688	2.872994E-4	1.3402348849922419E-4
221.067280384	1.8315547E-4	1.3964995741844177E-4
221.069246464	1.03606E-4	1.4129684132058173E-4
221.07119616	1.1212268E-4	1.3882438361179084E-4
221.073145856	1.2001049E-4	1.3244203000795096E-4
221.075095552	1.0120921E-4	1.226805179612711E-4
221.077061632	2.8390677E-6	1.1032153270207345E-4
221.079011328	2.7433289E-5	9.62975827860646E-5
221.080961024	1.2789009E-4	8.158648415701464E-5
221.082927104	8.56237E-5	6.70801309752278E-5
221.0848768	2.7648093E-6	5.3527881391346455E-5
221.086826496	-1.1595719E-5	4.146925493841991E-5
221.088792576	1.0436055E-5	3.1223316909745336E-5
221.090742272	1.0011214E-4	2.290842166985385E-5
221.092691968	1.2499635E-4	1.648587203817442E-5
221.094658048	8.673387E-5	1.1814657227660064E-5
221.096607744	-8.042912E-5	8.705455002200324E-6
221.09855744	5.307529E-5	6.96353845341946E-6
221.10052352	8.233494E-5	6.415128609660314E-6
221.102473216	2.8955565E-5	6.914877758390503E-6
221.104422912	-1.3729117E-5	8.336706741829403E-6
221.106372608	2.623961E-5	1.0552765161264688E-5
221.108338688	3.5410227E-5	1.3408365703071468E-5
221.110288384	3.3445645E-5	1.670094752626028E-5
221.11223808	6.801399E-5	2.017162842093967E-5
221.11420416	6.9809146E-5	2.3514376152888872E-5
221.116153856	-3.393678E-5	2.6379482733318582E-5
221.118103552	8.9224864E-5	2.852157376764808E-5
221.120069632	1.4510521E-4	2.9660701329703443E-5
221.122019328	1.14315946E-4	2.966852298413869E-5
221.123969024	8.2341256E-5	2.8544152883114293E-5
221.125935104	3.6570782E-7	2.641429273353424E-5
221.1278848	7.381127E-5	2.3509846869274043E-5
221.129834496	1.239659E-4	2.0124938600929454E-5
221.131784192	1.573796E-4	1.6568335922784172E-5
221.133750272	9.250574E-5	1.311800406256225E-5
221.135699968	2.712277E-6	9.988307283492759E-6
221.137649664	8.994501E-5	7.313819423870882E-6
221.139615744	8.959093E-5	5.150165634404402E-6
221.14156544	1.2734166E-4	3.4875847632065415E-6
221.143515136	3.7185444E-5	2.2712085865350673E-6
221.145481216	1.3203884E-4	1.4223963944459683E-6
221.147430912	6.18452E-5	8.566867109038867E-7
221.149380608	-1.1988569E-4	4.962067237102019E-7
221.151346688	-6.3553874E-5	2.764065811788896E-7
221.153296384	6.835864E-5	1.4807446291342785E-7
221.15524608	-1.9737574E-5	7.628835874129436E-8
221.157195776	2.3620745E-5	3.7799583907371925E-8
221.159161856	9.968926E-5	1.8012146441037657E-8
221.161111552	2.8155748E-5	8.25453660979747E-9
221.163061248	1.6898022E-5	0.0
221.165027328	7.1252085E-5	0.0
221.166977024	3.404338E-5	0.0
221.16892672	-7.9811536E-5	0.0
221.1708928	-3.901729E-5	0.0
221.172842496	-5.475693E-6	0.0
221.174792192	-1.02195445E-5	0.0
221.176758272	4.678508E-5	0.0
221.178707968	9.597678E-5	0.0
221.180657664	1.8734823E-5	0.0
221.18260736	4.8357833E-7	0.0
221.18457344	1.9633771E-6	0.0
221.186523136	9.256418E-5	0.0
221.188472832	1.1270057E-4	0.0
221.190438912	6.183685E-5	0.0
221.192388608	5.5710992E-5	0.0
221.194338304	2.0239171E-5	0.0
221.196304384	-2.0940697E-5	0.0
221.19825408	1.07056025E-4	0.0
221.200203776	5.948829E-5	0.0
221.202169856	1.3916116E-4	0.0
221.204119552	-6.932553E-5	0.0
221.206069248	1.3718924E-5	0.0
221.208018944	1.4434403E-4	0.0
221.209985024	2.0610434E-5	0.0
221.21193472	9.734774E-5	0.0
221.213884416	8.355073E-6	0.0
221.215850496	4.9594197E-5	0.0
221.217800192	6.5466826E-5	0.0
221.219749888	7.939849E-6	0.0
221.221715968	-4.3699656E-6	0.0
221.223665664	-2.9099709E-5	0.0
221.22561536	-6.422127E-5	0.0
221.22758144	-3.483718E-5	0.0
221.229531136	1.04651815E-4	0.0
221.231480832	9.750415E-5	0.0
221.233430528	5.398528E-5	0.0
221.235396608	1.05582934E-4	0.0
221.237346304	7.500345E-5	0.0
221.239296	6.101173E-5	0.0
221.24126208	7.600183E-5	0.0
221.243211776	1.11228845E-4	0.0
221.245161472	1.5460036E-4	0.0
221.247127552	2.3258833E-4	0.0
221.249077248	1.7040884E-4	0.0
221.251026944	1.6186992E-4	0.0
221.252993024	1.4375363E-4	0.0
221.25494272	1.2298697E-4	0.0
221.256892416	1.1779048E-4	0.0
221.258842112	1.3656594E-4	0.0
221.260808192	1.6421359E-4	0.0
221.262757888	1.5823441E-4	0.0
221.264707584	1.4325202E-4	0.0
221.266673664	7.080904E-5	0.0
221.26862336	1.3636934E-4	0.0
221.270573056	5.1365267E-5	0.0
221.272539136	1.4996727E-5	0.0
221.274488832	7.743816E-5	0.0
221.276438528	7.678391E-5	0.0
221.278404608	6.542783E-5	0.0
221.280354304	4.7865124E-5	0.0
221.282304	4.207231E-5	0.0
221.284253696	2.0700569E-5	0.0
221.286219776	1.0477155E-4	0.0
221.288169472	-5.7549692E-5	0.0
221.290119168	5.4290114E-5	0.0
221.292085248	1.5589296E-5	0.0
221.294034944	3.1971987E-5	0.0
221.29598464	-2.7605605E-5	0.0
221.29795072	-1.1999796E-4	0.0
221.299900416	-6.871084E-5	0.0
221.301850112	1.0059468E-4	0.0
221.303816192	8.96183E-6	0.0
221.305765888	-8.2228304E-5	0.0
221.307715584	-1.824091E-5	0.0
221.30966528	4.7568847E-5	0.0
221.31163136	-9.7706885E-5	0.0
221.313581056	-7.747306E-5	0.0
221.315530752	-5.7863665E-5	0.0
221.317496832	-7.063463E-5	0.0
221.319446528	-2.6121485E-5	0.0
221.321396224	6.241482E-5	0.0
221.323362304	1.2685132E-4	0.0
221.325312	4.4171455E-5	0.0
221.327261696	1.4331399E-5	0.0
221.329227776	-2.7719907E-6	0.0
221.331177472	2.1230695E-5	0.0
221.333127168	2.5976235E-5	0.0
221.335076864	2.2588825E-5	0.0
221.337042944	1.6811286E-4	0.0
221.33899264	1.453319E-4	0.0
221.340942336	1.1998945E-4	0.0
221.342908416	3.0212868E-6	0.0
221.344858112	-3.991836E-5	0.0
221.346807808	-3.5121015E-5	0.0
221.348773888	1.2774978E-4	0.0
221.350723584	4.3136683E-5	0.0
221.35267328	7.457624E-5	0.0
221.35463936	1.2174339E-4	0.0
221.356589056	5.8467067E-5	0.0
221.358538752	2.588191E-5	0.0
221.360488448	-3.7447862E-6	0.0
221.362454528	9.058288E-5	0.0
221.364404224	6.1107276E-5	0.0
221.36635392	7.032117E-5	0.0
221.36832	-9.954103E-6	0.0
221.370269696	-3.1737982E-6	0.0
221.372219392	3.1841428E-5	0.0
221.374185472	-1.8052404E-5	0.0
221.376135168	7.4862386E-5	0.0
221.378084864	6.0165275E-5	0.0
221.380050944	1.3861063E-4	0.0
221.38200064	2.1721426E-4	0.0
221.383950336	-6.521218E-5	0.0
221.385916416	7.50208E-5	0.0
221.387866112	1.2690327E-4	0.0
221.389815808	4.0265735E-5	0.0
221.391765504	-1.555436E-6	0.0
221.393731584	-8.497467E-5	0.0
221.39568128	-1.1296124E-5	0.0
221.397630976	-5.2271753E-6	0.0
221.399597056	1.3628469E-5	0.0
221.401546752	6.512957E-5	0.0
221.403496448	-2.5171434E-5	0.0
221.405462528	-2.4136341E-5	0.0
221.407412224	-1.2790737E-5	0.0
221.40936192	-1.19425385E-4	0.0
221.411328	-6.754346E-5	0.0
221.413277696	-7.3940573E-6	0.0
221.415227392	-3.7725094E-5	0.0
221.417177088	6.834167E-5	0.0
221.419143168	1.4956802E-4	0.0
221.421092864	7.919327E-5	0.0
221.42304256	9.54422E-5	0.0
221.42500864	-3.8099428E-5	0.0
221.426958336	-6.3955464E-5	0.0
221.428908032	4.7144164E-5	0.0
221.430874112	-1.5547984E-4	0.0
221.432823808	-1.05743355E-4	0.0
221.434773504	3.3160359E-6	0.0
221.436739584	8.2067214E-5	0.0
221.43868928	9.2620525E-5	0.0
221.440638976	3.4767512E-5	0.0
221.442588672	5.012805E-5	0.0
221.444554752	-3.9693008E-5	0.0
221.446504448	-4.3641714E-5	0.0
221.448454144	-2.1672717E-5	0.0
221.450420224	5.3108717E-5	0.0
221.45236992	4.412323E-5	0.0
221.454319616	8.728381E-5	0.0
221.456285696	2.7831298E-5	0.0
221.458235392	-2.763238E-5	0.0
221.460185088	4.3151118E-5	0.0
221.462151168	-2.9077837E-5	0.0
221.464100864	6.7035326E-6	0.0
221.46605056	5.1195548E-5	0.0
221.468000256	2.1152857E-5	0.0
221.469966336	3.9753173E-5	0.0
221.471916032	-1.8082643E-5	0.0
221.473865728	-2.3389872E-5	0.0
221.475831808	3.7466645E-5	0.0
221.477781504	7.867656E-5	0.0
221.4797312	6.3937245E-5	0.0
221.48169728	1.0917682E-4	0.0
221.483646976	1.2349949E-4	0.0
221.485596672	-1.1151784E-5	0.0
221.487562752	-4.549216E-6	0.0
221.489512448	-7.4468306E-5	0.0
221.491462144	-7.784936E-6	0.0
221.49341184	3.358958E-5	0.0
221.49537792	1.3178779E-4	0.0
221.497327616	1.2685743E-4	0.0
221.499277312	1.3562563E-4	0.0
221.501243392	1.4781911E-4	0.0
221.503193088	1.3843883E-4	0.0
221.505142784	-1.9761046E-5	0.0
221.507108864	-7.8914454E-5	0.0
221.50905856	4.5875717E-5	0.0
221.511008256	-3.907397E-5	0.0
221.512974336	-4.3781412E-5	0.0
221.514924032	-7.228227E-5	0.0
221.516873728	2.1306132E-5	0.0
221.518823424	-4.479929E-5	0.0
221.520789504	1.9362404E-5	0.0
221.5227392	-1.5903377E-5	0.0
221.524688896	-2.2556353E-5	0.0
221.526654976	1.12294976E-4	0.0
221.528604672	6.268706E-5	0.0
221.530554368	-3.771405E-5	0.0
221.532520448	5.768464E-5	0.0
221.534470144	5.6580644E-5	0.0
221.53641984	2.4131532E-5	0.0
221.53838592	2.4355733E-5	0.0
221.540335616	-5.0988656E-5	0.0
221.542285312	1.2314766E-5	0.0
221.544235008	-1.3060864E-5	0.0
221.546201088	-9.8381875E-5	0.0
221.548150784	6.23347E-5	0.0
221.55010048	4.363788E-5	0.0
221.55206656	5.9345013E-5	0.0
221.554016256	7.751358E-6	0.0
221.555965952	7.103197E-5	0.0
221.557932032	-6.6893685E-5	0.0
221.559881728	-8.035485E-5	0.0
221.561831424	-7.0892245E-5	0.0
221.563797504	2.5519843E-5	0.0
221.5657472	-3.9301824E-5	0.0
221.567696896	-4.946498E-6	0.0
221.569646592	9.51294E-6	0.0
221.571612672	2.908921E-5	0.0
221.573562368	8.3104766E-5	0.0
221.575512064	1.01221405E-4	0.0
221.577478144	7.884188E-6	0.0
221.57942784	2.611845E-5	0.0
221.581377536	7.884862E-5	0.0
221.583343616	1.3145912E-4	0.0
221.585293312	9.046923E-5	0.0
221.587243008	-6.7922483E-6	0.0
221.589209088	-5.408417E-5	0.0
221.591158784	-4.2240088E-5	0.0
221.59310848	-4.436976E-5	0.0
221.595058176	1.4545985E-6	0.0
221.597024256	-1.1158259E-5	0.0
221.598973952	-6.172813E-5	0.0
221.600923648	8.698906E-6	0.0
221.602889728	1.3456072E-5	0.0
221.604839424	6.720587E-5	0.0
221.60678912	-4.8441954E-5	0.0
221.6087552	-6.652584E-5	0.0
221.610704896	1.2916801E-4	0.0
221.612654592	5.4446067E-5	0.0
221.614620672	-3.1069718E-5	0.0
221.616570368	4.0449413E-6	0.0
221.618520064	9.805182E-5	0.0
221.62046976	4.9521117E-5	0.0
221.62243584	5.6576686E-5	0.0
221.624385536	8.636693E-5	0.0
221.626335232	1.4255641E-4	0.0
221.628301312	2.213322E-5	0.0
221.630251008	1.0955593E-4	0.0
221.632200704	4.9728787E-5	0.0
221.634166784	1.04299135E-4	0.0
221.63611648	-3.9021408E-5	0.0
221.638066176	1.3724004E-4	0.0
221.640032256	1.3018228E-4	0.0
221.641981952	1.3297791E-5	0.0
221.643931648	4.3768585E-5	0.0
221.645881344	4.525358E-5	0.0
221.647847424	7.115782E-5	0.0
221.64979712	1.2165672E-4	0.0
221.651746816	5.1555446E-5	0.0
221.653712896	7.297209E-5	0.0
221.655662592	4.4508783E-5	0.0
221.657612288	3.0661777E-5	0.0
221.659578368	-4.5858334E-5	0.0
221.661528064	2.565288E-6	0.0
221.66347776	7.566536E-5	0.0
221.66544384	3.5070774E-5	0.0
221.667393536	3.3463617E-5	0.0
221.669343232	-3.7653626E-6	0.0
221.671309312	3.1688647E-5	0.0
221.673259008	3.0445754E-5	0.0
221.675208704	1.0036552E-4	0.0
221.6771584	-4.451256E-5	0.0
221.67912448	-8.7950626E-5	0.0
221.681074176	6.343727E-5	0.0
221.683023872	-4.311952E-5	0.0
221.684989952	4.4426015E-6	0.0
221.686939648	5.0129504E-5	0.0
221.688889344	-3.1270534E-5	0.0
221.690855424	1.9668605E-5	0.0
221.69280512	2.1594497E-6	0.0
221.694754816	-3.6744877E-5	0.0
221.696720896	-3.9013667E-5	0.0
221.698670592	-8.347086E-5	0.0
221.700620288	2.7684528E-5	0.0
221.702569984	-1.885644E-5	0.0
221.704536064	-1.00565485E-5	0.0
221.70648576	-5.514721E-6	0.0
221.708435456	-5.824043E-5	0.0
221.710401536	-1.2646004E-5	0.0
221.712351232	-3.5131347E-5	0.0
221.714300928	1.312976E-4	0.0
221.716267008	1.9058542E-4	0.0
221.718216704	2.4022802E-4	0.0
221.7201664	5.8206355E-5	0.0
221.72213248	-9.781658E-5	0.0
221.724082176	-2.9981453E-5	1.2855641884357283E-8
221.726031872	-5.9121896E-5	2.7423466164577803E-8
221.727981568	4.9713188E-5	5.6273353976621365E-8
221.729947648	1.929369E-5	1.1107766795248608E-7
221.731897344	-1.9557494E-5	2.109115797566119E-7
221.73384704	1.303964E-5	3.852262580039678E-7
221.73581312	6.170787E-6	6.768219122932351E-7
221.737762816	4.919715E-6	1.1438673936936539E-6
221.739712512	4.4340053E-5	1.8595620758787845E-6
221.741678592	-1.7044436E-5	2.907906036853092E-6
221.743628288	1.0800909E-4	4.3739701141021214E-6
221.745577984	-8.513609E-6	6.32845649306546E-6
221.747544064	8.914957E-5	8.80725565366447E-6
221.74949376	6.5719825E-5	1.1789823474828154E-5
221.751443456	-4.6626283E-5	1.5181115486484487E-5
221.753393152	1.09528955E-5	1.8803382772603072E-5
221.755359232	1.296021E-4	2.240365392935928E-5
221.757308928	2.0041282E-4	2.5678262318251655E-5
221.759258624	1.0481736E-4	2.831344500009436E-5
221.761224704	3.2357933E-5	3.0034067094675265E-5
221.7631744	1.5870211E-4	3.065058626816608E-5
221.765124096	1.3608683E-4	3.0093326131463982E-5
221.767090176	6.1681494E-5	2.8425331038306467E-5
221.769039872	7.9783786E-5	2.5830646336544305E-5
221.770989568	-7.461782E-6	2.2581150915357284E-5
221.772955648	1.229189E-5	1.8989878299180418E-5
221.774905344	9.4259914E-5	1.536203308205586E-5
221.77685504	1.2145311E-4	1.1953989087487571E-5
221.778804736	1.7596674E-5	8.947597052610945E-6
221.780770816	1.4421315E-5	6.4420360104122665E-6
221.782720512	5.208425E-6	4.461310254555428E-6
221.784670208	1.5604517E-5	2.9718451060034567E-6
221.786636288	7.759885E-6	1.9042217900278047E-6
221.788585984	1.2502165E-5	1.173656755781849E-6
221.79053568	8.4885134E-5	6.958261451472936E-7
221.79250176	2.945423E-5	3.9682737451585126E-7
221.794451456	7.266374E-5	2.1769275804217614E-7
221.796401152	9.427665E-5	1.1487647810781709E-7
221.798367232	4.6930556E-5	5.831289584534716E-8
221.800316928	1.9344185E-5	2.847376912029631E-8
221.802266624	-2.3147204E-5	1.3374379825847882E-8
221.80421632	-1.26755585E-5	0.0
221.8061824	9.5300435E-5	0.0
221.808132096	5.3597574E-5	0.0
221.810081792	-8.972321E-5	0.0
221.812047872	-5.448481E-5	0.0
221.813997568	-7.546517E-5	0.0
221.815947264	9.0398884E-5	0.0
221.817913344	1.4182608E-4	0.0
221.81986304	3.7772588E-6	0.0
221.821812736	2.5938138E-5	0.0
221.823778816	-7.428325E-5	0.0
221.825728512	-6.14006E-5	0.0
221.827678208	-1.9159674E-5	0.0
221.829627904	-1.8798273E-6	0.0
221.831593984	1.4902529E-4	0.0
221.83354368	1.8677605E-5	0.0
221.835493376	-4.326118E-5	0.0
221.837459456	4.3777447E-5	0.0
221.839409152	8.962327E-5	0.0
221.841358848	2.567044E-5	0.0
221.843324928	-4.3284203E-5	0.0
221.845274624	6.112535E-5	0.0
221.84722432	1.0848738E-4	0.0
221.8491904	1.00111356E-4	0.0
221.851140096	7.3389965E-5	0.0
221.853089792	2.3053773E-5	0.0
221.855039488	-5.1979114E-6	0.0
221.857005568	9.54853E-5	0.0
221.858955264	-3.155236E-5	0.0
221.86090496	1.9620322E-5	0.0
221.86287104	8.630674E-5	0.0
221.864820736	2.037823E-5	0.0
221.866770432	-5.1613515E-5	0.0
