220.0701848	HC3N_vib	24,-1,1-23,1,1	2.200701848E11
220.4073855	HC3N_vib	24,-3,1-23,3,1	2.204073855E11
220.4084945	HC3N_vib	24,3,1-23,-3,1	2.204084945E11
220.6996881	HC3N_vib	24,1,1-23,-1,1	2.206996881E11
220.9593543	HC3N_vib	24,-2,0-23,2,0	2.209593543E11
220.9809938	HC3N_vib	24,0,0-23,0,0	2.209809938E11
221.0207041	HC3N_vib	24,2,0-23,-2,0	2.210207041E11
221.0910647	HC3N_vib	24,-4,0-23,4,0	2.210910647E11
221.0910838	HC3N_vib	24,4,0-23,-4,0	2.210910838E11
220.2101603	CCS	17,17-16,16	2.202101603E11
221.0711222	CCS	17,18-16,17	2.210711222E11
220.584751	HNCO	10,1,9-9,1,8	2.20584751E11
220.709017	CH3CN,v=0	12,3,0-11,-3,0	2.20709017E11
220.709017	CH3CN,v=0	12,-3,0-11,3,0	2.20709017E11
220.7302611	CH3CN,v=0	12,2,0-11,2,0	2.207302611E11
220.7430111	CH3CN,v=0	12,1,0-11,1,0	2.207430111E11
220.7472617	CH3CN,v=0	12,0,0-11,0,0	2.207472617E11
220.3986842	C-13-O	2-1	2.203986842E11
