  0.010000     7.675940E-02     8.799915E-02     5.960267E-02     6.769623E-02     1.700614E-02     7.995864E-02     3.612765E-02     2.978542E-02     8.160158E-03     5.216777E-02     5.982468E-02     3.795787E-03
  0.030000     7.700397E-02     8.802453E-02     5.944626E-02     6.754980E-02     1.692763E-02     7.995537E-02     3.599292E-02     2.966580E-02     8.118495E-03     5.202276E-02     5.968424E-02     3.779246E-03
  0.050000     7.748663E-02     8.807154E-02     5.913407E-02     6.725694E-02     1.677168E-02     7.994602E-02     3.572481E-02     2.942791E-02     8.035803E-03     5.173353E-02     5.940368E-02     3.746427E-03
  0.070000     7.819457E-02     8.813279E-02     5.866734E-02     6.681772E-02     1.654039E-02     7.992507E-02     3.532602E-02     2.907442E-02     7.913334E-03     5.130162E-02     5.898365E-02     3.697847E-03
  0.090000     7.910905E-02     8.819753E-02     5.804800E-02     6.623235E-02     1.623684E-02     7.988449E-02     3.480054E-02     2.860927E-02     7.752928E-03     5.072940E-02     5.842523E-02     3.634267E-03
  0.110000     8.020584E-02     8.825194E-02     5.727869E-02     6.550125E-02     1.586508E-02     7.981397E-02     3.415362E-02     2.803765E-02     7.556965E-03     5.002006E-02     5.772992E-02     3.556665E-03
  0.130000     8.145591E-02     8.827964E-02     5.636286E-02     6.462525E-02     1.542995E-02     7.970132E-02     3.339168E-02     2.736584E-02     7.328310E-03     4.917762E-02     5.689980E-02     3.466216E-03
  0.150000     8.282619E-02     8.826218E-02     5.530482E-02     6.360571E-02     1.493707E-02     7.953282E-02     3.252225E-02     2.660120E-02     7.070242E-03     4.820700E-02     5.593757E-02     3.364257E-03
  0.170000     8.428042E-02     8.817966E-02     5.410979E-02     6.244469E-02     1.439266E-02     7.929374E-02     3.155386E-02     2.575196E-02     6.786378E-03     4.711401E-02     5.484667E-02     3.252252E-03
  0.190000     8.578010E-02     8.801136E-02     5.278400E-02     6.114513E-02     1.380346E-02     7.896877E-02     3.049591E-02     2.482715E-02     6.480586E-03     4.590533E-02     5.363136E-02     3.131761E-03
  0.210000     8.728545E-02     8.773642E-02     5.133467E-02     5.971095E-02     1.317656E-02     7.854259E-02     2.935856E-02     2.383642E-02     6.156905E-03     4.458857E-02     5.229681E-02     3.004396E-03
  0.230000     8.875640E-02     8.733446E-02     4.977010E-02     5.814725E-02     1.251925E-02     7.800035E-02     2.815257E-02     2.278991E-02     5.819449E-03     4.317221E-02     5.084917E-02     2.871786E-03
  0.250000     9.015356E-02     8.678629E-02     4.809961E-02     5.646035E-02     1.183895E-02     7.732815E-02     2.688915E-02     2.169806E-02     5.472330E-03     4.166556E-02     4.929556E-02     2.735542E-03
  0.270000     9.143914E-02     8.607446E-02     4.633352E-02     5.465785E-02     1.114301E-02     7.651355E-02     2.557979E-02     2.057146E-02     5.119570E-03     4.007867E-02     4.764415E-02     2.597226E-03
  0.290000     9.257778E-02     8.518382E-02     4.448310E-02     5.274869E-02     1.043858E-02     7.554595E-02     2.423611E-02     1.942066E-02     4.765029E-03     3.842232E-02     4.590408E-02     2.458316E-03
  0.310000     9.353732E-02     8.410203E-02     4.256042E-02     5.074308E-02     9.732541E-03     7.441697E-02     2.286967E-02     1.825604E-02     4.412341E-03     3.670783E-02     4.408542E-02     2.320185E-03
  0.330000     9.428944E-02     8.281989E-02     4.057830E-02     4.865243E-02     9.031366E-03     7.312075E-02     2.149181E-02     1.708765E-02     4.064852E-03     3.494698E-02     4.219911E-02     2.184080E-03
  0.350000     9.481018E-02     8.133169E-02     3.855008E-02     4.648927E-02     8.341027E-03     7.165418E-02     2.011352E-02     1.592505E-02     3.725579E-03     3.315182E-02     4.025680E-02     2.051106E-03
  0.370000     9.508029E-02     7.963535E-02     3.648945E-02     4.426702E-02     7.666930E-03     7.001701E-02     1.874522E-02     1.477718E-02     3.397176E-03     3.133458E-02     3.827074E-02     1.922216E-03
  0.390000     9.508552E-02     7.773253E-02     3.441030E-02     4.199986E-02     7.013857E-03     6.821194E-02     1.739671E-02     1.365228E-02     3.081909E-03     2.950745E-02     3.625361E-02     1.798206E-03
  0.410000     9.481669E-02     7.562863E-02     3.232646E-02     3.970249E-02     6.385924E-03     6.624462E-02     1.607699E-02     1.255776E-02     2.781645E-03     2.768241E-02     3.421831E-02     1.679716E-03
  0.430000     9.426966E-02     7.333265E-02     3.025153E-02     3.738985E-02     5.786560E-03     6.412349E-02     1.479418E-02     1.150018E-02     2.497854E-03     2.587108E-02     3.217778E-02     1.567229E-03
  0.450000     9.344521E-02     7.085697E-02     2.819863E-02     3.507695E-02     5.218507E-03     6.185967E-02     1.355544E-02     1.048513E-02     2.231619E-03     2.408458E-02     3.014482E-02     1.461085E-03
  0.470000     9.234873E-02     6.821707E-02     2.618024E-02     3.277853E-02     4.683825E-03     5.946668E-02     1.236693E-02     9.517286E-03     1.983649E-03     2.233331E-02     2.813184E-02     1.361486E-03
  0.490000     9.098990E-02     6.543118E-02     2.420800E-02     3.050886E-02     4.183925E-03     5.696019E-02     1.123376E-02     8.600331E-03     1.754313E-03     2.062689E-02     2.615074E-02     1.268512E-03
  0.510000     8.938223E-02     6.251983E-02     2.229256E-02     2.828149E-02     3.719605E-03     5.435761E-02     1.016000E-02     7.737024E-03     1.543662E-03     1.897400E-02     2.421267E-02     1.182136E-03
  0.530000     8.754254E-02     5.950537E-02     2.044343E-02     2.610905E-02     3.291098E-03     5.167780E-02     9.148676E-03     6.929212E-03     1.351470E-03     1.738230E-02     2.232792E-02     1.102234E-03
  0.550000     8.549048E-02     5.641150E-02     1.866892E-02     2.400305E-02     2.898128E-03     4.894057E-02     8.201819E-03     6.177885E-03     1.177273E-03     1.585836E-02     2.050576E-02     1.028607E-03
  0.570000     8.324789E-02     5.326272E-02     1.697600E-02     2.197375E-02     2.539976E-03     4.616637E-02     7.320511E-03     5.483239E-03     1.020403E-03     1.440764E-02     1.875434E-02     9.609922E-04
  0.590000     8.083826E-02     5.008386E-02     1.537034E-02     2.003003E-02     2.215540E-03     4.337577E-02     6.504953E-03     4.844753E-03     8.800309E-04     1.303444E-02     1.708060E-02     8.990808E-04
  0.610000     7.828619E-02     4.689952E-02     1.385621E-02     1.817928E-02     1.923404E-03     4.058915E-02     5.754548E-03     4.261274E-03     7.552042E-04     1.174190E-02     1.549027E-02     8.425284E-04
  0.630000     7.561682E-02     4.373365E-02     1.243660E-02     1.642742E-02     1.661904E-03     3.782626E-02     5.067988E-03     3.731100E-03     6.448814E-04     1.053207E-02     1.398778E-02     7.909694E-04
  0.650000     7.285533E-02     4.060908E-02     1.111317E-02     1.477886E-02     1.429188E-03     3.510587E-02     4.443351E-03     3.252076E-03     5.479658E-04     9.405938E-03     1.257631E-02     7.440270E-04
  0.670000     7.002648E-02     3.754716E-02     9.886388E-03     1.323650E-02     1.223276E-03     3.244551E-02     3.878196E-03     2.821677E-03     4.633346E-04     8.363492E-03     1.125782E-02     7.013226E-04
  0.690000     6.715423E-02     3.456740E-02     8.755606E-03     1.180183E-02     1.042114E-03     2.986113E-02     3.369664E-03     2.437102E-03     3.898641E-04     7.403808E-03     1.003308E-02     6.624833E-04
  0.710000     6.426134E-02     3.168725E-02     7.719147E-03     1.047500E-02     8.836189E-04     2.736697E-02     2.914573E-03     2.095349E-03     3.264514E-04     6.525144E-03     8.901794E-03     6.271478E-04
  0.730000     6.136912E-02     2.892183E-02     6.774446E-03     9.254930E-03     7.457232E-04     2.497532E-02     2.509507E-03     1.793297E-03     2.720322E-04     5.725043E-03     7.862650E-03     5.949712E-04
  0.750000     5.849718E-02     2.628389E-02     5.918165E-03     8.139415E-03     6.264068E-04     2.269645E-02     2.150902E-03     1.527768E-03     2.255942E-04     5.000438E-03     6.913447E-03     5.656280E-04
  0.770000     5.566323E-02     2.378364E-02     5.146330E-03     7.125287E-03     5.237265E-04     2.053856E-02     1.835124E-03     1.295593E-03     1.861877E-04     4.347763E-03     6.051210E-03     5.388143E-04
  0.790000     5.288299E-02     2.142882E-02     4.454456E-03     6.208550E-03     4.358373E-04     1.850779E-02     1.558535E-03     1.093658E-03     1.529319E-04     3.763058E-03     5.272303E-03     5.142489E-04
  0.810000     5.017008E-02     1.922472E-02     3.837679E-03     5.384526E-03     3.610093E-04     1.660820E-02     1.317551E-03     9.189512E-04     1.250196E-04     3.242073E-03     4.572562E-03     4.916734E-04
  0.830000     4.753605E-02     1.717431E-02     3.290871E-03     4.648008E-03     2.976378E-04     1.484195E-02     1.108693E-03     7.685935E-04     1.017182E-04     2.780369E-03     3.947405E-03     4.708523E-04
  0.850000     4.499031E-02     1.527833E-02     2.808755E-03     3.993396E-03     2.442501E-04     1.320935E-02     9.286297E-04     6.398671E-04     8.236969E-05     2.373405E-03     3.391959E-03     4.515717E-04
  0.870000     4.254028E-02     1.353555E-02     2.386008E-03     3.414840E-03     1.995073E-04     1.170906E-02     7.742022E-04     5.302330E-04     6.638820E-05     2.016623E-03     2.901164E-03     4.336384E-04
  0.890000     4.019140E-02     1.194296E-02     2.017345E-03     2.906357E-03     1.622034E-04     1.033827E-02     6.424522E-04     4.373437E-04     5.325679E-05     1.705518E-03     2.469874E-03     4.168785E-04
  0.910000     3.794728E-02     1.049597E-02     1.697603E-03     2.461948E-03     1.312616E-04     9.092862E-03     5.306351E-04     3.590483E-04     4.252308E-05     1.435699E-03     2.092950E-03     4.011360E-04
  0.930000     3.580981E-02     9.188696E-03     1.421802E-03     2.075696E-03     1.057281E-04     7.967649E-03     4.362288E-04     2.933944E-04     3.379436E-05     1.202944E-03     1.765340E-03     3.862710E-04
  0.950000     3.377933E-02     8.014210E-03     1.185197E-03     1.741846E-03     8.476498E-05     6.956567E-03     3.569367E-04     2.386244E-04     2.673232E-05     1.003238E-03     1.482144E-03     3.721586E-04
  0.970000     3.185480E-02     6.964755E-03     9.833194E-04     1.454880E-03     6.764147E-05     6.052886E-03     2.906847E-04     1.931689E-04     2.104767E-05     8.328057E-04     1.238669E-03     3.586876E-04
  0.990000     3.003396E-02     6.032005E-03     8.120047E-04     1.209565E-03     5.372508E-05     5.249405E-03     2.356155E-04     1.556377E-04     1.649483E-05     6.881327E-04     1.030477E-03     3.457586E-04
  1.010000     2.831353E-02     5.207271E-03     6.674100E-04     1.001001E-03     4.247226E-05     4.538633E-03     1.900791E-04     1.248083E-04     1.286673E-05     5.659795E-04     8.534117E-04     3.332838E-04
  1.030000     2.668935E-02     4.481708E-03     5.460235E-04     8.246435E-04     3.341905E-05     3.912960E-03     1.526204E-04     9.961411E-05     9.989980E-06     4.633879E-04     7.036255E-04     3.211853E-04
  1.050000     2.515662E-02     3.846489E-03     4.446650E-04     6.763206E-04     2.617215E-05     3.364802E-03     1.219662E-04     7.913064E-05     7.720323E-06     3.776801E-04     5.775876E-04     3.093949E-04
  1.070000     2.371006E-02     3.292955E-03     3.604798E-04     5.522409E-04     2.040034E-05     2.886728E-03     9.701030E-05     6.256254E-05     5.938524E-06     3.064533E-04     4.720902E-04     2.978531E-04
  1.090000     2.234403E-02     2.812743E-03     2.909272E-04     4.489891E-04     1.582650E-05     2.471570E-03     7.679848E-05     4.923012E-05     4.546642E-06     2.475690E-04     3.842446E-04     2.865084E-04
  1.110000     2.105277E-02     2.397889E-03     2.337642E-04     3.635161E-04     1.222019E-05     2.112502E-03     6.051341E-05     3.855643E-05     3.464725E-06     1.991397E-04     3.114723E-04     2.753177E-04
  1.130000     1.983049E-02     2.040902E-03     1.870267E-04     2.931230E-04     9.391055E-06     1.803109E-03     4.745979E-05     3.005504E-05     2.627898E-06     1.595124E-04     2.514908E-04     2.642449E-04
  1.150000     1.867153E-02     1.734819E-03     1.490086E-04     2.354409E-04     7.182775E-06     1.537429E-03     3.705011E-05     2.331845E-05     1.983837E-06     1.272503E-04     2.022962E-04     2.532616E-04
  1.170000     1.757047E-02     1.473239E-03     1.182384E-04     1.884069E-04     5.467777E-06     1.309982E-03     2.879130E-05     1.800756E-05     1.490585E-06     1.011145E-04     1.621433E-04     2.423463E-04
  1.190000     1.652221E-02     1.250336E-03     9.345722E-05     1.502391E-04     4.142580E-06     1.115783E-03     2.227227E-05     1.384192E-05     1.114698E-06     8.004438E-05     1.295239E-04     2.314845E-04
  1.210000     1.552209E-02     1.060863E-03     7.359556E-05     1.194097E-04     3.123740E-06     9.503398E-04     1.715250E-05     1.059114E-05     8.296652E-07     6.313834E-05     1.031447E-04     2.206683E-04
  1.230000     1.456592E-02     9.001308E-04     5.775146E-05     9.461920E-05     2.344378E-06     8.096399E-04     1.315179E-05     8.067081E-06     6.145981E-07     4.963577E-05     8.190451E-05     2.098964E-04
  1.250000     1.365004E-02     7.639923E-04     4.516964E-05     7.476964E-05     1.751201E-06     6.901330E-04     1.004102E-05     6.117094E-06     4.531271E-07     3.889928E-05     6.487296E-05     1.991737E-04
  1.270000     1.277134E-02     6.488057E-04     3.522203E-05     5.894051E-05     1.301997E-06     5.887017E-04     7.634039E-06     4.618091E-06     3.324973E-07     3.039847E-05     5.126929E-05     1.885106E-04
  1.290000     1.192724E-02     5.513997E-04     2.738986E-05     4.636524E-05     9.635255E-07     5.026311E-04     5.780585E-06     3.471432E-06     2.428266E-07     2.369495E-05     4.044290E-05     1.779233E-04
  1.310000     1.111573E-02     4.690327E-04     2.124755E-05     3.640984E-05     7.097623E-07     4.295735E-04     4.360092E-06     2.598549E-06     1.765008E-07     1.842875E-05     3.185530E-05     1.674326E-04
  1.330000     1.033530E-02     3.993513E-04     1.644819E-05     2.855344E-05     5.204524E-07     3.675132E-04     3.276431E-06     1.937245E-06     1.276863E-07     1.430623E-05     2.506372E-05     1.570636E-04
  1.350000     9.584903E-03     3.403484E-04     1.271087E-05     2.237087E-05     3.799217E-07     3.147305E-04     2.453432E-06     1.438579E-06     9.193821E-08     1.108935E-05     1.970641E-05     1.468450E-04
  1.370000     8.863941E-03     2.903222E-04     9.809445E-06     1.751722E-05     2.761117E-07     2.697668E-04     1.831096E-06     1.064269E-06     6.588893E-08     8.586330E-06     1.548963E-05     1.368080E-04
  1.390000     8.172155E-03     2.478376E-04     7.563038E-06     1.371437E-05     1.997984E-07     2.313917E-04     1.362448E-06     7.845524E-07     4.700103E-08     6.643576E-06     1.217626E-05     1.269858E-04
  1.410000     7.509588E-03     2.116903E-04     5.827770E-06     1.073934E-05     1.439664E-07     1.985715E-04     1.010928E-06     5.764199E-07     3.337326E-08     5.138791E-06     9.575986E-06     1.174126E-04
  1.430000     6.876503E-03     1.808731E-04     4.489848E-06     8.414332E-06     1.033109E-07     1.704416E-04     7.482428E-07     4.221898E-07     2.358897E-08     3.975126E-06     7.536858E-06     1.081226E-04
  1.450000     6.273309E-03     1.545467E-04     3.459751E-06     6.598310E-06     7.384285E-08     1.462803E-04     5.526208E-07     3.083502E-07     1.659837E-08     3.076288E-06     5.938170E-06     9.914902E-05
  1.470000     5.700498E-03     1.320129E-04     2.667406E-06     5.179911E-06     5.257985E-08     1.254867E-04     4.074030E-07     2.246340E-07     1.162791E-08     2.382471E-06     4.684475E-06     9.052351E-05
  1.490000     5.158567E-03     1.126917E-04     2.058224E-06     4.071598E-06     3.730433E-08     1.075604E-04     2.999096E-07     1.632820E-07     8.110677E-09     1.847008E-06     3.700615E-06     8.227496E-05
  1.510000     4.647962E-03     9.610087E-05     1.589859E-06     3.204819E-06     2.637661E-08     9.208471E-05     2.205396E-07     1.184618E-07     5.633496E-09     1.433636E-06     2.927624E-06     7.442900E-05
  1.530000     4.169025E-03     8.183912E-05     1.229592E-06     2.526075E-06     1.859087E-08     7.871184E-05     1.620597E-07     8.581200E-08     3.896889E-09     1.114279E-06     2.319384E-06     6.700725E-05
  1.550000     3.721941E-03     6.957158E-05     9.522272E-07     1.993724E-06     1.306510E-08     6.715046E-05     1.190457E-07     6.208746E-08     2.684969E-09     8.672741E-07     1.839915E-06     6.002689E-05
  1.570000     3.306712E-03     5.901771E-05     7.384195E-07     1.575423E-06     9.157568E-09     5.715552E-05     8.744869E-08     4.488523E-08     1.842942E-09     6.759454E-07     1.461196E-06     5.350026E-05
  1.590000     2.923124E-03     4.994133E-05     5.733489E-07     1.246086E-06     6.403731E-09     4.851967E-05     6.425848E-08     3.243403E-08     1.260417E-09     5.274850E-07     1.161431E-06     4.743465E-05
  1.610000     2.570740E-03     4.214243E-05     4.456808E-07     9.862702E-07     4.469006E-09     4.106631E-05     4.724581E-08     2.343382E-08     8.590828E-10     4.120684E-07     9.236671E-07     4.183225E-05
  1.630000     2.248891E-03     3.545054E-05     3.467549E-07     7.809004E-07     3.113578E-09     3.464399E-05     3.476536E-08     1.693415E-08     5.836748E-10     3.221638E-07     7.347131E-07     3.669027E-05
  1.650000     1.956683E-03     2.971944E-05     2.699555E-07     6.182802E-07     2.166353E-09     2.912186E-05     2.560635E-08     1.224273E-08     3.953917E-10     2.519970E-07     5.842915E-07     3.200110E-05
  1.670000     1.693011E-03     2.482287E-05     2.102268E-07     4.893184E-07     1.505810E-09     2.438611E-05     1.887999E-08     8.856889E-09     2.671273E-10     1.971374E-07     4.643777E-07     2.775275E-05
  1.690000     1.456582E-03     2.065116E-05     1.636999E-07     3.869316E-07     1.045997E-09     2.033715E-05     1.393516E-08     6.412676E-09     1.800375E-10     1.541797E-07     3.686890E-07     2.392923E-05
  1.710000     1.245941E-03     1.710858E-05     1.274090E-07     3.055849E-07     7.263587E-10     1.688735E-05     1.029553E-08     4.647182E-09     1.210842E-10     1.205013E-07     2.922899E-07     2.051114E-05
  1.730000     1.059501E-03     1.411120E-05     9.907512E-08     2.409380E-07     5.043835E-10     1.395931E-05     7.612882E-09     3.370839E-09     8.128673E-11     9.407638E-08     2.312884E-07     1.747623E-05
  1.750000     8.955765E-04     1.158525E-05     7.694162E-08     1.895746E-07     3.503260E-10     1.148451E-05     5.632776E-09     2.447134E-09     5.448640E-11     7.333526E-08     1.826036E-07     1.480004E-05
  1.770000     7.524207E-04     9.465780E-06     5.965026E-08     1.487957E-07     2.434317E-10     9.402159E-06     4.169192E-09     1.777835E-09     3.647694E-11     5.705736E-08     1.437863E-07     1.245655E-05
  1.790000     6.282556E-04     7.695564E-06     4.614716E-08     1.164606E-07     1.692552E-10     7.658374E-06     3.086028E-09     1.292270E-09     2.439660E-11     4.429018E-08     1.128823E-07     1.041877E-05
  1.810000     5.213061E-04     6.224257E-06     3.561183E-08     9.086532E-08     1.177621E-10     6.205430E-06     2.283564E-09     9.395749E-10     1.630532E-11     3.428774E-08     8.832668E-08     8.659340E-06
  1.830000     4.298285E-04     5.007633E-06     2.740342E-08     7.064995E-08     8.199296E-11     5.001163E-06     1.688604E-09     6.831162E-10     1.089211E-11     2.646396E-08     6.886277E-08     7.151053E-06
  1.850000     3.521361E-04     4.006962E-06     2.101989E-08     5.472600E-08     5.712592E-11     4.008445E-06     1.247308E-09     4.964722E-10     7.273655E-12     2.035704E-08     5.347891E-08     5.867339E-06
  1.870000     2.866208E-04     3.188450E-06     1.606706E-08     4.222094E-08     3.982208E-11     3.194720E-06     9.199833E-10     3.605570E-10     4.856296E-12     1.560228E-08     4.135946E-08     4.782653E-06
  1.890000     2.317698E-04     2.522746E-06     1.223482E-08     3.243456E-08     2.776957E-11     2.531578E-06     6.772932E-10     2.615570E-10     3.241892E-12     1.191120E-08     3.184637E-08     3.872797E-06
  1.910000     1.861788E-04     1.984489E-06     9.278968E-09     2.480487E-08     1.936711E-11     1.994364E-06     4.975073E-10     1.894546E-10     2.163893E-12     9.055388E-09     2.440871E-08     3.115174E-06
  1.930000     1.485597E-04     1.551885E-06     7.007085E-09     1.888103E-08     1.350473E-11     1.561812E-06     3.644943E-10     1.369697E-10     1.444086E-12     6.853969E-09     1.861850E-08     2.488949E-06
  1.950000     1.177455E-04     1.206323E-06     5.267624E-09     1.430187E-08     9.412204E-12     1.215691E-06     2.662573E-10     9.880138E-11     9.634302E-13     5.163796E-09     1.413128E-08     1.975158E-06
  1.970000     9.269075E-05     9.320116E-07     3.941340E-09     1.077864E-08     6.554319E-12     9.404788E-07     1.938617E-10     7.108297E-11     6.424547E-13     3.871720E-09     1.067050E-08     1.556742E-06
  1.990000     7.246932E-05     7.156411E-07     2.934572E-09     8.081115E-09     4.558629E-12     7.230530E-07     1.406477E-10     5.099002E-11     4.281174E-13     2.888485E-09     8.014720E-09     1.218536E-06
  2.010000     5.626995E-05     5.460725E-07     2.173920E-09     6.026313E-09     3.165536E-12     5.523986E-07     1.016490E-10     3.645724E-11     2.850135E-13     2.143864E-09     5.987325E-09     9.472105E-07
  2.030000     4.338932E-05     4.140506E-07     1.602040E-09     4.469383E-09     2.193829E-12     4.193379E-07     7.316328E-11     2.597364E-11     1.895042E-13     1.582781E-09     4.447979E-09     7.311748E-07
  2.050000     3.322415E-05     3.119415E-07     1.174282E-09     3.296142E-09     1.516841E-12     3.162819E-07     5.243264E-11     1.843373E-11     1.258002E-13     1.162203E-09     3.285693E-09     5.604587E-07
  2.070000     2.526221E-05     2.334964E-07     8.560192E-10     2.417003E-09     1.045931E-12     2.370036E-07     3.740556E-11     1.302912E-11     8.334953E-14     8.486455E-10     2.413116E-09     4.265754E-07
  2.090000     1.907293E-05     1.736388E-07     6.205183E-10     1.762041E-09     7.190245E-13     1.764324E-07     2.655899E-11     9.169329E-12     5.509742E-14     6.161735E-10     1.761864E-09     3.223746E-07
  2.110000     1.429802E-05     1.282762E-07     4.472363E-10     1.276967E-09     4.926298E-13     1.304725E-07     1.876509E-11     6.423748E-12     3.632556E-14     4.448009E-10     1.278699E-09     2.418925E-07
  2.130000     1.064219E-05     9.413546E-08     3.204689E-10     9.198746E-10     3.362807E-13     9.584129E-08     1.319115E-11     4.479024E-12     2.387786E-14     3.192058E-10     9.224183E-10     1.802044E-07
  2.150000     7.864428E-06     6.861901E-08     2.282755E-10     6.586060E-10     2.286464E-13     6.992879E-08     9.224494E-12     3.107741E-12     1.564351E-14     2.277079E-10     6.613254E-10     1.332829E-07
  2.170000     5.769930E-06     4.968178E-08     1.616286E-10     4.686365E-10     1.548080E-13     5.067655E-08     6.416096E-12     2.145369E-12     1.021148E-14     1.614543E-10     4.711904E-10     9.786703E-08
  2.190000     4.202690E-06     3.572644E-08     1.137434E-10     3.313807E-10     1.043478E-13     3.647412E-08     4.438261E-12     1.473296E-12     6.639357E-15     1.137759E-10     3.336107E-10     7.134072E-08
  2.210000     3.038958E-06     2.551537E-08     7.955158E-11     2.328456E-10     7.000612E-14     2.607171E-08     3.052939E-12     1.006350E-12     4.298554E-15     7.967956E-11     2.347015E-10     5.162560E-08
  2.230000     2.181474E-06     1.809731E-08     5.529095E-11     1.625660E-10     4.673710E-14     1.850726E-08     2.088045E-12     6.836361E-13     2.770525E-15     5.545083E-11     1.640573E-10     3.708577E-08
  2.250000     1.554504E-06     1.274700E-08     3.818665E-11     1.127677E-10     3.104400E-14     1.304622E-08     1.419825E-12     4.618136E-13     1.777207E-15     3.834461E-11     1.139339E-10     2.644554E-08
  2.270000     1.099610E-06     8.915904E-09     2.620551E-11     7.771533E-11     2.051196E-14     9.132289E-09     9.597603E-13     3.101899E-13     1.134362E-15     2.634558E-11     7.860714E-11     1.871930E-08
  2.290000     7.721111E-07     6.192556E-09     1.786776E-11     5.320731E-11     1.347970E-14     6.347619E-09     6.448910E-13     2.071403E-13     7.202997E-16     1.798424E-11     5.387644E-11     1.315251E-08
  2.310000     5.381521E-07     4.270762E-09     1.210371E-11     3.618719E-11     8.809099E-15     4.380892E-09     4.306955E-13     1.375109E-13     4.549253E-16     1.219642E-11     3.668097E-11     9.172738E-09
  2.330000     3.723098E-07     2.924531E-09     8.145418E-12     2.444753E-11     5.724024E-15     3.002063E-09     2.858788E-13     9.074187E-14     2.857309E-16     8.216836E-12     2.480652E-11     6.349676E-09
  2.350000     2.556636E-07     1.988420E-09     5.445422E-12     1.640554E-11     3.697724E-15     2.042529E-09     1.885776E-13     5.951704E-14     1.784417E-16     5.499034E-12     1.666300E-11     4.362719E-09
  2.370000     1.742566E-07     1.342291E-09     3.616187E-12     1.093456E-11     2.374539E-15     1.379731E-09     1.236135E-13     3.879762E-14     1.107887E-16     3.655578E-12     1.111688E-11     2.975139E-09
  2.390000     1.178846E-07     8.996191E-10     2.385341E-12     7.238483E-12     1.515613E-15     9.253048E-10     8.051589E-14     2.513436E-14     6.837510E-17     2.413755E-12     7.366083E-12     2.013693E-09
  2.410000     7.915243E-08     5.985925E-10     1.562824E-12     4.758949E-12     9.614287E-16     6.160661E-10     5.210882E-14     1.618083E-14     4.194235E-17     1.582990E-12     4.847253E-12     1.352719E-09
  2.430000     5.274760E-08     3.954141E-10     1.016977E-12     3.107234E-12     6.060723E-16     4.072019E-10     3.350658E-14     1.035085E-14     2.556897E-17     1.031079E-12     3.167692E-12     9.018672E-10
  2.450000     3.488712E-08     2.593043E-10     6.572557E-13     2.014743E-12     3.796399E-16     2.671904E-10     2.140497E-14     6.579116E-15     1.548948E-17     6.669869E-13     2.055711E-12     5.967480E-10
  2.470000     2.290047E-08     1.688078E-10     4.218548E-13     1.297274E-12     2.362780E-16     1.740401E-10     1.358447E-14     4.154807E-15     9.323627E-18     4.284859E-13     1.324759E-12     3.918734E-10
  2.490000     1.491878E-08     1.090912E-10     2.688934E-13     8.294580E-13     1.460983E-16     1.125344E-10     8.564316E-15     2.606768E-15     5.575994E-18     2.733590E-13     8.477203E-13     2.553880E-10
  2.510000     9.645521E-09     6.998279E-11     1.702039E-13     5.266150E-13     8.974409E-17     7.223004E-11     5.363452E-15     1.624799E-15     3.312964E-18     1.731778E-13     5.386348E-13     1.651767E-10
  2.530000     6.188920E-09     4.456429E-11     1.069833E-13     3.319814E-13     5.476156E-17     4.601908E-11     3.336402E-15     1.006055E-15     1.955413E-18     1.089426E-13     3.398196E-13     1.060192E-10
  2.550000     3.940896E-09     2.816875E-11     6.677356E-14     2.077985E-13     3.319152E-17     2.910289E-11     2.061465E-15     6.187962E-16     1.146465E-18     6.805123E-14     2.128636E-13     6.753083E-11
  2.570000     2.490348E-09     1.767355E-11     4.138292E-14     1.291415E-13     1.998175E-17     1.826852E-11     1.265084E-15     3.780580E-16     6.676646E-19     4.220778E-14     1.323855E-13     4.268700E-11
  2.590000     1.561725E-09     1.100645E-11     2.546550E-14     7.968413E-14     1.194732E-17     1.138234E-11     7.710662E-16     2.294223E-16     3.861966E-19     2.599288E-14     8.174343E-14     2.677687E-11
  2.610000     9.719037E-10     6.803444E-12     1.555910E-14     4.881439E-14     7.094390E-18     7.039017E-12     4.667413E-16     1.382805E-16     2.218654E-19     1.589310E-14     5.011033E-14     1.666824E-11
  2.630000     6.002204E-10     4.174082E-12     9.438558E-15     2.968811E-14     4.183549E-18     4.320532E-12     2.805804E-16     8.277858E-17     1.265850E-19     9.648123E-15     3.049665E-14     1.029628E-11
  2.650000     3.678427E-10     2.541768E-12     5.684647E-15     1.792522E-14     2.449850E-18     2.632082E-12     1.675019E-16     4.921413E-17     7.172463E-20     5.814942E-15     1.842538E-14     6.311419E-12
  2.670000     2.237034E-10     1.536194E-12     3.399119E-15     1.074443E-14     1.424555E-18     1.591445E-12     9.929999E-17     2.905768E-17     4.035807E-20     3.479404E-15     1.105121E-14     3.839062E-12
  2.690000     1.350012E-10     9.214765E-13     2.017823E-15     6.393345E-15     8.225191E-19     9.550067E-13     5.845631E-17     1.703791E-17     2.255032E-20     2.066856E-15     6.579944E-15     2.317236E-12
  2.710000     8.084496E-11     5.485848E-13     1.189167E-15     3.776499E-15     4.715438E-19     5.687711E-13     3.417063E-17     9.920677E-18     1.251182E-20     1.218852E-15     3.889050E-15     1.387901E-12
  2.730000     4.804122E-11     3.241290E-13     6.957217E-16     2.214406E-15     2.684052E-19     3.361849E-13     1.983357E-17     5.736170E-18     6.893178E-21     7.135382E-16     2.281732E-15     8.248697E-13
  2.750000     2.832806E-11     1.900641E-13     4.040647E-16     1.288910E-15     1.516831E-19     1.972070E-13     1.143043E-17     3.293404E-18     3.770829E-21     4.146664E-16     1.328852E-15     4.864602E-13
  2.770000     1.657515E-11     1.106075E-13     2.329590E-16     7.446921E-16     8.510319E-20     1.148059E-13     6.540726E-18     1.877575E-18     2.048142E-21     2.392140E-16     7.681930E-16     2.846693E-13
  2.790000     9.623479E-12     6.388002E-14     1.333251E-16     4.270815E-16     4.740270E-20     6.632809E-14     3.716032E-18     1.062836E-18     1.104529E-21     1.369844E-16     4.407962E-16     1.652957E-13
  2.810000     5.544176E-12     3.661306E-14     7.574241E-17     2.431177E-16     2.621172E-20     3.802919E-14     2.096098E-18     5.973658E-19     5.913948E-22     7.786534E-17     2.510562E-16     9.523723E-14
  2.830000     3.169339E-12     2.082534E-14     4.271228E-17     1.373682E-16     1.438834E-20     2.163802E-14     1.173848E-18     3.333554E-19     3.143766E-22     4.393362E-17     1.419259E-16     5.444686E-14
  2.850000     1.797727E-12     1.175514E-14     2.390806E-17     7.703919E-17     7.840376E-21     1.221781E-14     6.526333E-19     1.846956E-19     1.659148E-22     2.460490E-17     7.963479E-17     3.088564E-14
  2.870000     1.011810E-12     6.584733E-15     1.328330E-17     4.288309E-17     4.240943E-21     6.846054E-15     3.602251E-19     1.015961E-19     8.693062E-23     1.367760E-17     4.434932E-17     1.738421E-14
  2.890000     5.650551E-13     3.660313E-15     7.325373E-18     2.369201E-17     2.277072E-21     3.806738E-15     1.973859E-19     5.548277E-20     4.521723E-23     7.546656E-18     2.451360E-17     9.708783E-15
  2.910000     3.131097E-13     2.019125E-15     4.009667E-18     1.299130E-17     1.213584E-21     2.100521E-15     1.073708E-19     3.008085E-20     2.334908E-23     4.132836E-18     1.344797E-17     5.380014E-15
  2.930000     1.721524E-13     1.105271E-15     2.178384E-18     7.070190E-18     6.419954E-22     1.150159E-15     5.797962E-20     1.619060E-20     1.196911E-23     2.246383E-18     7.321987E-18     2.958067E-15
  2.950000     9.391557E-14     6.003852E-16     1.174630E-18     3.818838E-18     3.370961E-22     6.249442E-16     3.107952E-20     8.651021E-21     6.090763E-24     1.211865E-18     3.956560E-18     1.613748E-15
  2.970000     5.083551E-14     3.236258E-16     6.286393E-19     2.047136E-18     1.756818E-22     3.369559E-16     1.653768E-20     4.588748E-21     3.076747E-24     6.488637E-19     2.121862E-18     8.735024E-16
  2.990000     2.730230E-14     1.731027E-16     3.339099E-19     1.089109E-18     9.087462E-23     1.802807E-16     8.735097E-21     2.416211E-21     1.542816E-24     3.448060E-19     1.129330E-18     4.691272E-16
  3.010000     1.454894E-14     9.187726E-17     1.760265E-19     5.750423E-19     4.665449E-23     9.571186E-17     4.579794E-21     1.262934E-21     7.679481E-25     1.818495E-19     5.965182E-19     2.499843E-16
  3.030000     7.692377E-15     4.838960E-17     9.209623E-20     3.013187E-19     2.377233E-23     5.042189E-17     2.383424E-21     6.552746E-22     3.794350E-25     9.518299E-20     3.126943E-19     1.321686E-16
  3.050000     4.035383E-15     2.528903E-17     4.782055E-20     1.566913E-19     1.202182E-23     2.635758E-17     1.231194E-21     3.374854E-22     1.860903E-25     4.944370E-20     1.626688E-19     6.933219E-17
  3.070000     2.100398E-15     1.311429E-17     2.464284E-20     8.086323E-20     6.033684E-24     1.367167E-17     6.312682E-22     1.725313E-22     9.059088E-26     2.548950E-20     8.397921E-20     3.608530E-17
  3.090000     1.084697E-15     6.748173E-18     1.260273E-20     4.141326E-20     3.005397E-24     7.036619E-18     3.212600E-22     8.754971E-23     4.377364E-26     1.304082E-20     4.302465E-20     1.863427E-17
  3.110000     5.557809E-16     3.445509E-18     6.396335E-21     2.104772E-20     1.485669E-24     3.593596E-18     1.622736E-22     4.409690E-23     2.099433E-26     6.621203E-21     2.187440E-20     9.547271E-18
  3.130000     2.825430E-16     1.745593E-18     3.221699E-21     1.061557E-20     7.288487E-25     1.821018E-18     8.135432E-23     2.204555E-23     9.994161E-27     3.336198E-21     1.103631E-20     4.853205E-18
  3.150000     1.425113E-16     8.775092E-19     1.610354E-21     5.313119E-21     3.548478E-25     9.156217E-19     4.048077E-23     1.093922E-23     4.722146E-27     1.668188E-21     5.525549E-21     2.447704E-18
  3.170000     7.131748E-17     4.377001E-19     7.987943E-22     2.638878E-21     1.714475E-25     4.568058E-19     1.999153E-23     5.387637E-24     2.214498E-27     8.277740E-22     2.745282E-21     1.224807E-18
  3.190000     3.540972E-17     2.166281E-19     3.932073E-22     1.300614E-21     8.220513E-26     2.261299E-19     9.798650E-24     2.633601E-24     1.030737E-27     4.076125E-22     1.353488E-21     6.080703E-19
  3.210000     1.744323E-17     1.063808E-19     1.920775E-22     6.361104E-22     3.911478E-26     1.110689E-19     4.766544E-24     1.277719E-24     4.761588E-28     1.991809E-22     6.621756E-22     2.995125E-19
  3.230000     8.525255E-18     5.183456E-20     9.310979E-23     3.087221E-22     1.846938E-26     5.412927E-20     2.301189E-24     6.152452E-25     2.183138E-28     9.658464E-23     3.214694E-22     1.463692E-19
  3.250000     4.133921E-18     2.505996E-20     4.478926E-23     1.486791E-22     8.654236E-27     2.617428E-20     1.102572E-24     2.940241E-25     9.934151E-29     4.647555E-23     1.548638E-22     7.096697E-20
  3.270000     1.988793E-18     1.202109E-20     2.138001E-23     7.105188E-23     4.024073E-27     1.255791E-20     5.242786E-25     1.394549E-25     4.486368E-29     2.219183E-23     7.402877E-23     3.413761E-20
  3.290000     9.492660E-19     5.721461E-21     1.012730E-23     3.369310E-23     1.856776E-27     5.978028E-21     2.474074E-25     6.564408E-26     2.010798E-29     1.051501E-23     3.511459E-23     1.629215E-20
