220.033335296	1.8924894E-4	9.786793242483327E-8
220.0313856	-7.45476E-5	4.475995751818118E-8
220.029435904	1.2156341E-4	1.9597568012841293E-8
220.027469824	2.061883E-4	0.0
220.025520128	1.9993784E-4	0.0
220.023570432	1.43497855E-5	0.0
220.021604352	4.0390554E-5	0.0
220.019654656	2.1134174E-4	0.0
220.01770496	9.317123E-5	0.0
220.01573888	6.9224884E-6	0.0
220.013789184	-4.291491E-5	0.0
220.011839488	1.09539076E-4	0.0
220.009889792	-1.2235239E-5	0.0
220.007923712	2.5112735E-4	0.0
220.005974016	6.541432E-5	0.0
220.00402432	1.6097151E-6	0.0
220.00205824	-1.4032479E-4	0.0
220.000108544	-2.84095E-4	0.0
219.998158848	-1.420478E-4	0.0
219.996192768	1.668823E-4	0.0
219.994243072	1.7812394E-4	0.0
219.992293376	1.1242615E-4	0.0
219.99034368	1.4367022E-4	0.0
219.9883776	3.1911502E-5	0.0
219.986427904	1.15233386E-4	0.0
219.984478208	8.604801E-5	0.0
219.982512128	1.0976574E-4	0.0
219.980562432	-3.5636174E-5	0.0
219.978612736	-4.446069E-5	0.0
219.976646656	1.9055467E-5	0.0
219.97469696	1.8962528E-4	0.0
219.972747264	2.8483814E-4	0.0
219.970797568	4.09538E-5	0.0
219.968831488	1.6173339E-4	0.0
219.966881792	1.3031656E-4	0.0
219.964932096	2.2957221E-4	0.0
219.962966016	2.0018601E-4	0.0
219.96101632	2.1750378E-4	0.0
219.959066624	3.113284E-4	0.0
219.957100544	5.39117E-4	0.0
219.955150848	7.05922E-4	0.0
219.953201152	7.2911277E-4	0.0
219.951251456	8.607879E-4	0.0
219.949285376	8.820862E-4	0.0
219.94733568	8.8156154E-4	0.0
219.945385984	8.900418E-4	0.0
219.943419904	8.843355E-4	0.0
219.941470208	7.390975E-4	0.0
219.939520512	7.0088677E-4	0.0
219.937554432	7.0842274E-4	0.0
219.935604736	6.6082616E-4	0.0
219.93365504	3.8667384E-4	0.0
219.931705344	2.5544036E-4	0.0
219.929739264	3.7415104E-4	0.0
219.927789568	3.9289636E-4	0.0
219.925839872	3.8208277E-4	0.0
219.923873792	2.1641955E-4	0.0
219.921924096	2.1316422E-4	0.0
219.9199744	2.51597E-4	0.0
219.91800832	1.4814117E-4	0.0
219.916058624	6.183592E-5	0.0
219.914108928	1.2572968E-4	0.0
219.912159232	9.915183E-5	0.0
219.910193152	1.8032323E-4	0.0
219.908243456	2.1212344E-4	0.0
219.90629376	9.936717E-5	0.0
219.90432768	9.1011054E-5	0.0
219.902377984	1.6050748E-4	0.0
219.900428288	8.717162E-5	0.0
219.898462208	1.3855245E-4	0.0
219.896512512	2.4174948E-5	0.0
219.894562816	6.227824E-5	0.0
219.892596736	-1.1918318E-4	0.0
219.89064704	8.976209E-5	0.0
219.888697344	-4.0156043E-5	0.0
219.886747648	-4.727957E-5	0.0
219.884781568	-8.718187E-6	0.0
219.882831872	3.006076E-5	0.0
219.880882176	6.665083E-5	0.0
219.878916096	-5.8256574E-5	0.0
219.8769664	-6.0666385E-5	0.0
219.875016704	6.437444E-7	0.0
219.873050624	-2.1013464E-5	0.0
219.871100928	7.423051E-5	0.0
219.869151232	2.1532486E-4	0.0
219.867201536	9.825631E-5	0.0
219.865235456	1.4715688E-4	0.0
219.86328576	8.851319E-5	0.0
219.861336064	8.1057835E-5	0.0
219.859369984	-1.5074493E-5	0.0
219.857420288	-4.7485522E-5	0.0
219.855470592	1.5820182E-4	0.0
219.853504512	1.8233809E-4	0.0
219.851554816	1.2423928E-4	0.0
219.84960512	4.4774988E-5	0.0
219.847655424	1.8232319E-4	0.0
219.845689344	1.2535424E-4	0.0
219.843739648	1.4954896E-4	0.0
219.841789952	-4.2034985E-6	0.0
219.839823872	-9.506784E-6	0.0
219.837874176	1.5655157E-4	0.0
219.83592448	2.1305194E-5	0.0
219.8339584	-1.8730333E-4	0.0
219.832008704	-1.902298E-4	0.0
219.830059008	-3.9261216E-5	0.0
219.828109312	-9.3455455E-5	0.0
219.826143232	-6.3985295E-5	0.0
219.824193536	-1.2667906E-4	0.0
219.82224384	-7.737228E-6	0.0
219.82027776	-2.229102E-5	0.0
219.818328064	5.75541E-5	0.0
219.816378368	1.0501061E-4	0.0
219.814412288	3.3297806E-6	0.0
219.812462592	7.345347E-5	0.0
219.810512896	1.4365074E-4	0.0
219.8085632	2.562878E-4	0.0
219.80659712	1.9692475E-4	0.0
219.804647424	3.1518337E-4	0.0
219.802697728	2.9029453E-4	0.0
219.800731648	2.0607526E-4	0.0
219.798781952	2.0292608E-4	0.0
219.796832256	2.5217267E-4	0.0
219.794866176	2.4109235E-4	0.0
219.79291648	1.7555899E-4	0.0
219.790966784	1.976492E-4	0.0
219.789017088	1.669775E-4	0.0
219.787051008	1.73206E-4	0.0
219.785101312	2.1102684E-4	0.0
219.783151616	1.7805176E-4	0.0
219.781185536	1.10068475E-4	0.0
219.77923584	6.1849365E-5	0.0
219.777286144	-1.1767941E-4	4.2064705496613897E-8
219.775320064	-7.3984964E-5	9.669490452779428E-8
219.773370368	9.930183E-5	2.1276137829318031E-7
219.771420672	3.797965E-5	4.48107329020786E-7
219.769454592	1.1183531E-4	9.033761898535886E-7
219.767504896	3.934145E-5	1.7432034837838728E-6
219.7655552	-2.6736718E-5	3.219687641831115E-6
219.763605504	6.8983177E-6	5.691886599379359E-6
219.761639424	4.20057E-5	9.630797649151646E-6
219.759689728	9.800363E-5	1.5596131561324E-5
219.757740032	7.66888E-5	2.4171564291464165E-5
219.755773952	1.6137255E-5	3.585191007005051E-5
219.753824256	-3.4628585E-5	5.0889957492472604E-5
219.75187456	5.0184488E-5	6.913025572430342E-5
219.74990848	7.2595285E-5	8.987486216938123E-5
219.747958784	2.4734976E-4	1.1183507012901828E-4
219.746009088	2.649658E-4	1.3320962898433208E-4
219.744059392	6.4660795E-5	1.5190360136330128E-4
219.742093312	7.11256E-5	1.6591112944297493E-4
219.740143616	2.2840619E-4	1.7353365547023714E-4
219.73819392	3.8630242E-4	1.7389608547091484E-4
219.73622784	3.204249E-4	1.6704037261661142E-4
219.734278144	2.5824917E-4	1.539721415610984E-4
219.732328448	4.3080505E-5	1.365066709695384E-4
219.730362368	2.1107259E-4	1.1697768059093505E-4
219.728412672	1.960115E-4	9.78875468717888E-5
219.726462976	2.6199542E-4	8.157012052834034E-5
219.72451328	1.0108654E-4	6.992995622567832E-5
219.7225472	1.748924E-4	6.427113112295046E-5
219.720597504	1.12218695E-4	6.521149771288037E-5
219.718647808	1.0230066E-4	7.264927990036085E-5
219.716681728	2.3537473E-4	8.576839172746986E-5
219.714732032	3.0578126E-4	1.0308323544450104E-4
219.712782336	3.170051E-4	1.2254701869096607E-4
219.710816256	2.5286927E-4	1.417833991581574E-4
219.70886656	2.341324E-4	1.582757686264813E-4
219.706916864	2.6756543E-4	1.6984481771942228E-4
219.704967168	2.5567418E-4	1.7493126506451517E-4
219.703001088	1.232406E-4	1.7288580420427024E-4
219.701051392	1.6625828E-4	1.6409720410592854E-4
219.699101696	1.4824627E-4	1.4992232900112867E-4
219.697135616	4.923611E-5	1.32548448164016E-4
219.69518592	1.0463581E-4	1.1450508463894948E-4
219.693236224	-8.910861E-5	9.839727863436565E-5
219.691270144	4.3992357E-5	8.650102972751483E-5
219.689320448	1.5962578E-4	8.047217124840245E-5
219.687370752	1.3198573E-4	8.115458331303671E-5
219.685421056	2.033445E-4	8.848666038829833E-5
219.683454976	2.0792868E-4	1.0150532034458593E-4
219.68150528	1.9473038E-4	1.1844861001009122E-4
219.679555584	1.2968041E-4	1.3695996312890202E-4
219.677589504	2.3461849E-4	1.5439148410223424E-4
219.675639808	2.4927472E-4	1.681768917478621E-4
219.673690112	3.0537118E-4	1.7621886217966676E-4
219.671724032	2.5539182E-4	1.7721540643833578E-4
219.669774336	1.2530279E-4	1.7085242143366486E-4
219.66782464	2.9669655E-4	1.5781460388097912E-4
219.665874944	2.452716E-4	1.395782019244507E-4
219.663908864	1.788513E-4	1.1824189277831465E-4
219.661959168	1.6337118E-4	9.588336251908913E-5
219.660009472	1.575154E-4	7.441857451340184E-5
219.658043392	8.369092E-5	5.5277341743931174E-5
219.656093696	-2.2256241E-5	3.929332160623744E-5
219.654144	5.686373E-5	2.672941809578333E-5
219.65217792	-4.6052377E-5	1.740061452437658E-5
219.650228224	-3.5209818E-5	1.084068753698375E-5
219.648278528	1.09288405E-4	6.463717454607831E-6
219.646328832	-1.0178263E-4	3.6885573990730336E-6
219.644362752	-6.496148E-5	2.014618530665757E-6
219.642413056	-2.817986E-5	1.053178039001068E-6
219.64046336	-2.6444806E-5	5.269754410619498E-7
219.63849728	-2.8825965E-5	2.523854334413045E-7
219.636547584	3.67281E-5	1.1569805735689442E-7
219.634597888	3.285592E-5	5.076655540392494E-8
219.632631808	6.8968625E-6	0.0
219.630682112	3.6001144E-5	0.0
219.628732416	-4.2049116E-5	0.0
219.626766336	-2.9619307E-5	0.0
219.62481664	-7.152029E-5	0.0
219.622866944	1.0663687E-4	0.0
219.620917248	1.4055846E-4	0.0
219.618951168	-2.2997952E-5	0.0
219.617001472	7.538535E-5	0.0
219.615051776	1.6619416E-4	0.0
219.613085696	1.4938187E-4	0.0
219.611136	1.3523203E-4	0.0
219.609186304	4.9816383E-5	0.0
219.607220224	-2.412072E-5	0.0
219.605270528	9.969529E-5	0.0
219.603320832	3.376856E-5	0.0
219.601371136	1.100027E-4	0.0
219.599405056	-7.787724E-5	0.0
219.59745536	1.07582135E-4	0.0
219.595505664	9.7625976E-5	0.0
219.593539584	8.050175E-5	0.0
219.591589888	2.7913335E-5	0.0
219.589640192	-4.7581914E-5	0.0
219.587674112	8.0717815E-5	0.0
219.585724416	1.12514885E-4	0.0
219.58377472	1.4597003E-4	0.0
219.581825024	1.27991625E-5	0.0
219.579858944	-1.3755196E-4	0.0
219.577909248	-1.0725783E-4	0.0
219.575959552	-2.349577E-4	0.0
219.573993472	9.945946E-5	0.0
219.572043776	2.15624E-4	0.0
219.57009408	1.6085737E-4	0.0
219.568128	4.1822158E-4	0.0
219.566178304	6.561284E-4	0.0
219.564228608	9.203714E-4	0.0
219.562278912	0.0010171136	0.0
219.560312832	9.625786E-4	0.0
219.558363136	0.0012554567	0.0
219.55641344	0.0013494893	0.0
219.55444736	0.0011455464	1.2353122968988828E-8
219.552497664	0.0010865942	2.860550907257675E-8
219.550547968	8.1406394E-4	6.339926272858065E-8
219.548581888	8.514259E-4	1.3448769209389866E-7
219.546632192	7.173379E-4	2.7305216576678504E-7
219.544682496	5.325423E-4	5.306011416905676E-7
219.5427328	1.3783248E-4	9.868514325717115E-7
219.54076672	7.293903E-5	1.7566684391567833E-6
219.538817024	2.4825355E-4	2.992816234836937E-6
219.536867328	1.01541285E-4	4.87998795506428E-6
219.534901248	-3.9839102E-7	7.615494723722804E-6
219.532951552	2.6165845E-4	1.137406343332259E-5
219.531001856	2.1465289E-4	1.6257978131761774E-5
219.529035776	1.5148128E-4	2.2263015125645325E-5
219.52708608	7.509763E-5	2.9168837500037625E-5
219.525136384	-7.9431426E-5	3.65952291758731E-5
219.523186688	4.9643593E-5	4.398173769004643E-5
219.521220608	2.9586368E-5	5.0669608754105866E-5
219.519270912	4.0748095E-5	5.601685552392155E-5
219.517321216	1.544019E-5	5.953316212981008E-5
219.515355136	-1.230643E-4	6.100011523813009E-5
219.51340544	-1.1994466E-4	6.05425302637741E-5
219.511455744	-4.073288E-6	5.862462421646342E-5
219.509489664	2.3552228E-4	5.596490518655628E-5
219.507539968	1.0694255E-4	5.338454502634704E-5
219.505590272	4.2391675E-5	5.162413071957417E-5
219.503624192	-9.05585E-6	5.1173283281968907E-5
219.501674496	-1.2057619E-5	5.215619603404775E-5
219.4997248	1.9946406E-4	5.430227975011803E-5
219.497775104	8.250903E-6	5.7009663578355685E-5
219.495809024	7.248027E-5	5.948547914158553E-5
219.493859328	1.4061661E-4	6.092629337217659E-5
219.491909632	1.5471122E-4	6.069473965908401E-5
219.489943552	2.3130411E-5	5.844888073625043E-5
219.487993856	-1.5629664E-4	5.419760418590158E-5
219.48604416	4.974048E-5	4.827379962080158E-5
219.48407808	6.385034E-5	4.1241080907639116E-5
219.482128384	2.4256556E-6	3.376346649019979E-5
219.480178688	-1.189295E-4	2.6474473997950554E-5
219.478228992	-1.1449758E-4	1.9876082660630345E-5
219.476262912	-1.0264301E-4	1.4277930858952459E-5
219.474313216	5.5238746E-7	9.823869731917512E-6
219.47236352	-5.282142E-5	6.484135155915283E-6
219.47039744	1.0703018E-4	4.111690032004844E-6
219.468447744	1.6304592E-4	2.535524572522263E-6
219.466498048	1.18683325E-4	1.5803553878868115E-6
219.464531968	9.2622475E-5	1.1076841701651574E-6
219.462582272	8.769985E-5	1.0369103620178066E-6
219.460632576	9.364881E-6	1.3553565167967463E-6
219.45868288	-5.005833E-6	2.1198520698817447E-6
219.4567168	-8.5503765E-5	3.4501581467338838E-6
219.454767104	-6.1309634E-5	5.51249968339107E-6
219.452817408	4.7483652E-5	8.48119452712126E-6
219.450851328	9.194529E-5	1.2535325367935002E-5
219.448901632	1.5780442E-5	1.773106851032935E-5
219.446951936	6.0053364E-5	2.401837264187634E-5
219.444985856	3.4800378E-5	3.113237471552566E-5
219.44303616	-1.1748376E-5	3.86358005926013E-5
219.441086464	-7.673309E-5	4.5921951823402196E-5
219.439136768	2.3078228E-5	5.230556052993052E-5
219.437170688	4.0901473E-6	5.714572034776211E-5
219.435220992	-1.5268484E-5	5.998236883897334E-5
219.433271296	3.091586E-5	6.065174238756299E-5
219.431305216	3.6390466E-5	5.934730506851338E-5
219.42935552	5.1030594E-5	5.6604647397762164E-5
219.427405824	-1.1547254E-5	5.3207124437903985E-5
219.425439744	1.06018386E-4	5.003075784770772E-5
219.423490048	8.7114895E-5	4.786179124494083E-5
219.421540352	1.3567763E-4	4.722829908132553E-5
219.419590656	5.206672E-5	4.828644159715623E-5
219.417624576	-1.064326E-5	5.078615140519105E-5
219.41567488	1.6850478E-4	5.412480822997168E-5
219.413725184	9.804606E-5	5.7477562222629786E-5
219.411759104	1.018093E-4	5.997200059937313E-5
219.409809408	7.387917E-5	6.086863504606299E-5
219.407859712	1.6451639E-4	5.9704678278649226E-5
219.405893632	5.0153492E-5	5.6371267419308424E-5
219.403943936	1.3261946E-4	5.1109876949340105E-5
219.40199424	1.6770503E-4	4.4436157622840255E-5
219.400044544	3.6426234E-5	3.701615423779003E-5
219.398078464	1.5387035E-4	2.9529239327530377E-5
219.396128768	1.2322675E-4	2.2552389054908417E-5
219.394179072	6.662449E-5	1.648142460908275E-5
219.392212992	1.4348328E-4	1.15336597446003E-5
219.390263296	-5.7330794E-6	7.724193892499898E-6
219.3883136	5.1214997E-6	4.95059612148907E-6
219.38634752	-4.450449E-5	3.0365793008968467E-6
219.384397824	-2.9424878E-5	1.782541971806495E-6
219.382448128	-6.447124E-5	1.0014554163717548E-6
219.380482048	1.8853648E-4	5.38465599220217E-7
219.378532352	5.2964835E-5	2.7709228334060754E-7
219.376582656	-5.8162364E-5	1.3646899788000155E-7
219.37463296	-9.3658644E-5	6.432677679413246E-8
219.37266688	-7.642619E-5	2.901951567935157E-8
219.370717184	-4.3413664E-5	1.2529520532211791E-8
219.368767488	2.0297614E-4	0.0
219.366801408	1.1216811E-4	0.0
219.364851712	8.007264E-5	0.0
219.362902016	-2.8823738E-6	0.0
219.360935936	3.6937996E-5	0.0
219.35898624	8.9576235E-5	0.0
219.357036544	-7.820799E-5	0.0
219.355086848	9.999299E-5	0.0
219.353120768	2.0854204E-4	0.0
219.351171072	2.7242163E-4	0.0
219.349221376	1.386285E-6	0.0
219.347255296	6.0024436E-6	0.0
219.3453056	1.13276445E-4	0.0
219.343355904	1.0711618E-4	0.0
219.341389824	1.2388983E-4	0.0
219.339440128	6.0702147E-5	0.0
219.337490432	-4.160272E-5	0.0
219.335540736	3.3149783E-5	0.0
219.333574656	1.08056614E-4	0.0
219.33162496	-1.3122462E-4	0.0
219.329675264	4.4656128E-5	0.0
219.327709184	3.418166E-5	0.0
219.325759488	6.723794E-5	0.0
219.323809792	-4.1037074E-5	0.0
219.321843712	5.3854423E-5	0.0
219.319894016	1.5146736E-5	0.0
219.31794432	-2.7727296E-5	0.0
219.315994624	9.9751924E-5	0.0
219.314028544	-2.461125E-6	0.0
219.312078848	-5.952697E-5	0.0
219.310129152	2.4088807E-4	0.0
219.308163072	-7.418628E-6	0.0
219.306213376	-3.4227985E-5	0.0
219.30426368	7.71516E-6	0.0
219.3022976	1.869135E-5	0.0
219.300347904	-5.662066E-6	0.0
219.298398208	-6.132123E-5	0.0
219.296448512	1.0318935E-4	0.0
219.294482432	2.946134E-6	0.0
219.292532736	4.8114507E-5	0.0
219.29058304	-2.8673214E-5	0.0
219.28861696	7.2632625E-5	0.0
219.286667264	8.169914E-5	0.0
219.284717568	2.0800591E-5	0.0
219.282751488	4.5399294E-5	0.0
219.280801792	1.386381E-5	0.0
219.278852096	-3.964936E-5	0.0
219.2769024	-1.2889352E-4	0.0
219.27493632	1.0234358E-5	0.0
219.272986624	2.937426E-5	0.0
219.271036928	-1.7008456E-6	0.0
219.269070848	-1.9497504E-5	0.0
219.267121152	7.8858575E-5	0.0
219.265171456	-2.4192563E-5	0.0
219.263205376	7.180931E-5	0.0
219.26125568	9.785392E-5	0.0
219.259305984	9.550247E-5	0.0
219.257356288	-8.079513E-5	0.0
219.255390208	1.318111E-4	0.0
219.253440512	-1.4133959E-5	0.0
219.251490816	1.5368385E-4	0.0
219.249524736	1.2722073E-4	9.909685516618083E-9
219.24757504	7.376648E-5	2.2406359434512524E-8
219.245625344	-3.860523E-5	4.848345724894898E-8
219.243659264	-5.007885E-5	1.0039793352234483E-7
219.241709568	-7.4207244E-5	1.9896133096608537E-7
219.239759872	5.905033E-5	3.773294281472772E-7
219.237793792	1.5945444E-4	6.84829501551576E-7
219.235844096	-4.299339E-5	1.1894624094566097E-6
219.2338944	-2.0867188E-5	1.977069587155711E-6
219.231944704	2.4697158E-5	3.14482190333365E-6
219.229978624	1.5374791E-4	4.7870503294689115E-6
219.228028928	1.379991E-4	6.973298695811536E-6
219.226079232	6.0908405E-5	9.72087036643643E-6
219.224113152	-9.547931E-5	1.2967900147486944E-5
219.222163456	-7.9260004E-5	1.6555317415622994E-5
219.22021376	-6.8444383E-6	2.0226201741024852E-5
219.21824768	4.753834E-5	2.3648852220503613E-5
219.216297984	6.414566E-5	2.6462665118742734E-5
219.214348288	1.2792251E-4	2.833963662851602E-5
219.212398592	-1.917224E-5	2.9046786949038506E-5
219.210432512	-1.265778E-4	2.8493610443547368E-5
219.208482816	2.899233E-5	2.6886827981797978E-5
219.20653312	-9.448009E-7	2.4345248675672337E-5
219.20456704	7.127656E-6	2.1341296815080568E-5
219.202617344	4.4515324E-5	1.8419215848552994E-5
219.200667648	-1.2219587E-4	1.620704097149428E-5
219.198701568	-5.245177E-5	1.546123530715704E-5
219.196751872	1.2060293E-4	1.7080959878512658E-5
219.194802176	-2.5809382E-5	2.215336098743137E-5
219.19285248	-2.2789569E-5	3.196446050424129E-5
219.1908864	4.1924036E-6	4.793587140738964E-5
219.188936704	1.8195284E-4	7.144560368033126E-5
219.186987008	1.4307513E-4	1.0352231038268656E-4
219.185020928	3.0366413E-4	1.4444450789596885E-4
219.183071232	3.024768E-4	1.933397288667038E-4
219.181121536	3.588653E-4	2.479093673173338E-4
219.179155456	3.8639514E-4	3.0441622948274016E-4
219.17720576	4.6180637E-4	3.58011806383729E-4
219.175256064	4.7645206E-4	4.033799050375819E-4
219.173306368	4.021133E-4	4.355910059530288E-4
219.171340288	5.3665775E-4	4.5094851520843804E-4
219.169390592	4.5971654E-4	4.476594622246921E-4
219.167440896	5.6339253E-4	4.2617114377208054E-4
219.165474816	4.634682E-4	3.890801453962922E-4
219.16352512	2.1002116E-4	3.4065524232573807E-4
219.161575424	2.65727E-4	2.8607845888473094E-4
219.159609344	2.3926672E-4	2.3058071383275092E-4
219.157659648	2.1543127E-4	1.786634384188801E-4
219.155709952	1.5633105E-4	1.3357389252632856E-4
219.153760256	1.2782408E-4	9.709838923299685E-5
219.151794176	1.6419622E-4	6.966002547414973E-5
219.14984448	3.2749324E-4	5.0619710236787796E-5
219.147894784	3.0234834E-4	3.8661150028929114E-5
219.145928704	1.7764026E-4	3.2150572224054486E-5
219.143979008	3.2276503E-4	2.9417195037240162E-5
219.142029312	2.0550765E-4	2.893837881856598E-5
219.140063232	2.3635203E-4	2.9446297048707493E-5
219.138113536	2.947754E-4	2.997877345478628E-5
219.13616384	8.552641E-5	2.9894303224864416E-5
219.134214144	1.3836814E-4	2.8859734811703674E-5
219.132248064	4.219438E-5	2.673594281077385E-5
219.130298368	5.8512433E-5	2.387401764281094E-5
219.128348672	-6.3500716E-5	2.0410927390912548E-5
219.126382592	-1.7179427E-5	1.669891207711771E-5
219.124432896	3.26782E-4	1.3080756616545841E-5
219.1224832	-2.1636606E-5	9.80546792561654E-6
219.12051712	9.666843E-5	7.044846825010609E-6
219.118567424	7.77416E-5	4.853211976296734E-6
219.116617728	1.0004928E-4	3.225365389880608E-6
219.114651648	2.9489831E-5	2.104472287101089E-6
219.112701952	-7.834629E-5	1.4178102674122783E-6
219.110752256	-6.1588976E-6	1.1027876780644874E-6
219.10880256	-2.4955796E-5	1.1251078149143723E-6
219.10683648	1.1083695E-5	1.4875755596222007E-6
219.104886784	1.3270922E-4	2.229528490715893E-6
219.102937088	2.419684E-4	3.416774916331633E-6
219.100971008	1.1108909E-4	5.122378297528485E-6
219.099021312	-4.6405625E-5	7.399501555482857E-6
219.097071616	-2.1019547E-5	1.024597804644145E-5
219.095105536	9.402927E-5	1.3594550182460807E-5
219.09315584	1.3884474E-4	1.7260652384720743E-5
219.091206144	1.8522347E-4	2.0971921912860125E-5
219.089256448	-7.430231E-5	2.4384624339290895E-5
219.087290368	4.126975E-5	2.71332282864023E-5
219.085340672	8.7077206E-5	2.8893653507111594E-5
219.083390976	-2.2935423E-5	2.9445935069816187E-5
219.081424896	7.151556E-5	2.871917786251288E-5
219.0794752	1.4721585E-4	2.6806475943885744E-5
219.077525504	5.0361236E-6	2.3945403881953098E-5
219.075559424	-6.139689E-6	2.046968074864708E-5
219.073609728	2.142059E-5	1.6745390894357115E-5
219.071660032	1.143364E-5	1.310890365857631E-5
219.069710336	1.0756959E-4	9.82016535999719E-6
219.067744256	-3.1296226E-5	7.0395612965512555E-6
219.06579456	3.630496E-5	4.82887890029815E-6
219.063844864	-1.7264094E-4	3.16972250402614E-6
219.061878784	-1.570234E-4	1.991017825275776E-6
219.059929088	-4.043423E-5	1.1967565569648286E-6
219.057979392	-2.464795E-5	6.883641958665976E-7
219.056013312	-3.2698666E-5	3.788909168633836E-7
219.054063616	-2.6900674E-5	1.9957190033892402E-7
219.05211392	-1.6359587E-7	1.0059324750955057E-7
219.050164224	-1.1968488E-5	4.8520554685183015E-8
219.048198144	4.8831247E-5	2.239606722298504E-8
219.046248448	1.5890817E-4	9.892601404715151E-9
219.044298752	1.2267238E-4	0.0
219.042332672	1.10067165E-4	0.0
219.040382976	2.530083E-5	0.0
219.03843328	1.6580467E-4	0.0
219.0364672	1.03605125E-4	0.0
219.034517504	2.4625816E-4	0.0
219.032567808	9.670152E-5	0.0
219.030618112	1.2490196E-5	0.0
219.028652032	6.235461E-5	0.0
219.026702336	1.9479485E-4	0.0
219.02475264	1.7966071E-4	0.0
219.02278656	5.3346503E-5	0.0
219.020836864	2.9241517E-5	0.0
219.018887168	4.602456E-5	0.0
219.016921088	3.784365E-5	0.0
219.014971392	3.8374445E-5	0.0
219.013021696	-3.4129498E-5	0.0
219.011072	-8.6626285E-5	0.0
219.00910592	-1.4326267E-4	0.0
219.007156224	-1.0548251E-4	0.0
219.005206528	5.862387E-5	0.0
219.003240448	-1.9288858E-5	0.0
219.001290752	8.510364E-6	0.0
218.999341056	1.7903742E-5	0.0
218.997374976	-3.3450782E-5	0.0
218.99542528	1.6531729E-5	0.0
218.993475584	1.3615726E-4	0.0
218.991525888	2.0799768E-4	0.0
218.989559808	-5.1140687E-5	0.0
218.987610112	2.0167918E-4	0.0
218.985660416	2.4802997E-4	0.0
218.983694336	1.0731231E-4	0.0
218.98174464	1.1019333E-4	0.0
218.979794944	1.0165112E-4	0.0
218.977828864	1.1974049E-4	0.0
218.975879168	9.3167444E-5	0.0
218.973929472	6.803908E-5	0.0
218.971963392	5.91948E-5	0.0
218.970013696	5.04452E-5	0.0
218.968064	1.866041E-4	0.0
218.966114304	1.452518E-4	0.0
218.964148224	2.5910232E-4	0.0
218.962198528	6.169666E-5	0.0
218.960248832	5.7667316E-5	0.0
218.958282752	1.8473464E-4	0.0
218.956333056	1.4284099E-4	0.0
218.95438336	1.493067E-6	0.0
218.95241728	1.08193024E-4	0.0
218.950467584	1.5049466E-4	0.0
218.948517888	4.344337E-5	0.0
218.946568192	-3.5448367E-5	0.0
218.944602112	1.9529278E-5	0.0
218.942652416	-7.73877E-6	0.0
218.94070272	-4.728523E-5	0.0
218.93873664	-5.5824003E-5	0.0
218.936786944	1.1369519E-4	0.0
218.934837248	1.483658E-4	0.0
218.932871168	1.1974282E-4	0.0
218.930921472	4.2089083E-5	0.0
218.928971776	1.7354818E-4	0.0
218.92702208	1.3473498E-5	0.0
218.925056	-1.2465436E-5	0.0
218.923106304	7.098663E-5	0.0
218.921156608	2.5917427E-4	0.0
218.919190528	7.508014E-5	0.0
218.917240832	1.3198043E-4	0.0
218.915291136	1.5811491E-4	0.0
218.913325056	1.321703E-4	0.0
218.91137536	2.664717E-4	0.0
218.909425664	3.9329805E-4	0.0
218.907475968	4.188547E-4	0.0
218.905509888	4.178239E-4	0.0
218.903560192	4.5629777E-4	0.0
218.901610496	4.283872E-4	0.0
218.899644416	4.7854887E-4	0.0
218.89769472	3.7910318E-4	0.0
218.895745024	4.113118E-4	1.213385303344694E-7
218.893778944	3.7931767E-4	2.7774527211477107E-7
218.891829248	2.4898976E-4	6.083329822104133E-7
218.889879552	2.1459104E-4	1.3064432096143719E-6
218.887929856	1.8829867E-4	2.629581786095514E-6
218.885963776	1.3763885E-4	5.066977337264689E-6
218.88401408	2.2210384E-4	9.347445484308992E-6
218.882064384	1.67235E-4	1.6509415218024515E-5
218.880098304	5.0758823E-5	2.7917325496673584E-5
218.878148608	-4.7316895E-5	4.5198841689853E-5
218.876198912	1.3676585E-5	7.006507075857371E-5
218.874232832	1.4004172E-4	1.0399733582744375E-4
218.872283136	2.3270934E-4	1.4782058133278042E-4
218.87033344	3.0602003E-4	2.012442419072613E-4
218.868383744	3.0353048E-4	2.624942862894386E-4
218.866417664	2.9109378E-4	3.2817755709402263E-4
218.864467968	3.5681087E-4	3.9348224527202547E-4
218.862518272	3.379634E-4	4.527289420366287E-4
218.860552192	5.70417E-4	5.001840181648731E-4
218.858602496	5.211081E-4	5.30963356141001E-4
218.8566528	4.4973812E-4	5.418310174718499E-4
218.85468672	4.2576005E-4	5.317233153618872E-4
218.852737024	4.953212E-4	5.018994561396539E-4
218.850787328	2.9204466E-4	4.5569834765046835E-4
218.848821248	1.8839457E-4	3.979585599154234E-4
218.846871552	2.5660632E-4	3.3422501292079687E-4
218.844921856	1.06955325E-4	2.699069445952773E-4
218.84297216	1.2559604E-4	2.0955938089173287E-4
218.84100608	1.8372366E-4	1.5641532081644982E-4
218.839056384	1.885414E-4	1.12230954982806E-4
218.837106688	-3.6781453E-6	7.741060835542157E-5
218.835140608	3.231203E-5	5.1326620450709015E-5
218.833190912	-1.6254566E-5	3.271365130785853E-5
218.831241216	2.0635456E-5	2.004197085625492E-5
218.829275136	3.3886052E-5	1.1801308573922142E-5
218.82732544	9.9989935E-5	6.677894816675689E-6
218.825375744	2.1593613E-4	3.6306360016169492E-6
218.823426048	1.7665172E-4	1.8961178511744947E-6
218.821459968	6.962783E-5	9.50984713199432E-7
218.819510272	5.0701692E-5	3.7469405356205243E-7
218.817560576	1.2398403E-4	1.7751632697127206E-7
218.815594496	7.915395E-5	8.047298649671575E-8
218.8136448	2.233611E-4	3.4906406654044986E-8
218.811695104	1.45209E-4	0.0
218.809729024	-1.7538198E-4	0.0
218.807779328	-4.376256E-5	0.0
218.805829632	4.3852746E-5	0.0
218.803879936	3.610583E-5	0.0
218.801913856	-4.6894613E-5	0.0
218.79996416	1.843684E-4	0.0
218.798014464	1.7976324E-4	0.0
218.796048384	1.6264638E-4	0.0
218.794098688	-8.593203E-5	0.0
218.792148992	-6.176189E-5	0.0
218.790182912	-3.0445943E-5	0.0
218.788233216	-4.9109633E-5	0.0
218.78628352	1.3606955E-4	0.0
218.784333824	-3.422672E-5	0.0
218.782367744	-4.0399045E-5	0.0
218.780418048	6.0527494E-5	0.0
218.778468352	8.964716E-5	0.0
218.776502272	6.665196E-5	0.0
218.774552576	9.2801725E-5	0.0
218.77260288	3.0302002E-5	0.0
218.7706368	1.7198586E-6	0.0
218.768687104	9.178664E-5	0.0
218.766737408	1.3493493E-4	0.0
218.764787712	1.8361324E-4	0.0
218.762821632	2.4619664E-4	0.0
218.760871936	2.2014495E-4	0.0
218.75892224	2.2059458E-4	0.0
218.75695616	2.654611E-4	0.0
218.755006464	3.1382678E-4	0.0
218.753056768	3.974543E-4	0.0
218.751090688	2.6202603E-4	0.0
218.749140992	4.7475006E-4	0.0
218.747191296	2.1402861E-4	0.0
218.7452416	9.4329705E-5	0.0
218.74327552	-4.866804E-6	0.0
218.741325824	1.6826749E-4	0.0
218.739376128	1.9937794E-4	0.0
218.737410048	2.3260555E-4	0.0
218.735460352	1.595605E-4	0.0
218.733510656	1.1644719E-4	0.0
218.731544576	1.416697E-4	0.0
218.72959488	1.476502E-4	0.0
218.727645184	-3.969396E-5	0.0
218.725679104	-3.0849073E-6	0.0
218.723729408	2.1810058E-5	0.0
218.721779712	1.10703375E-4	0.0
218.719830016	1.2946504E-4	0.0
218.717863936	-3.3872453E-5	3.366835343854291E-8
218.71591424	1.3990557E-5	7.781046917898493E-8
218.713964544	8.0778E-5	1.720576818797781E-7
218.711998464	-1.5867004E-6	3.6402039427230193E-7
218.710048768	9.276357E-5	7.368712999777927E-7
218.708099072	-2.1371703E-5	1.4271435020418721E-6
218.706132992	7.675364E-5	2.6445181902090553E-6
218.704183296	3.4873836E-5	4.6883915274520405E-6
218.7022336	-1.3701359E-5	7.952196028782055E-6
218.700283904	1.5797224E-4	1.2903971764899325E-5
218.698317824	-1.309063E-5	2.003181361942552E-5
218.696368128	3.2679145E-5	2.9748502129223198E-5
218.694418432	-3.345477E-5	4.226239980198443E-5
218.692452352	-3.9560782E-5	5.743674046243541E-5
218.690502656	9.9414494E-5	7.46771547710523E-5
218.68855296	1.693072E-4	9.289165609516203E-5
218.68658688	-2.2229262E-5	1.1056020593969151E-4
218.684637184	6.474074E-5	1.259219425264746E-4
218.682687488	1.2869944E-4	1.3725599274039268E-4
218.680737792	6.722854E-5	1.4319449837785214E-4
218.678771712	-5.473955E-5	1.4299043687060475E-4
218.676822016	1.4246823E-4	1.3666972517967224E-4
218.67487232	2.2805535E-4	1.250262139365077E-4
218.67290624	8.230647E-6	1.0945980466203764E-4
218.670956544	1.8295887E-5	9.170323755824938E-5
218.669006848	6.520224E-5	7.35097928554751E-5
218.667040768	5.017823E-5	5.6375945860054344E-5
218.665091072	1.576542E-4	4.136230199947022E-5
218.663141376	-1.0435743E-4	2.9030981750111096E-5
218.66119168	-1.9167604E-4	1.949217403307557E-5
218.6592256	4.9204882E-5	1.2520179552666377E-5
218.657275904	-1.1309461E-5	7.69342113926541E-6
218.655326208	9.0871996E-5	4.522779818216804E-6
218.653360128	9.763878E-5	2.543770960983238E-6
218.651410432	-3.0529092E-5	1.3688153330804198E-6
218.649460736	1.20280514E-4	7.047257781778171E-7
218.647494656	6.707301E-5	3.4714116736722644E-7
218.64554496	-6.414982E-6	1.636071687016738E-7
218.643595264	7.376264E-5	7.377653332696354E-8
218.641645568	-1.645957E-4	3.1830815316880035E-8
218.639679488	2.4543111E-5	0.0
218.637729792	4.6421334E-5	0.0
218.635780096	3.509849E-5	0.0
218.633814016	6.9682166E-5	0.0
218.63186432	1.9717841E-5	0.0
218.629914624	1.7873299E-5	0.0
218.627948544	-1.4903436E-4	0.0
218.625998848	-1.232464E-4	0.0
218.624049152	1.8361746E-4	0.0
218.622099456	6.113679E-5	0.0
218.620133376	3.0831285E-5	0.0
218.61818368	6.718506E-5	0.0
218.616233984	9.200073E-5	0.0
218.614267904	1.6710864E-4	0.0
218.612318208	1.3389581E-4	0.0
218.610368512	1.748798E-4	0.0
218.608402432	1.1259664E-4	0.0
218.606452736	5.7851747E-5	0.0
218.60450304	1.9946744E-4	0.0
218.602553344	1.918332E-5	0.0
218.600587264	4.4695593E-5	0.0
218.598637568	1.18542026E-4	0.0
218.596687872	-2.1691001E-5	0.0
218.594721792	1.20225915E-4	0.0
218.592772096	3.4153283E-5	0.0
218.5908224	4.1661635E-5	0.0
218.58885632	-1.9738207E-5	0.0
218.586906624	5.7912953E-6	0.0
218.584956928	4.941795E-5	0.0
218.582990848	1.02524966E-4	0.0
218.581041152	5.447803E-5	0.0
218.579091456	6.167346E-5	0.0
218.57714176	-2.445962E-5	0.0
218.57517568	2.5766374E-5	0.0
218.573225984	9.507709E-5	0.0
218.571276288	6.4055785E-5	0.0
218.569310208	1.4465456E-4	0.0
218.567360512	1.4793462E-4	0.0
218.565410816	8.8513945E-5	0.0
218.563444736	4.7586477E-6	0.0
218.56149504	-2.7723658E-5	0.0
218.559545344	-3.5474604E-5	0.0
218.557595648	4.647564E-5	0.0
218.555629568	1.294995E-4	0.0
218.553679872	1.861669E-4	0.0
218.551730176	7.772597E-5	0.0
218.549764096	3.7411515E-5	0.0
218.5478144	-6.249422E-5	0.0
218.545864704	-3.236016E-5	0.0
218.543898624	-7.909494E-5	0.0
218.541948928	2.1243028E-5	0.0
218.539999232	-1.0812805E-4	0.0
218.538049536	-8.858241E-5	0.0
218.536083456	-4.918184E-5	0.0
218.53413376	-1.3882108E-4	0.0
218.532184064	2.3759985E-5	0.0
218.530217984	8.873621E-5	0.0
218.528268288	4.6526922E-5	0.0
218.526318592	-1.0383171E-4	0.0
218.524352512	-5.9255723E-5	0.0
218.522402816	-5.7351895E-6	0.0
218.52045312	1.1624009E-4	0.0
218.518503424	7.6786324E-5	0.0
218.516537344	-3.0363477E-5	0.0
218.514587648	-4.5939047E-5	0.0
218.512637952	7.186204E-5	0.0
218.510671872	1.6459721E-4	0.0
218.508722176	8.0257974E-5	0.0
218.50677248	-4.1414172E-5	0.0
218.5048064	2.5633216E-4	0.0
218.502856704	1.600243E-4	0.0
218.500907008	3.6414099E-6	0.0
218.498957312	5.9252077E-5	0.0
218.496991232	2.778132E-5	2.1003714323342138E-8
218.495041536	-1.6098802E-5	4.807739273360312E-8
218.49309184	3.255912E-5	1.052846272386887E-7
218.49112576	4.5756195E-5	2.2058063109398063E-7
218.489176064	1.13969756E-4	4.421268613441498E-7
218.487226368	7.172956E-5	8.478121458210808E-7
218.485260288	1.8132132E-4	1.5553432604065165E-6
218.483310592	1.1284047E-4	2.72973329629167E-6
218.481360896	1.4941784E-4	4.583276222547283E-6
218.4794112	2.1321652E-4	7.361850293818861E-6
218.47744512	1.635057E-4	1.1312156857457012E-5
218.475495424	2.3857979E-4	1.662831346038729E-5
218.473545728	2.1598593E-4	2.3382579456665553E-5
218.471579648	2.944448E-4	3.145436494378373E-5
218.469629952	2.6411755E-4	4.047842958243564E-5
218.467680256	2.889568E-4	4.983525650459342E-5
218.465714176	2.425377E-4	5.870070890523493E-5
218.46376448	3.468971E-4	6.615576421609148E-5
218.461814784	1.9940961E-4	7.134000770747662E-5
218.459848704	3.062503E-4	7.361343159573153E-5
218.457899008	4.4994085E-4	7.268543413374573E-5
218.455949312	2.4914762E-4	6.867531919851899E-5
218.453999616	1.8911462E-4	6.208748527569696E-5
218.452033536	9.912168E-5	5.370753206079826E-5
218.45008384	3.680325E-4	4.4449781853472814E-5
218.448134144	3.3303193E-4	3.5195229429518804E-5
218.446168064	2.972383E-4	2.6659889044822194E-5
218.444218368	1.9977413E-4	1.9318817066960037E-5
218.442268672	2.3611722E-4	1.3391977518040221E-5
218.440302592	1.5470348E-4	8.880774657882284E-6
218.438352896	1.7523984E-4	5.633819455397315E-6
218.4364032	1.2710868E-4	3.419085942368838E-6
218.434453504	1.00137724E-4	1.9850601802318124E-6
218.432487424	1.5711924E-4	1.102560759136395E-6
218.430537728	1.7253234E-4	5.858702252226067E-7
218.428588032	2.6448973E-4	2.978340205572749E-7
218.426621952	1.14124094E-4	1.4485165422684076E-7
218.424672256	1.7053529E-4	6.739853830595166E-8
218.42272256	1.03280065E-4	3.000246806550422E-8
218.42075648	-1.5267029E-5	0.0
218.418806784	8.096133E-5	0.0
218.416857088	8.042689E-5	0.0
218.414907392	5.2633022E-5	0.0
218.412941312	2.6855934E-5	0.0
218.410991616	1.274398E-4	0.0
218.40904192	9.148204E-5	0.0
218.40707584	1.318481E-4	0.0
218.405126144	2.3075182E-4	0.0
218.403176448	1.394889E-4	0.0
218.401210368	6.669384E-5	0.0
218.399260672	5.3534164E-5	0.0
218.397310976	1.3740174E-4	0.0
218.39536128	2.1274964E-4	0.0
218.3933952	1.5034495E-4	0.0
218.391445504	2.2859933E-4	0.0
218.389495808	1.0070964E-4	0.0
218.387529728	-2.9110237E-5	0.0
218.385580032	9.427193E-6	0.0
218.383630336	-2.078628E-7	0.0
218.381664256	-2.2339551E-5	0.0
218.37971456	2.8627019E-5	0.0
218.377764864	-8.956135E-5	0.0
218.375815168	1.3421389E-4	1.657230619400707E-8
218.373849088	2.2130107E-4	3.841791951231244E-8
218.371899392	5.743466E-5	8.520099470388232E-8
218.369949696	7.763726E-5	1.8076430308155977E-7
218.367983616	7.538879E-5	3.6688942373075406E-7
218.36603392	-2.3490771E-4	7.123829846023E-7
218.364084224	1.1726832E-5	1.3232545370556181E-6
218.362118144	3.5023255E-5	2.3513680389442015E-6
218.360168448	1.8402535E-4	4.227704721415648E-6
218.358218752	5.433193E-5	7.035724593151826E-6
218.356269056	2.443857E-5	1.1302043276373297E-5
218.354302976	-7.104888E-5	1.7577613107278012E-5
218.35235328	5.164032E-5	2.656476317497436E-5
218.350403584	1.3664216E-4	3.917282083421014E-5
218.348437504	1.5727102E-4	5.660160240950063E-5
218.346487808	-5.3389947E-5	8.043750131037086E-5
218.344538112	8.535551E-5	1.12714602437336E-4
218.342572032	1.5642162E-4	1.5585987421218306E-4
218.340622336	2.2441676E-4	2.1242830553092062E-4
218.33867264	2.0288918E-4	2.8455472784116864E-4
218.336722944	2.7716858E-4	3.731519973371178E-4
218.334756864	3.982922E-4	4.770078230649233E-4
218.332807168	5.455639E-4	5.920703406445682E-4
218.330857472	4.9050635E-4	7.112530875019729E-4
218.328891392	5.0977676E-4	8.249645470641553E-4
218.326941696	8.1064564E-4	9.223491069860756E-4
218.324992	9.777116E-4	9.929862571880221E-4
218.32302592	9.686446E-4	0.0010286315809935331
218.321076224	0.0010203912	0.0010246394667774439
218.319126528	0.001057548	9.80786862783134E-4
218.317160448	8.675001E-4	9.013748494908214E-4
218.315210752	8.0357515E-4	7.94586434494704E-4
218.313261056	6.4938306E-4	6.711723399348557E-4
218.31131136	7.173323E-4	5.427001742646098E-4
218.30934528	3.856934E-4	4.197245871182531E-4
218.307395584	3.0038902E-4	3.103074268437922E-4
218.305445888	2.4564544E-4	2.1923139865975827E-4
218.303479808	1.6329758E-4	1.4799609198234975E-4
218.301530112	3.4051012E-5	9.546943329041824E-5
218.299580416	-5.89608E-5	5.885991777176969E-5
218.297614336	2.3796491E-4	3.468378054094501E-5
218.29566464	8.0825586E-5	1.95460524992086E-5
218.293714944	-3.482524E-5	1.0533815839153249E-5
218.291765248	2.2969176E-5	5.42954421689501E-6
218.289799168	-7.560967E-5	2.6769100713863736E-6
218.287849472	1.1954367E-6	1.2624793725990457E-6
218.285899776	1.5078142E-4	5.69569976960338E-7
218.283933696	1.3325014E-4	2.458215533351904E-7
218.281984	2.0935458E-5	0.0
218.280034304	-3.891801E-5	0.0
218.278068224	9.565581E-6	0.0
218.276118528	-6.9472767E-6	0.0
218.274168832	6.200548E-5	0.0
218.272219136	3.7356567E-5	0.0
218.270253056	-5.4166423E-5	0.0
218.26830336	1.803727E-5	0.0
218.266353664	-1.6240028E-5	0.0
218.264387584	-9.948005E-5	0.0
218.262437888	-5.1122584E-5	0.0
218.260488192	1.4762274E-5	0.0
218.258522112	1.0205756E-4	0.0
218.256572416	4.302646E-5	0.0
218.25462272	6.1264436E-5	0.0
218.252673024	5.00078E-5	0.0
218.250706944	1.6030594E-4	0.0
218.248757248	6.752665E-5	0.0
218.246807552	-1.3773755E-5	0.0
218.244841472	-6.814911E-5	0.0
218.242891776	-1.164366E-5	0.0
218.24094208	-8.839337E-5	0.0
218.238976	-4.6349047E-5	0.0
218.237026304	-6.9033445E-6	0.0
218.235076608	-7.01462E-5	0.0
218.233126912	1.5469093E-4	0.0
218.231160832	2.9628392E-4	0.0
218.229211136	3.731944E-4	0.0
218.22726144	3.3203542E-4	0.0
218.22529536	3.9041048E-4	0.0
218.223345664	4.5480434E-4	0.0
218.221395968	4.1883148E-4	0.0
218.219429888	4.8755825E-4	0.0
218.217480192	5.8305566E-4	0.0
218.215530496	3.9321865E-4	0.0
218.2135808	3.86697E-4	0.0
218.21161472	5.131249E-4	0.0
218.209665024	4.832896E-4	0.0
218.207715328	2.601471E-4	0.0
218.205749248	1.3830973E-4	0.0
218.203799552	1.7423608E-4	0.0
218.201849856	1.9318907E-4	0.0
218.199883776	6.3174375E-5	0.0
218.19793408	1.579634E-4	0.0
218.195984384	1.5003872E-4	0.0
218.194018304	2.7479237E-4	0.0
218.192068608	1.3533724E-4	0.0
218.190118912	1.566164E-5	0.0
218.188169216	-2.5340287E-5	0.0
218.186203136	4.988961E-6	0.0
218.18425344	-5.7844187E-7	0.0
218.182303744	4.958268E-5	0.0
218.180337664	-4.6362333E-5	0.0
218.178387968	3.2465407E-5	0.0
218.176438272	1.3815978E-4	0.0
218.174472192	1.4779245E-4	0.0
218.172522496	-1.4296766E-5	0.0
218.1705728	1.2537098E-4	0.0
218.168623104	9.0457965E-5	0.0
218.166657024	-8.490037E-5	0.0
218.164707328	-7.762665E-6	0.0
218.162757632	-6.854687E-5	0.0
218.160791552	1.446679E-4	0.0
