219.99607808	8.879565E-5	0.0
219.99804416	-7.530949E-5	0.0
219.999993856	-6.421113E-5	0.0
220.001943552	-1.4581847E-4	0.0
220.003909632	-4.3619762E-5	0.0
220.005859328	-4.287616E-5	0.0
220.007809024	-1.613559E-5	0.0
220.009775104	-6.336315E-5	0.0
220.0117248	6.063694E-5	0.0
220.013674496	4.132987E-6	0.0
220.015624192	-4.051105E-5	0.0
220.017590272	3.0350708E-5	0.0
220.019539968	7.140372E-5	0.0
220.021489664	1.1789089E-4	0.0
220.023455744	5.5753957E-5	0.0
220.02540544	1.674426E-5	0.0
220.027355136	2.9393628E-5	0.0
220.029321216	4.686163E-5	1.5871258085553563E-8
220.031270912	-1.1167741E-5	3.634364276194901E-8
220.033220608	1.2687295E-4	7.967143034193214E-8
220.035186688	1.5584055E-4	1.6719879170068452E-7
220.037136384	1.8615958E-4	3.3590683301554236E-7
220.03908608	1.9625902E-4	6.460379040618136E-7
220.041035776	8.93031E-5	1.1894621820829343E-6
220.043001856	-2.761465E-5	2.0964585019100923E-6
220.044951552	3.646452E-5	3.537226575645036E-6
220.046901248	6.426438E-5	5.7131319408654235E-6
220.048867328	1.5527649E-4	8.833107131067663E-6
220.050817024	9.455847E-5	1.3073000445729122E-5
220.05276672	1.1345419E-4	1.8520666344556957E-5
220.0547328	1.17598545E-4	2.5116516553680412E-5
220.056682496	6.920851E-5	3.260564335505478E-5
220.058632192	1.5437174E-4	4.0519949834560975E-5
220.060598272	6.044791E-5	4.820695539820008E-5
220.062547968	2.2521296E-4	5.4908461606828496E-5
220.064497664	2.1191173E-4	5.9879941545659676E-5
220.06644736	9.835201E-5	6.252515595406294E-5
220.06841344	3.7211586E-5	6.251298327697441E-5
220.070363136	4.0159513E-5	5.984496237942949E-5
220.072312832	2.0773346E-4	5.485500514623709E-5
220.074278912	1.22924E-4	4.8141228035092354E-5
220.076228608	1.9712134E-4	4.0448849176755175E-5
220.078178304	2.030242E-4	3.253569229855202E-5
220.080144384	1.13783615E-4	2.5052890123333782E-5
220.08209408	1.4845295E-4	1.846651139203459E-5
220.084043776	1.1897821E-4	1.3029644833295606E-5
220.086009856	1.6627832E-4	8.800361683825031E-6
220.087959552	1.6621289E-4	5.689721547241788E-6
220.089909248	-2.7677397E-5	3.5213529372413177E-6
220.091858944	5.6874833E-5	2.0862271412624978E-6
220.093825024	4.965266E-5	1.1831934898509644E-6
220.09577472	2.9100553E-5	6.423865102078707E-7
220.097724416	5.6219298E-5	3.3387775033588696E-7
220.099690496	-1.308543E-4	1.6612301578788902E-7
220.101640192	-5.7268266E-5	7.91278580436483E-8
220.103589888	-6.0446026E-5	3.608156262657758E-8
220.105555968	-2.7613441E-5	1.5750645232515126E-8
220.107505664	8.2802006E-5	0.0
220.10945536	7.398253E-5	0.0
220.11142144	-2.6818204E-6	0.0
220.113371136	-8.672975E-6	0.0
220.115320832	3.4998007E-5	0.0
220.117270528	6.46574E-5	0.0
220.119236608	-1.5701705E-6	0.0
220.121186304	5.2845385E-6	0.0
220.123136	-5.755932E-5	0.0
220.12510208	3.273303E-5	0.0
220.127051776	-4.1687035E-5	0.0
220.129001472	4.4637522E-6	0.0
220.130967552	9.136479E-5	0.0
220.132917248	1.4697098E-4	0.0
220.134866944	-3.8542075E-5	0.0
220.136833024	-1.0362831E-5	0.0
220.13878272	8.471966E-5	0.0
220.140732416	2.1026655E-5	0.0
220.142682112	4.400538E-5	0.0
220.144648192	3.3014032E-6	0.0
220.146597888	6.655418E-5	0.0
220.148547584	1.3092674E-4	0.0
220.150513664	-9.50159E-6	0.0
220.15246336	-7.7137E-5	0.0
220.154413056	-1.1088738E-4	0.0
220.156379136	-4.528982E-6	0.0
220.158328832	6.0135917E-5	0.0
220.160278528	-2.6854093E-5	0.0
220.162244608	4.1604612E-6	0.0
220.164194304	5.0774408E-5	0.0
220.166144	1.1813226E-5	0.0
220.168093696	1.3853637E-4	0.0
220.170059776	2.4111975E-4	0.0
220.172009472	8.205436E-5	0.0
220.173959168	2.4756615E-4	0.0
220.175925248	1.3139394E-4	0.0
220.177874944	5.428628E-5	0.0
220.17982464	6.244693E-5	0.0
220.18179072	1.317034E-4	0.0
220.183740416	-4.182388E-5	0.0
220.185690112	2.3791286E-5	0.0
220.187656192	5.719408E-6	0.0
220.189605888	-8.557749E-5	0.0
220.191555584	-5.3559565E-5	0.0
220.19350528	-3.9754855E-6	0.0
220.19547136	1.0188533E-5	0.0
220.197421056	2.0734482E-5	0.0
220.199370752	1.5817107E-4	0.0
220.201336832	2.679457E-4	0.0
220.203286528	1.5988613E-4	0.0
220.205236224	1.457708E-4	0.0
220.207202304	1.8038733E-4	0.0
220.209152	2.969649E-4	0.0
220.211101696	3.5108667E-4	0.0
220.213067776	3.038179E-5	0.0
220.215017472	-1.3642474E-4	0.0
220.216967168	-8.802907E-5	0.0
220.218933248	-2.3331046E-5	0.0
220.220882944	9.322208E-5	0.0
220.22283264	1.599003E-4	0.0
220.224782336	5.1129387E-5	0.0
220.226748416	-2.4936107E-5	0.0
220.228698112	-1.5738085E-6	0.0
220.230647808	5.4987973E-5	0.0
220.232613888	7.190987E-5	0.0
220.234563584	5.051844E-5	0.0
220.23651328	1.01653604E-4	0.0
220.23847936	-7.207335E-6	0.0
220.240429056	-8.505332E-5	0.0
220.242378752	6.7889116E-5	0.0
220.244344832	-8.2321685E-6	0.0
220.246294528	-1.2903144E-5	0.0
220.248244224	5.853375E-5	0.0
220.25019392	-2.2837382E-6	0.0
220.25216	-2.4483528E-5	0.0
220.254109696	-8.268565E-5	0.0
220.256059392	-7.540396E-5	0.0
220.258025472	-5.9050133E-5	0.0
220.259975168	4.1145027E-5	0.0
220.261924864	1.343137E-4	0.0
220.263890944	9.688771E-5	0.0
220.26584064	4.0027702E-5	0.0
220.267790336	-1.7450093E-5	0.0
220.269756416	-5.9328686E-5	0.0
220.271706112	-8.2847466E-5	0.0
220.273655808	-1.0294219E-4	0.0
220.275605504	-1.1636764E-4	0.0
220.277571584	-2.7135411E-5	0.0
220.27952128	-1.0536778E-4	0.0
220.281470976	4.414857E-5	0.0
220.283437056	5.542584E-5	0.0
220.285386752	1.1566416E-4	0.0
220.287336448	2.0834965E-4	0.0
220.289302528	1.16023126E-4	0.0
220.291252224	2.9079045E-5	0.0
220.29320192	-7.308616E-6	0.0
220.295168	6.319016E-5	0.0
220.297117696	1.992538E-4	0.0
220.299067392	5.8954854E-5	0.0
220.301017088	4.6329264E-5	0.0
220.302983168	6.983957E-5	0.0
220.304932864	-1.6133203E-5	0.0
220.30688256	9.134375E-5	0.0
220.30884864	3.3529835E-5	0.0
220.310798336	1.15560375E-4	0.0
220.312748032	-1.1589497E-4	0.0
220.314714112	-1.7735545E-4	0.0
220.316663808	-2.1241915E-5	0.0
220.318613504	6.3240856E-5	0.0
220.320579584	-1.05497886E-4	0.0
220.32252928	1.4346423E-5	0.0
220.324478976	-2.8391241E-5	0.0
220.326428672	-9.834054E-5	0.0
220.328394752	-6.832416E-5	0.0
220.330344448	2.2542295E-5	0.0
220.332294144	-9.831754E-7	0.0
220.334260224	3.4466135E-5	0.0
220.33620992	-4.2977354E-5	0.0
220.338159616	4.6777404E-5	0.0
220.340125696	-5.1094703E-5	0.0
220.342075392	-4.0379546E-5	0.0
220.344025088	-1.8044822E-4	0.0
220.345991168	-1.042279E-4	0.0
220.347940864	-1.091755E-5	0.0
220.34989056	4.905865E-5	0.0
220.351840256	1.5273974E-4	0.0
220.353806336	1.23853E-4	0.0
220.355756032	7.968228E-5	0.0
220.357705728	6.361382E-5	0.0
220.359671808	-4.4306627E-5	0.0
220.361621504	-5.105922E-6	0.0
220.3635712	1.3518681E-4	0.0
220.36553728	6.519113E-5	0.0
220.367486976	1.0388939E-4	3.883449650743387E-8
220.369436672	3.198259E-5	8.763064585082248E-8
220.371402752	-4.2423755E-5	1.8935222101390536E-7
220.373352448	1.8653249E-4	3.9179718669402064E-7
220.375302144	3.1050836E-4	7.762924383314385E-7
220.37725184	2.4529774E-4	1.472852090955712E-6
220.37921792	4.8018724E-4	2.675817086128518E-6
220.381167616	7.069568E-4	4.654892109101638E-6
220.383117312	8.1564375E-4	7.753677891741972E-6
220.385083392	0.0010272046	1.2366295777610503E-5
220.387033088	0.0012937221	1.888382939796429E-5
220.388982784	0.001428892	2.760911957011558E-5
220.390948864	0.0016320039	3.864768223138526E-5
220.39289856	0.0016743958	5.179735671845265E-5
220.394848256	0.0014681271	6.646965630352497E-5
220.396814336	0.0013357535	8.167773194145411E-5
220.398764032	0.0012431787	9.611464338377118E-5
220.400713728	0.0012887275	1.0832447878783569E-4
220.402663424	0.0011879082	1.1693915439536795E-4
220.404629504	9.6889556E-4	1.2092682300135493E-4
220.4065792	7.2259E-4	1.1979276314377785E-4
220.408528896	4.198373E-4	1.136787177529186E-4
220.410494976	3.5342708E-4	1.0333428508602083E-4
220.412444672	3.7771254E-4	8.996776159619913E-5
220.414394368	1.434321E-4	7.501723302993923E-5
220.416360448	-3.5000576E-5	5.989915371173993E-5
220.418310144	-8.428665E-5	4.5796175982104614E-5
220.42025984	-1.5954244E-4	3.352435305714607E-5
220.42222592	-1.12806265E-4	2.349640999455005E-5
220.424175616	-1.8807872E-4	1.5767067452543415E-5
220.426125312	-2.0066692E-4	1.0130127520824317E-5
220.428075008	-1.3405019E-4	6.231666702660732E-6
220.430041088	-1.2141906E-4	3.6705682759929914E-6
220.431990784	-9.824291E-5	2.070193204417592E-6
220.43394048	-8.901416E-5	1.1180195542692672E-6
220.43590656	-2.1841569E-4	5.781669756288466E-7
220.437856256	-1.5773311E-4	2.863052657176013E-7
220.439805952	-6.976186E-5	1.357628889309126E-7
220.441772032	-7.026041E-5	6.164640353745199E-8
220.443721728	-1.3175607E-4	1.659999782077648E-8
220.445671424	1.3422048E-4	0.0
220.447637504	1.5432288E-5	0.0
220.4495872	-5.0367762E-5	0.0
220.451536896	-2.4537909E-5	0.0
220.453486592	2.5553465E-5	0.0
220.455452672	1.1437088E-5	0.0
220.457402368	1.2806691E-4	0.0
220.459352064	9.3985065E-5	0.0
220.461318144	1.2412488E-4	0.0
220.46326784	1.6218274E-4	0.0
220.465217536	-2.4640107E-5	0.0
220.467183616	6.0989212E-5	0.0
220.469133312	-1.1791902E-5	0.0
220.471083008	-9.790807E-5	0.0
220.473049088	-1.04252314E-4	0.0
220.474998784	-1.7654256E-5	0.0
220.47694848	-9.698283E-5	0.0
220.478898176	-6.269641E-5	0.0
220.480864256	-1.5832458E-5	0.0
220.482813952	5.4935033E-5	0.0
220.484763648	-5.576194E-5	0.0
220.486729728	-8.647795E-5	0.0
220.488679424	-1.526864E-6	0.0
220.49062912	1.079329E-4	0.0
220.4925952	1.7157478E-4	0.0
220.494544896	2.9735103E-5	0.0
220.496494592	1.1516855E-4	0.0
220.498460672	9.396356E-5	0.0
220.500410368	1.0487319E-4	0.0
220.502360064	1.6853603E-5	0.0
220.504326144	9.048507E-6	0.0
220.50627584	1.3858963E-5	0.0
220.508225536	-1.31908355E-5	0.0
220.510175232	-6.176771E-5	0.0
220.512141312	-2.4718964E-5	0.0
220.514091008	-5.8817463E-5	0.0
220.516040704	-8.174936E-6	0.0
220.518006784	1.9552052E-5	0.0
220.51995648	-3.8020346E-5	0.0
220.521906176	3.59192E-5	0.0
220.523872256	9.610816E-5	0.0
220.525821952	3.372649E-5	0.0
220.527771648	5.7152215E-7	0.0
220.529737728	1.007983E-4	0.0
220.531687424	-3.1189662E-5	0.0
220.53363712	-9.732623E-5	0.0
220.535586816	1.7327564E-4	0.0
220.537552896	6.051546E-5	0.0
220.539502592	4.2256677E-5	0.0
220.541452288	6.9232665E-5	0.0
220.543418368	7.529668E-5	0.0
220.545368064	1.1120322E-5	0.0
220.54731776	1.5741882E-4	0.0
220.54928384	7.157945E-5	0.0
220.551233536	9.612073E-5	0.0
220.553183232	1.0630192E-4	0.0
220.555149312	1.7665057E-4	0.0
220.557099008	1.590837E-4	0.0
220.559048704	1.4661094E-5	0.0
220.5609984	-2.1568518E-5	0.0
220.56296448	1.13436E-4	0.0
220.564914176	1.2717715E-4	0.0
220.566863872	6.679548E-5	0.0
220.568829952	9.6312324E-5	0.0
220.570779648	1.5170327E-4	0.0
220.572729344	2.5499694E-4	0.0
220.574695424	1.5795282E-4	0.0
220.57664512	1.8116047E-4	0.0
220.578594816	2.2497105E-4	0.0
220.580560896	2.346325E-4	0.0
220.582510592	1.9430656E-4	0.0
220.584460288	2.0383853E-4	0.0
220.586409984	3.6101206E-4	0.0
220.588376064	1.862147E-4	0.0
220.59032576	7.372039E-5	0.0
220.592275456	8.6004155E-5	0.0
220.594241536	8.683725E-5	0.0
220.596191232	1.6560654E-4	0.0
220.598140928	1.1841299E-4	0.0
220.600107008	6.501625E-5	0.0
220.602056704	7.330086E-5	0.0
220.6040064	2.3537064E-5	0.0
220.60597248	2.4077988E-5	0.0
220.607922176	1.2554308E-4	0.0
220.609871872	1.4881101E-4	0.0
220.611821568	5.731113E-5	0.0
220.613787648	-2.6968937E-5	0.0
220.615737344	-1.54763E-5	0.0
220.61768704	9.7953285E-5	0.0
220.61965312	-4.477536E-5	0.0
220.621602816	-1.7274183E-4	0.0
220.623552512	-3.5826077E-5	0.0
220.625518592	-6.1609644E-5	0.0
220.627468288	-6.736071E-6	0.0
220.629417984	2.9853905E-5	0.0
220.631384064	9.204157E-5	0.0
220.63333376	1.1358757E-4	0.0
220.635283456	1.2184785E-4	0.0
220.637233152	8.736822E-5	0.0
220.639199232	1.4730454E-4	0.0
220.641148928	2.6585103E-4	0.0
220.643098624	3.0577433E-4	0.0
220.645064704	1.8448742E-4	0.0
220.6470144	8.730929E-5	0.0
220.648964096	8.84441E-5	0.0
220.650930176	9.9641016E-5	0.0
220.652879872	1.11208974E-4	0.0
220.654829568	1.5395768E-4	0.0
220.656795648	1.7706664E-4	0.0
220.658745344	1.1097929E-4	1.6191995300118833E-8
220.66069504	4.0458555E-5	3.695850026019798E-8
220.662644736	2.7472863E-5	8.077813618001528E-8
220.664610816	8.113098E-5	1.6906011524042697E-7
220.666560512	7.986991E-5	3.3880340311043255E-7
220.668510208	1.4570063E-4	6.501580855911016E-7
220.670476288	1.6724919E-4	1.1946624454139965E-6
220.672425984	3.5955588E-4	2.1019804989919066E-6
220.67437568	3.0582346E-4	3.5412631405051798E-6
220.67634176	2.939655E-4	5.712588063033763E-6
220.678291456	1.5104892E-4	8.82350741449045E-6
220.680241152	1.2654978E-4	1.3049091649008915E-5
220.682207232	2.139875E-4	1.8477734556654468E-5
220.684156928	1.6505421E-4	2.505214069969952E-5
220.686106624	2.4028686E-4	3.252216993132606E-5
220.68805632	2.7369504E-4	4.042636282974854E-5
220.6900224	2.7365744E-4	4.811970211449079E-5
220.691972096	1.7600939E-4	5.4849944717716426E-5
220.693921792	2.3784807E-4	5.987554686726071E-5
220.695887872	4.045277E-4	6.259809015318751E-5
220.697837568	3.43438E-4	6.267900607781485E-5
220.699787264	4.0749018E-4	6.010807192069478E-5
220.701753344	3.0513492E-4	5.52055862499401E-5
220.70370304	3.3471477E-4	4.8557238187640905E-5
220.705652736	3.041947E-4	4.089994399691932E-5
220.707618816	3.454599E-4	3.2988649763865396E-5
220.709568512	3.4695526E-4	2.547763506299816E-5
220.711518208	4.255597E-4	1.8840459233615547E-5
220.713467904	2.934622E-4	1.3339928045752458E-5
220.715433984	3.3571903E-4	9.043633326655254E-6
220.71738368	2.3924919E-4	5.870331733603962E-6
220.719333376	3.5631034E-4	3.6485291730059544E-6
220.721299456	2.9939006E-4	2.171278538298793E-6
220.723249152	3.655029E-4	1.2372611308819614E-6
220.725198848	2.2547304E-4	6.750918828402064E-7
220.727164928	3.8308091E-4	3.5271247611490253E-7
220.729114624	3.7514168E-4	1.7645747618644236E-7
220.73106432	3.892386E-4	8.453214661585662E-8
220.7330304	3.6445062E-4	3.877647714034538E-8
220.734980096	2.596053E-4	1.7032528276672565E-8
220.736929792	3.6844623E-4	0.0
220.738879488	3.9279665E-4	0.0
220.740845568	4.074435E-4	0.0
220.742795264	3.697247E-4	0.0
220.74474496	2.540631E-4	0.0
220.74671104	3.937197E-4	0.0
220.748660736	3.3490703E-4	0.0
220.750610432	1.555716E-4	0.0
220.752576512	2.3347315E-4	0.0
220.754526208	1.8293817E-4	0.0
220.756475904	4.9244187E-5	0.0
220.758441984	9.517381E-5	0.0
220.76039168	8.277287E-5	0.0
220.762341376	9.551939E-5	0.0
220.764291072	6.8703936E-5	0.0
220.766257152	6.756871E-5	0.0
220.768206848	1.1660081E-5	0.0
220.770156544	6.234571E-5	0.0
220.772122624	-7.739488E-5	0.0
220.77407232	2.8984894E-5	0.0
220.776022016	9.416318E-5	0.0
220.777988096	1.8093163E-4	0.0
220.779937792	9.541069E-5	0.0
220.781887488	-1.4088154E-4	0.0
220.783853568	-6.7290915E-5	0.0
220.785803264	1.3386148E-4	0.0
220.78775296	9.7313176E-5	0.0
220.789702656	-1.9606861E-5	0.0
220.791668736	-1.14615126E-4	0.0
220.793618432	-6.114462E-5	0.0
220.795568128	-5.9066737E-5	0.0
220.797534208	-1.7527472E-4	0.0
220.799483904	-9.7482196E-5	0.0
220.8014336	4.9739534E-5	0.0
220.80339968	1.2918907E-4	0.0
220.805349376	1.391981E-4	0.0
220.807299072	1.3707478E-4	0.0
220.809265152	9.343352E-5	0.0
220.811214848	5.2342377E-5	0.0
220.813164544	7.937867E-5	0.0
220.815130624	1.6239514E-4	0.0
220.81708032	7.6610486E-5	0.0
220.819030016	1.1502399E-4	0.0
220.820979712	9.608782E-5	0.0
220.822945792	7.5563505E-5	0.0
220.824895488	-9.293356E-5	0.0
220.826845184	-9.984009E-5	0.0
220.828811264	-1.3687526E-4	0.0
220.83076096	3.126221E-5	0.0
220.832710656	1.2037546E-4	0.0
220.834676736	5.538041E-5	0.0
220.836626432	1.4888889E-5	0.0
220.838576128	-1.151949E-4	0.0
220.840542208	3.151809E-5	0.0
220.842491904	-1.6946873E-5	0.0
220.8444416	5.052205E-5	0.0
220.846391296	5.2025407E-5	0.0
220.848357376	6.159254E-6	0.0
220.850307072	8.863174E-6	0.0
220.852256768	1.16562886E-4	0.0
220.854222848	4.2288983E-5	0.0
220.856172544	-4.5319062E-5	0.0
220.85812224	-7.141487E-5	0.0
220.86008832	-1.4992351E-4	0.0
220.862038016	6.3213614E-5	0.0
220.863987712	3.841535E-5	0.0
220.865953792	2.77107E-5	0.0
220.867903488	5.148681E-5	0.0
220.869853184	1.4262138E-5	0.0
220.87180288	-9.387108E-5	0.0
220.87376896	-2.5723817E-5	0.0
220.875718656	-5.055135E-5	0.0
220.877668352	-6.0424686E-6	0.0
220.879634432	1.03015984E-4	0.0
220.881584128	8.462321E-5	0.0
220.883533824	-2.0728843E-5	0.0
220.885499904	1.6530259E-5	0.0
220.8874496	8.255384E-5	0.0
220.889399296	1.0430505E-4	0.0
220.891365376	8.2535385E-5	0.0
220.893315072	6.97579E-5	0.0
220.895264768	-1.5518253E-5	0.0
220.897214464	6.952629E-5	0.0
220.899180544	-7.835716E-6	0.0
220.90113024	-1.9442734E-4	0.0
220.903079936	-1.931041E-5	0.0
220.905046016	5.799277E-5	0.0
220.906995712	-4.155769E-6	0.0
220.908945408	-3.867292E-6	0.0
220.910911488	-3.587561E-5	0.0
220.912861184	-5.2227555E-5	0.0
220.91481088	1.9725627E-5	0.0
220.91677696	-1.1373827E-4	0.0
220.918726656	-8.21066E-5	7.390648093519303E-9
220.920676352	1.40562E-5	1.6718477269250798E-8
220.922626048	1.5867809E-4	3.621767774575346E-8
220.924592128	5.6930392E-5	7.513757083188466E-8
220.926541824	5.037394E-5	1.4927911706763553E-7
220.92849152	7.3119365E-5	2.8402010343597794E-7
220.9304576	3.2536085E-5	5.174979946787062E-7
220.932407296	6.670712E-5	9.029641319102666E-7
220.934356992	1.1782477E-4	1.508813284090138E-6
220.936323072	3.8625218E-5	2.414354185020784E-6
220.938272768	4.106328E-6	3.699699846038129E-6
220.940222464	-7.453873E-5	5.436173069028882E-6
220.942188544	-1.234889E-4	7.645321602467448E-6
220.94413824	-3.0293628E-5	1.0301697329850867E-5
220.946087936	-1.3572227E-5	1.3303400919539854E-5
220.948037632	3.177534E-5	1.6473017240059562E-5
220.950003712	-4.9207197E-6	1.9574034013203345E-5
220.951953408	-5.5645255E-6	2.234704516013153E-5
220.953903104	1.19611366E-4	2.455978756188415E-5
220.955869184	7.910925E-5	2.6059758965857327E-5
220.95781888	3.3052183E-5	2.6813888325705193E-5
220.959768576	-2.4886034E-5	2.692203452170361E-5
220.961734656	4.6545243E-5	2.6596915631671436E-5
220.963684352	1.8063844E-4	2.6112667910638265E-5
220.965634048	6.435725E-5	2.5734363589435816E-5
220.967600128	1.0004445E-4	2.5647448637755588E-5
220.969549824	1.626101E-4	2.5907082090270706E-5
220.97149952	1.7460868E-4	2.6422478185850196E-5
220.973449216	7.2383766E-5	2.6980929760611616E-5
220.975415296	7.521513E-5	2.7304389732307754E-5
220.977364992	6.286993E-5	2.7122201572638005E-5
220.979314688	4.0910777E-6	2.6244988475809805E-5
220.981280768	6.3953E-5	2.4596234652562998E-5
220.983230464	1.28239E-4	2.2244399588089436E-5
220.98518016	1.1618958E-5	1.937407250807155E-5
220.98714624	-6.221285E-5	1.6245943697867915E-5
220.989095936	3.918259E-6	1.3145730008545797E-5
220.991045632	6.130522E-5	1.033830540109193E-5
220.993011712	6.776982E-5	8.037653969950043E-6
220.994961408	7.347862E-5	6.395162017724942E-6
220.996911104	6.676498E-5	5.500286988535663E-6
220.9988608	-6.5688114E-6	5.401953330874676E-6
221.00082688	2.4751247E-5	6.096572178648785E-6
221.002776576	8.7644126E-5	7.545307653344935E-6
221.004726272	9.868132E-5	9.661070180300158E-6
221.006692352	2.5281519E-5	1.229743520525517E-5
221.008642048	6.2982734E-5	1.5241729670378845E-5
221.010591744	1.9958669E-4	1.822056401579175E-5
221.012557824	-1.3389697E-6	2.0922603653161786E-5
221.01450752	-7.789191E-5	2.3038302970235236E-5
221.016457216	9.678366E-5	2.430848871881608E-5
221.018423296	2.517637E-6	2.4567676518927328E-5
221.020372992	8.0572245E-5	2.378686986048706E-5
221.022322688	1.0960221E-4	2.2057731257518753E-5
221.024272384	1.0314844E-5	1.958969733095728E-5
221.026238464	8.901294E-5	1.6662097550579347E-5
221.02818816	3.7885107E-5	1.3572412171924952E-5
221.030137856	5.856172E-5	1.0587681572360452E-5
221.032103936	6.109081E-5	7.909624400781468E-6
221.034053632	-3.8596412E-5	5.658713234879542E-6
221.036003328	6.915027E-5	3.876896244037198E-6
221.037969408	7.356695E-5	2.543652954045683E-6
221.039919104	-6.75244E-5	1.5982268450898118E-6
221.0418688	1.12240356E-4	9.61680598265957E-7
221.04383488	7.621665E-5	5.541614882531576E-7
221.045784576	-3.5638997E-5	3.058129038890911E-7
221.047734272	4.1346135E-5	1.6161934013325663E-7
221.049683968	5.424079E-5	9.210964435624192E-8
221.051650048	3.6738067E-5	6.333844027039959E-8
221.053599744	1.2710587E-4	7.053585449057209E-8
221.05554944	3.3467117E-5	1.1804654320712871E-7
221.05751552	7.387985E-5	2.2174394587182178E-7
221.059465216	7.400686E-5	4.286170280920487E-7
221.061414912	2.4100066E-4	7.934468158055097E-7
221.063380992	3.1936722E-4	1.4066592939343536E-6
221.065330688	2.4698186E-4	2.388255325058708E-6
221.067280384	1.7428848E-4	3.883190856868168E-6
221.069246464	1.728293E-4	6.046554062777432E-6
221.07119616	1.4165793E-4	9.01643761608284E-6
221.073145856	1.7045274E-4	1.2875504580733832E-5
221.075095552	2.0425713E-4	1.7607593690627255E-5
221.077061632	1.05147956E-4	2.3059175873640925E-5
221.079011328	6.6895715E-5	2.8920649128849618E-5
221.080961024	2.0478478E-4	3.47380009770859E-5
221.082927104	1.1865702E-4	3.996256418759003E-5
221.0848768	-2.3450095E-5	4.403217462822795E-5
221.086826496	1.2737534E-5	4.6469809603877366E-5
221.088792576	3.7048634E-5	4.697480471804738E-5
221.090742272	7.089796E-5	4.548357173916884E-5
221.092691968	1.1963331E-4	4.218264439259656E-5
221.094658048	8.046677E-5	3.747050868696533E-5
221.096607744	-2.787005E-5	3.1879040761850774E-5
221.09855744	2.7014245E-5	2.5975457901949994E-5
221.10052352	8.6357126E-5	2.0269684682716615E-5
221.102473216	9.559215E-5	1.5147626072575804E-5
221.104422912	1.0577386E-4	1.0840484719665255E-5
221.106372608	6.301399E-5	7.429452580254292E-6
221.108338688	8.742812E-5	4.876072125625797E-6
221.110288384	1.20160556E-4	3.0647311177744996E-6
221.11223808	9.136709E-5	1.8447105958330212E-6
221.11420416	1.0510372E-4	1.063363924913574E-6
221.116153856	-1.6232636E-5	5.870271593266807E-7
221.118103552	5.9192516E-5	3.103567962625675E-7
221.120069632	1.3720915E-4	1.5714212509010395E-7
221.122019328	1.0674573E-4	7.61998677489828E-8
221.123969024	3.10985E-5	3.538722381790649E-8
221.125935104	3.3014843E-5	1.5738768510686896E-8
221.1278848	1.3397455E-4	0.0
221.129834496	1.5443492E-4	0.0
221.131784192	1.216273E-4	0.0
221.133750272	6.0919392E-5	0.0
221.135699968	4.471505E-5	0.0
221.137649664	1.8491568E-4	0.0
221.139615744	1.3981202E-4	0.0
221.14156544	1.07600215E-4	0.0
221.143515136	1.06496545E-5	0.0
221.145481216	8.395431E-5	0.0
221.147430912	2.3755522E-6	0.0
221.149380608	-1.1396985E-4	0.0
221.151346688	-1.06308704E-4	0.0
221.153296384	2.9321625E-5	0.0
221.15524608	-4.3281503E-5	0.0
221.157195776	-2.4642624E-5	0.0
221.159161856	-3.0091269E-5	0.0
221.161111552	-2.6058817E-5	0.0
221.163061248	-1.5013259E-5	0.0
221.165027328	2.5925063E-5	0.0
221.166977024	3.8870272E-5	0.0
221.16892672	-5.9006754E-5	0.0
221.1708928	-1.3977032E-5	0.0
221.172842496	-2.731617E-6	0.0
221.174792192	3.7241913E-5	0.0
221.176758272	4.688832E-5	0.0
221.178707968	9.946514E-5	0.0
221.180657664	8.908893E-5	0.0
221.18260736	6.308611E-5	0.0
221.18457344	3.905354E-5	0.0
221.186523136	5.9298018E-5	0.0
221.188472832	1.5037296E-4	0.0
221.190438912	1.11531415E-4	0.0
221.192388608	8.710422E-5	0.0
221.194338304	-4.395061E-6	0.0
221.196304384	-6.112812E-5	0.0
221.19825408	8.470109E-5	0.0
221.200203776	2.1766795E-5	0.0
221.202169856	1.909714E-4	0.0
221.204119552	-5.1761996E-5	0.0
221.206069248	7.806327E-6	0.0
221.208018944	1.4387174E-4	0.0
221.209985024	1.590217E-5	0.0
221.21193472	1.4529859E-4	0.0
221.213884416	1.9111973E-5	0.0
221.215850496	7.2739017E-6	0.0
221.217800192	2.9178755E-5	0.0
221.219749888	-9.123997E-6	0.0
221.221715968	-6.6393545E-7	0.0
221.223665664	9.5225505E-6	0.0
221.22561536	4.314778E-5	0.0
221.22758144	1.0432976E-4	0.0
221.229531136	1.5487293E-4	0.0
221.231480832	1.5899677E-4	0.0
221.233430528	1.3245734E-4	0.0
221.235396608	1.2505987E-4	0.0
221.237346304	8.918619E-5	0.0
221.239296	1.03052946E-4	0.0
221.24126208	1.0940794E-4	0.0
221.243211776	1.17628115E-4	0.0
221.245161472	2.1534432E-4	0.0
221.247127552	2.7414097E-4	0.0
221.249077248	3.0793686E-4	0.0
221.251026944	2.1072624E-4	0.0
221.252993024	1.8680062E-4	0.0
221.25494272	1.829315E-4	0.0
221.256892416	2.4423248E-4	0.0
221.258842112	1.14958886E-4	0.0
221.260808192	1.3429318E-4	0.0
221.262757888	2.2210985E-4	0.0
221.264707584	1.7608878E-4	0.0
221.266673664	2.893143E-5	0.0
221.26862336	1.11323265E-4	0.0
221.270573056	2.1544005E-5	0.0
221.272539136	-1.2105568E-5	0.0
221.274488832	9.892943E-5	0.0
221.276438528	9.733355E-5	0.0
221.278404608	1.3139074E-4	0.0
221.280354304	4.0690018E-5	0.0
221.282304	3.6198162E-5	0.0
221.284253696	1.8412054E-5	0.0
221.286219776	5.7056353E-5	0.0
221.288169472	-4.4401564E-5	0.0
221.290119168	9.7019576E-5	0.0
221.292085248	5.7638867E-5	0.0
221.294034944	2.5102705E-5	0.0
221.29598464	-1.0923676E-5	0.0
221.29795072	-6.0592505E-5	0.0
221.299900416	-5.845624E-5	0.0
221.301850112	1.5606762E-4	0.0
221.303816192	9.976666E-5	0.0
221.305765888	-1.2648714E-4	0.0
221.307715584	-1.14643284E-4	0.0
221.30966528	4.0821946E-5	0.0
221.31163136	-8.0109596E-5	0.0
221.313581056	-9.5376825E-5	0.0
221.315530752	-6.069303E-5	0.0
221.317496832	-1.6244438E-5	0.0
221.319446528	-1.5504963E-6	0.0
221.321396224	1.2197346E-4	0.0
221.323362304	1.0991694E-4	0.0
221.325312	6.8385394E-5	0.0
221.327261696	-5.9756178E-5	0.0
221.329227776	1.0404338E-5	0.0
221.331177472	9.927061E-5	0.0
221.333127168	6.9499925E-5	0.0
221.335076864	6.962318E-5	0.0
221.337042944	1.4534332E-4	0.0
221.33899264	1.7821004E-4	0.0
221.340942336	1.479732E-4	0.0
221.342908416	1.4484055E-5	0.0
221.344858112	-6.669605E-5	0.0
221.346807808	-3.132111E-5	0.0
221.348773888	1.7567798E-4	0.0
221.350723584	9.702851E-5	0.0
221.35267328	1.4213841E-4	0.0
221.35463936	2.2236186E-4	0.0
221.356589056	1.2942975E-4	0.0
221.358538752	3.438188E-5	0.0
221.360488448	-1.5244766E-5	0.0
221.362454528	1.2941447E-4	0.0
221.364404224	1.1568692E-4	0.0
221.36635392	9.72405E-5	0.0
221.36832	2.4199206E-5	0.0
221.370269696	-4.2963843E-6	0.0
221.372219392	6.0018774E-5	0.0
221.374185472	8.912906E-5	0.0
221.376135168	1.9958855E-4	0.0
221.378084864	5.9721624E-5	0.0
221.380050944	1.4778024E-4	0.0
221.38200064	2.7310074E-4	0.0
221.383950336	4.28132E-5	0.0
221.385916416	4.1406176E-5	0.0
221.387866112	1.3607107E-4	0.0
221.389815808	1.3404225E-4	0.0
221.391765504	1.5872134E-5	0.0
221.393731584	-1.5995236E-5	0.0
221.39568128	1.4753125E-6	0.0
221.397630976	-1.4030292E-5	0.0
221.399597056	8.918445E-5	0.0
221.401546752	5.9026508E-5	0.0
221.403496448	-3.7312875E-5	0.0
221.405462528	-7.4978348E-6	0.0
221.407412224	-1.831599E-5	0.0
221.40936192	-9.621634E-5	0.0
221.411328	-1.9907446E-5	0.0
221.413277696	-2.783901E-5	0.0
221.415227392	-2.1696803E-6	0.0
221.417177088	6.401761E-5	0.0
221.419143168	1.13242546E-4	0.0
221.421092864	1.0691124E-4	0.0
221.42304256	1.2584463E-4	0.0
221.42500864	-1.10649025E-5	0.0
221.426958336	5.325284E-6	0.0
221.428908032	4.960586E-5	0.0
221.430874112	-2.4516223E-4	0.0
221.432823808	-1.4108614E-4	0.0
221.434773504	-6.587229E-5	0.0
221.436739584	1.0769809E-4	0.0
221.43868928	8.062935E-5	0.0
221.440638976	7.996435E-5	0.0
221.442588672	1.3254826E-5	0.0
221.444554752	-2.7147416E-5	0.0
221.446504448	-1.1712332E-5	0.0
221.448454144	3.594848E-5	0.0
221.450420224	4.2943586E-5	0.0
221.45236992	2.0328658E-5	0.0
221.454319616	8.291219E-5	0.0
221.456285696	2.554453E-5	0.0
221.458235392	-1.0258193E-4	0.0
221.460185088	2.2465316E-5	0.0
221.462151168	-7.154456E-5	0.0
221.464100864	-2.9199426E-5	0.0
221.46605056	6.4055675E-5	0.0
221.468000256	2.8598162E-5	0.0
221.469966336	3.516553E-5	0.0
221.471916032	-3.1533316E-6	0.0
221.473865728	-7.0555393E-7	0.0
221.475831808	4.2068346E-5	0.0
221.477781504	1.1498738E-4	0.0
221.4797312	6.237339E-5	0.0
221.48169728	4.8272002E-5	0.0
221.483646976	1.0463069E-4	0.0
221.485596672	6.251521E-5	0.0
221.487562752	1.3727175E-4	0.0
221.489512448	-8.691355E-5	0.0
221.491462144	8.953803E-6	0.0
221.49341184	5.0210667E-5	0.0
221.49537792	1.0268877E-4	0.0
221.497327616	2.3720517E-4	0.0
221.499277312	2.3245662E-4	0.0
221.501243392	1.7094433E-4	0.0
221.503193088	1.3529828E-4	0.0
221.505142784	1.355282E-5	0.0
221.507108864	-6.008636E-5	0.0
221.50905856	1.9973795E-5	0.0
221.511008256	-1.7293136E-5	0.0
221.512974336	2.7602433E-5	0.0
221.514924032	-5.4577587E-5	0.0
221.516873728	1.7438677E-5	0.0
221.518823424	-5.3614644E-5	0.0
221.520789504	6.582539E-5	0.0
221.5227392	7.619654E-5	0.0
221.524688896	8.522863E-6	0.0
221.526654976	7.893102E-5	0.0
221.528604672	7.170352E-5	0.0
221.530554368	-6.5581303E-6	0.0
221.532520448	5.2654428E-5	0.0
221.534470144	7.0260205E-5	0.0
221.53641984	3.004762E-5	0.0
221.53838592	2.7517857E-5	0.0
221.540335616	-8.594875E-6	0.0
221.542285312	3.884341E-5	0.0
221.544235008	-6.1342184E-6	0.0
221.546201088	-1.03664475E-4	0.0
221.548150784	1.0539642E-5	0.0
221.55010048	1.0599572E-4	0.0
221.55206656	1.1937132E-4	0.0
221.554016256	1.953881E-5	0.0
221.555965952	4.580528E-5	0.0
221.557932032	-8.4977735E-5	0.0
221.559881728	-1.1007439E-4	0.0
221.561831424	-5.0498453E-5	0.0
221.563797504	-2.1065996E-5	0.0
221.5657472	-4.6067627E-5	0.0
221.567696896	8.53531E-5	0.0
221.569646592	6.733795E-5	0.0
221.571612672	4.115987E-5	0.0
221.573562368	8.874131E-5	0.0
221.575512064	1.3335199E-4	0.0
221.577478144	1.9203038E-5	0.0
221.57942784	1.6310496E-5	0.0
221.581377536	8.104978E-5	0.0
221.583343616	1.42455E-4	0.0
221.585293312	9.136415E-5	0.0
221.587243008	-6.3298107E-6	0.0
221.589209088	-7.248001E-5	0.0
221.591158784	-4.644317E-5	0.0
221.59310848	-6.129433E-5	0.0
221.595058176	-6.091014E-6	0.0
221.597024256	3.090115E-5	0.0
221.598973952	5.163995E-7	0.0
221.600923648	5.4081243E-5	0.0
221.602889728	1.9782558E-6	0.0
221.604839424	6.1297564E-5	0.0
221.60678912	-3.2815125E-5	0.0
221.6087552	-6.1282124E-5	0.0
221.610704896	7.3600044E-5	0.0
221.612654592	2.5980942E-5	0.0
221.614620672	-9.4901734E-5	0.0
221.616570368	-3.067739E-5	0.0
221.618520064	1.2601262E-4	0.0
221.62046976	3.6490714E-5	0.0
221.62243584	5.878192E-5	0.0
221.624385536	1.6975762E-4	0.0
221.626335232	1.6062376E-4	0.0
221.628301312	6.3465304E-5	0.0
221.630251008	1.034384E-4	0.0
221.632200704	3.91905E-5	0.0
221.634166784	1.192164E-4	0.0
221.63611648	5.9763365E-6	0.0
221.638066176	1.3193746E-4	0.0
221.640032256	1.1919204E-4	0.0
221.641981952	2.8594437E-5	0.0
221.643931648	6.9258014E-5	0.0
221.645881344	-1.369714E-5	0.0
221.647847424	4.6611105E-5	0.0
221.64979712	1.7705125E-4	0.0
221.651746816	5.315324E-5	0.0
221.653712896	7.633624E-5	0.0
221.655662592	1.0528413E-6	0.0
221.657612288	1.388114E-5	0.0
221.659578368	-1.1007781E-4	0.0
221.661528064	-1.2067588E-5	0.0
221.66347776	2.6091071E-5	0.0
221.66544384	7.6122337E-6	0.0
221.667393536	-7.825821E-6	0.0
221.669343232	2.2506847E-5	0.0
221.671309312	3.734727E-5	0.0
221.673259008	-7.088009E-6	0.0
221.675208704	8.437271E-5	0.0
221.6771584	-4.929057E-5	0.0
221.67912448	-1.1601582E-4	0.0
221.681074176	3.535779E-5	0.0
221.683023872	-1.3857371E-5	0.0
221.684989952	1.6378977E-5	0.0
221.686939648	5.9681606E-5	0.0
221.688889344	-4.06441E-5	0.0
221.690855424	9.534221E-6	0.0
221.69280512	-2.6777609E-5	0.0
221.694754816	-2.08327E-5	0.0
221.696720896	-7.890828E-5	0.0
221.698670592	-1.2422983E-4	0.0
221.700620288	7.437889E-5	0.0
221.702569984	5.6687724E-5	0.0
221.704536064	2.5563739E-5	0.0
221.70648576	-9.259679E-6	0.0
221.708435456	-4.6401303E-5	0.0
221.710401536	-3.206286E-6	0.0
221.712351232	-3.7524693E-5	0.0
221.714300928	1.3122727E-4	0.0
221.716267008	1.7513045E-4	0.0
221.718216704	2.1269293E-4	0.0
221.7201664	2.9360916E-5	0.0
221.72213248	-1.0902454E-4	0.0
221.724082176	2.9233324E-5	0.0
221.726031872	1.45382755E-5	0.0
221.727981568	7.884694E-5	0.0
221.729947648	1.9984418E-5	0.0
221.731897344	3.1139887E-5	0.0
221.73384704	-7.1714644E-6	0.0
221.73581312	-1.8086768E-5	0.0
221.737762816	3.074038E-5	0.0
221.739712512	1.0001596E-4	0.0
221.741678592	1.7086113E-5	0.0
221.743628288	1.7477591E-4	0.0
221.745577984	6.543342E-5	0.0
221.747544064	5.767353E-5	0.0
221.74949376	1.6737711E-5	0.0
221.751443456	1.5686219E-5	0.0
221.753393152	3.7495488E-7	0.0
221.755359232	1.0075389E-4	0.0
221.757308928	1.9939627E-4	0.0
221.759258624	1.3231592E-4	0.0
221.761224704	1.0780595E-4	0.0
221.7631744	2.189295E-4	0.0
221.765124096	1.2653948E-4	0.0
221.767090176	6.6675166E-5	0.0
221.769039872	9.618322E-5	0.0
221.770989568	6.46301E-5	0.0
221.772955648	3.8462236E-5	0.0
221.774905344	9.939797E-5	0.0
221.77685504	1.7466965E-4	0.0
221.778804736	1.8779287E-5	0.0
221.780770816	7.480925E-5	0.0
221.782720512	9.327554E-5	0.0
221.784670208	1.2471263E-4	0.0
221.786636288	2.9238621E-5	0.0
221.788585984	-1.5925223E-6	0.0
221.79053568	7.550684E-5	0.0
221.79250176	9.5464326E-5	0.0
221.794451456	1.1596722E-5	0.0
221.796401152	-6.383241E-7	0.0
221.798367232	2.2781354E-5	0.0
221.800316928	2.1331169E-5	0.0
221.802266624	9.121371E-5	0.0
221.80421632	6.0741888E-5	0.0
221.8061824	1.3483E-4	0.0
221.808132096	-9.94554E-6	0.0
221.810081792	-5.4142325E-5	0.0
221.812047872	3.5665125E-5	0.0
221.813997568	-4.4487682E-5	0.0
221.815947264	6.0772825E-5	0.0
221.817913344	1.389319E-4	0.0
221.81986304	6.2448194E-6	0.0
221.821812736	1.4526401E-5	0.0
221.823778816	-9.4647885E-6	0.0
221.825728512	4.0263734E-5	0.0
221.827678208	6.6332E-5	0.0
221.829627904	6.918162E-5	0.0
221.831593984	2.0080969E-4	0.0
221.83354368	9.322176E-5	0.0
221.835493376	1.8452218E-5	0.0
221.837459456	7.976997E-5	0.0
221.839409152	1.0802359E-4	0.0
221.841358848	-1.5690053E-5	0.0
221.843324928	-5.645883E-5	0.0
221.845274624	7.03075E-5	0.0
221.84722432	1.0849955E-4	0.0
221.8491904	8.091459E-5	0.0
221.851140096	8.552682E-5	0.0
221.853089792	1.21762576E-4	0.0
221.855039488	6.0515693E-5	0.0
221.857005568	6.42094E-5	0.0
221.858955264	-7.8156336E-5	0.0
221.86090496	4.8634083E-5	0.0
221.86287104	1.266641E-4	0.0
221.864820736	5.3793633E-7	0.0
221.866770432	-5.0708015E-5	0.0
