219.99607808	9.962551E-6	0.0
219.99804416	-5.054213E-5	0.0
219.999993856	6.7597146E-5	0.0
220.001943552	5.6715846E-5	0.0
220.003909632	3.0143685E-5	0.0
220.005859328	-2.722676E-5	0.0
220.007809024	5.9728965E-5	0.0
220.009775104	1.045256E-4	0.0
220.0117248	-4.842E-6	0.0
220.013674496	-5.765571E-5	0.0
220.015624192	-1.5521477E-5	0.0
220.017590272	-1.1199906E-5	0.0
220.019539968	-3.561623E-5	0.0
220.021489664	3.3707952E-6	0.0
220.023455744	-2.1798809E-5	0.0
220.02540544	-3.880163E-5	0.0
220.027355136	-5.0849176E-5	0.0
220.029321216	-6.177952E-5	0.0
220.031270912	4.530224E-5	0.0
220.033220608	7.684998E-5	4.180103374551436E-9
220.035186688	6.233184E-5	1.0080520418398464E-8
220.037136384	7.0740534E-5	2.30403784939881E-8
220.03908608	9.250119E-6	4.991218816030596E-8
220.041035776	6.3431675E-5	1.0247941872876254E-7
220.043001856	4.734971E-5	1.9942135054407117E-7
220.044951552	4.9388796E-5	3.6780235745936807E-7
220.046901248	-2.6336067E-5	6.429289101106406E-7
220.048867328	-5.4584245E-5	1.0651609727574396E-6
220.050817024	-9.678005E-5	1.672512212280708E-6
220.05276672	1.1563626E-5	2.4889945962058846E-6
220.0547328	9.0454276E-5	3.5105847473460017E-6
220.056682496	4.9287122E-5	4.692878974310588E-6
220.058632192	1.2910238E-4	5.945729299128288E-6
220.060598272	-1.1690568E-5	7.139781700971071E-6
220.062547968	9.763394E-6	8.126175089273602E-6
220.064497664	9.575964E-5	8.76628837431781E-6
220.06644736	-9.772775E-5	8.963516847870778E-6
220.06841344	-2.249439E-5	8.687120498507284E-6
220.070363136	8.684086E-5	7.980052942002658E-6
220.072312832	8.049678E-5	6.948050213395618E-6
220.074278912	7.5410394E-6	5.733770649385406E-6
220.076228608	1.0469827E-4	4.484663350012852E-6
220.078178304	5.346879E-5	3.3245012218685588E-6
220.080144384	2.2805372E-5	2.335746103199199E-6
220.08209408	-3.7382135E-5	1.5553403045487357E-6
220.084043776	-5.6503628E-5	9.815778412303189E-7
220.086009856	-7.807872E-5	5.87120553063869E-7
220.087959552	4.231872E-5	3.328387379042397E-7
220.089909248	2.4000798E-5	1.7883263581097708E-7
220.091858944	4.282268E-5	9.106788212420724E-8
220.093825024	5.905255E-5	4.3953647832495335E-8
220.09577472	-5.1063278E-5	2.0106384113205422E-8
220.097724416	-5.9485563E-5	8.717330857166417E-9
220.099690496	7.6825156E-5	3.5821345889530676E-9
220.101640192	6.19179E-5	0.0
220.103589888	-3.2383552E-5	0.0
220.105555968	6.0561888E-5	0.0
220.107505664	2.2555283E-5	0.0
220.10945536	3.2606305E-5	0.0
220.11142144	2.3945515E-5	0.0
220.113371136	6.610009E-5	0.0
220.115320832	1.5956804E-5	0.0
220.117270528	7.588638E-5	0.0
220.119236608	-2.9749961E-5	0.0
220.121186304	-1.0508641E-4	0.0
220.123136	-1.6901775E-4	0.0
220.12510208	-1.662936E-4	0.0
220.127051776	-1.0749052E-4	0.0
220.129001472	2.277151E-5	0.0
220.130967552	6.4470216E-5	0.0
220.132917248	2.8034603E-5	0.0
220.134866944	-2.1816918E-6	0.0
220.136833024	1.997856E-5	0.0
220.13878272	1.0178367E-4	0.0
220.140732416	7.005456E-5	0.0
220.142682112	9.081586E-5	0.0
220.144648192	-1.788433E-5	0.0
220.146597888	-2.2237535E-5	0.0
220.148547584	7.544383E-5	0.0
220.150513664	1.7047689E-5	0.0
220.15246336	3.8060334E-5	0.0
220.154413056	2.5193967E-5	0.0
220.156379136	-4.2984433E-5	0.0
220.158328832	-1.1528261E-4	0.0
220.160278528	-8.022102E-5	0.0
220.162244608	-7.567467E-5	0.0
220.164194304	2.6779035E-5	0.0
220.166144	4.617326E-5	0.0
220.168093696	2.7901686E-5	0.0
220.170059776	9.1924805E-5	0.0
220.172009472	9.028946E-5	0.0
220.173959168	5.1750267E-5	4.737522019127027E-8
220.175925248	-5.6853354E-5	1.1382168452200858E-7
220.177874944	-5.0724786E-5	2.5954878424272465E-7
220.17982464	3.0851766E-5	5.617247893496824E-7
220.18179072	7.196592E-5	1.153788957708457E-6
220.183740416	2.9255232E-5	2.2491640265798196E-6
220.185690112	4.9599304E-5	4.160860498814145E-6
220.187656192	3.6874004E-5	7.3043638622039E-6
220.189605888	-3.3607703E-5	1.2167241948191077E-5
220.191555584	5.975035E-6	1.9229910321882926E-5
220.19350528	6.5973865E-5	2.883462730096653E-5
220.19547136	-9.953045E-5	4.1020230128197E-5
220.197421056	6.9316197E-6	5.536790922633372E-5
220.199370752	2.029262E-4	7.091779843904078E-5
220.201336832	1.7001075E-4	8.621549204690382E-5
220.203286528	-1.8695386E-6	9.951036918209866E-5
220.205236224	8.126081E-5	1.0907404066529125E-4
220.207202304	9.115099E-5	1.13563088234514E-4
220.209152	8.571105E-5	1.123211914091371E-4
220.211101696	2.0223556E-4	1.0553141328273341E-4
220.213067776	3.1255073E-5	9.41737525863573E-5
220.215017472	6.600985E-5	7.97992615844123E-5
220.216967168	6.945275E-5	6.419013516278937E-5
220.218933248	3.98148E-5	4.900345447822474E-5
220.220882944	8.979973E-5	3.5496883356245235E-5
220.22283264	1.229282E-4	2.4395721993641928E-5
220.224782336	1.0061847E-4	1.590680403751321E-5
220.226748416	5.0287094E-6	9.840427082963288E-6
220.228698112	-4.998579E-6	5.7760894378589E-6
220.230647808	-5.129544E-5	3.2171717521123355E-6
220.232613888	-9.9622075E-6	1.7004678056764533E-6
220.234563584	7.807316E-5	8.529789283784339E-7
220.23651328	1.8683557E-5	4.0607366713629744E-7
220.23847936	-1.359356E-4	1.834745120277148E-7
220.240429056	-5.2528153E-6	7.867961215879404E-8
220.242378752	5.9280854E-5	3.202326581686066E-8
220.244344832	-3.7776244E-5	0.0
220.246294528	6.340129E-5	0.0
220.248244224	1.306306E-4	0.0
220.25019392	-1.9911135E-5	0.0
220.25216	-8.0209924E-5	0.0
220.254109696	3.4419416E-5	0.0
220.256059392	4.009328E-5	0.0
220.258025472	-6.111766E-5	0.0
220.259975168	1.3389542E-5	0.0
220.261924864	7.3125186E-5	0.0
220.263890944	7.4647E-6	0.0
220.26584064	5.568899E-5	0.0
220.267790336	5.8259135E-5	0.0
220.269756416	2.9404098E-5	0.0
220.271706112	-8.398141E-5	0.0
220.273655808	2.9867097E-5	0.0
220.275605504	5.293485E-5	0.0
220.277571584	-6.656971E-5	0.0
220.27952128	-1.0167962E-4	0.0
220.281470976	-8.287896E-5	0.0
220.283437056	4.599257E-5	0.0
220.285386752	1.5147551E-4	0.0
220.287336448	2.6400947E-5	0.0
220.289302528	-4.086131E-5	0.0
220.291252224	2.722716E-5	0.0
220.29320192	1.11645706E-4	0.0
220.295168	4.8132573E-5	0.0
220.297117696	6.384384E-5	0.0
220.299067392	4.090752E-5	0.0
220.301017088	6.073948E-5	0.0
220.302983168	5.500342E-5	0.0
220.304932864	1.731329E-5	0.0
220.30688256	6.5672146E-5	0.0
220.30884864	7.576467E-5	0.0
220.310798336	6.4368745E-5	0.0
220.312748032	-5.892631E-5	0.0
220.314714112	-6.536518E-5	0.0
220.316663808	6.3235064E-5	0.0
220.318613504	1.7931295E-4	0.0
220.320579584	-8.002919E-5	0.0
220.32252928	-1.18101765E-4	0.0
220.324478976	-5.6190565E-5	0.0
220.326428672	-2.4110965E-4	0.0
220.328394752	-1.04234314E-4	0.0
220.330344448	-6.57319E-5	0.0
220.332294144	-1.4172029E-4	0.0
220.334260224	-1.3296623E-4	0.0
220.33620992	-5.391797E-5	0.0
220.338159616	-2.340133E-6	0.0
220.340125696	-1.3902296E-4	0.0
220.342075392	-1.4381237E-4	0.0
220.344025088	-1.1691961E-4	0.0
220.345991168	-8.0354075E-5	0.0
220.347940864	-5.7026806E-5	0.0
220.34989056	-6.471029E-6	0.0
220.351840256	1.489406E-4	0.0
220.353806336	7.310062E-5	0.0
220.355756032	1.3641772E-4	0.0
220.357705728	2.6003586E-6	0.0
220.359671808	-5.4655084E-5	0.0
220.361621504	-5.5335822E-5	0.0
220.3635712	-5.2795902E-5	7.980866030266043E-7
220.36553728	-3.4838824E-5	2.0867184957751306E-6
220.367486976	7.56842E-5	5.107269316795282E-6
220.369436672	-6.105635E-5	1.1747874850698281E-5
220.371402752	-1.567676E-5	2.5374316464876756E-5
220.373352448	3.6075162E-5	5.140015855431557E-5
220.375302144	1.03836624E-4	9.75050643319264E-5
220.37725184	1.3295776E-4	1.7287666560150683E-4
220.37921792	2.2489965E-4	2.8592508169822395E-4
220.381167616	4.1373126E-4	4.405205836519599E-4
220.383117312	6.384538E-4	6.320690154097974E-4
220.385083392	8.5441314E-4	8.457482326775789E-4
220.387033088	0.0010334771	0.0010587441502138972
220.388982784	0.0012130465	0.0012458506971597672
220.390948864	0.0013445158	0.0013855124125257134
220.39289856	0.001472761	0.0014633412938565016
220.394848256	0.0013798561	0.0014725386863574386
220.396814336	0.0013902101	0.0014129207702353597
220.398764032	0.0012420798	0.00129047897644341
220.400713728	0.0010844821	0.0011178400600329041
220.402663424	9.486709E-4	9.141974151134491E-4
220.404629504	7.481534E-4	7.029477274045348E-4
220.4065792	4.7049113E-4	5.067713209427893E-4
220.408528896	2.3718172E-4	3.4224000410176814E-4
220.410494976	2.8730516E-4	2.16750442632474E-4
220.412444672	2.4326975E-4	1.291172084165737E-4
220.414394368	6.318009E-5	7.265310705406591E-5
220.416360448	-1.2764774E-4	3.882963574142195E-5
220.418310144	-2.95403E-4	1.984162190638017E-5
220.42025984	-2.1938402E-4	9.76731644186657E-6
220.42222592	-1.5229269E-4	4.669220288633369E-6
220.424175616	-9.6860815E-5	2.1840044155396754E-6
220.426125312	-1.043676E-4	1.0051546723843785E-6
220.428075008	-9.848423E-5	3.0620856250607176E-7
220.430041088	-1.8486114E-4	1.549144457158036E-7
220.431990784	-1.8821699E-4	7.430871562519314E-8
220.43394048	-6.7606656E-5	3.3795991782881174E-8
220.43590656	-2.3194357E-4	1.457351395117712E-8
220.437856256	-1.587276E-5	5.958548765505611E-9
220.439805952	-3.4089546E-5	0.0
220.441772032	-4.6919387E-5	0.0
220.443721728	-1.09563945E-4	0.0
220.445671424	-7.759398E-5	0.0
220.447637504	-4.4084063E-5	0.0
220.4495872	-8.650134E-6	0.0
220.451536896	-5.1592182E-5	0.0
220.453486592	-1.0396163E-4	0.0
220.455452672	-5.6038927E-5	0.0
220.457402368	-2.358983E-5	0.0
220.459352064	7.394885E-5	0.0
220.461318144	4.794016E-6	0.0
220.46326784	4.9582963E-5	0.0
220.465217536	-1.6938688E-5	0.0
220.467183616	4.8587364E-5	0.0
220.469133312	-7.2304642E-6	0.0
220.471083008	-1.2094095E-4	0.0
220.473049088	-6.3395426E-5	0.0
220.474998784	-7.9719E-5	0.0
220.47694848	-1.4252361E-4	0.0
220.478898176	-8.409149E-5	0.0
220.480864256	-1.0858894E-4	0.0
220.482813952	-7.494609E-5	0.0
220.484763648	-9.462171E-5	0.0
220.486729728	-4.9817852E-5	0.0
220.488679424	1.4374347E-4	0.0
220.49062912	9.60806E-5	0.0
220.4925952	6.67818E-5	0.0
220.494544896	1.2113281E-5	0.0
220.496494592	-2.5575075E-5	0.0
220.498460672	-1.0244245E-4	0.0
220.500410368	-2.494438E-5	0.0
220.502360064	-1.7750845E-5	0.0
220.504326144	-9.6738164E-5	0.0
220.50627584	-4.229789E-5	0.0
220.508225536	-5.7941794E-5	0.0
220.510175232	-3.634393E-5	0.0
220.512141312	-1.1552383E-5	0.0
220.514091008	-2.6529265E-6	0.0
220.516040704	5.72173E-6	0.0
220.518006784	-6.343665E-5	0.0
220.51995648	-2.2801538E-5	0.0
220.521906176	-4.5739154E-5	1.877041274148117E-12
220.523872256	-4.235758E-5	2.40246542659861E-8
220.525821952	-2.0211282E-5	4.010736631698819E-8
220.527771648	-1.0083498E-4	7.457786210807171E-8
220.529737728	-4.103187E-5	1.2716743924556795E-7
220.531687424	-2.1995493E-5	2.1609257316868025E-7
220.53363712	1.5646063E-5	3.65382106792822E-7
220.535586816	6.3894295E-5	6.127829124125128E-7
220.537552896	-1.1180334E-5	1.014738813864824E-6
220.539502592	2.7612737E-6	1.6642011360090692E-6
220.541452288	-8.082853E-5	2.650494934641756E-6
220.543418368	-6.851634E-6	4.107562745048199E-6
220.545368064	-4.5588586E-5	6.171023414935917E-6
220.54731776	-4.108557E-5	8.963145774032455E-6
220.54928384	1.0698645E-5	1.2564762073452584E-5
220.551233536	-5.3152867E-6	1.698819141893182E-5
220.553183232	4.451616E-5	2.2161058950587176E-5
220.555149312	2.6365076E-5	2.7930818760069087E-5
220.557099008	3.4668894E-5	3.409356941119768E-5
220.559048704	1.5851449E-5	4.044276283821091E-5
220.5609984	-1.0430797E-4	4.68230209662579E-5
220.56296448	-1.01469E-5	5.3169984312262386E-5
220.564914176	8.209897E-5	5.951905041001737E-5
220.566863872	-2.7682629E-5	6.597672472707927E-5
220.568829952	-3.3077693E-5	7.266080501722172E-5
220.570779648	5.5267756E-5	7.962849485920742E-5
220.572729344	4.583273E-5	8.681443432578817E-5
220.574695424	1.1672715E-6	9.399977716384456E-5
220.57664512	7.220373E-5	1.0082089283969253E-4
220.578594816	3.4982808E-5	1.0681488492991775E-4
220.580560896	1.3383648E-5	1.1148913472425193E-4
220.582510592	3.790198E-5	1.143984409281984E-4
220.584460288	1.0163079E-4	1.152126060333103E-4
220.586409984	1.5103276E-4	1.1377505143173039E-4
220.588376064	1.3169425E-4	1.1008707224391401E-4
220.59032576	1.2552618E-5	1.0434750583954155E-4
220.592275456	-4.3196775E-5	9.689790749689564E-5
220.594241536	-3.4997192E-5	8.818498463369906E-5
220.596191232	6.5173175E-5	7.870980334701017E-5
220.598140928	8.448779E-5	6.897698040120304E-5
220.600107008	1.07055625E-4	5.946161400061101E-5
220.602056704	5.544692E-5	5.0563685363158584E-5
220.6040064	-7.1756617E-6	4.260434798197821E-5
220.60597248	5.8825277E-5	3.581604323699139E-5
220.607922176	2.4265191E-5	3.034543442481663E-5
220.609871872	2.8327067E-5	2.6260628146701492E-5
220.611821568	-1.2845408E-5	2.3558881366625428E-5
220.613787648	-8.2399194E-5	2.2172753233462572E-5
220.615737344	-3.5955683E-5	2.1974319679429755E-5
220.61768704	3.8070506E-5	2.2778503989684395E-5
220.61965312	2.2268188E-5	2.434857924527023E-5
220.621602816	-9.736767E-5	2.6405401513329707E-5
220.623552512	7.0632675E-5	2.865538772311993E-5
220.625518592	4.3330558E-5	3.077654037042521E-5
220.627468288	1.6458845E-5	3.2491381716681644E-5
220.629417984	3.9923023E-5	3.3569180232007056E-5
220.631384064	1.260181E-4	3.384933734196238E-5
220.63333376	1.8679874E-4	3.3295596949756145E-5
220.635283456	6.947047E-5	3.194031887687743E-5
220.637233152	9.3948016E-5	2.992936788359657E-5
220.639199232	9.095204E-5	2.7489801141200587E-5
220.641148928	9.430221E-5	2.4904682504711673E-5
220.643098624	9.975397E-5	2.2482545318780467E-5
220.645064704	8.3538886E-5	2.0525456420728005E-5
220.6470144	-5.4270017E-6	1.9286442693555728E-5
220.648964096	-1.298705E-4	1.899812377814669E-5
220.650930176	-7.417562E-5	1.9760158465942368E-5
220.652879872	-8.57561E-5	2.162250348192174E-5
220.654829568	6.721727E-5	2.4475692043779418E-5
220.656795648	3.2853222E-5	2.815805964928586E-5
220.658745344	1.13222406E-4	3.241000740672462E-5
220.66069504	3.586781E-5	3.6912326322635636E-5
220.662644736	-2.7859478E-5	4.1327708458993584E-5
220.664610816	1.1642264E-5	4.5334767492022365E-5
220.666560512	-2.3607772E-5	4.8692461859900504E-5
220.668510208	2.3212651E-5	5.12791084474884E-5
220.670476288	4.7929894E-5	5.313015208230354E-5
220.672425984	1.6880641E-4	5.445439455797896E-5
220.67437568	2.205401E-4	5.564247476286255E-5
220.67634176	2.138131E-4	5.717252497561276E-5
220.678291456	1.4052141E-4	5.9606682043522596E-5
220.680241152	1.0888623E-4	6.34881216683425E-5
220.682207232	-2.0994743E-5	6.92046814947389E-5
220.684156928	7.284876E-5	7.693311636103317E-5
220.686106624	1.793248E-4	8.656129648443311E-5
220.68805632	1.5129539E-4	9.76960509433411E-5
220.6900224	2.5872523E-5	1.0961023508571088E-4
220.691972096	8.774238E-5	1.214719086419791E-4
220.693921792	1.4204334E-4	1.3233307981863618E-4
220.695887872	2.1982781E-4	1.4139748236630112E-4
220.697837568	1.4207783E-4	1.4809983258601278E-4
220.699787264	1.6255252E-4	1.5221477951854467E-4
220.701753344	6.236636E-5	1.5389116015285254E-4
220.70370304	2.4196252E-4	1.536216732347384E-4
220.705652736	1.7939246E-4	1.5215545136015862E-4
220.707618816	1.6916351E-4	1.5037566481623799E-4
220.709568512	1.2069409E-4	1.4916504733264446E-4
220.711518208	1.6715433E-4	1.492825394961983E-4
220.713467904	1.4871484E-4	1.512698654551059E-4
220.715433984	2.0545756E-4	1.5539345622528344E-4
220.71738368	1.5755533E-4	1.6162068641278893E-4
220.719333376	2.6615142E-4	1.6965929535217583E-4
220.721299456	1.0947255E-4	1.7894833581522107E-4
220.723249152	1.6916686E-4	1.887495891423896E-4
220.725198848	1.16930554E-4	1.9819806038867682E-4
220.727164928	2.0335449E-4	2.0637379202526063E-4
220.729114624	2.6603017E-4	2.123771409969777E-4
220.73106432	2.9762893E-4	2.1540765010286123E-4
220.7330304	2.6097064E-4	2.148472412955016E-4
220.734980096	1.6554512E-4	2.1031709911767393E-4
220.736929792	2.7522712E-4	2.0173720258753747E-4
220.738879488	1.5062484E-4	1.8934275431092829E-4
220.740845568	1.6389225E-4	1.7367012333124876E-4
220.742795264	1.5813825E-4	1.5550458920188248E-4
220.74474496	2.8163548E-5	1.3579675578512251E-4
220.74671104	1.521351E-4	1.155408172053285E-4
220.748660736	1.2182524E-4	9.576278534950688E-5
220.750610432	7.3965064E-5	7.726126932539046E-5
220.752576512	5.7785193E-5	6.069383744033985E-5
220.754526208	-3.2549255E-5	4.651448398362845E-5
220.756475904	-5.337597E-5	3.5008379200007766E-5
220.758441984	-9.633571E-5	2.6351690394221805E-5
220.76039168	4.2158197E-5	2.0661023881984875E-5
220.762341376	1.0040348E-4	1.798338780645281E-5
220.764291072	3.506414E-5	1.819407771108672E-5
220.766257152	-5.2928877E-5	2.082793798763305E-5
220.768206848	3.3595312E-5	2.4938131900853477E-5
220.770156544	9.52512E-5	2.9195498427725397E-5
220.772122624	-1.0028953E-4	3.2107378501677886E-5
220.77407232	-2.9271392E-5	3.2555362849961966E-5
220.776022016	-4.0923518E-5	3.0177432563505135E-5
220.777988096	9.7402495E-5	2.5473160349065438E-5
220.779937792	1.0591813E-4	1.952539969352074E-5
220.781887488	-3.13803E-5	1.3605774256575387E-5
220.783853568	-2.1632335E-5	8.603196874901187E-6
220.785803264	-1.50656515E-5	4.925127541355323E-6
220.78775296	-2.0129311E-5	2.5635570182203082E-6
220.789702656	-4.6578232E-5	1.210265622830775E-6
220.791668736	-5.899712E-5	5.182566837902414E-7
220.793618432	-1.0588981E-4	2.0130212874391873E-7
220.795568128	-2.928916E-5	7.092408793596405E-8
220.797534208	-7.883412E-5	2.2666780452595958E-8
220.799483904	-7.773231E-5	0.0
220.8014336	2.376769E-5	0.0
220.80339968	3.310251E-5	0.0
220.805349376	-1.1344951E-4	0.0
220.807299072	-7.353765E-5	0.0
220.809265152	-4.1789983E-5	0.0
220.811214848	-3.5970838E-6	0.0
220.813164544	2.2835116E-5	0.0
220.815130624	1.0576848E-4	0.0
220.81708032	-3.832587E-5	0.0
220.819030016	4.378363E-5	0.0
220.820979712	1.0572884E-4	0.0
220.822945792	1.0743553E-5	0.0
220.824895488	-4.1420903E-5	0.0
220.826845184	7.904982E-5	0.0
220.828811264	-8.141253E-5	0.0
220.83076096	-5.7694222E-5	0.0
220.832710656	-3.7412883E-5	0.0
220.834676736	-6.165196E-5	0.0
220.836626432	-1.4409891E-4	0.0
220.838576128	-8.545785E-5	0.0
220.840542208	1.5762129E-5	0.0
220.842491904	2.6412079E-5	0.0
220.8444416	9.565411E-5	0.0
220.846391296	1.7556147E-5	0.0
220.848357376	5.6379376E-5	0.0
220.850307072	-5.904712E-6	0.0
220.852256768	3.3271735E-5	0.0
220.854222848	7.680804E-5	0.0
220.856172544	2.5016667E-5	0.0
220.85812224	-3.6483016E-5	0.0
220.86008832	-5.305406E-6	0.0
220.862038016	-2.4331614E-5	0.0
220.863987712	-1.8271934E-5	0.0
220.865953792	3.882249E-5	0.0
220.867903488	-2.8477702E-5	0.0
220.869853184	-4.908995E-5	0.0
220.87180288	-9.2001384E-5	0.0
220.87376896	2.645143E-7	0.0
220.875718656	3.8100643E-5	0.0
220.877668352	-5.396894E-6	0.0
220.879634432	-2.5058103E-5	0.0
220.881584128	-2.5089841E-5	0.0
220.883533824	-2.0658157E-5	0.0
220.885499904	4.5660276E-5	0.0
220.8874496	2.1958494E-5	0.0
220.889399296	7.764926E-5	0.0
220.891365376	-5.535006E-6	0.0
220.893315072	-1.4955799E-5	0.0
220.895264768	-1.1976144E-4	0.0
220.897214464	3.289631E-5	0.0
220.899180544	9.942179E-6	0.0
220.90113024	-6.142402E-5	0.0
220.903079936	5.2739186E-5	0.0
220.905046016	3.1605337E-5	0.0
220.906995712	2.8861385E-5	0.0
220.908945408	-4.54095E-6	0.0
220.910911488	-3.3805944E-5	0.0
220.912861184	-2.0307238E-5	0.0
220.91481088	5.845026E-5	0.0
220.91677696	-1.946362E-5	0.0
220.918726656	3.3120177E-5	0.0
220.920676352	-8.3715444E-5	4.675829168299117E-10
220.922626048	7.036373E-5	1.172639541024978E-9
220.924592128	8.612206E-6	2.7885158626617113E-9
220.926541824	-3.4115375E-5	6.2874656592271094E-9
220.92849152	-7.411232E-5	1.3442365442983828E-8
220.9304576	-1.3402571E-5	2.7250672829381983E-8
220.932407296	1.11335314E-4	5.238089784143085E-8
220.934356992	2.0381838E-5	9.546970858309578E-8
220.936323072	-4.0488794E-5	1.649891885335819E-7
220.938272768	-3.8650436E-5	2.7036099936594837E-7
220.940222464	-6.250098E-5	4.2007408751487674E-7
220.942188544	-1.444773E-4	6.193242256813392E-7
220.94413824	-9.680963E-6	8.656555223751639E-7
220.946087936	-9.172999E-6	1.1478055057523306E-6
220.948037632	-1.7237002E-5	1.4442802012126776E-6
220.950003712	-5.52023E-5	1.7257739273190964E-6
220.951953408	6.873697E-5	1.960562030944857E-6
220.953903104	6.3677166E-5	2.1220066628302447E-6
220.955869184	-9.982813E-6	2.1961177480989136E-6
220.95781888	-1.6046937E-6	2.186551228078315E-6
220.959768576	-8.4754756E-5	2.1150092379684793E-6
220.961734656	1.799429E-5	2.01635384655674E-6
220.963684352	5.4578737E-5	1.9294925550639164E-6
220.965634048	5.141806E-5	1.8866368236558628E-6
220.967600128	3.1661522E-5	1.9041402765651583E-6
220.969549824	7.2256844E-5	1.97772828869347E-6
220.97149952	6.083785E-5	2.083618255710462E-6
220.973449216	-2.7493948E-5	2.185203129556612E-6
220.975415296	6.9101174E-5	2.2432450350606814E-6
220.977364992	-3.249395E-6	2.2264739527599886E-6
220.979314688	-1.6142335E-4	2.1194775854382897E-6
220.981280768	-1.2615118E-4	1.9257154235674534E-6
220.983230464	4.9133352E-5	1.6660399069223786E-6
220.98518016	1.1338667E-4	1.370221752949874E-6
220.98714624	1.9623261E-5	1.0718200655901455E-6
220.989095936	-6.1492035E-5	7.998957585186872E-7
220.991045632	-5.1388557E-5	5.750123932557472E-7
220.993011712	-5.3085936E-5	4.09988587080079E-7
220.994961408	-5.1681086E-6	3.092335418841685E-7
220.996911104	1.2039205E-4	2.7394133894631523E-7
220.9988608	6.9510344E-5	3.039947102934093E-7
221.00082688	-1.9137002E-5	3.990490426986071E-7
221.002776576	-3.3681466E-5	5.575889758802077E-7
221.004726272	8.949478E-5	7.743664696135966E-7
221.006692352	5.9033937E-5	1.0373113354944508E-6
221.008642048	-3.24073E-5	1.3254438044896233E-6
221.010591744	4.4544056E-5	1.609194669072167E-6
221.012557824	2.2936427E-5	1.8534836954131606E-6
221.01450752	6.5690006E-6	2.0254326500435127E-6
221.016457216	1.0563914E-4	2.098759523505578E-6
221.018423296	-1.5895883E-5	2.0621671410481213E-6
221.020372992	1.4900336E-5	1.921327111631399E-6
221.022322688	7.7573415E-5	1.6974375967038213E-6
221.024272384	-1.336551E-4	1.421999172634969E-6
221.026238464	-1.0379407E-4	1.1295803687971784E-6
221.02818816	5.5828645E-5	8.508346240887477E-7
221.030137856	1.9375937E-5	6.076892304918147E-7
221.032103936	-5.8629015E-5	4.115544527394377E-7
221.034053632	5.4500456E-6	3.013506102433894E-7
221.036003328	-1.1818786E-4	2.514175321266521E-7
221.037969408	-9.1443675E-5	3.0268836326285964E-7
221.039919104	-1.14117516E-4	5.126022415424814E-7
221.0418688	-4.5755525E-5	9.91394472293905E-7
221.04383488	-8.1435013E-7	1.927777475430048E-6
221.045784576	-3.076628E-5	3.613222361309454E-6
221.047734272	3.5145047E-5	6.453821697505191E-6
221.049683968	6.841316E-5	1.0953111086564604E-5
221.051650048	1.1750946E-4	1.7648802895564586E-5
221.053599744	3.968721E-5	2.6993573555955663E-5
221.05554944	-1.1672567E-5	3.9184626075439155E-5
221.05751552	4.7367186E-5	5.3988977015251294E-5
221.059465216	3.9003196E-5	7.061291398713365E-5
221.061414912	1.331493E-4	8.769168198341504E-5
221.063380992	1.2217407E-4	1.0343480244046077E-4
221.065330688	2.2091682E-4	1.1592454393394291E-4
221.067280384	1.841182E-4	1.234966766787693E-4
221.069246464	7.6039556E-5	1.2510332453530282E-4
221.07119616	4.4895485E-5	1.2055220577167347E-4
221.073145856	6.7072375E-5	1.1055006325477734E-4
221.075095552	4.9142156E-5	9.653760935179889E-5
221.077061632	-2.529287E-5	8.036355575313792E-5
221.079011328	-5.9590344E-5	6.389468035195023E-5
221.080961024	-4.6948658E-6	4.867077950621024E-5
221.082927104	-1.2155173E-6	3.5693072277354077E-5
221.0848768	3.448525E-5	2.5378752980032004E-5
221.086826496	-5.968915E-6	1.7658701835898682E-5
221.088792576	3.3954177E-5	1.2157505807408597E-5
221.090742272	6.222593E-5	8.366195288544986E-6
221.092691968	5.344162E-5	5.799367954750778E-6
221.094658048	-1.7289753E-5	4.067754161951598E-6
221.096607744	-1.5434499E-4	2.9050984267087188E-6
221.09855744	7.937416E-5	2.1573032427113503E-6
221.10052352	6.580224E-5	1.756798383212299E-6
221.102473216	-3.262539E-5	1.6961681694738218E-6
221.104422912	-1.1104603E-4	1.983955598916509E-6
221.106372608	-9.104474E-6	2.728661229411955E-6
221.108338688	1.3633825E-5	3.934114374715136E-6
221.110288384	-2.8914346E-5	5.627051905321423E-6
221.11223808	4.3125492E-5	7.776498023304157E-6
221.11420416	1.9752177E-5	1.0271706742059905E-5
221.116153856	-5.8565074E-5	1.2913274076709058E-5
221.118103552	2.7705578E-6	1.5427207472384907E-5
221.120069632	2.8839411E-5	1.7504678908153437E-5
221.122019328	9.465425E-5	1.886050813482143E-5
221.123969024	1.0888748E-4	1.9295343008707277E-5
221.125935104	-3.5020475E-5	1.8743914552032948E-5
221.1278848	-2.0197109E-5	1.7288333765463904E-5
221.129834496	7.9185476E-5	1.5139801689656451E-5
221.131784192	1.4631753E-4	1.2587742276082281E-5
221.133750272	1.0285146E-4	9.936195056070574E-6
221.135699968	-6.3266285E-5	7.446035851899069E-6
221.137649664	3.2847096E-5	5.297289135341998E-6
221.139615744	6.6746805E-5	3.577670668164501E-6
221.14156544	4.4655873E-5	2.2938588699616957E-6
221.143515136	3.302099E-5	1.3962218190499698E-6
221.145481216	1.2899944E-4	8.068000738603587E-7
221.147430912	3.3011795E-5	4.425965869359061E-7
221.149380608	-1.08947E-4	2.3050550623793242E-7
221.151346688	-7.239244E-5	1.1397025900805602E-7
221.153296384	8.73021E-5	5.3498265373264076E-8
221.15524608	-7.3488295E-6	2.3841005614144706E-8
221.157195776	7.357234E-6	1.0086735002801106E-8
221.159161856	1.1860018E-4	4.051512458858042E-9
221.161111552	-2.8875595E-5	0.0
221.163061248	-7.254199E-5	0.0
221.165027328	3.7889975E-5	0.0
221.166977024	2.0960408E-5	0.0
221.16892672	-9.6913755E-5	0.0
221.1708928	-4.272046E-5	0.0
221.172842496	1.2079884E-5	0.0
221.174792192	-1.3180567E-5	0.0
221.176758272	4.483195E-5	0.0
221.178707968	6.416796E-5	0.0
221.180657664	-6.4122214E-5	0.0
221.18260736	-7.9476406E-5	0.0
221.18457344	-2.8918479E-5	0.0
221.186523136	6.922006E-5	0.0
221.188472832	6.424824E-5	0.0
221.190438912	4.692095E-5	0.0
221.192388608	3.5313646E-5	0.0
221.194338304	7.592349E-5	0.0
221.196304384	-2.6676378E-5	0.0
221.19825408	7.631276E-6	0.0
221.200203776	5.3736044E-6	0.0
221.202169856	1.9197982E-5	0.0
221.204119552	-9.0723566E-5	0.0
221.206069248	-1.3438384E-5	0.0
221.208018944	6.37354E-5	0.0
221.209985024	-5.8325535E-5	0.0
221.21193472	-2.0488627E-5	0.0
221.213884416	-4.9668157E-5	0.0
221.215850496	3.5215967E-6	0.0
221.217800192	2.7735852E-5	0.0
221.219749888	-1.15915855E-5	0.0
221.221715968	-1.5676265E-5	0.0
221.223665664	-9.827575E-5	0.0
221.22561536	-9.45031E-5	0.0
221.22758144	-1.0668931E-4	0.0
221.229531136	1.1867237E-5	0.0
221.231480832	2.745049E-5	0.0
221.233430528	-4.6148718E-5	0.0
221.235396608	1.0638939E-5	0.0
221.237346304	3.453858E-5	0.0
221.239296	6.674995E-5	0.0
221.24126208	3.2630607E-5	0.0
221.243211776	6.110907E-5	0.0
221.245161472	6.21673E-5	0.0
221.247127552	1.4160163E-4	0.0
221.249077248	-2.431941E-6	0.0
221.251026944	9.9373436E-5	0.0
221.252993024	8.3360916E-5	0.0
221.25494272	3.4783796E-5	0.0
221.256892416	5.7041532E-5	0.0
221.258842112	1.2239462E-4	0.0
221.260808192	6.781988E-5	0.0
221.262757888	3.112933E-5	0.0
221.264707584	4.8336227E-5	0.0
221.266673664	3.4446017E-5	0.0
221.26862336	1.3121901E-4	0.0
221.270573056	4.4867793E-5	0.0
221.272539136	5.9122485E-5	0.0
221.274488832	7.2799194E-5	0.0
221.276438528	4.1147377E-5	0.0
221.278404608	5.5476307E-6	0.0
221.280354304	-1.158268E-5	0.0
221.282304	1.5689719E-5	0.0
221.284253696	-2.067233E-5	0.0
221.286219776	6.775314E-5	0.0
221.288169472	-8.594642E-5	0.0
221.290119168	-6.000458E-5	0.0
221.292085248	9.350556E-6	0.0
221.294034944	1.215957E-5	0.0
221.29598464	-5.728968E-5	0.0
221.29795072	-1.1662298E-4	0.0
221.299900416	-5.4168177E-5	0.0
221.301850112	1.144641E-5	0.0
221.303816192	-9.467392E-5	0.0
221.305765888	-8.7154316E-5	0.0
221.307715584	5.0157146E-6	0.0
221.30966528	5.8600508E-5	0.0
221.31163136	-4.255265E-5	0.0
221.313581056	1.6049835E-5	0.0
221.315530752	3.1556243E-7	0.0
221.317496832	-7.663501E-5	0.0
221.319446528	-5.675649E-5	0.0
221.321396224	4.187172E-6	0.0
221.323362304	1.2457345E-4	0.0
221.325312	3.396077E-5	0.0
221.327261696	8.067859E-5	0.0
221.329227776	-3.0190651E-5	0.0
221.331177472	-1.6932503E-5	0.0
221.333127168	8.076729E-8	0.0
221.335076864	2.6883104E-6	0.0
221.337042944	1.10596164E-4	0.0
221.33899264	2.0006573E-5	0.0
221.340942336	3.16399E-5	0.0
221.342908416	9.58832E-6	0.0
221.344858112	-9.131089E-6	0.0
221.346807808	-5.4287488E-5	0.0
221.348773888	1.0383543E-4	0.0
221.350723584	4.289894E-6	0.0
221.35267328	2.621835E-5	0.0
221.35463936	-2.5607234E-5	0.0
221.356589056	-2.211436E-6	0.0
221.358538752	4.38007E-5	0.0
221.360488448	1.1338522E-5	0.0
221.362454528	5.7541376E-5	0.0
221.364404224	2.3874603E-5	0.0
221.36635392	2.308525E-5	0.0
221.36832	2.5326724E-5	0.0
221.370269696	-1.5891459E-5	0.0
221.372219392	-4.968311E-6	0.0
221.374185472	-3.766674E-5	0.0
221.376135168	-2.5760728E-5	0.0
221.378084864	6.193722E-5	0.0
221.380050944	1.3578031E-4	0.0
221.38200064	8.847344E-5	0.0
221.383950336	-6.831522E-5	0.0
221.385916416	5.8337977E-5	0.0
221.387866112	6.431908E-5	0.0
221.389815808	-2.0614327E-5	0.0
221.391765504	-8.1518556E-5	0.0
221.393731584	-8.3301806E-5	0.0
221.39568128	1.6363671E-6	0.0
221.397630976	-3.6372756E-5	0.0
221.399597056	-3.6938395E-6	0.0
221.401546752	7.7425655E-5	0.0
221.403496448	-3.5075278E-5	0.0
221.405462528	3.0072584E-5	0.0
221.407412224	5.431238E-5	0.0
221.40936192	-1.3155E-4	0.0
221.411328	-5.3486216E-5	0.0
221.413277696	2.0462776E-5	0.0
221.415227392	-4.517166E-5	0.0
221.417177088	7.045878E-5	0.0
221.419143168	9.3946735E-5	0.0
221.421092864	4.82777E-5	0.0
221.42304256	6.114298E-5	0.0
221.42500864	-9.270084E-5	0.0
221.426958336	-6.5271066E-5	0.0
221.428908032	2.5431527E-5	0.0
221.430874112	-9.729589E-5	0.0
221.432823808	-1.05601604E-4	0.0
221.434773504	1.1440051E-5	0.0
221.436739584	6.239059E-5	0.0
221.43868928	5.8608133E-5	0.0
221.440638976	-3.299028E-5	0.0
221.442588672	-2.4446399E-5	0.0
221.444554752	-4.4957993E-5	0.0
221.446504448	-6.607099E-5	0.0
221.448454144	-6.238538E-5	0.0
221.450420224	8.327861E-5	0.0
221.45236992	7.923437E-5	0.0
221.454319616	7.2958246E-5	0.0
221.456285696	2.9300882E-5	0.0
221.458235392	5.401856E-5	0.0
221.460185088	7.228333E-5	0.0
221.462151168	-3.6022782E-5	1.0047826286274653E-12
221.464100864	-5.1265535E-5	2.4271418208599016E-12
221.46605056	2.006743E-5	5.560743272098323E-12
221.468000256	6.942437E-5	1.2083062848888826E-11
221.469966336	5.6312897E-6	2.4902108153312952E-11
221.471916032	-5.0931467E-5	4.8674526215153335E-11
221.473865728	-3.135204E-5	9.023633923410657E-11
221.475831808	9.7984785E-6	1.5866054303703692E-10
221.477781504	-3.4703803E-6	2.645876573392769E-10
221.4797312	8.674476E-5	4.1848360887719593E-10
221.48169728	1.11918554E-4	6.277692254919032E-10
221.483646976	7.792714E-5	8.931623773911213E-10
221.485596672	-4.751552E-5	1.2052385756078365E-9
221.487562752	-3.1055937E-5	1.5424985733147878E-9
221.489512448	2.4514524E-5	1.8723553818489336E-9
221.491462144	3.1092586E-5	2.155567280226478E-9
221.49341184	6.925237E-5	2.3536730342499368E-9
221.49537792	6.853103E-5	2.4374793294867914E-9
221.497327616	3.6141737E-5	2.3941231219737347E-9
221.499277312	5.875086E-5	2.230297058147812E-9
221.501243392	1.6397029E-5	1.970559271313732E-9
221.503193088	8.956082E-5	1.6513034273302196E-9
221.505142784	4.5868106E-5	1.3124263897879018E-9
221.507108864	-9.266222E-5	9.893127428384219E-10
221.50905856	3.5849986E-5	7.072987195932967E-10
221.511008256	-3.1733925E-5	4.796039676513431E-10
221.512974336	-9.58733E-5	3.0844174436772676E-10
221.514924032	-9.388132E-5	1.8813704760756167E-10
221.516873728	-4.3256117E-5	1.0883931256255863E-10
221.518823424	-7.039432E-5	5.97184107720139E-11
221.520789504	9.786677E-6	3.1077158207937217E-11
221.5227392	-2.581735E-5	1.533855854829458E-11
221.524688896	3.8797214E-5	7.18023817486424E-12
221.526654976	1.3005524E-4	3.1878930918660675E-12
221.528604672	5.0994237E-5	1.3423902831335988E-12
221.530554368	-6.318735E-5	5.361237170355138E-13
221.532520448	1.3071815E-5	0.0
221.534470144	8.213535E-5	0.0
221.53641984	8.853215E-6	0.0
221.53838592	-4.445809E-5	0.0
221.540335616	-1.4767778E-4	0.0
221.542285312	-9.109596E-6	0.0
221.544235008	-1.4916835E-6	0.0
221.546201088	-8.502672E-5	0.0
221.548150784	6.759528E-5	0.0
221.55010048	-1.7665148E-5	0.0
221.55206656	5.217986E-6	0.0
221.554016256	-6.2813883E-6	0.0
221.555965952	6.1451E-5	0.0
221.557932032	-9.066657E-5	0.0
221.559881728	-1.0029157E-4	0.0
221.561831424	-4.3163844E-5	0.0
221.563797504	4.1599505E-5	0.0
221.5657472	-3.7412607E-5	0.0
221.567696896	-6.4514286E-5	0.0
221.569646592	-6.668895E-5	0.0
221.571612672	2.8658778E-5	0.0
221.573562368	8.205395E-5	0.0
221.575512064	3.8778908E-5	0.0
221.577478144	2.1228498E-5	0.0
221.57942784	5.3448694E-5	0.0
221.581377536	4.2486977E-6	0.0
221.583343616	8.034437E-6	0.0
221.585293312	2.5438396E-5	0.0
221.587243008	-1.7966504E-5	0.0
221.589209088	-4.225208E-5	0.0
221.591158784	-7.442621E-5	0.0
221.59310848	-7.3402174E-5	0.0
221.595058176	-5.3222695E-5	0.0
221.597024256	-7.464064E-5	0.0
221.598973952	-1.2579504E-4	0.0
221.600923648	-3.057964E-5	0.0
221.602889728	2.8124592E-5	0.0
221.604839424	2.975608E-5	0.0
221.60678912	-2.0666073E-5	0.0
221.6087552	-6.0294606E-5	0.0
221.610704896	1.2067101E-4	0.0
221.612654592	6.4436514E-5	0.0
221.614620672	5.044172E-7	0.0
221.616570368	-4.266058E-5	0.0
221.618520064	-1.1834195E-5	0.0
221.62046976	1.1802685E-5	0.0
221.62243584	2.3501405E-5	0.0
221.624385536	1.22351385E-5	0.0
221.626335232	8.3478815E-5	0.0
221.628301312	-1.4138316E-5	0.0
221.630251008	5.6101173E-5	0.0
221.632200704	2.2271893E-6	0.0
221.634166784	3.504838E-5	0.0
221.63611648	-3.176786E-5	0.0
221.638066176	7.193295E-5	0.0
221.640032256	6.733029E-5	0.0
221.641981952	2.1544682E-5	0.0
221.643931648	5.2406144E-6	0.0
221.645881344	4.0785224E-5	0.0
221.647847424	8.512269E-5	0.0
221.64979712	7.055503E-5	0.0
221.651746816	-6.537211E-6	0.0
221.653712896	1.570491E-5	0.0
221.655662592	3.7906186E-5	0.0
221.657612288	3.1600885E-5	0.0
221.659578368	-2.8195168E-6	0.0
221.661528064	2.5259043E-5	0.0
221.66347776	1.1962563E-4	0.0
221.66544384	2.3126868E-5	0.0
221.667393536	5.136547E-5	0.0
221.669343232	-1.9412717E-5	0.0
221.671309312	1.9904026E-5	0.0
221.673259008	-1.0514846E-5	0.0
221.675208704	6.960229E-6	0.0
221.6771584	-1.1086676E-4	0.0
221.67912448	-9.121114E-5	0.0
221.681074176	9.570115E-6	0.0
221.683023872	-4.9333492E-5	0.0
221.684989952	-2.2727148E-5	0.0
221.686939648	1.5106726E-5	0.0
221.688889344	3.2327534E-5	0.0
221.690855424	7.052709E-5	0.0
221.69280512	3.5592868E-5	0.0
221.694754816	3.0242885E-5	0.0
221.696720896	-4.0900653E-7	0.0
221.698670592	-3.2524822E-5	0.0
221.700620288	-6.3763604E-5	0.0
221.702569984	-1.3210847E-4	0.0
221.704536064	-6.864887E-5	0.0
221.70648576	-1.921663E-5	0.0
221.708435456	-4.531878E-5	0.0
221.710401536	-5.5091212E-5	0.0
221.712351232	3.760481E-6	0.0
221.714300928	1.3898188E-4	0.0
221.716267008	8.6437976E-5	0.0
221.718216704	1.3726982E-4	0.0
221.7201664	4.4807024E-5	0.0
221.72213248	-5.1824416E-5	0.0
221.724082176	-7.979844E-5	0.0
221.726031872	-1.1192752E-4	0.0
221.727981568	5.9583286E-5	0.0
221.729947648	-4.092271E-6	0.0
221.731897344	7.460029E-6	7.558202064217312E-9
221.73384704	6.910804E-5	1.8150743130718183E-8
221.73581312	5.772754E-5	4.139432263627896E-8
221.737762816	-1.2665799E-6	8.96521825666241E-8
221.739712512	1.8221359E-5	1.8439335747189034E-7
221.741678592	-7.812773E-6	3.6016362514601497E-7
221.743628288	7.584575E-5	6.680600108666113E-7
221.745577984	-8.4542E-5	1.1767792784667108E-6
221.747544064	7.0778486E-5	1.9684687231347198E-6
221.74949376	7.300889E-5	3.126905767203425E-6
221.751443456	-4.4034165E-5	4.716856437880779E-6
221.753393152	5.2117434E-6	6.7567375481303316E-6
221.755359232	9.7810356E-5	9.191246135742404E-6
221.757308928	1.449154E-4	1.187322322948603E-5
221.759258624	1.02564176E-4	1.4565763194696046E-5
221.761224704	-8.684651E-6	1.6970074284472503E-5
221.7631744	7.477098E-5	1.8777334844344296E-5
221.765124096	6.6708184E-5	1.973317193915136E-5
221.767090176	3.4619534E-5	1.9696084564202465E-5
221.769039872	2.2090364E-5	1.8671638827072456E-5
221.770989568	-4.2836964E-5	1.6811136447358876E-5
221.772955648	-7.40277E-5	1.4375098544405773E-5
221.774905344	-6.6338066E-6	1.1673694643832278E-5
221.77685504	1.7803399E-5	9.002745173347648E-6
221.778804736	3.583355E-6	6.593259968212806E-6
221.780770816	3.6777387E-6	4.585383521771291E-6
221.782720512	-2.3381601E-7	3.028302899110713E-6
221.784670208	-8.719499E-5	1.89920876891847E-6
221.786636288	2.767098E-5	1.1310945637887926E-6
221.788585984	3.166503E-5	6.397084462150815E-7
221.79053568	8.108837E-5	3.4357901768089505E-7
221.79250176	4.2840056E-5	1.7524146755931724E-7
221.794451456	8.2885475E-5	8.488147074103836E-8
221.796401152	1.0197488E-4	3.904424517031657E-8
221.798367232	-7.6164683E-6	1.7055747036920366E-8
221.800316928	-4.142344E-6	7.075457109095851E-9
221.802266624	-9.27157E-5	0.0
221.80421632	-8.059819E-5	0.0
221.8061824	4.6471873E-6	0.0
221.808132096	1.0033718E-4	0.0
221.810081792	-8.292851E-5	0.0
221.812047872	-1.1944035E-4	0.0
221.813997568	-8.002529E-5	0.0
221.815947264	8.852388E-5	0.0
221.817913344	7.328962E-5	0.0
221.81986304	-2.9571293E-5	0.0
221.821812736	-2.196767E-5	0.0
221.823778816	-1.2835633E-4	0.0
221.825728512	-1.0445502E-4	0.0
221.827678208	-8.886857E-5	0.0
221.829627904	-9.830905E-5	0.0
221.831593984	1.0954121E-4	0.0
221.83354368	-3.2096486E-5	0.0
221.835493376	-1.7495153E-5	0.0
221.837459456	4.9429003E-5	0.0
221.839409152	6.0539798E-5	0.0
221.841358848	-2.214497E-5	0.0
221.843324928	-7.918984E-5	0.0
221.845274624	5.578087E-5	0.0
221.84722432	2.1459466E-5	0.0
221.8491904	1.1398985E-5	0.0
221.851140096	8.552165E-6	0.0
221.853089792	-3.7838367E-5	0.0
221.855039488	-9.750122E-5	0.0
221.857005568	3.4568006E-5	0.0
221.858955264	1.0083943E-5	0.0
221.86090496	-4.9788763E-5	0.0
221.86287104	1.1906585E-5	0.0
221.864820736	5.7535046E-5	0.0
221.866770432	-2.3817756E-5	0.0
