234.319003648	7.471039E-5	0.0
234.320986112	2.3818213E-5	0.0
234.322952192	-5.604528E-5	0.0
234.324918272	-4.5565186E-5	0.0
234.326900736	5.4908658E-5	0.0
234.328866816	-1.1595088E-6	0.0
234.33084928	-3.748755E-5	0.0
234.33281536	1.8339548E-5	0.0
234.33478144	6.920456E-5	0.0
234.336763904	1.876915E-5	0.0
234.338729984	-1.5857344E-6	0.0
234.340712448	-6.3847176E-5	0.0
234.342678528	-6.5776962E-6	0.0
234.344644608	7.5058124E-5	0.0
234.346627072	1.0938794E-5	0.0
234.348593152	3.811224E-5	0.0
234.350575616	5.3614993E-5	0.0
234.352541696	7.140885E-5	0.0
234.354507776	8.834303E-5	0.0
234.35649024	6.921521E-5	0.0
234.35845632	1.0930486E-4	0.0
234.360438784	2.7284392E-5	0.0
234.362404864	-6.5593966E-5	0.0
234.364370944	-1.2222427E-5	0.0
234.366353408	6.296755E-5	0.0
234.368319488	1.003832E-4	0.0
234.370301952	6.8805166E-5	0.0
234.372268032	5.420324E-5	0.0
234.374234112	6.203935E-6	0.0
234.376216576	-3.7671194E-5	0.0
234.378182656	-9.856168E-5	0.0
234.38016512	-5.1367064E-5	0.0
234.3821312	4.2399293E-5	0.0
234.38409728	-5.4043663E-5	0.0
234.386079744	-4.634741E-5	0.0
234.388045824	-2.5375759E-5	0.0
234.390028288	5.6286394E-6	0.0
234.391994368	-3.726198E-5	0.0
234.393960448	-1.2324887E-5	0.0
234.395942912	-2.2805061E-5	0.0
234.397908992	-8.9094734E-5	0.0
234.399891456	-6.847154E-6	0.0
234.401857536	1.319776E-5	0.0
234.403823616	-3.3612864E-6	0.0
234.40580608	-5.6876866E-6	0.0
234.40777216	-1.802467E-5	0.0
234.409754624	1.5036227E-6	0.0
234.411720704	1.6698616E-5	0.0
234.413686784	-1.0572124E-5	0.0
234.415669248	-4.5154487E-5	0.0
234.417635328	5.312014E-5	0.0
234.419617792	7.517655E-5	0.0
234.421583872	8.624427E-5	0.0
234.423549952	1.1443936E-4	0.0
234.425532416	-6.5498E-6	0.0
234.427498496	-6.523592E-6	0.0
234.42948096	2.472033E-5	0.0
234.43144704	-1.1746871E-5	0.0
234.43341312	3.3949724E-5	0.0
234.435395584	-8.410044E-6	0.0
234.437361664	1.1254192E-5	0.0
234.439344128	6.622262E-5	0.0
234.441310208	2.2613838E-5	0.0
234.443276288	3.450555E-5	0.0
234.445258752	1.1181577E-4	0.0
234.447224832	8.7598615E-5	0.0
234.449207296	2.2007605E-5	0.0
234.451173376	-9.929206E-6	0.0
234.453139456	-1.8420002E-5	0.0
234.45512192	8.4717336E-5	0.0
234.457088	5.662734E-5	0.0
234.459070464	4.3557233E-5	0.0
234.461036544	9.8404926E-5	0.0
234.463002624	6.7926594E-5	0.0
234.464985088	-8.028478E-6	0.0
234.466951168	6.0855696E-6	0.0
234.468933632	3.7575814E-5	0.0
234.470899712	2.4124676E-5	0.0
234.472865792	-4.3404416E-5	0.0
234.474848256	-5.588624E-5	0.0
234.476814336	-2.6708234E-5	0.0
234.4787968	-3.723896E-5	0.0
234.48076288	-3.9853792E-5	0.0
234.48272896	-5.7492227E-5	0.0
234.484711424	-3.8112025E-6	0.0
234.486677504	3.3057444E-5	0.0
234.488659968	-1.8662044E-5	0.0
234.490626048	-4.966232E-5	0.0
234.492592128	-5.2586645E-5	0.0
234.494574592	-5.3177802E-5	0.0
234.496540672	-1.8244491E-5	0.0
234.498523136	-2.5220374E-5	0.0
234.500489216	-2.8500855E-5	0.0
234.502455296	-6.6328626E-6	0.0
234.50443776	1.4638953E-5	0.0
234.50640384	8.052804E-5	0.0
234.508386304	7.011839E-5	0.0
234.510352384	-3.2422362E-5	0.0
234.512318464	-3.9250717E-5	0.0
234.514300928	5.6896333E-5	0.0
234.516267008	3.9559283E-5	0.0
234.518249472	2.6808471E-5	0.0
234.520215552	4.825443E-5	0.0
234.522181632	-2.0429621E-5	0.0
234.524164096	-5.036745E-5	0.0
234.526130176	-9.775246E-6	0.0
234.52811264	-3.797111E-5	0.0
234.53007872	-2.3693485E-5	0.0
234.532061184	3.3080858E-5	0.0
234.534027264	1.0648876E-5	0.0
234.535993344	1.4238927E-6	0.0
234.537975808	-8.883156E-6	0.0
234.539941888	2.366565E-5	0.0
234.541924352	5.2117746E-5	0.0
234.543890432	-7.966458E-6	0.0
234.545856512	4.1915617E-5	0.0
234.547838976	2.791187E-5	0.0
234.549805056	-3.0511741E-5	0.0
234.55178752	4.7533485E-5	0.0
234.5537536	1.8202556E-5	0.0
234.55571968	-7.1524744E-5	0.0
234.557702144	-6.861832E-5	0.0
234.559668224	-6.5582506E-5	0.0
234.561650688	-2.7862288E-5	0.0
234.563616768	3.8088026E-5	0.0
234.565582848	4.220175E-5	0.0
234.567565312	8.218108E-5	0.0
234.569531392	3.0055964E-5	0.0
234.571513856	1.2913712E-4	0.0
234.573479936	2.1961822E-4	0.0
234.575446016	1.8908993E-4	0.0
234.57742848	1.3381192E-4	0.0
234.57939456	1.13987524E-4	0.0
234.581377024	5.5984176E-5	0.0
234.583343104	-9.41405E-5	0.0
234.585309184	-7.69586E-5	0.0
234.587291648	-6.849169E-5	0.0
234.589257728	-1.11960195E-4	0.0
234.591240192	-1.2377281E-4	0.0
234.593206272	-1.247802E-4	0.0
234.595172352	1.20457435E-5	0.0
234.597154816	2.5233626E-6	0.0
234.599120896	1.6009611E-5	0.0
234.60110336	-3.948921E-5	0.0
234.60306944	2.1764195E-5	0.0
234.60503552	3.7198555E-5	0.0
234.607017984	-6.153388E-5	0.0
234.608984064	-1.9112935E-5	0.0
234.610966528	1.534296E-5	0.0
234.612932608	2.8217519E-5	0.0
234.614898688	-3.3793123E-5	0.0
234.616881152	6.9441376E-5	0.0
234.618847232	1.3374498E-4	0.0
234.620829696	6.8259586E-5	0.0
234.622795776	1.0402061E-5	0.0
234.624761856	-1.725547E-5	0.0
234.62674432	2.4373317E-6	0.0
234.6287104	-5.572872E-6	0.0
234.630692864	1.5837943E-5	0.0
234.632658944	2.4005685E-5	0.0
234.634625024	-4.352198E-5	0.0
234.636607488	-6.7907415E-5	0.0
234.638573568	-3.9157876E-5	0.0
234.640556032	-6.076694E-5	0.0
234.642522112	3.4707486E-5	0.0
234.644488192	1.6136932E-4	0.0
234.646470656	8.409399E-5	0.0
234.648436736	2.872749E-5	0.0
234.6504192	-3.3961926E-5	0.0
234.65238528	-3.4271736E-5	0.0
234.65435136	-3.1734056E-5	0.0
234.656333824	-5.8775102E-5	0.0
234.658299904	-3.7500806E-5	0.0
234.660282368	-1.9422643E-5	0.0
234.662248448	2.39253E-5	0.0
234.664214528	4.0507224E-5	0.0
234.666196992	-4.8174126E-5	0.0
234.668163072	-8.747837E-5	0.0
234.670145536	-8.3695595E-5	0.0
234.672111616	-6.683647E-5	0.0
234.674077696	-7.5528646E-5	0.0
234.67606016	-4.4870478E-5	0.0
234.67802624	3.5622743E-5	0.0
234.680008704	4.712376E-5	0.0
234.681974784	3.2926346E-5	0.0
234.683940864	-7.112042E-5	0.0
234.685923328	-1.5856405E-5	0.0
234.687889408	-8.15166E-6	0.0
234.689871872	-2.7095242E-5	0.0
234.691837952	-3.724465E-5	0.0
234.693804032	-2.3372972E-6	0.0
234.695786496	-1.1421359E-5	0.0
234.697752576	-1.5040246E-5	0.0
234.69973504	-2.1463215E-5	0.0
234.70170112	-2.1744081E-5	0.0
234.7036672	-1.4491115E-5	0.0
234.705649664	-3.3117318E-5	0.0
234.707615744	2.394234E-5	0.0
234.709598208	4.9651924E-5	0.0
234.711564288	5.7304446E-6	0.0
234.713530368	3.3098597E-5	0.0
234.715512832	7.369645E-6	0.0
234.717478912	-5.344141E-5	0.0
234.719461376	-5.8788642E-5	0.0
234.721427456	5.7703513E-5	0.0
234.723393536	1.12281574E-4	0.0
234.725376	7.016341E-5	0.0
234.72734208	4.0415547E-5	0.0
234.729324544	8.802397E-5	0.0
234.731290624	4.144326E-5	0.0
234.733256704	-2.6584921E-5	0.0
234.735239168	9.4222805E-6	0.0
234.737205248	-2.852264E-5	0.0
234.739187712	-6.672635E-5	0.0
234.741153792	-6.894954E-5	0.0
234.743119872	-8.251347E-5	0.0
234.745102336	-5.206295E-5	0.0
234.747068416	7.530822E-6	0.0
234.74905088	1.15515155E-4	0.0
234.75101696	1.0509514E-4	0.0
234.75298304	3.3294582E-5	0.0
234.754965504	-2.5199739E-5	0.0
234.756931584	-5.8563022E-5	0.0
234.758914048	-4.339615E-5	0.0
234.760880128	1.9162822E-5	0.0
234.762846208	-8.175554E-6	0.0
234.764828672	-8.354339E-6	0.0
234.766794752	-4.29322E-6	0.0
234.768777216	-2.1014885E-5	0.0
234.770743296	-3.5665824E-5	0.0
234.772709376	-4.706463E-5	0.0
234.77469184	-2.1240614E-5	0.0
234.77665792	-1.6642252E-5	0.0
234.778640384	4.8909883E-6	0.0
234.780606464	1.02601465E-4	0.0
234.782572544	8.4533516E-5	0.0
234.784555008	4.8397073E-6	0.0
234.786521088	-6.9233333E-6	0.0
234.788503552	7.236736E-5	0.0
234.790469632	8.931696E-5	0.0
234.792435712	9.227339E-5	0.0
234.794418176	3.9618903E-5	0.0
234.796384256	1.3149933E-4	0.0
234.79836672	7.771324E-5	0.0
234.8003328	-9.351305E-6	0.0
234.80229888	2.0614245E-5	0.0
234.804281344	2.5267322E-5	0.0
234.806247424	2.3303832E-5	0.0
234.808229888	9.084894E-6	0.0
234.810195968	-2.2293075E-6	0.0
234.812162048	1.3689387E-4	0.0
234.814144512	5.2972482E-5	0.0
234.816110592	5.891761E-5	0.0
234.818093056	5.610743E-5	0.0
234.820059136	7.289446E-5	0.0
234.822025216	3.1186082E-5	0.0
234.82400768	4.6228135E-5	0.0
234.82597376	9.689368E-5	0.0
234.827956224	1.0021897E-4	0.0
234.829922304	1.3782231E-4	0.0
234.831888384	1.3005253E-5	0.0
234.833870848	-3.3512747E-6	0.0
234.835836928	8.63507E-5	0.0
234.837819392	6.535053E-5	0.0
234.839785472	-7.678665E-6	0.0
234.841767936	6.367634E-5	0.0
234.843734016	5.233649E-5	0.0
234.845700096	-4.189889E-5	0.0
234.84768256	-6.975883E-5	0.0
234.84964864	5.523749E-6	0.0
234.851631104	8.87568E-5	0.0
234.853597184	7.90257E-5	0.0
234.855563264	5.8076435E-5	0.0
234.857545728	8.874583E-5	0.0
234.859511808	-4.4884477E-5	0.0
234.861494272	-1.0197423E-4	0.0
234.863460352	-2.7712884E-5	0.0
234.865426432	3.6861188E-6	0.0
234.867408896	-4.763636E-5	0.0
234.869374976	-5.3179432E-5	0.0
234.87135744	2.5479678E-5	0.0
234.87332352	-1.1775531E-6	0.0
234.8752896	-3.385021E-5	0.0
234.877272064	2.751018E-5	0.0
234.879238144	9.347308E-5	0.0
234.881220608	3.458944E-5	0.0
234.883186688	-4.79908E-5	0.0
234.885152768	-7.2014445E-5	0.0
234.887135232	3.2333505E-6	0.0
234.889101312	4.1578915E-5	0.0
234.891083776	-5.9567148E-5	0.0
234.893049856	-4.5952558E-5	0.0
234.895015936	7.710501E-7	0.0
234.8969984	-7.042354E-5	0.0
234.89896448	-1.907379E-5	0.0
234.900946944	6.9450057E-6	0.0
234.902913024	1.7337707E-5	0.0
234.904879104	8.160142E-5	0.0
234.906861568	4.2074557E-6	0.0
234.908827648	3.5837704E-5	0.0
234.910810112	2.0653943E-5	0.0
234.912776192	-3.644531E-5	0.0
234.914742272	7.103977E-7	0.0
234.916724736	3.6993213E-5	0.0
234.918690816	5.0204446E-5	0.0
234.92067328	6.4423875E-5	0.0
234.92263936	1.316969E-5	0.0
234.92460544	-4.9599123E-5	0.0
234.926587904	-2.7543572E-5	0.0
234.928553984	4.6389647E-5	0.0
234.930536448	1.2202417E-4	0.0
234.932502528	1.0384178E-4	0.0
234.934468608	4.725451E-5	0.0
234.936451072	4.4602963E-5	0.0
234.938417152	3.6151487E-5	0.0
234.940399616	5.1190338E-5	0.0
234.942365696	9.757279E-5	0.0
234.944331776	1.0131755E-4	0.0
234.94631424	6.751921E-5	0.0
234.94828032	1.1587154E-5	0.0
234.950262784	-1.34541015E-5	0.0
234.952228864	-2.6008272E-5	0.0
234.954194944	-7.1667578E-6	0.0
234.956177408	2.4831972E-5	0.0
234.958143488	-2.1131314E-5	0.0
234.960125952	-5.751839E-5	0.0
234.962092032	-6.853571E-5	0.0
234.964058112	-1.6260541E-5	0.0
234.966040576	-3.01932E-5	0.0
234.968006656	-8.2025836E-5	0.0
234.96998912	3.5561848E-6	0.0
234.9719552	1.6890948E-5	0.0
234.97392128	-5.87676E-5	0.0
234.975903744	-6.583077E-5	0.0
234.977869824	1.8086737E-5	0.0
234.979852288	3.2653294E-5	0.0
234.981818368	6.8593115E-5	0.0
234.983784448	4.212025E-6	0.0
234.985766912	-2.8660068E-5	0.0
234.987732992	-1.9355625E-6	0.0
234.989715456	1.1634972E-5	0.0
234.991681536	6.8294336E-5	0.0
234.993647616	1.9582936E-5	0.0
234.99563008	8.310354E-6	0.0
234.99759616	3.477844E-5	0.0
234.999578624	3.6819318E-5	0.0
235.001544704	1.6628315E-5	0.0
235.003510784	6.9476105E-6	0.0
235.005493248	4.696842E-5	0.0
235.007459328	4.585591E-5	0.0
235.009441792	3.3456705E-5	0.0
235.011407872	-2.5963845E-5	0.0
235.013373952	-7.250271E-6	0.0
235.015356416	-4.9542617E-5	0.0
235.017322496	1.8618086E-5	0.0
235.01930496	1.48370045E-5	0.0
235.02127104	2.3981718E-5	0.0
235.02323712	-7.374588E-6	0.0
235.025219584	-2.899923E-5	0.0
235.027185664	-6.132512E-5	0.0
235.029168128	-1.6722215E-5	0.0
235.031134208	3.771758E-5	0.0
235.033100288	8.913647E-6	0.0
235.035082752	-1.4488044E-5	0.0
235.037048832	1.2913882E-5	0.0
235.039031296	-5.214853E-5	0.0
235.040997376	-8.928325E-6	0.0
235.042963456	-4.2797888E-6	0.0
235.04494592	1.2042765E-4	0.0
235.046912	6.706163E-5	0.0
235.048894464	-9.043717E-5	0.0
235.050860544	-8.2188555E-5	0.0
235.052826624	3.558804E-6	0.0
235.054809088	-1.7681863E-6	0.0
235.056775168	3.8507737E-6	0.0
235.058757632	-2.9369212E-5	0.0
235.060723712	-3.499885E-5	0.0
235.062689792	7.25598E-6	0.0
235.064672256	4.5908997E-5	0.0
235.066638336	4.928175E-7	0.0
235.0686208	2.693567E-5	0.0
235.07058688	3.2280066E-5	0.0
235.07255296	3.079487E-5	0.0
235.074535424	-3.5622896E-5	0.0
235.076501504	-1.1799985E-5	0.0
235.078483968	-4.300121E-5	0.0
235.080450048	-3.7412927E-5	0.0
235.082416128	-1.7542478E-5	0.0
235.084398592	-6.2344996E-5	0.0
235.086364672	-5.0085957E-5	0.0
235.088347136	-4.81055E-5	0.0
235.090313216	-3.702605E-5	0.0
235.092279296	1.4117645E-5	2.5384117918747506E-8
235.09426176	6.164887E-5	4.4308922753089064E-8
235.09622784	6.124571E-5	7.582811889506047E-8
235.098210304	3.4609013E-5	1.2722661324460205E-7
235.100176384	6.2689884E-7	2.0928226263094984E-7
235.102142464	1.0413557E-5	3.375145354311826E-7
235.104124928	-2.018918E-5	5.336509616427065E-7
235.106091008	-2.8787818E-7	8.272140235021652E-7
235.108073472	6.0699054E-5	1.2571075558298617E-6
235.110039552	8.726587E-5	1.8728984514382319E-6
235.112005632	4.5484925E-5	2.73548903351184E-6
235.113988096	3.0570104E-6	3.916753030352993E-6
235.115954176	3.54056E-5	5.497646270669065E-6
235.11793664	-4.366096E-6	7.564421139250044E-6
235.11990272	-2.8366658E-5	1.0202624252997339E-5
235.1218688	4.494329E-5	1.348884507024195E-5
235.123851264	6.306247E-5	1.7480617316323332E-5
235.125817344	4.2663182E-6	2.2205149434739724E-5
235.127799808	-2.4912106E-5	2.764818782452494E-5
235.129765888	4.6841105E-5	3.37445417244453E-5
235.131731968	9.949943E-5	4.037193502881564E-5
235.133714432	1.2682674E-4	4.7349745727842674E-5
235.135680512	1.0145419E-4	5.4443866247311234E-5
235.137662976	3.1547556E-6	6.137739546829835E-5
235.139629056	1.4055989E-5	6.784806464565918E-5
235.141595136	1.0486906E-4	7.354909757850692E-5
235.1435776	1.569508E-4	7.819291931809857E-5
235.14554368	1.18992015E-4	8.153452654369175E-5
235.147526144	8.97475E-5	8.339212217833847E-5
235.149492224	1.21005505E-4	8.36627441458404E-5
235.151474688	1.1722477E-4	8.233130211010575E-5
235.153440768	8.438008E-5	7.947185804368928E-5
235.155406848	1.0034886E-4	7.524112879764289E-5
235.157389312	7.365532E-5	6.986500375205651E-5
235.159355392	5.6339242E-5	6.361920532071963E-5
235.161337856	4.1396128E-5	5.680681351805106E-5
235.163303936	-2.6787411E-5	4.973417890141718E-5
235.165270016	-4.290556E-5	4.2688774556154385E-5
235.16725248	-1.09902585E-5	3.5920638765674084E-5
235.16921856	1.4927852E-5	2.9629220080096275E-5
235.171201024	3.562675E-6	2.3956568838912062E-5
235.173167104	1.8143883E-5	1.8986562281497754E-5
235.175133184	-1.1258887E-5	1.4749699403182603E-5
235.177115648	-9.455292E-5	1.123148831538856E-5
235.179081728	-1.2034133E-4	8.383307431358844E-6
235.181064192	-1.6059128E-5	6.133759143267525E-6
235.183030272	7.2262555E-5	4.3992918108415324E-6
235.184996352	6.743711E-5	3.0931034871173324E-6
235.186978816	6.8970825E-5	2.131931069015991E-6
235.188944896	4.3963595E-5	1.440545020159334E-6
235.19092736	1.66993E-5	9.542588941258145E-7
235.19289344	7.568759E-6	6.197230959514854E-7
235.19485952	5.7061177E-5	3.9457151501665066E-7
235.196841984	6.56311E-5	2.4629471795378777E-7
235.198808064	1.3823726E-5	1.507263647226864E-7
235.200790528	2.0746726E-5	9.04335308860027E-8
235.202756608	5.5318993E-5	5.319587614849297E-8
235.204722688	2.8697004E-5	3.0678538820438916E-8
235.206705152	-2.2163307E-5	0.0
235.208671232	-3.879277E-5	0.0
235.210653696	2.5361313E-5	0.0
235.212619776	3.2423693E-5	0.0
235.214585856	6.867382E-5	0.0
235.21656832	8.016771E-5	0.0
235.2185344	-2.0888815E-6	0.0
235.220516864	-2.8005828E-5	0.0
235.222482944	1.7643471E-5	0.0
235.224449024	2.1771239E-5	0.0
235.226431488	5.6904123E-6	0.0
235.228397568	-7.2803355E-6	0.0
235.230380032	-4.5621095E-5	1.6265513241853213E-11
235.232346112	-1.03541985E-4	3.750807997526806E-11
235.234312192	-1.0256493E-5	8.245829713482422E-11
235.236294656	1.2281859E-4	1.7281892583653757E-10
235.238260736	1.6698851E-4	3.452968189154859E-10
235.2402432	-7.482636E-6	6.577263733653638E-10
235.24220928	2.2542286E-5	1.1943894762111995E-9
235.24417536	1.2178613E-4	2.0677177747785436E-9
235.246157824	2.494734E-5	3.4126179659921263E-9
235.248123904	6.9959046E-5	5.369471089977651E-9
235.250106368	4.8964317E-5	8.054178657346256E-9
235.252072448	1.6007953E-5	1.1517570897012774E-8
235.254038528	2.7345335E-5	1.5701756339581152E-8
235.256020992	9.0654634E-5	2.040713731332744E-8
235.257987072	-3.5870293E-5	2.528512688115825E-8
235.259969536	-5.6825626E-5	2.986730507359425E-8
235.261935616	3.8517104E-5	3.363366118946942E-8
235.263901696	1.0093415E-5	3.6107785206240806E-8
235.26588416	1.19760705E-4	3.695518557833566E-8
235.26785024	8.9119465E-5	3.6057702601510755E-8
235.269832704	1.04870196E-4	3.354042377168298E-8
235.271798784	9.542804E-5	2.9743164375872766E-8
235.273764864	4.795731E-5	2.5145132198645115E-8
235.275747328	1.5555723E-5	2.0265996880652892E-8
235.277713408	4.2729767E-5	1.557150497433213E-8
235.279695872	4.9655184E-5	1.1406205757680254E-8
235.281661952	-1.5266121E-5	7.965236470397485E-9
235.283628032	2.2040216E-5	5.302798200546022E-9
235.285610496	9.062346E-5	3.365576484171129E-9
235.287576576	-1.3393027E-5	2.0363879471574364E-9
235.28955904	-3.594298E-5	1.1746557060376972E-9
235.29152512	8.464129E-5	6.459644485978799E-10
235.2934912	4.1203334E-6	3.3865160675716766E-10
235.295473664	5.959157E-6	1.6925716384008638E-10
235.297439744	2.7927063E-5	8.064719725364711E-11
235.299422208	2.77432E-5	3.663337341808237E-11
235.301388288	1.650015E-6	1.5864086086447848E-11
235.303354368	-2.677446E-5	0.0
235.305336832	-2.4637337E-5	0.0
235.307302912	2.06829E-5	0.0
235.309285376	-3.5578391E-6	0.0
235.311251456	4.7198287E-6	0.0
235.313217536	8.550228E-6	0.0
235.3152	1.0815564E-4	0.0
235.31716608	9.151081E-5	0.0
235.319148544	3.6151967E-5	0.0
235.321114624	5.557662E-5	0.0
235.323080704	7.290738E-5	0.0
235.325063168	2.5465897E-5	0.0
235.327029248	3.3808235E-5	0.0
235.329011712	1.9066314E-5	0.0
235.330977792	-1.6414602E-5	0.0
235.332943872	-2.7260174E-5	0.0
235.334926336	-5.722483E-5	0.0
235.336892416	-9.877967E-5	0.0
235.33887488	-5.984808E-5	0.0
235.34084096	-6.638097E-5	0.0
235.34280704	-4.886463E-5	0.0
235.344789504	2.1825983E-5	0.0
235.346755584	8.1873674E-7	0.0
235.348738048	-3.796702E-5	0.0
235.350704128	-1.0094125E-4	0.0
235.352670208	-1.2018309E-4	0.0
235.354652672	-6.8936686E-5	0.0
235.356618752	2.4339265E-6	0.0
235.358601216	3.726887E-5	0.0
235.360567296	3.9608687E-5	0.0
235.362533376	5.0697494E-5	0.0
235.36451584	7.704411E-5	0.0
235.36648192	7.957632E-5	0.0
235.368464384	8.244034E-5	0.0
235.370430464	-2.538652E-6	0.0
235.372396544	-2.4534047E-5	0.0
235.374379008	-2.033141E-5	0.0
235.376345088	-2.5568892E-5	0.0
235.378327552	-5.8403017E-5	0.0
235.380293632	-3.0143752E-5	0.0
235.382259712	3.188749E-6	0.0
235.384242176	2.7586999E-5	0.0
235.386208256	4.2457763E-5	0.0
235.38819072	2.227555E-5	0.0
235.3901568	-1.8286546E-5	0.0
235.39212288	-1.9740719E-5	0.0
235.394105344	3.0125624E-5	0.0
235.396071424	7.674843E-6	0.0
235.398053888	-2.4805571E-5	0.0
235.400019968	-3.982888E-5	0.0
235.401986048	2.8771248E-5	0.0
235.403968512	5.4361346E-5	0.0
235.405934592	2.6079319E-5	0.0
235.407917056	-2.019666E-5	0.0
235.409883136	7.956113E-5	0.0
235.411849216	1.497419E-4	0.0
235.41383168	4.878578E-5	0.0
235.41579776	4.962515E-5	0.0
235.417780224	1.2242018E-4	0.0
235.419746304	1.1646595E-4	0.0
235.421712384	5.19958E-5	0.0
235.423694848	6.605033E-5	0.0
235.425660928	4.705237E-5	0.0
235.427643392	2.8741184E-5	0.0
235.429609472	4.0832925E-5	0.0
235.431575552	1.3849672E-5	0.0
235.433558016	6.2961335E-5	0.0
235.435524096	-1.1613532E-5	0.0
235.43750656	-3.422738E-5	0.0
235.43947264	-3.4604043E-5	0.0
235.44143872	2.2303126E-5	0.0
235.443421184	2.3491275E-5	0.0
235.445387264	-2.4575054E-5	0.0
235.447369728	-1.4851871E-5	0.0
235.449335808	-8.030272E-5	0.0
235.451301888	3.6998103E-5	0.0
235.453284352	8.493876E-5	0.0
235.455250432	4.9809856E-5	0.0
235.457232896	8.7934764E-5	0.0
235.459198976	6.905045E-5	0.0
235.46118144	8.086664E-5	0.0
235.46314752	1.15394694E-4	0.0
235.4651136	1.571268E-5	0.0
235.467096064	6.420376E-5	0.0
235.469062144	-9.6830745E-6	0.0
235.471044608	9.5346724E-5	0.0
235.473010688	7.996264E-5	0.0
235.474976768	4.2749238E-5	0.0
235.476959232	3.9583687E-5	1.208960220822064E-8
235.478925312	6.461535E-5	3.02030365162409E-8
235.480907776	8.977066E-5	7.125599665869231E-8
235.482873856	2.3068455E-5	1.5875383496677387E-7
235.484839936	2.067478E-5	3.3400769439140277E-7
235.4868224	4.6125704E-5	6.636150828853715E-7
235.48878848	-9.6190844E-5	1.2450839221855858E-6
235.490770944	-3.803713E-5	2.2059655293560354E-6
235.492737024	1.5504791E-5	3.6907135836372618E-6
235.494703104	1.1145313E-4	5.8307959989178926E-6
235.496685568	1.2711363E-5	8.698580131749623E-6
235.498651648	1.1499712E-5	1.2253870409040246E-5
235.500634112	5.654671E-5	1.6300877177855E-5
235.502600192	4.585552E-5	2.0477486032177694E-5
235.504566272	9.820463E-5	2.4293547539855354E-5
235.506548736	-4.9935024E-5	2.7235295419814065E-5
235.508514816	-5.364943E-5	2.8854270567535423E-5
235.51049728	-5.276304E-6	2.8933283829246648E-5
235.51246336	-6.960876E-5	2.7554122425499372E-5
235.51442944	-8.849555E-6	2.5130066205747426E-5
235.516411904	1.2843464E-4	2.2360858565662056E-5
235.518377984	8.302285E-5	2.011340438912157E-5
235.520360448	5.233278E-5	1.923280069604516E-5
235.522326528	4.9303464E-5	2.0299703464843333E-5
235.524292608	8.208734E-5	2.3385216991300695E-5
235.526275072	3.872703E-5	2.7905527531402186E-5
235.528241152	5.392913E-6	3.267175270593725E-5
235.530223616	-3.3540924E-5	3.6227294913260266E-5
235.532189696	-6.8688794E-5	3.7339861592045054E-5
235.534155776	-5.5497436E-5	3.546476364135742E-5
235.53613824	5.5021833E-6	3.093937266385183E-5
235.53810432	4.049602E-5	2.481452247593552E-5
235.540086784	5.4778448E-5	1.8424330846755765E-5
235.542052864	9.174431E-5	1.292505294259172E-5
235.544018944	-3.688772E-5	9.006717846204992E-6
235.546001408	-6.4118416E-5	6.878302883706056E-6
235.547967488	5.9952294E-5	6.370528353727423E-6
235.549949952	4.21233E-5	7.15265241524321E-6
235.551916032	-8.028865E-5	8.855119631334674E-6
235.553882112	2.471058E-5	1.1125148375867866E-5
235.555864576	7.237219E-5	1.362966577289626E-5
235.557830656	5.965651E-5	1.604592580406461E-5
235.55981312	4.286564E-5	1.8062268281937577E-5
235.5617792	-2.130358E-5	1.9427307051955722E-5
235.56374528	-3.1087515E-5	1.9945740859839134E-5
235.565727744	1.766284E-5	1.9547374904504977E-5
235.567693824	4.8317426E-5	1.82862513611326E-5
235.569676288	-7.5396943E-6	1.6328669516951777E-5
235.571642368	-6.192657E-5	1.391728892485844E-5
235.573608448	-3.426526E-5	1.1321992133161984E-5
235.575590912	3.6702136E-6	8.79110211826628E-6
235.577556992	-7.253138E-6	6.514881988550769E-6
235.579539456	-4.906923E-5	4.607941718859365E-6
235.581505536	-8.3478226E-5	3.110588522758917E-6
235.583471616	5.6345184E-6	2.0040761228301562E-6
235.58545408	4.533993E-5	1.232323938893387E-6
235.58742016	3.6455083E-5	7.23232460586587E-7
235.589402624	4.669867E-5	4.0511400811737985E-7
235.591368704	1.1647981E-5	2.165834871448169E-7
235.593334784	-7.1940426E-6	1.1051589154931207E-7
235.595317248	3.5230045E-5	5.382414869359309E-8
235.597283328	1.1113893E-4	2.5019783578272836E-8
235.599265792	1.0545035E-4	1.1100564911714628E-8
235.601231872	4.8782855E-5	4.700685618530542E-9
235.603197952	1.1770785E-5	0.0
235.605180416	-6.2746817E-6	0.0
235.607146496	-1.2113041E-5	0.0
235.60912896	1.7392204E-5	0.0
235.61109504	4.3570548E-5	0.0
235.61306112	3.947823E-5	0.0
235.615043584	4.2093994E-5	0.0
235.617009664	1.9260218E-5	0.0
235.618992128	-9.0001095E-6	0.0
235.620958208	1.5641826E-5	0.0
235.622924288	4.029785E-5	0.0
235.624906752	4.9207906E-6	0.0
235.626872832	-2.7881351E-5	0.0
235.628855296	4.76843E-5	0.0
235.630821376	5.2683336E-5	0.0
235.632787456	-1.7739889E-5	0.0
235.63476992	-8.711795E-5	0.0
235.636736	-3.0189169E-5	0.0
235.638718464	3.296587E-5	0.0
235.640684544	7.188581E-5	0.0
235.642650624	7.194978E-5	0.0
235.644633088	-1.5158102E-5	0.0
235.646599168	-1.1371359E-5	0.0
235.648581632	-1.0192138E-6	0.0
235.650547712	-5.901894E-5	0.0
235.652513792	-1.3549394E-4	0.0
235.654496256	-6.573725E-5	0.0
235.656462336	-7.138113E-5	0.0
235.6584448	2.5246265E-5	0.0
235.66041088	-1.2992218E-4	0.0
235.66237696	-1.3643742E-4	0.0
235.664359424	7.0010356E-5	0.0
235.666325504	2.1619351E-4	0.0
235.668307968	7.6450044E-5	0.0
235.670274048	6.968157E-5	0.0
235.672240128	1.4909446E-4	0.0
235.674222592	4.4786317E-5	0.0
235.676188672	3.1533436E-5	0.0
235.678171136	6.7873334E-5	0.0
235.680137216	9.264714E-5	0.0
235.682103296	5.869684E-7	0.0
235.68408576	8.678752E-5	0.0
235.68605184	9.104151E-5	0.0
235.688034304	1.333912E-4	0.0
235.690000384	3.342632E-5	0.0
235.691966464	1.3037311E-5	0.0
235.693948928	-1.676929E-5	0.0
235.695915008	-5.410577E-5	0.0
235.697897472	-4.9908584E-5	0.0
235.699863552	4.0382936E-5	0.0
235.701829632	4.4126096E-5	0.0
235.703812096	2.9246848E-5	0.0
235.705778176	-9.95032E-6	0.0
235.70776064	1.00909776E-4	0.0
235.70972672	7.9090576E-5	0.0
235.7116928	-2.5788771E-5	0.0
235.713675264	-2.619517E-6	0.0
235.715641344	2.0709444E-5	0.0
235.717623808	6.1135856E-5	0.0
235.719589888	7.2232375E-5	0.0
235.721555968	5.121563E-5	0.0
235.723538432	7.6033044E-5	0.0
235.725504512	-3.1787244E-5	0.0
235.727486976	-2.324677E-5	0.0
235.729453056	4.0255098E-5	0.0
235.731419136	2.9000936E-5	0.0
235.7334016	-3.7944872E-5	0.0
235.73536768	1.9364294E-5	0.0
235.737350144	1.1153375E-4	0.0
235.739316224	6.497429E-5	0.0
235.741282304	1.029621E-5	0.0
235.743264768	6.155489E-5	0.0
235.745230848	6.840828E-5	0.0
235.747213312	2.6540192E-5	0.0
235.749179392	-5.2948697E-5	0.0
235.751145472	1.625305E-5	0.0
235.753127936	6.998617E-5	0.0
235.755094016	9.871644E-6	0.0
235.75707648	-3.181121E-5	0.0
235.75904256	7.142591E-5	0.0
235.76100864	6.413694E-5	0.0
235.762991104	-5.335027E-5	0.0
235.764957184	-1.2854225E-4	0.0
235.766939648	-3.1070766E-5	0.0
235.768905728	4.2966818E-5	0.0
235.770888192	8.108384E-5	0.0
235.772854272	5.418767E-5	0.0
235.774820352	2.9434292E-5	0.0
235.776802816	5.1280196E-5	0.0
235.778768896	4.6866207E-5	0.0
235.78075136	5.434087E-5	0.0
235.78271744	1.0938088E-4	0.0
235.78468352	1.5255284E-4	0.0
235.786665984	1.310233E-4	0.0
235.788632064	5.565875E-5	0.0
235.790614528	1.8851993E-5	0.0
235.792580608	2.7663149E-5	0.0
235.794546688	1.6502478E-6	0.0
235.796529152	6.2687555E-5	0.0
235.798495232	5.0737803E-5	0.0
235.800477696	6.643376E-5	0.0
235.802443776	1.4774878E-4	0.0
235.804409856	1.0052034E-4	0.0
235.80639232	1.1647913E-4	0.0
235.8083584	1.5577248E-4	0.0
235.810340864	8.930017E-5	0.0
235.812306944	2.7946358E-5	0.0
235.814273024	2.9411416E-5	0.0
235.816255488	1.2581264E-4	0.0
235.818221568	1.3684526E-4	0.0
235.820204032	1.0144159E-4	0.0
235.822170112	3.6966205E-5	0.0
235.824136192	-4.163732E-5	0.0
235.826118656	-2.274422E-5	0.0
235.828084736	1.1352626E-4	0.0
235.8300672	2.1311255E-4	0.0
235.83203328	1.2919297E-4	0.0
235.83399936	7.2183553E-7	0.0
235.835981824	2.351741E-5	0.0
235.837947904	1.0766003E-4	0.0
235.839930368	1.026157E-4	0.0
235.841896448	8.834376E-5	0.0
235.843862528	-2.0358128E-5	0.0
235.845844992	-4.7987246E-6	0.0
235.847811072	1.148242E-4	0.0
235.849793536	2.0010992E-4	0.0
235.851759616	8.49192E-5	0.0
235.853725696	-4.9196005E-5	0.0
235.85570816	-1.825603E-5	0.0
235.85767424	1.3254023E-4	0.0
235.859656704	1.3384387E-4	0.0
235.861622784	1.9711333E-4	0.0
235.863588864	1.08245076E-4	0.0
235.865571328	-2.1502025E-5	0.0
235.867537408	4.318504E-5	0.0
235.869519872	1.8152468E-4	0.0
235.871485952	3.199118E-4	0.0
235.873452032	1.5381379E-4	0.0
235.875434496	1.2144742E-4	0.0
235.877400576	1.4575482E-4	0.0
235.87938304	2.142809E-4	0.0
235.88134912	1.84491E-4	0.0
235.8833152	1.0065477E-4	0.0
235.885297664	3.84683E-6	0.0
235.887263744	1.2630194E-4	0.0
235.889246208	2.4884476E-4	0.0
235.891212288	-2.3878862E-5	0.0
235.893178368	7.988508E-5	0.0
235.895160832	2.5626516E-4	0.0
235.897126912	1.4777963E-4	0.0
235.899109376	-1.3616501E-5	0.0
235.901075456	9.2715505E-5	0.0
235.903041536	1.0186805E-4	0.0
235.905024	1.6235996E-5	0.0
235.90699008	-7.4715164E-5	0.0
235.908972544	-2.6429783E-5	0.0
235.910938624	-3.259783E-5	0.0
235.912904704	1.9845039E-4	0.0
235.914887168	1.4527298E-4	0.0
235.916853248	-9.327807E-5	0.0
235.918835712	-2.1814608E-6	0.0
235.920801792	1.5691769E-5	0.0
235.922767872	1.8865925E-4	0.0
235.924750336	9.356528E-5	0.0
235.926716416	1.7980505E-4	0.0
235.92869888	1.2355855E-4	0.0
235.93066496	-2.578765E-5	0.0
235.93263104	-1.0467928E-4	0.0
235.934613504	-6.926934E-5	0.0
235.936579584	1.2671185E-5	0.0
235.938562048	1.4560009E-5	0.0
235.940528128	8.06047E-5	0.0
235.942494208	6.640589E-5	0.0
235.944476672	1.1412881E-5	0.0
235.946442752	6.081768E-5	0.0
235.948425216	3.4127184E-5	0.0
235.950391296	-1.43151965E-5	0.0
235.952357376	2.5863645E-5	0.0
235.95433984	-2.6322434E-5	0.0
235.95630592	2.7907854E-5	0.0
235.958288384	3.1897E-5	0.0
235.960254464	8.5138E-5	0.0
235.962220544	7.058955E-5	0.0
235.964203008	1.16539E-4	0.0
235.966169088	6.356137E-5	0.0
235.968151552	1.3443309E-5	0.0
235.970117632	7.469741E-5	0.0
235.972083712	2.2470196E-4	0.0
235.974066176	1.4645323E-4	0.0
235.976032256	-8.0886275E-5	0.0
235.97801472	6.4150977E-6	0.0
235.9799808	1.4274674E-4	0.0
235.98194688	1.07232845E-4	0.0
235.983929344	6.424825E-5	0.0
235.985895424	6.714543E-5	0.0
235.987877888	-1.6222182E-5	0.0
235.989843968	-3.083971E-5	0.0
235.991810048	-3.9201284E-5	0.0
235.993792512	-1.7534445E-5	0.0
235.995758592	1.1090003E-5	0.0
235.997741056	4.4841876E-5	0.0
235.999707136	-3.0634877E-5	0.0
236.001673216	-1.00753794E-4	0.0
236.00365568	-4.7929567E-5	0.0
236.00562176	-1.2600704E-5	0.0
236.007604224	2.6749187E-5	0.0
236.009570304	5.8705005E-5	0.0
236.011536384	4.3314056E-5	0.0
236.013518848	5.223521E-5	0.0
236.015484928	5.4373744E-5	0.0
236.017467392	4.959641E-5	0.0
236.019433472	-1.49405505E-5	0.0
236.021399552	-4.2613985E-5	0.0
236.023382016	5.6029553E-6	0.0
236.025348096	4.607902E-5	0.0
236.02733056	1.5306035E-4	0.0
236.02929664	2.282829E-4	0.0
236.03126272	1.7779307E-4	0.0
236.033245184	7.034313E-5	0.0
236.035211264	-1.0057714E-5	0.0
236.037193728	1.6775304E-5	0.0
236.039159808	1.3528166E-4	0.0
236.041125888	1.5802118E-4	0.0
236.043108352	7.7457764E-5	0.0
236.045074432	1.4287335E-5	0.0
236.047056896	-7.673426E-6	0.0
236.049022976	-6.3233296E-5	0.0
236.050989056	-1.003849E-4	0.0
236.05297152	-1.07125124E-4	0.0
236.0549376	-7.4106465E-5	0.0
236.056920064	-3.5531146E-5	0.0
236.058886144	3.0094693E-6	0.0
236.060852224	1.5552885E-5	0.0
236.062834688	1.5801941E-5	0.0
236.064800768	4.5222423E-5	0.0
236.066783232	2.3379385E-5	0.0
236.068749312	-5.5362157E-6	0.0
236.070715392	-6.04158E-5	0.0
236.072697856	-8.44535E-5	0.0
236.074663936	6.9311805E-5	0.0
236.0766464	9.534533E-5	0.0
236.07861248	7.459092E-5	0.0
236.080594944	1.0880183E-4	0.0
236.082561024	7.498024E-5	0.0
236.084527104	6.7203815E-5	0.0
236.086509568	-3.181192E-6	0.0
236.088475648	-4.0139956E-5	0.0
236.090458112	2.0810085E-5	0.0
236.092424192	1.5007786E-5	0.0
236.094390272	6.2105705E-6	0.0
236.096372736	6.9642454E-5	0.0
236.098338816	4.5492012E-5	0.0
236.10032128	1.2640931E-5	0.0
236.10228736	2.4058494E-5	0.0
236.10425344	5.5648143E-5	0.0
236.106235904	5.337199E-5	0.0
236.108201984	5.118884E-5	0.0
236.110184448	6.210702E-5	0.0
236.112150528	1.2010804E-5	0.0
236.114116608	-1.0157114E-4	0.0
236.116099072	1.404554E-5	0.0
236.118065152	1.5633823E-5	0.0
236.120047616	2.0776935E-5	0.0
236.122013696	4.8612525E-5	0.0
236.123979776	8.80736E-6	0.0
236.12596224	-6.861769E-5	0.0
236.12792832	8.399514E-6	0.0
236.129910784	2.010567E-5	0.0
236.131876864	-2.6144027E-5	0.0
236.133842944	9.985185E-5	0.0
236.135825408	1.5753652E-4	0.0
236.137791488	1.2477896E-4	0.0
236.139773952	1.15889285E-4	0.0
236.141740032	-1.4668881E-5	0.0
236.143706112	4.7595695E-5	9.010229784500723E-10
236.145688576	5.688593E-5	2.09885686608402E-9
236.147654656	6.8713256E-5	4.6626582594910815E-9
236.14963712	6.126659E-5	9.8785370994392E-9
236.1516032	5.7575297E-5	1.995995724257682E-8
236.15356928	7.429886E-5	3.8462236062741795E-8
236.155551744	1.3847426E-4	7.068335605708853E-8
236.157517824	5.238358E-5	1.5487655957713287E-7
236.159500288	9.981714E-6	2.607466740300879E-7
236.161466368	-1.9675476E-6	4.21243782966485E-7
236.163432448	-1.2243521E-6	6.536227488140867E-7
236.165414912	-7.854175E-6	9.75459442997817E-7
236.167380992	-9.911132E-6	1.4029653812031029E-6
236.169363456	4.8489328E-5	1.949910483745043E-6
236.171329536	-6.367618E-5	2.6280645215592813E-6
236.173295616	-1.3243465E-4	3.449941686994862E-6
236.17527808	-9.90064E-6	4.433850335772149E-6
236.17724416	-2.5295447E-5	5.610505468212068E-6
236.179226624	2.0198954E-6	7.029204880382167E-6
236.181192704	1.7102708E-5	8.761442586546764E-6
236.183158784	-3.7569636E-5	1.0899608241743408E-5
236.185141248	2.5995034E-5	1.354970117972698E-5
236.187107328	7.112748E-5	1.681816684140358E-5
236.189089792	2.520787E-6	2.0794883312191814E-5
236.191055872	1.00704594E-4	2.5534471205901355E-5
236.193021952	1.883158E-4	3.103976268903352E-5
236.195004416	7.479261E-5	3.724965426954441E-5
236.196970496	1.3921645E-5	4.4033418816979975E-5
236.19895296	4.59014E-5	5.1192262617405504E-5
236.20091904	2.2863345E-5	5.8468700444791466E-5
236.20288512	1.04485356E-4	6.556142761837691E-5
236.204867584	1.3879784E-4	7.214635115815327E-5
236.206833664	7.1521834E-5	7.790024392306805E-5
236.208816128	9.0899775E-5	8.252557017840445E-5
236.210782208	7.645409E-5	8.577409607823938E-5
236.212748288	5.6134497E-5	8.74670222401619E-5
236.214730752	8.804609E-5	8.750928827794269E-5
236.216696832	1.1508884E-4	8.589741628384218E-5
236.218679296	8.463596E-5	8.271900151157752E-5
236.220645376	1.6980998E-4	7.814628042979166E-5
236.222611456	8.075907E-5	7.241890853038058E-5
236.22459392	5.637779E-5	6.582589412573725E-5
236.22656	3.2441927E-5	5.8681391237769276E-5
236.228542464	1.5581063E-4	5.130028512212448E-5
236.230508544	5.2919426E-5	4.397607335704379E-5
236.232474624	-9.006198E-5	3.696219209814444E-5
236.234457088	7.868568E-5	3.0459097615676E-5
236.236423168	1.6823686E-4	2.4608047169749625E-5
236.238405632	2.340373E-5	1.9490760678309016E-5
236.240371712	4.137344E-5	1.5134499335545115E-5
236.242337792	4.566742E-5	1.1521217857080046E-5
236.244320256	1.1068811E-4	8.598587555752601E-6
236.246286336	3.6065092E-5	6.291661520663183E-6
236.2482688	7.107739E-5	4.513592557486845E-6
236.25023488	1.377542E-4	3.1747633784107165E-6
236.25220096	5.6971596E-5	2.1894938981859013E-6
236.254183424	-4.170628E-5	1.4805674481976894E-6
236.256149504	1.12764565E-5	9.816893680181238E-7
236.258131968	6.276493E-5	6.38247456663521E-7
236.260098048	1.1712141E-5	4.068903365350707E-7
236.262064128	1.2940541E-5	2.5435682005081617E-7
236.264046592	3.803548E-5	1.5591666624459322E-7
236.266012672	-1.7268814E-5	9.371816389602827E-8
236.267995136	-2.8828797E-5	5.523835255871745E-8
236.269961216	4.2022355E-5	3.192607778146339E-8
236.271927296	1.0537046E-4	0.0
236.27390976	3.9305483E-5	0.0
236.27587584	3.7220912E-6	0.0
236.277858304	5.078696E-5	0.0
236.279824384	6.5998925E-6	0.0
236.281790464	-1.3386865E-6	0.0
236.283772928	2.921175E-5	0.0
236.285739008	2.416564E-5	0.0
236.287721472	1.498817E-5	0.0
236.289687552	-4.910105E-6	0.0
236.291653632	6.5220884E-5	0.0
236.293636096	2.0078641E-4	0.0
236.295602176	1.0218406E-4	0.0
236.29758464	-4.169081E-5	0.0
236.29955072	-3.1788044E-5	0.0
236.3015168	1.8599707E-5	0.0
236.303499264	-1.6452583E-5	0.0
236.305465344	-3.7730144E-5	0.0
236.307447808	-9.893545E-5	0.0
236.309413888	-8.721312E-5	0.0
236.311379968	-2.5433254E-5	0.0
236.313362432	-3.666269E-5	0.0
236.315328512	-3.3208757E-6	0.0
236.317310976	4.138296E-5	0.0
236.319277056	2.4871088E-5	0.0
236.321243136	2.85468E-5	0.0
236.3232256	4.6529723E-5	0.0
236.32519168	1.6779175E-5	0.0
236.327174144	2.4355295E-5	0.0
236.329140224	1.0445279E-4	0.0
236.331106304	6.995209E-5	0.0
236.333088768	3.765934E-5	0.0
236.335054848	-8.926433E-6	0.0
236.337037312	-1.1434262E-4	0.0
236.339003392	-1.2378348E-4	0.0
236.340969472	-1.0495218E-4	0.0
236.342951936	-5.532883E-5	4.312267990608243E-12
236.344918016	1.335527E-5	1.0158436591911624E-11
236.34690048	1.7232256E-6	2.2823978818031776E-11
236.34886656	-5.7665766E-5	4.891007390761537E-11
236.35083264	-4.298749E-5	9.996418970370513E-11
236.352815104	2.0693204E-5	1.9486669222690267E-10
236.354781184	1.4192717E-7	3.62304880541231E-10
236.356763648	7.867525E-6	6.424705767393846E-10
236.358729728	-3.5397326E-5	1.0866140209842001E-9
236.360695808	1.4227577E-6	1.752832323731468E-9
236.362678272	1.3318441E-4	2.696797452017563E-9
236.364644352	7.035937E-5	3.95730292979124E-9
236.366626816	-3.9925854E-7	5.538514535885497E-9
236.368592896	-3.806577E-5	7.393135881272883E-9
236.370558976	-8.143009E-5	9.41258182507454E-9
236.37254144	-3.3094704E-5	1.1429620805358809E-8
236.37450752	-6.462901E-5	1.323725307145196E-8
236.376489984	3.279029E-6	1.4622002275643808E-8
236.378456064	6.17054E-5	1.540489869000794E-8
236.380422144	4.724466E-5	1.547939199042503E-8
236.382404608	8.7781504E-5	1.4835151773695543E-8
236.384370688	1.2245621E-4	1.356042034217353E-8
236.386353152	-5.4407687E-5	1.1822170797870513E-8
236.388319232	-6.305864E-5	9.830255720544301E-9
236.390301696	-6.702083E-5	7.796058021369845E-9
236.392267776	6.1830564E-5	5.896959365259136E-9
236.394233856	8.513669E-5	4.254262719882718E-9
236.39621632	1.675739E-5	2.9272804180635603E-9
236.3981824	-8.4748666E-7	1.921084624711966E-9
236.400164864	7.4887816E-6	1.2024625739570638E-9
236.402130944	2.788003E-5	7.178594385592874E-10
236.404097024	3.5845387E-5	4.0874467699403283E-10
236.406079488	-5.4108026E-5	2.2197607640883632E-10
236.408045568	-1.2707498E-4	1.1497496704704346E-10
236.410028032	-1.5867523E-5	5.6799287495579165E-11
236.411994112	-5.6913992E-5	2.6762448160355667E-11
236.413960192	-5.2753294E-5	1.2026911584694933E-11
236.415942656	-9.5384356E-5	5.1549350725543786E-12
236.417908736	-1.868067E-5	0.0
236.4198912	-5.3300693E-5	0.0
236.42185728	9.242433E-6	0.0
236.42382336	1.3293071E-4	0.0
236.425805824	2.0209177E-4	0.0
236.427771904	4.269701E-5	0.0
236.429754368	1.93311E-4	0.0
236.431720448	5.4932887E-5	0.0
236.433686528	1.1219639E-4	0.0
236.435668992	-4.4927143E-5	0.0
236.437635072	2.0048633E-6	0.0
236.439617536	1.424697E-4	0.0
236.441583616	1.431082E-4	0.0
236.443549696	5.748867E-5	0.0
236.44553216	2.6276424E-5	0.0
236.44749824	7.586884E-5	0.0
236.449480704	1.0168618E-4	0.0
236.451446784	1.2308762E-4	0.0
236.453412864	7.53035E-5	0.0
236.455395328	1.2006948E-5	0.0
236.457361408	8.038354E-5	0.0
236.459343872	1.237803E-4	0.0
236.461309952	-5.1858638E-6	0.0
236.463276032	-7.929016E-6	0.0
236.465258496	-4.701987E-5	0.0
236.467224576	1.8552166E-5	0.0
236.46920704	1.3421623E-4	0.0
236.47117312	3.4187706E-5	0.0
236.4731392	-7.577078E-6	3.112247384251532E-7
236.475121664	2.058065E-6	7.110203341653687E-7
236.477087744	8.521401E-6	1.5492951206397265E-6
236.479070208	3.7124908E-5	3.219658992748009E-6
236.481036288	1.10923735E-4	6.380824743246194E-6
236.483002368	7.142952E-5	1.2058329957653768E-5
236.484984832	-5.1788866E-5	2.1724992620875128E-5
236.486950912	-1.0128212E-4	3.7307876482373103E-5
236.488933376	3.3490727E-5	6.105408101575449E-5
236.490899456	1.34741E-4	9.518142906017601E-5
236.492865536	2.2534742E-4	1.4133068907540292E-4
236.494848	2.813807E-4	1.9986180996056646E-4
236.49681408	3.32448E-4	2.692138950806111E-4
236.498796544	4.2097672E-4	3.455602563917637E-4
236.500762624	4.8692478E-4	4.229802289046347E-4
236.502728704	4.841347E-4	4.941888619214296E-4
236.504711168	6.162051E-4	5.516889505088329E-4
236.506677248	7.064899E-4	5.890363245271146E-4
236.508659712	6.2151905E-4	6.019332213327289E-4
236.510625792	6.0656964E-4	5.889371386729181E-4
236.512591872	6.251033E-4	5.516887758858502E-4
236.514574336	5.5244606E-4	4.946372355334461E-4
236.516540416	4.605868E-4	4.242884460836649E-4
236.51852288	4.181486E-4	3.4809240605682135E-4
236.52048896	3.4099398E-4	2.731763815972954E-4
236.52245504	2.7142078E-4	2.052389900200069E-4
236.524437504	1.5233875E-4	1.478725898778066E-4
236.526403584	5.2463383E-5	1.0245612065773457E-4
236.528386048	2.7687952E-6	6.853936793049797E-5
236.530352128	-3.719024E-5	4.449675907380879E-5
236.532318208	-2.6234555E-5	2.820577719830908E-5
236.534300672	2.9651319E-5	1.7568248949828558E-5
236.536266752	-2.6088876E-5	1.0812906111823395E-5
236.538249216	-8.175663E-5	6.600329470529687E-6
236.540215296	-6.283939E-5	3.998712600150611E-6
236.542181376	-2.319172E-5	2.3987884105736157E-6
236.54416384	-1.3759197E-5	1.4181507594912546E-6
236.54612992	-6.6364278E-6	6.972911137381743E-7
236.548112384	-4.2064325E-6	4.13965210555034E-7
236.550078464	2.6310156E-5	2.344104359508492E-7
236.552044544	7.684178E-5	1.2660612469517218E-7
236.554027008	-8.649423E-6	6.522260065366936E-8
236.555993088	-3.4557157E-5	3.204873522122398E-8
236.557975552	3.6276662E-5	1.5020667376575148E-8
236.559941632	1.0408719E-4	6.714829581255799E-9
236.561907712	1.2004892E-4	2.863184134227481E-9
236.563890176	5.5767454E-5	0.0
236.565856256	3.9578987E-5	0.0
236.56783872	9.340151E-5	0.0
236.5698048	-3.160732E-6	0.0
236.57177088	-4.303963E-5	0.0
236.573753344	9.242071E-5	0.0
236.575719424	1.2509721E-4	0.0
236.577701888	1.9031142E-5	0.0
236.579667968	-2.5401589E-5	0.0
236.581634048	-7.7395445E-5	0.0
236.583616512	-3.4323803E-5	0.0
236.585582592	1.8874272E-5	0.0
236.587565056	-1.5412543E-5	0.0
236.589531136	1.2904161E-5	0.0
236.591497216	3.9182243E-5	0.0
236.59347968	1.521411E-4	0.0
236.59544576	1.4983017E-4	0.0
236.597428224	4.453029E-5	0.0
236.599394304	7.6042365E-6	0.0
236.601360384	4.5853874E-5	0.0
236.603342848	2.3438277E-5	0.0
236.605308928	5.0593404E-5	0.0
236.607291392	-6.8005006E-6	0.0
236.609257472	-2.9399771E-5	0.0
236.611223552	-2.2415943E-5	0.0
236.613206016	-6.276217E-5	0.0
236.615172096	3.200729E-5	0.0
236.61715456	-2.4672785E-5	0.0
236.61912064	-6.502986E-5	0.0
236.62108672	-7.436231E-5	3.483463073550297E-9
236.623069184	5.5516346E-5	8.079451774278823E-9
236.625035264	1.1628496E-5	1.787489090077088E-8
236.627017728	-9.900116E-6	3.7721715528959976E-8
236.628983808	8.4127765E-7	7.593361317503877E-8
236.630949888	-5.5470857E-5	1.4580290041976696E-7
236.632932352	-8.0697144E-5	2.670462890819181E-7
236.634898432	-7.5620424E-5	4.6654594143547E-7
236.636880896	-3.714638E-5	7.774729056109209E-7
236.638846976	4.235363E-5	1.2358411822788185E-6
236.640813056	1.7300359E-6	1.873796009022044E-6
236.64279552	-1.1139678E-5	2.709962245717179E-6
236.6447616	-2.3083789E-5	3.738398163477541E-6
236.646744064	-5.7270303E-5	4.919150342175271E-6
236.648710144	-2.007748E-5	6.174242571432842E-6
236.650676224	1.4445336E-4	7.392140560114058E-6
236.652658688	4.5431054E-5	8.442281796305906E-6
236.654624768	2.5993622E-5	9.19719968806021E-6
236.656607232	2.6750372E-6	9.55798623181181E-6
236.658573312	-3.507225E-5	9.475449587625917E-6
236.660539392	-3.5680114E-5	8.961175808508415E-6
236.662521856	-5.8882415E-5	8.084983164735604E-6
236.664487936	-1.522876E-4	6.959540314710466E-6
236.6664704	6.7688984E-6	5.716800387745025E-6
236.66843648	-2.527164E-5	4.483127668208908E-6
236.67040256	-4.562415E-5	3.3593637454032432E-6
236.672385024	-1.5350937E-6	2.409893340882263E-6
236.674351104	-6.8654634E-5	1.6614407059023506E-6
236.676333568	-6.0030598E-5	1.1093516150140204E-6
236.678299648	-4.3189382E-5	7.279524538716942E-7
236.680265728	-1.2066535E-4	4.813198870579072E-7
236.682248192	4.1134237E-5	3.3207490446329757E-7
236.684214272	-2.7220025E-5	2.4712241497582E-7
236.686196736	-1.1090955E-4	2.0040839388002496E-7
236.688162816	-1.1032217E-4	1.7345685421332746E-7
236.690128896	-2.2893377E-5	1.545527794633017E-7
236.69211136	-2.457389E-5	1.3731444425957307E-7
236.69407744	1.3989182E-4	1.1913636654981019E-7
236.696059904	9.8469565E-5	1.759761829589479E-7
236.698025984	3.0202968E-5	3.378423514277529E-7
236.700008448	3.7854075E-5	8.413362593273632E-7
236.701974528	-5.3943197E-5	2.176130919906427E-6
236.703940608	-5.4492648E-5	5.295873506838689E-6
236.705923072	4.528987E-5	1.1775948223657906E-5
236.707889152	6.433793E-5	2.3732516638119705E-5
236.709871616	3.115941E-5	4.3245450797257945E-5
236.711837696	5.102708E-5	7.119838846847415E-5
236.713803776	8.34673E-5	1.0591219324851409E-4
236.71578624	1.3700871E-4	1.4243870100472122E-4
236.71775232	2.2996306E-4	1.7335791199002415E-4
236.719734784	1.9329802E-4	1.911385916173458E-4
236.721700864	1.6064914E-4	1.9104403327219188E-4
236.723666944	1.4590543E-4	1.730999501887709E-4
236.725649408	1.6322818E-4	1.420835906174034E-4
236.727615488	1.4059739E-4	1.0553991160122678E-4
236.729597952	6.0741284E-5	7.087281119311228E-5
236.731564032	-1.4265895E-5	4.299833017284982E-5
236.733530112	2.3553179E-5	2.356380173296202E-5
236.735512576	5.7719928E-5	1.1665869351418223E-5
236.737478656	6.6707245E-5	5.21906940775807E-6
236.73946112	3.258567E-5	2.110542027367046E-6
236.7414272	-5.2143564E-6	7.716312211414333E-7
236.74339328	-2.9046756E-5	2.5508856538181135E-7
236.745375744	3.6983172E-5	7.625566667002204E-8
236.747341824	1.317149E-4	0.0
236.749324288	1.03211336E-4	0.0
236.751290368	2.693484E-5	0.0
236.753256448	6.9283225E-5	0.0
236.755238912	1.3835078E-4	2.4390600650292527E-10
236.757204992	6.648255E-5	5.617655229883667E-10
236.759187456	-5.570023E-5	1.2342363797657185E-9
236.761153536	-1.9840225E-5	2.586780345481543E-9
236.763119616	2.8695316E-5	5.171677308624112E-9
236.76510208	1.8996261E-5	9.86328085872401E-9
236.76706816	5.4239823E-5	1.7944238095424225E-8
236.769050624	5.9827555E-5	3.11415284670602E-8
236.771016704	3.8637405E-5	5.155513349563989E-8
236.772982784	6.7403555E-5	8.14169993645919E-8
236.774965248	8.613577E-5	1.2265195437066723E-7
236.776931328	2.0299167E-5	1.7625667680931656E-7
236.778913792	-1.28352085E-5	2.416197162347089E-7
236.780879872	-2.2440201E-5	3.159596246860019E-7
236.782845952	-5.67747E-5	3.9413617969330517E-7
236.784828416	-2.2840626E-5	4.690019466124795E-7
236.786794496	-5.0186423E-5	5.323763048181718E-7
236.78877696	1.6924141E-5	5.76471620661323E-7
236.79074304	8.682661E-5	5.954599942015193E-7
236.79270912	4.4218705E-5	5.867365189260454E-7
236.794691584	1.9739515E-5	5.515050247595354E-7
236.796657664	-2.9380912E-5	4.945052864968602E-7
236.798640128	9.745886E-6	4.2296824176446535E-7
236.800606208	-1.7282639E-5	3.45111487831673E-7
236.802572288	4.465535E-5	2.6861195578931074E-7
236.804554752	8.613126E-5	1.9943685458656546E-7
236.806520832	7.072133E-5	1.4125350844551576E-7
236.808503296	-5.9759745E-6	9.543485646190675E-8
236.810469376	-5.6401765E-5	6.150757059231182E-8
236.812435456	-1.1505142E-4	3.7814988473883204E-8
236.81441792	-1.1463359E-4	2.2177552239099896E-8
236.816384	-7.096478E-5	1.2407296523520017E-8
236.818366464	1.536812E-5	6.621455383992725E-9
236.820332544	5.787648E-6	3.3708968949497375E-9
236.822298624	-6.142161E-5	1.6370116373565224E-9
236.824281088	-2.545316E-5	7.583548788936412E-10
236.826247168	1.604035E-4	3.351255661865338E-10
236.828229632	5.0648643E-5	1.4127246594775045E-10
236.830195712	-8.41237E-5	0.0
236.832161792	-4.5242454E-5	0.0
236.834144256	3.82419E-5	0.0
236.836110336	3.3100852E-5	0.0
236.8380928	9.058395E-6	0.0
236.84005888	-2.3732717E-5	0.0
236.84202496	-1.5963304E-5	0.0
236.844007424	1.2496395E-4	0.0
236.845973504	6.722596E-5	0.0
236.847955968	-4.1922143E-5	0.0
236.849922048	-6.4528525E-5	0.0
236.851888128	-5.1543375E-5	0.0
236.853870592	-8.623591E-5	0.0
236.855836672	-1.03890874E-4	0.0
236.857819136	1.28499405E-5	0.0
236.859785216	2.4901545E-5	9.0714360467814E-9
236.861751296	6.299293E-5	2.112988539693106E-8
236.86373376	7.001347E-5	4.6951964094432697E-8
236.86569984	-5.5010427E-5	9.952633917009734E-8
236.867682304	-5.541833E-5	2.0125754929267714E-7
236.869648384	1.19594215E-5	3.882353780682024E-7
236.871614464	1.4841231E-6	7.14441625859763E-7
236.873596928	-8.240465E-5	1.2541717069325387E-6
236.875563008	4.12252E-5	2.100220171996625E-6
236.877545472	1.08445136E-4	3.3549604268046096E-6
236.879511552	1.1016776E-4	5.112283815833507E-6
236.881477632	7.848187E-5	7.430998266499955E-6
236.883460096	3.562133E-5	1.0303492672392167E-5
236.885426176	9.719412E-5	1.3628030501422472E-5
236.88740864	1.3206825E-4	1.7194943211507052E-5
236.88937472	1.1377958E-4	2.0696845240308903E-5
236.8913408	-2.002807E-6	2.376634620304685E-5
236.893323264	6.805151E-5	2.603709071991034E-5
236.895289344	6.504696E-5	2.7215090085519478E-5
236.897271808	9.9395445E-5	2.7140791644342244E-5
236.899237888	3.988465E-5	2.5824387194006704E-5
236.901203968	6.3869506E-5	2.3443537429557182E-5
236.903186432	7.2222654E-5	2.0304256395320408E-5
236.905152512	5.156444E-5	1.6776541087892838E-5
236.907134976	2.5198957E-5	1.3223652786109596E-5
236.909101056	-4.5037985E-5	9.94305719359545E-6
236.911067136	-6.739293E-5	7.131760867196135E-6
236.9130496	-4.318519E-5	4.879543666902464E-6
236.91501568	-5.757026E-5	3.1846764159126906E-6
236.916998144	2.3716946E-7	1.982716639759019E-6
236.918964224	-3.807495E-5	1.1775173334171996E-6
236.920930304	7.815633E-6	6.671015171377803E-7
236.922912768	1.1609841E-5	3.6052941254638426E-7
236.924878848	-3.2356253E-5	1.8587186900731467E-7
236.926861312	4.190364E-5	9.141486145836097E-8
236.928827392	4.9856175E-5	4.2889254814326705E-8
236.930793472	6.0214068E-5	1.9196114919850515E-8
236.932775936	8.4212705E-5	8.196120226955372E-9
236.934742016	3.1220483E-5	0.0
236.93672448	-1.0493529E-5	0.0
236.93869056	-2.1036087E-5	0.0
236.94065664	-3.301493E-5	0.0
236.942639104	-7.2190363E-7	0.0
236.944605184	4.5454628E-5	0.0
236.946587648	-2.346043E-6	0.0
236.948553728	4.5056153E-5	0.0
236.950519808	1.2689609E-4	0.0
236.952502272	1.6236097E-4	0.0
236.954468352	7.987926E-5	0.0
236.956450816	-2.0724952E-5	0.0
236.958416896	6.9259863E-6	0.0
236.960382976	1.9056768E-5	0.0
236.96236544	-1.8138931E-5	0.0
236.96433152	2.8899873E-5	0.0
236.966313984	1.043885E-4	0.0
236.968280064	8.322777E-5	0.0
236.970246144	6.901579E-5	0.0
236.972228608	8.614878E-5	0.0
236.974194688	6.454979E-5	0.0
236.976177152	-4.6873418E-5	0.0
236.978143232	-2.8300738E-5	0.0
236.980109312	1.10738925E-4	0.0
236.982091776	1.0820512E-4	0.0
236.984057856	-2.8358459E-6	0.0
236.98604032	1.6357882E-5	0.0
236.9880064	1.6600492E-5	0.0
236.98997248	9.640377E-7	0.0
236.991954944	-1.02547465E-5	0.0
236.993921024	-1.3891576E-5	0.0
236.995903488	4.6415607E-5	0.0
236.997869568	9.107277E-5	0.0
236.999852032	6.039591E-5	0.0
237.001818112	-9.3840674E-5	0.0
237.003784192	-1.0253097E-4	0.0
237.005766656	-7.260239E-5	0.0
237.007732736	-3.2579683E-5	3.2335599087218725E-8
237.0097152	-1.9353588E-6	5.685260973109507E-8
237.01168128	-1.1857727E-5	9.803127909435716E-8
237.01364736	3.8715898E-5	1.657773083252323E-7
237.015629824	-2.649243E-5	2.7493447873894183E-7
237.017595904	2.0770707E-5	4.4717253899762E-7
237.019578368	6.837236E-5	7.132815085242328E-7
237.021544448	4.9968938E-5	1.115772761295375E-6
237.023510528	2.0882771E-5	1.7116528852056945E-6
237.025492992	4.7156038E-5	2.574960717538488E-6
237.027459072	6.7629226E-5	3.79864059141255E-6
237.029441536	1.0642546E-5	5.495112873177277E-6
237.031407616	9.183794E-5	7.794612429279368E-6
237.033373696	1.4031313E-4	1.0840890354302246E-5
237.03535616	8.677585E-5	1.4783194274059497E-5
237.03732224	3.685459E-5	1.9764476746786386E-5
237.039304704	-5.8158016E-6	2.5906025257427245E-5
237.041270784	4.687465E-6	3.32889030687511E-5
237.043236864	7.343247E-5	4.193516724626534E-5
237.045219328	2.4423092E-5	5.179634899832308E-5
237.047185408	-1.1499822E-4	6.272194877965376E-5
237.049167872	2.7858756E-5	7.447638927260414E-5
237.051133952	1.7625147E-4	8.673043339513242E-5
237.053100032	7.687077E-5	9.914027759805322E-5
237.055082496	4.371205E-5	1.1121269199065864E-4
237.057048576	1.0703692E-4	1.225523155881092E-4
237.05903104	9.907498E-5	1.3280216080602258E-4
237.06099712	2.5062838E-5	1.417261955793947E-4
237.0629632	1.04560386E-4	1.4926354924682528E-4
237.064945664	1.5892579E-4	1.555653871037066E-4
237.066911744	2.443258E-4	1.6100220091175288E-4
237.068894208	1.6815432E-4	1.6612705076113343E-4
237.070860288	6.902027E-5	1.715843827696517E-4
237.072826368	2.4830582E-4	1.779676094884053E-4
237.074808832	1.4993183E-4	1.8564175115898252E-4
237.076774912	2.5232855E-4	1.9457144662737846E-4
237.078757376	2.1151792E-4	2.0420273358467966E-4
237.080723456	1.9441634E-4	2.1345049026422203E-4
237.082689536	2.3985883E-4	2.208209625678137E-4
237.084672	1.8460407E-4	2.2466082009486854E-4
237.08663808	1.9329054E-4	2.2348386119119823E-4
237.088620544	2.598981E-4	2.163014723919332E-4
237.090586624	1.882704E-4	2.0286817743908614E-4
237.092552704	1.806674E-4	1.8377904780209064E-4
237.094535168	1.634427E-4	1.603880664333701E-4
237.096501248	7.2252515E-5	1.3456678425427526E-4
237.098483712	1.689249E-5	1.0836281580850482E-4
237.100449792	6.743595E-5	8.364756649825722E-5
237.102415872	1.4279243E-4	6.183842924656346E-5
237.104398336	8.582791E-5	4.375552089186385E-5
237.106364416	-1.7056997E-5	2.9623033697134815E-5
237.10834688	-4.0414507E-5	1.9187453290214762E-5
237.11031296	-1.9337325E-5	1.1892590009665582E-5
237.11227904	-4.937581E-5	7.057426500978181E-6
237.114261504	5.822984E-5	4.014758815173991E-6
237.116227584	1.7512271E-4	2.1959372134006117E-6
237.118210048	1.0455154E-4	1.164340346804238E-6
237.120176128	1.365015E-5	6.080877597014478E-7
237.122142208	1.162844E-4	3.3913181596290087E-7
237.124124672	6.959519E-5	2.424543197321327E-7
237.126090752	-1.8062395E-6	2.30835652814676E-7
237.128073216	-6.58147E-5	3.2818238082654716E-7
237.130039296	5.606187E-5	5.879613809156581E-7
237.132005376	2.1076707E-4	1.0744973906184896E-6
237.13398784	2.1294957E-4	1.953741502802586E-6
237.13595392	1.1716467E-4	3.444013145781355E-6
237.137936384	6.008649E-5	5.7671200011100154E-6
237.139902464	2.0397297E-6	9.049390428117476E-6
237.141868544	5.0324354E-5	1.319399325439008E-5
237.143851008	7.7709425E-5	1.7785243471735157E-5
237.145817088	6.514789E-5	2.2100737623986788E-5
237.147799552	-5.1767678E-5	2.527461947465781E-5
237.149765632	-7.981943E-5	2.6574478397378698E-5
237.151731712	-2.7788685E-5	2.5673361960798502E-5
237.153714176	-4.826388E-6	2.278041938552633E-5
237.155680256	-5.857027E-6	1.855976188380737E-5
237.15766272	8.13823E-5	1.3881001905247103E-5
237.1596288	1.14559676E-4	9.52886330196634E-6
237.16159488	1.2406598E-4	6.003466751280939E-6
237.163577344	2.7101256E-5	3.4713450531853596E-6
237.165543424	-1.0958506E-5	1.8422781522531295E-6
237.167525888	3.1237538E-5	8.974739671430143E-7
237.169491968	-4.567456E-5	4.014066519175685E-7
237.171458048	-1.3076622E-4	1.648800918019333E-7
237.173440512	-6.776463E-5	6.222718695880758E-8
237.175406592	-2.1822472E-5	2.1594479093778318E-8
237.177389056	2.8462486E-5	6.899226079326581E-9
237.179355136	1.0394638E-4	0.0
237.181321216	1.0594561E-4	0.0
237.18330368	1.1502071E-4	0.0
237.18526976	7.946014E-5	0.0
237.187252224	4.140026E-5	0.0
237.189218304	4.2602613E-5	0.0
237.191184384	5.623642E-5	0.0
237.193166848	7.149506E-5	0.0
237.195132928	1.90257E-5	0.0
237.197115392	-5.2727217E-5	7.215568745798373E-15
237.199081472	-7.221476E-5	1.6712851127987857E-14
237.201047552	4.7541213E-5	3.697072148748336E-14
237.203030016	7.3233555E-6	7.81038374166737E-14
237.204996096	-4.1598014E-5	1.5758423212164363E-13
237.20697856	-3.8060283E-5	3.0365071351443063E-13
237.20894464	-3.626257E-5	5.588077743590159E-13
237.21091072	9.201659E-6	9.821309347388119E-13
237.212893184	5.7042944E-5	1.6485434978924518E-12
237.214859264	-4.300162E-5	2.6427378081034236E-12
237.216841728	-1.19666554E-4	4.046065132240484E-12
237.218807808	1.6285363E-6	5.9160601764696175E-12
237.220773888	-4.3014275E-6	8.261431469480662E-12
237.222756352	-2.0454578E-5	1.1017994676343346E-11
237.224722432	-4.7829522E-5	1.403367092672747E-11
237.226704896	-1.2226342E-4	1.7071163926907218E-11
237.228670976	-1.020472E-4	2.5478791298993997E-10
237.230637056	-2.5370826E-5	5.793436841372568E-10
237.23261952	2.1993068E-5	1.2847218844314057E-9
237.2345856	-1.0140478E-4	2.747463145880147E-9
237.236568064	-1.5247974E-5	5.634745114946327E-9
237.238534144	1.3005715E-4	1.1052601500693982E-8
237.240500224	2.1082252E-4	2.07083523662277E-8
237.242482688	6.0640294E-5	3.703864592807804E-8
237.244448768	-5.2464133E-5	6.322219547882924E-8
237.246431232	-3.4359484E-5	1.0297478070242505E-7
237.248397312	-6.899467E-5	1.6003374980755325E-7
237.250363392	-1.8495904E-5	2.373007532696647E-7
237.252345856	2.133765E-5	3.3572629831724043E-7
237.254311936	-1.272372E-4	4.705206890776026E-7
237.2562944	-4.567367E-5	6.412417974388518E-7
237.25826048	-2.7358734E-5	8.914703926166112E-7
237.26022656	-8.878956E-5	1.3214034879638348E-6
237.262209024	3.106354E-5	2.1479345377883874E-6
237.264175104	3.189329E-5	3.7674494706152473E-6
237.266157568	-1.2205705E-4	6.784920969948871E-6
237.268123648	-6.9781E-5	1.1938597708649468E-5
237.270089728	-2.768068E-5	1.985496965062339E-5
237.272072192	4.0704737E-5	3.064539851038717E-5
237.274038272	3.449871E-5	4.3497668229974806E-5
237.276020736	9.714397E-5	5.653226253343746E-5
237.277986816	1.4480583E-4	6.714907067362219E-5
237.279952896	7.182876E-5	7.283948798431084E-5
237.28193536	1.8487741E-4	7.213001663330942E-5
237.28390144	2.029878E-4	6.518244481412694E-5
237.285883904	5.3961E-6	5.372841042117216E-5
237.287849984	-2.9577595E-5	4.037390317535028E-5
237.289816064	-4.825438E-5	2.764467353699729E-5
237.291798528	5.0608713E-5	1.7242569811060093E-5
237.293764608	5.180136E-5	9.795290679903701E-6
237.295747072	-8.371647E-5	5.06930700794328E-6
237.297713152	1.16165946E-4	2.3910190520837205E-6
237.299679232	2.817078E-4	1.030326302497997E-6
237.301661696	-1.285155E-5	4.1073644752032124E-7
237.303627776	-1.6012475E-5	1.6723022611131455E-7
237.30561024	4.892865E-5	1.0009577522396285E-7
237.30757632	-1.7179476E-4	1.1774839236977641E-7
237.309558784	-6.57879E-5	2.5484308707746095E-7
237.311524864	-8.225528E-5	5.375810019359051E-7
237.313490944	1.3657003E-4	1.090056116481719E-6
237.315473408	6.5580694E-5	2.098092636515503E-6
237.317439488	5.51258E-5	3.7951751892251195E-6
237.319421952	1.0151132E-4	6.404819941963069E-6
237.321388032	1.3891568E-4	1.00334200396901E-5
237.323354112	1.7382727E-4	1.4540720258082729E-5
237.325336576	8.74649E-6	1.9451916159596294E-5
237.327302656	1.7331944E-4	2.398749529675115E-5
237.32928512	4.198968E-4	2.7246667741565034E-5
237.3312512	2.8488768E-4	2.8496317099779844E-5
237.33321728	2.3403477E-4	2.744045377767179E-5
237.335199744	7.5663775E-5	2.4335080524906516E-5
237.337165824	2.5274098E-4	1.9887513190042228E-5
237.339148288	2.3843024E-4	1.4993856893852353E-5
237.341114368	1.9391642E-4	1.0447703971294686E-5
237.343080448	1.8737795E-4	6.747450242983177E-6
237.345062912	3.3763755E-4	4.056457783008227E-6
237.347028992	3.0844533E-4	2.2844940303912153E-6
237.349011456	2.9514605E-4	1.2159865718786023E-6
237.350977536	2.1198815E-4	6.188876682244882E-7
237.352943616	2.0902265E-4	3.053185650969681E-7
237.35492608	2.0125469E-4	1.479589570863027E-7
237.35689216	1.04485734E-4	7.111293598427437E-8
237.358874624	-2.1082857E-5	3.399972214879199E-8
237.360840704	-2.4350154E-5	1.4379994084379177E-8
237.362806784	8.6365544E-5	7.045334093902511E-9
237.364789248	7.522844E-5	3.2934719396138235E-9
237.366755328	-2.5075611E-5	1.468965948880907E-9
237.368737792	-2.1018668E-5	1.24804910850429E-9
237.370703872	3.2577565E-5	1.4629453204406673E-9
237.372669952	1.0175716E-4	3.278338267520553E-9
237.374652416	3.863816E-5	7.009701263882562E-9
237.376618496	-8.00115E-6	1.4300954198631644E-8
237.37860096	-1.2811773E-6	2.7838819249836888E-8
237.38056704	6.6969974E-6	5.170779360241795E-8
237.38253312	2.257839E-5	9.163915137833101E-8
237.384515584	3.5413777E-7	1.5496190997055237E-7
237.386481664	-3.6936322E-5	2.500260052329395E-7
237.388464128	2.4678813E-5	3.849164613711764E-7
237.390430208	1.6107677E-5	5.654127903653716E-7
237.392396288	-1.2838686E-5	8.660493335810315E-7
237.394378752	-5.6444846E-5	1.227598204422975E-6
237.396344832	-3.7386428E-5	1.7174988897750154E-6
237.398327296	6.3857166E-5	2.404746965112281E-6
237.400293376	1.518163E-4	3.4149954899476143E-6
237.402259456	1.5269422E-4	4.959871148457751E-6
237.40424192	9.576524E-5	7.363703389273724E-6
237.406208	7.212059E-5	1.1074484064010903E-5
237.408190464	3.0736282E-5	1.6642065020278096E-5
237.410156544	3.3257843E-6	2.4646982637932524E-5
237.412122624	4.213669E-5	3.557429590728134E-5
237.414105088	2.6312688E-5	4.9643120291875675E-5
237.416071168	1.6654349E-5	6.662881060037762E-5
237.418053632	1.6972686E-5	8.573330705985427E-5
237.420019712	3.8571703E-5	1.0556288907537237E-4
237.421985792	6.743573E-5	1.242554426426068E-4
237.423968256	1.8756998E-4	1.397509331582114E-4
237.425934336	2.0298832E-4	1.50155698065646E-4
237.4279168	9.3378025E-5	1.5411312051583081E-4
237.42988288	6.742598E-5	1.5108198567759246E-4
237.43184896	1.2690281E-4	1.414501602994278E-4
237.433831424	1.684306E-4	1.2645307288039476E-4
237.435797504	1.3154188E-4	1.0791709792101756E-4
237.437779968	7.961223E-5	8.790118590695783E-5
237.439746048	5.7174726E-5	6.832703365944326E-5
237.441712128	-2.2552033E-5	5.069116014055908E-5
237.443694592	-6.562712E-5	3.591475615394302E-5
237.445660672	4.9783124E-5	2.4341836251551285E-5
237.447643136	1.2746251E-4	1.5847372196731158E-5
237.449609216	7.530789E-5	1.000657539407257E-5
237.451575296	-1.683441E-5	6.260321697482141E-6
237.45355776	4.9119964E-5	4.044550678372616E-6
237.45552384	1.3387822E-4	2.8676186047960073E-6
237.457506304	7.4833646E-5	2.3415786927216686E-6
237.459472384	1.1416913E-4	2.181961917813169E-6
237.461438464	5.0697246E-5	2.1919727259955835E-6
237.463420928	4.0100153E-6	2.243068820462213E-6
237.465387008	-3.5845875E-5	2.2580777567782206E-6
237.467369472	7.305806E-6	2.184270897487295E-6
237.469335552	2.5879783E-5	2.0489235339482548E-6
237.471301632	6.0222712E-5	1.8347426475884276E-6
237.473284096	8.811055E-5	1.5683864376114798E-6
237.475250176	8.224875E-5	1.279845264434698E-6
237.47723264	1.0148955E-4	9.969785423891153E-7
237.47919872	7.909378E-5	7.413729576910555E-7
237.4811648	5.4851906E-5	5.262693889562797E-7
237.483147264	-1.2312497E-6	3.5661409469867067E-7
237.485113344	-1.02788494E-4	2.30678324442124E-7
237.487095808	-8.039505E-5	1.424398021754314E-7
237.489061888	-6.945665E-5	8.395961970109056E-8
237.491027968	1.2262461E-4	4.724152447010965E-8
237.493010432	1.4864681E-4	2.537406906810702E-8
237.494976512	1.8789007E-4	1.3009655575046963E-8
237.496958976	9.550025E-5	6.367217419978033E-9
237.498925056	4.630903E-5	2.9746689556020556E-9
237.500891136	2.8915138E-5	1.3265742948576076E-9
237.5028736	-1.2773275E-4	3.8989764195029863E-10
237.50483968	4.001352E-5	0.0
237.506822144	1.6093314E-4	0.0
237.508788224	2.6003728E-4	0.0
237.510754304	-4.6726444E-5	0.0
237.512736768	9.513768E-6	0.0
237.514702848	5.4524793E-5	0.0
237.516685312	8.704056E-6	0.0
237.518651392	-5.0524144E-5	0.0
237.520617472	-6.882428E-6	0.0
237.522599936	3.1668245E-5	0.0
237.524566016	-6.826214E-6	0.0
237.52654848	8.9999856E-5	0.0
237.52851456	3.9405688E-5	0.0
237.53048064	7.114174E-5	0.0
237.532463104	9.0112226E-5	0.0
237.534429184	5.1980696E-5	0.0
237.536411648	4.8756006E-5	0.0
237.538377728	-7.3626557E-6	0.0
237.540343808	-8.965313E-5	0.0
237.542326272	-6.772698E-5	0.0
237.544292352	-6.62166E-5	0.0
237.546274816	-5.349003E-5	0.0
237.548240896	-7.0837245E-6	0.0
237.550206976	2.74738E-5	0.0
237.55218944	4.6489065E-5	0.0
237.55415552	9.908377E-5	5.233011357574924E-9
237.556137984	6.3082654E-5	1.2169072860501728E-8
237.558104064	8.8176006E-5	2.7030784721659984E-8
237.560070144	8.09965E-5	5.7353773286195064E-8
237.562052608	2.1305796E-5	1.1624206308624707E-7
237.564018688	-3.4754656E-5	2.250393293934394E-7
237.566001152	-5.6369314E-5	4.161519768786093E-7
237.567967232	1.0135557E-5	7.35081641778379E-7
237.569933312	1.2676118E-5	1.2402592801663559E-6
237.571915776	4.5470635E-5	1.9988201529486105E-6
237.573881856	4.8279286E-5	3.0769547265663277E-6
237.57586432	3.0565327E-5	4.524260930338642E-6
237.5778304	9.5308815E-6	6.354138349706773E-6
237.57979648	4.6255565E-5	8.524063559889328E-6
237.581778944	8.974392E-5	1.0922608453256544E-5
237.583745024	1.9715475E-5	1.3369090083870105E-5
237.585727488	4.230702E-7	1.563100522616878E-5
237.587693568	8.138809E-5	1.7457914509577677E-5
237.589659648	5.266733E-5	1.8626436940394342E-5
237.591642112	1.2123409E-4	1.8984832422574982E-5
237.593608192	6.9227084E-5	1.8485259715816937E-5
237.595590656	-1.5839103E-5	1.7194241081597283E-5
237.597556736	1.8075474E-5	1.5278135833796114E-5
237.599522816	7.060442E-5	1.2968114788236562E-5
237.60150528	3.7838156E-5	1.0514531822991557E-5
237.60347136	2.4303446E-5	8.143259947246406E-6
237.605453824	-5.3891104E-6	6.0241209212108515E-6
237.607419904	-2.5640022E-5	4.256682586856186E-6
237.609385984	7.1501586E-6	2.8729577934427653E-6
237.611368448	2.5739648E-5	1.852119567047339E-6
237.613334528	-1.7507262E-5	1.1404936230974272E-6
237.615316992	-2.1454396E-5	6.708173145852925E-7
237.617283072	5.7686444E-5	3.768832357309293E-7
237.619265536	1.774823E-5	2.0225661501172E-7
237.621231616	-5.257502E-5	1.0367983094283773E-7
237.623197696	1.1344909E-5	5.0766985282280075E-8
237.62518016	2.5692107E-5	2.374478924593859E-8
237.62714624	1.2980326E-5	1.0608499856346043E-8
237.629128704	1.626459E-5	4.527295427436684E-9
237.631094784	-1.3632639E-5	0.0
237.633060864	-5.871792E-5	0.0
237.635043328	-1.8631892E-5	0.0
237.637009408	5.5873847E-6	0.0
237.638991872	-4.6596917E-5	0.0
237.640957952	-3.81728E-5	2.594111148113143E-9
237.642924032	3.891929E-5	5.976660055750926E-9
237.644906496	2.2874143E-5	1.314013520214985E-8
237.646872576	-1.326676E-5	2.7568143323719596E-8
237.64885504	2.006726E-6	5.51925936065345E-8
237.65082112	2.2095383E-5	1.0544272299739532E-7
237.6527872	3.604549E-5	1.9222993330458849E-7
237.654769664	1.2886742E-5	3.3441779123677406E-7
237.656735744	-1.8964927E-5	5.551628987632284E-7
237.658718208	-1.0643923E-5	8.794490327090898E-7
237.660684288	1.4476641E-5	1.3294255722939852E-6
237.662650368	4.2444884E-5	1.917684812724474E-6
237.664632832	2.2396462E-5	2.639674903548439E-6
237.666598912	8.92635E-5	3.4672389119805302E-6
237.668581376	2.7236836E-5	4.345930847193813E-6
237.670547456	-8.8271256E-5	5.198163762543118E-6
237.672513536	-1.6331625E-4	5.935084573138738E-6
237.674496	8.90982E-6	6.466994364018319E-6
237.67646208	7.357831E-5	6.728118023602292E-6
237.678444544	3.319675E-5	6.686142569378717E-6
237.680410624	5.549305E-5	6.354344350256724E-6
237.682376704	1.0774193E-4	5.789574515802087E-6
237.684359168	2.5308125E-5	5.083413270767778E-6
237.686325248	-5.89074E-5	4.3471022763696965E-6
237.688307712	-3.9839764E-5	3.69448048331833E-6
237.690273792	6.496665E-5	3.2266491416521603E-6
237.692239872	1.2259708E-4	3.020255689989426E-6
237.694222336	5.3937943E-5	3.1197507723845774E-6
237.696188416	-2.8137347E-7	3.5327357181813568E-6
237.69817088	3.923479E-5	4.22786479248316E-6
237.70013696	1.07810265E-4	5.13543636770919E-6
237.70210304	2.7441989E-5	6.152221430966165E-6
237.704085504	8.744612E-6	7.151907993829809E-6
237.706051584	1.0773032E-4	8.001475180208217E-6
237.708034048	-1.190257E-6	8.581570000387728E-6
237.710000128	-1.8667952E-5	8.80688639881555E-6
237.711966208	2.468491E-5	8.641361091576982E-6
237.713948672	5.716563E-5	8.10385427030269E-6
237.715914752	1.0172247E-4	7.261736755026504E-6
237.717897216	7.303005E-5	6.219062470336212E-6
237.719863296	8.4502404E-5	5.0893277148134075E-6
237.721829376	5.4506312E-5	3.979771918238839E-6
237.72381184	1.0264992E-4	2.974022436319501E-6
237.72577792	5.8106296E-5	2.124073716913699E-6
237.727760384	-2.0895218E-6	1.4502902558888309E-6
237.729726464	-4.4254815E-5	9.473957334193983E-7
237.731692544	-3.6953547E-6	5.93374522850354E-7
237.733675008	-2.2408041E-5	3.5848808010996436E-7
237.735641088	-9.713298E-5	2.124191382790741E-7
237.737623552	-5.616725E-7	1.2871946353243402E-7
237.739589632	-2.0047502E-5	8.670571105540148E-8
237.741555712	-8.545318E-6	7.146652336587067E-8
237.743538176	-2.4698644E-5	7.540777602343951E-8
237.745504256	-1.1937957E-4	8.983242594240437E-8
237.74748672	-1.1881127E-4	1.1180627979001656E-7
237.7494528	6.228559E-5	1.4395854464055446E-7
237.75141888	1.0735927E-4	1.8682924007862312E-7
237.753401344	1.0959669E-4	2.484112542333605E-7
237.755367424	9.344354E-5	3.4057336506521096E-7
237.757349888	-7.085406E-5	4.816120622308517E-7
237.759315968	-1.3276482E-4	6.951018463041692E-7
237.761282048	-3.6543115E-5	1.007367472993792E-6
237.763264512	9.637447E-5	1.4425712606680463E-6
237.765230592	2.335392E-5	2.0155846414127154E-6
237.767213056	-2.4830208E-5	2.723997113207588E-6
237.769179136	-2.6639622E-5	3.541246314853197E-6
237.771145216	-4.2084116E-6	4.413665465108352E-6
237.77312768	2.4302559E-5	5.2650530051323585E-6
237.77509376	3.5714027E-5	6.002994268783368E-6
237.777076224	-2.0517136E-5	6.5394533521612175E-6
237.779042304	-1.2625821E-5	6.806273631809745E-6
237.781008384	1.9713103E-5	6.7714890974457376E-6
237.782990848	-4.0422496E-5	6.448265139624709E-6
237.784956928	-2.8984919E-6	5.894298283237731E-6
237.786939392	-1.1509959E-6	5.202456577535486E-6
237.788905472	4.0809584E-5	4.484618784772465E-6
237.790871552	5.2441934E-5	3.853247108054347E-6
237.792854016	3.9412687E-5	3.4043105188175105E-6
237.794820096	8.480133E-5	3.2041555186879123E-6
237.79680256	3.3158158E-5	3.2814473343023565E-6
237.79876864	-4.148515E-5	3.6238780012354255E-6
237.80073472	-8.8487395E-5	4.179822553851409E-6
237.802717184	-6.381014E-5	4.8646411414665636E-6
237.804683264	2.42712E-5	5.5718364819767885E-6
237.806665728	8.114871E-5	6.188530278450344E-6
237.808631808	1.2945779E-5	6.613330697291531E-6
237.810597888	-9.413387E-5	6.773340373911196E-6
237.812580352	-1.03090184E-4	6.636337275267579E-6
237.814546432	-2.4303137E-5	6.214911991264671E-6
237.816528896	8.99118E-6	5.561396847042488E-6
237.818494976	1.3099084E-5	4.754201654577628E-6
237.820461056	-1.563382E-5	3.884572379320161E-6
237.82244352	-4.38318E-6	3.0334099392348435E-6
237.8244096	5.051219E-5	2.264473323521088E-6
237.826392064	4.1451294E-5	1.6165996612471645E-6
237.828358144	-6.5477565E-7	1.1041146308343741E-6
237.830324224	-1.9252452E-6	7.217893198685488E-7
237.832306688	5.6310706E-5	4.5188343733570946E-7
237.834272768	8.808334E-5	2.7110070277558407E-7
237.836255232	4.908276E-6	1.55962084136263E-7
237.838221312	1.3917964E-5	8.610190604940726E-8
237.840187392	3.5212393E-5	4.565097100339699E-8
237.842169856	9.142273E-6	2.3263559967290348E-8
237.844135936	2.885645E-5	1.1403300526069415E-8
237.8461184	3.6638835E-6	5.380590639703087E-9
237.84808448	-3.0106965E-5	2.4453987723660475E-9
237.85005056	3.582561E-5	4.751269377933909E-10
237.852033024	1.1600695E-4	2.2338711436198366E-10
237.853999104	7.1560746E-5	1.0022997709580039E-10
237.855981568	8.646038E-6	4.291690614000032E-11
237.857947648	-1.9513709E-5	8.336515922025001E-10
237.859913728	-3.632395E-5	1.917880521062898E-9
237.861896192	1.4297376E-5	4.210739312782152E-9
237.863862272	1.775002E-5	8.82273365476749E-9
237.865844736	-3.845534E-5	1.7641992755557112E-8
237.867810816	8.978171E-6	3.366658063441719E-8
237.869776896	3.7522525E-5	6.131271845788433E-8
237.87175936	6.017111E-5	1.0656275151177397E-7
237.87372544	4.6462785E-5	1.7675255037374882E-7
237.875707904	4.3998054E-5	2.7978583716503636E-7
237.877673984	1.3662781E-5	4.226587861921871E-7
237.879640064	-7.1913796E-6	6.093316642363789E-7
237.881622528	-3.368704E-5	8.383420322388702E-7
237.883588608	6.8446557E-6	1.1007515468008933E-6
237.885571072	7.758317E-5	1.3793064681522083E-6
237.887537152	5.5738932E-5	1.6494440160386148E-6
237.889503232	4.4620294E-5	1.8824318885890534E-6
237.891485696	3.623222E-5	2.0502593542914838E-6
237.893451776	4.031895E-5	2.1311111595423426E-6
237.89543424	-2.707845E-5	2.1140360786375822E-6
237.89740032	1.1695392E-5	2.0013696939713554E-6
237.8993664	-7.413689E-6	1.808215642995492E-6
237.901348864	-1.5458003E-5	1.5591205055898172E-6
237.903314944	4.6706922E-5	1.2829638080802397E-6
237.905297408	1.5397453E-4	1.0075203817905276E-6
237.907263488	3.980706E-5	7.550839313807955E-7
237.909229568	-5.1798615E-5	5.400560212365235E-7
237.911212032	1.8184643E-5	3.6862431329609535E-7
237.913178112	3.826716E-5	2.4012146582208516E-7
237.915160576	-1.557682E-5	1.4927253744190239E-7
237.917126656	2.6708296E-5	8.85586928234261E-8
237.919092736	7.5380885E-5	5.014030435290806E-8
237.9210752	5.1221203E-5	2.709222179930748E-8
237.92304128	4.8256305E-10	1.3970286261155707E-8
237.925023744	-1.3247741E-5	6.874951719026967E-9
237.926989824	-4.327384E-5	3.2287739148983974E-9
237.928972288	-1.0911896E-5	1.9961740704843578E-8
237.930938368	1.749216E-5	4.269565323511415E-8
237.932904448	1.5895626E-5	9.126132738401793E-8
237.934886912	-3.1001484E-5	1.8890433750584634E-7
237.936852992	4.0081537E-5	3.7317178680496E-7
237.938835456	-2.8712353E-5	7.035382054709771E-7
237.940801536	2.6404394E-5	1.2658076684601838E-6
237.942767616	-3.2378735E-5	2.1734349502366967E-6
237.94475008	2.359992E-5	3.561396169970976E-6
237.94671616	-6.271971E-5	5.5689883993181866E-6
237.948698624	-8.274042E-6	8.310205885209143E-6
237.950664704	7.797603E-6	1.1833849384856876E-5
237.952630784	3.7070484E-5	1.608118873264175E-5
237.954613248	1.3200038E-4	2.085450614686124E-5
237.956579328	8.907834E-5	2.581008266133722E-5
237.958561792	1.5271867E-4	3.0486497053061612E-5
237.960527872	1.3229753E-4	3.4370135836070403E-5
237.962493952	6.991405E-5	3.698575892485678E-5
237.964476416	4.2363146E-5	3.799135083681904E-5
237.966442496	3.5347566E-5	3.725102942553349E-5
237.96842496	-8.544425E-7	3.4873082768172026E-5
237.97039104	7.410969E-5	3.11667172354646E-5
237.97235712	1.5121036E-4	2.6602712750900537E-5
237.974339584	1.2784191E-4	2.1708205167669803E-5
237.976305664	1.6957206E-4	1.6980848158709705E-5
237.978288128	1.6389736E-4	1.282386620005127E-5
237.980254208	1.05058905E-4	9.517768376099411E-6
237.982220288	-3.1970598E-5	7.226898560475092E-6
237.984202752	1.2206819E-5	6.029293672327185E-6
237.986168832	3.5816473E-5	5.951437287876615E-6
237.988151296	3.0299432E-5	6.999563083809335E-6
237.990117376	-2.4638116E-6	9.150520781986415E-6
237.992083456	-5.7698115E-5	1.2361188964860048E-5
237.99406592	1.0689185E-5	1.6550078726140782E-5
237.996032	1.0087459E-4	2.1607649614452384E-5
237.998014464	1.2862361E-4	2.742690958257299E-5
237.999980544	1.04778606E-4	3.393295992282219E-5
238.001946624	1.1850269E-4	4.1053561290027574E-5
238.003929088	4.7456884E-5	4.8579429858364165E-5
238.005895168	1.01876576E-4	5.596742266789079E-5
238.007877632	1.1247945E-4	6.216915789991617E-5
238.009843712	3.653356E-5	6.578234751941636E-5
238.011809792	4.0299583E-5	6.551459955517203E-5
238.013792256	1.2641524E-4	6.08178015681915E-5
238.015758336	6.166476E-5	5.2238552598282695E-5
238.0177408	2.203767E-5	4.1360242903465405E-5
238.01970688	1.8096604E-5	3.0184351999196224E-5
238.02167296	-4.843046E-5	2.0427485651453026E-5
238.023655424	1.1054933E-5	1.3067950021650176E-5
238.025621504	1.0162055E-4	8.313592843478546E-6
238.027603968	7.4156254E-5	5.872533165529603E-6
238.029570048	2.3338334E-5	5.290708941174671E-6
238.031536128	5.0913973E-6	6.1746009123453405E-6
238.033518592	-5.20015E-5	8.260247341240756E-6
238.035484672	-3.252734E-5	1.137107756221667E-5
238.037467136	4.5416313E-5	1.532802161818836E-5
238.039433216	1.9095549E-5	1.9907640307792462E-5
238.041399296	7.430687E-5	2.4739829314057715E-5
238.04338176	1.8133379E-4	2.937079807452392E-5
238.04534784	1.8232038E-4	3.328897219034843E-5
238.047330304	NaN	3.602439028327353E-5
238.049296384	NaN	3.7213532777968794E-5
238.051262464	NaN	3.669620491564274E-5
238.053244928	NaN	3.454251418588683E-5
238.055211008	NaN	3.1037347071105614E-5
238.057193472	NaN	2.6618998163030483E-5
238.059159552	NaN	2.1789592210552655E-5
238.061125632	NaN	1.702292684058193E-5
238.063108096	NaN	1.2691913070739247E-5
238.065074176	NaN	9.030618457472883E-6
238.06705664	NaN	6.131961981736822E-6
238.06902272	NaN	3.973524599132361E-6
238.0709888	NaN	2.457250502629904E-6
238.072971264	NaN	1.4502051044473774E-6
238.074937344	NaN	8.168108820427733E-7
238.076919808	NaN	4.39065559021401E-7
238.078885888	NaN	2.2524832843373588E-7
238.080851968	NaN	1.102852564827117E-7
