219.99607808	-9.639098E-6	0.0
219.99804416	-2.2770833E-5	0.0
219.999993856	4.98223E-6	0.0
220.001943552	4.1624855E-5	0.0
220.003909632	4.5090233E-5	0.0
220.005859328	-6.2717554E-6	0.0
220.007809024	5.6392284E-5	0.0
220.009775104	9.0834976E-5	0.0
220.0117248	-4.2811498E-5	0.0
220.013674496	-6.511903E-5	0.0
220.015624192	1.3443747E-5	0.0
220.017590272	-2.0667903E-6	0.0
220.019539968	2.1553908E-5	0.0
220.021489664	2.5568825E-5	0.0
220.023455744	-4.602185E-6	0.0
220.02540544	-2.0851217E-5	0.0
220.027355136	-7.124578E-5	0.0
220.029321216	-5.4458742E-5	0.0
220.031270912	1.2558178E-4	1.415260575399202E-9
220.033220608	8.875546E-5	3.3949441036185135E-9
220.035186688	2.438721E-5	7.74249109269931E-9
220.037136384	-1.9737308E-6	1.678727201692709E-8
220.03908608	1.3619359E-5	3.460440822777855E-8
220.041035776	3.5871828E-5	6.781676376022006E-8
220.043001856	2.5690275E-5	1.2635426571705466E-7
220.044951552	7.5465687E-6	2.238167127188717E-7
220.046901248	-3.6890433E-5	3.7691552279284224E-7
220.048867328	-1.0149835E-4	6.034530883880507E-7
220.050817024	-8.719535E-5	9.185228009300772E-7
220.05276672	2.3726436E-5	1.3291779623614275E-6
220.0547328	6.312893E-5	1.8286198155692546E-6
220.056682496	1.8187919E-5	2.391736416029744E-6
220.058632192	6.147314E-5	2.974080416606739E-6
220.060598272	-4.6672594E-5	3.5159791877958924E-6
220.062547968	-6.493592E-5	3.951826329284813E-6
220.064497664	6.189295E-5	4.2228971324220765E-6
220.06644736	-4.622238E-5	4.290287506591994E-6
220.06841344	-3.0064803E-6	4.1440603126829956E-6
220.070363136	5.254499E-5	3.805645974352956E-6
220.072312832	4.259262E-6	3.3226970117539167E-6
220.074278912	2.3678094E-5	2.758097707555862E-6
220.076228608	9.990213E-5	2.176610905735288E-6
220.078178304	2.2468786E-5	1.6330607195413904E-6
220.080144384	7.729746E-5	1.1648545523712528E-6
220.08209408	-4.4202727E-5	7.899287766122143E-7
220.084043776	-5.18317E-5	5.092718993182643E-7
220.086009856	-6.543333E-5	3.121475060652301E-7
220.087959552	3.4592365E-5	1.8189399497714476E-7
220.089909248	2.874481E-5	1.007687870924201E-7
220.091858944	4.9336268E-6	5.3074071360015296E-8
220.093825024	8.321494E-5	2.6576083556051344E-8
220.09577472	1.6015623E-5	1.2651754310866181E-8
220.097724416	-3.4764565E-5	5.726142671136358E-9
220.099690496	1.1575132E-4	2.463902415428265E-9
220.101640192	7.54167E-5	1.0079488355074773E-9
220.103589888	-8.015993E-5	0.0
220.105555968	8.0515456E-5	0.0
220.107505664	-2.8579725E-5	0.0
220.10945536	1.5720845E-5	0.0
220.11142144	2.0720054E-5	0.0
220.113371136	9.7699085E-5	0.0
220.115320832	-3.8143298E-6	0.0
220.117270528	2.7911276E-5	0.0
220.119236608	-3.250349E-5	0.0
220.121186304	-8.031656E-5	0.0
220.123136	-1.7213236E-4	0.0
220.12510208	-2.1505124E-4	0.0
220.127051776	-1.2389701E-4	0.0
220.129001472	3.4448374E-5	0.0
220.130967552	2.3612422E-5	0.0
220.132917248	1.9338495E-5	0.0
220.134866944	2.1926262E-5	0.0
220.136833024	-3.1814703E-5	0.0
220.13878272	5.8279624E-5	0.0
220.140732416	4.3159936E-5	0.0
220.142682112	1.0638902E-4	0.0
220.144648192	-4.389237E-5	0.0
220.146597888	-5.8230067E-5	0.0
220.148547584	1.9698393E-5	0.0
220.150513664	2.8238024E-5	0.0
220.15246336	-2.3753422E-5	0.0
220.154413056	-1.4239686E-5	0.0
220.156379136	-8.416335E-5	0.0
220.158328832	-1.0973393E-4	0.0
220.160278528	-2.1500378E-5	0.0
220.162244608	2.8769518E-5	0.0
220.164194304	6.730571E-5	0.0
220.166144	1.821858E-5	0.0
220.168093696	2.0045194E-5	0.0
220.170059776	3.3270513E-5	0.0
220.172009472	5.605673E-5	0.0
220.173959168	-6.618746E-6	0.0
220.175925248	-4.541207E-5	0.0
220.177874944	3.7076727E-5	0.0
220.17982464	9.333028E-5	0.0
220.18179072	5.1026425E-5	0.0
220.183740416	5.774871E-5	0.0
220.185690112	5.465892E-6	0.0
220.187656192	1.20652665E-4	0.0
220.189605888	9.177957E-5	0.0
220.191555584	1.8482886E-5	0.0
220.19350528	5.3800777E-5	0.0
220.19547136	-3.9652234E-5	0.0
220.197421056	-6.60873E-5	0.0
220.199370752	1.462223E-4	0.0
220.201336832	1.2649209E-4	0.0
220.203286528	-4.5132874E-6	0.0
220.205236224	5.9203918E-5	0.0
220.207202304	5.9862115E-5	0.0
220.209152	4.9281287E-5	0.0
220.211101696	9.577302E-5	0.0
220.213067776	4.0148505E-5	0.0
220.215017472	5.751668E-5	0.0
220.216967168	4.9771774E-5	0.0
220.218933248	4.020057E-5	0.0
220.220882944	8.457257E-5	0.0
220.22283264	1.3358309E-4	0.0
220.224782336	8.046998E-5	0.0
220.226748416	8.538238E-6	0.0
220.228698112	-3.635229E-5	0.0
220.230647808	-9.929327E-5	0.0
220.232613888	-8.285112E-5	0.0
220.234563584	5.7534275E-5	0.0
220.23651328	-2.4547622E-5	0.0
220.23847936	-1.09909095E-4	0.0
220.240429056	-2.3589757E-7	0.0
220.242378752	4.7537866E-5	0.0
220.244344832	-1.20445875E-5	0.0
220.246294528	2.7514736E-5	0.0
220.248244224	9.941726E-5	0.0
220.25019392	1.0784605E-6	0.0
220.25216	-1.0881392E-4	0.0
220.254109696	-3.903431E-6	0.0
220.256059392	8.336069E-5	0.0
220.258025472	-4.7475263E-5	0.0
220.259975168	-2.6320904E-5	0.0
220.261924864	2.8382234E-5	0.0
220.263890944	-2.9037874E-6	0.0
220.26584064	1.049799E-4	0.0
220.267790336	1.03599974E-4	0.0
220.269756416	6.5560394E-5	0.0
220.271706112	-7.4419477E-6	0.0
220.273655808	6.689306E-5	0.0
220.275605504	4.5435594E-5	0.0
220.277571584	-9.90358E-5	0.0
220.27952128	-6.392907E-5	0.0
220.281470976	-7.11108E-5	0.0
220.283437056	3.2131637E-5	0.0
220.285386752	1.15534E-4	0.0
220.287336448	8.160788E-5	0.0
220.289302528	1.7268356E-6	0.0
220.291252224	2.9031322E-5	0.0
220.29320192	1.8066453E-4	0.0
220.295168	4.8570077E-5	0.0
220.297117696	-1.692709E-5	0.0
220.299067392	6.2088875E-5	0.0
220.301017088	3.505011E-5	0.0
220.302983168	1.3183777E-5	0.0
220.304932864	7.783009E-5	0.0
220.30688256	1.2998268E-4	0.0
220.30884864	1.1964399E-5	0.0
220.310798336	-3.053575E-5	0.0
220.312748032	-3.908465E-5	0.0
220.314714112	-8.520991E-5	0.0
220.316663808	2.4955505E-5	0.0
220.318613504	1.1427561E-4	0.0
220.320579584	-7.819808E-5	0.0
220.32252928	-8.377732E-5	0.0
220.324478976	-4.514866E-5	0.0
220.326428672	-2.4358155E-4	0.0
220.328394752	-1.5715888E-4	0.0
220.330344448	-5.758127E-5	0.0
220.332294144	-1.3622748E-4	0.0
220.334260224	-1.9061545E-4	0.0
220.33620992	-3.845023E-5	0.0
220.338159616	-2.0941876E-5	0.0
220.340125696	-1.0838951E-4	0.0
220.342075392	-2.1500215E-4	0.0
220.344025088	-1.3548095E-4	0.0
220.345991168	-6.0669827E-5	0.0
220.347940864	-5.6677618E-5	0.0
220.34989056	1.6139868E-5	0.0
220.351840256	1.50601E-4	0.0
220.353806336	4.1048672E-5	0.0
220.355756032	5.647577E-5	0.0
220.357705728	-1.5311199E-6	0.0
220.359671808	-3.8399125E-5	0.0
220.361621504	-3.154138E-5	0.0
220.3635712	-7.105602E-5	0.0
220.36553728	-4.5113058E-5	0.0
220.367486976	8.682396E-5	8.793431538478558E-10
220.369436672	2.1680175E-5	3.4622045230747744E-9
220.371402752	3.338287E-5	8.16532175207385E-9
220.373352448	3.828851E-5	1.831460139101182E-8
220.375302144	2.4191748E-5	3.906832546363148E-8
220.37725184	1.3223808E-4	7.926012557391005E-8
220.37921792	1.8676271E-4	1.5292795296772965E-7
220.381167616	3.5110992E-4	2.8062183332622226E-7
220.383117312	5.525951E-4	4.897303824691335E-7
220.385083392	7.444592E-4	8.128175181809638E-7
220.387033088	8.8011153E-4	1.2829943898395868E-6
220.388982784	0.001178094	1.925992819451494E-6
220.390948864	0.0012633586	2.749679424596252E-6
220.39289856	0.0013596186	3.7334184526116587E-6
220.394848256	0.0013197131	4.820945378014585E-6
220.396814336	0.0013966411	5.920593139308039E-6
220.398764032	0.0012202841	6.915314770594705E-6
220.400713728	0.0010022797	7.68207337387139E-6
220.402663424	9.0996706E-4	8.116551725834142E-6
220.404629504	6.70851E-4	8.156322110153269E-6
220.4065792	4.3926275E-4	7.795559213263914E-6
220.408528896	2.2826891E-4	7.086426194291562E-6
220.410494976	2.7726838E-4	6.126735570433084E-6
220.412444672	2.0484181E-4	5.037852588429814E-6
220.414394368	9.852523E-6	3.939765974791953E-6
220.416360448	-9.6498734E-5	2.930198661488248E-6
220.418310144	-2.555335E-4	2.0726347429445013E-6
220.42025984	-1.8888655E-4	1.3942654959464562E-6
220.42222592	-1.6065169E-4	8.920001164369751E-7
220.424175616	-1.4126209E-4	5.427281166703324E-7
220.426125312	-1.30212E-4	3.140501689813391E-7
220.428075008	-6.5803266E-5	1.728286207480778E-7
220.430041088	-1.6269539E-4	9.045565718679427E-8
220.431990784	-1.4809046E-4	4.502532036099183E-8
220.43394048	-2.5487749E-5	2.131487342182936E-8
220.43590656	-1.3331157E-4	9.596440087022984E-9
220.437856256	1.6768336E-5	4.109043771904908E-9
220.439805952	-9.2644754E-5	1.0517888782146656E-9
220.441772032	-1.253534E-4	0.0
220.443721728	-1.4222768E-4	0.0
220.445671424	-1.7245398E-4	0.0
220.447637504	-7.2465176E-5	0.0
220.4495872	-4.4372468E-5	0.0
220.451536896	-9.0568836E-5	0.0
220.453486592	-1.3956681E-4	0.0
220.455452672	-3.2971886E-5	0.0
220.457402368	-2.6289574E-5	0.0
220.459352064	6.90412E-5	0.0
220.461318144	-1.9116542E-5	0.0
220.46326784	3.6402696E-5	0.0
220.465217536	-4.1986114E-5	0.0
220.467183616	3.751586E-5	0.0
220.469133312	-1.9142386E-5	0.0
220.471083008	-1.2440523E-4	0.0
220.473049088	-4.1265845E-5	0.0
220.474998784	-6.2553074E-5	0.0
220.47694848	-1.146581E-4	0.0
220.478898176	-7.2301926E-5	0.0
220.480864256	-3.8966627E-5	0.0
220.482813952	-5.3891144E-5	0.0
220.484763648	-8.5289925E-5	0.0
220.486729728	-3.428214E-5	0.0
220.488679424	1.7343528E-4	0.0
220.49062912	7.649124E-5	0.0
220.4925952	4.130266E-5	0.0
220.494544896	-4.6039462E-5	0.0
220.496494592	-6.192369E-5	0.0
220.498460672	-1.4829465E-4	0.0
220.500410368	-3.744E-5	0.0
220.502360064	4.257705E-6	0.0
220.504326144	-4.9290018E-5	0.0
220.50627584	2.9396866E-5	0.0
220.508225536	-2.7686325E-5	0.0
220.510175232	-5.7688096E-5	0.0
220.512141312	8.09455E-6	0.0
220.514091008	6.926456E-7	0.0
220.516040704	4.7339017E-6	0.0
220.518006784	-3.918028E-5	0.0
220.51995648	2.0610205E-6	5.489689649043616E-13
220.521906176	-8.469047E-5	1.3157745292619039E-12
220.523872256	-5.982126E-5	2.9989444087774597E-12
220.525821952	-1.2864617E-5	6.499867484521804E-12
220.527771648	-1.0890168E-4	1.3396448880764744E-11
220.529737728	-6.346505E-5	2.6255738902469794E-11
220.531687424	-3.1860072E-6	4.893362798297218E-11
220.53363712	5.8978803E-6	8.672409318455365E-11
220.535586816	7.4442476E-5	1.4615746113388894E-10
220.537552896	-4.732698E-5	2.3423488149099114E-10
220.539502592	-4.0231596E-5	3.5696942624063865E-10
220.541452288	-3.9895272E-5	5.173184103313133E-10
220.543418368	2.0556374E-5	7.129117851611966E-10
220.545368064	-7.019284E-5	9.342491225083904E-10
220.54731776	-1.0396137E-4	1.1642298236580473E-9
220.54928384	-9.217118E-5	1.3796336295612832E-9
220.551233536	-4.946822E-5	1.5546687270884263E-9
220.553183232	1.2661043E-5	1.6659467139135131E-9
220.555149312	8.3617866E-5	1.6975920669182187E-9
220.557099008	6.1788756E-5	1.6449579476329745E-9
220.559048704	5.809381E-5	1.5157421984213215E-9
220.5609984	-1.1155989E-5	1.3281431510137054E-9
220.56296448	1.8890441E-5	1.1066582095153876E-9
220.564914176	7.593351E-5	8.768619719212722E-10
220.566863872	1.4773763E-5	6.606915570195326E-10
220.568829952	1.8632567E-5	4.733852199123589E-10
220.570779648	4.174875E-5	3.225370803772165E-10
220.572729344	-1.8425442E-5	2.0897474029002439E-10
220.574695424	-4.347522E-5	1.2875286947711118E-10
220.57664512	-6.4327844E-7	7.543457525294173E-11
220.578594816	-2.6466787E-5	4.202733647207246E-11
220.580560896	-3.4740067E-5	2.2266005011983836E-11
220.582510592	-3.982824E-7	1.1217647470640468E-11
220.584460288	8.4123196E-5	5.3741577160648646E-12
220.586409984	4.3980475E-5	2.448329082874179E-12
220.588376064	5.975296E-5	1.0606607822941094E-12
220.59032576	4.4982113E-5	4.3695076853630943E-13
220.592275456	-3.9958173E-5	0.0
220.594241536	-7.4228265E-6	0.0
220.596191232	5.58286E-5	0.0
220.598140928	2.4187702E-5	0.0
220.600107008	5.9484842E-5	0.0
220.602056704	6.3052415E-5	0.0
220.6040064	-4.1893396E-5	0.0
220.60597248	6.522666E-5	0.0
220.607922176	-1.4514164E-5	0.0
220.609871872	-3.7539667E-5	0.0
220.611821568	-3.1606283E-5	0.0
220.613787648	3.6618792E-7	0.0
220.615737344	2.9477818E-5	0.0
220.61768704	1.1819913E-5	0.0
220.61965312	-1.0557961E-6	0.0
220.621602816	-4.6802288E-5	0.0
220.623552512	8.534371E-5	0.0
220.625518592	3.1497842E-5	0.0
220.627468288	1.9129257E-6	0.0
220.629417984	4.5741897E-5	0.0
220.631384064	9.95147E-5	0.0
220.63333376	1.3541104E-4	0.0
220.635283456	4.47878E-5	0.0
220.637233152	3.9560826E-5	0.0
220.639199232	3.197081E-5	0.0
220.641148928	2.967389E-5	0.0
220.643098624	4.6614605E-5	0.0
220.645064704	5.4891952E-5	0.0
220.6470144	-8.549858E-6	0.0
220.648964096	-1.0886892E-4	0.0
220.650930176	-8.673171E-5	0.0
220.652879872	-6.5897846E-5	0.0
220.654829568	9.649148E-5	0.0
220.656795648	-3.812118E-6	0.0
220.658745344	9.706506E-5	0.0
220.66069504	1.0075397E-4	1.4405606707512675E-9
220.662644736	2.7347724E-5	3.444055707291227E-9
220.664610816	2.3756209E-5	7.830504245021075E-9
220.666560512	5.7807665E-6	1.6930965074379856E-8
220.668510208	2.9648585E-5	3.48140147821141E-8
220.670476288	2.9746345E-5	6.807680819065354E-8
220.672425984	7.762872E-5	1.265968876396073E-7
220.67437568	1.4259812E-4	2.238815852706466E-7
220.67634176	1.9632978E-4	3.7652225159945374E-7
220.678291456	8.9173875E-5	6.021895160301938E-7
220.680241152	7.518052E-5	9.158998182101641E-7
220.682207232	-2.5742247E-5	1.324757818110811E-6
220.684156928	4.814858E-5	1.8221963955511455E-6
220.686106624	9.013429E-5	2.38357529269706E-6
220.68805632	8.142152E-5	2.9650843771378277E-6
220.6900224	-3.5260866E-5	3.5077232496405486E-6
220.691972096	1.4893831E-5	3.9463502616854385E-6
220.693921792	1.2326476E-4	4.222330971970223E-6
220.695887872	1.3866628E-4	4.296322458685609E-6
220.697837568	1.0896847E-4	4.1574821807444096E-6
220.699787264	1.00557896E-4	3.826056854450144E-6
220.701753344	3.4190864E-5	3.3485559924884E-6
220.70370304	1.7068125E-4	2.7870537451235577E-6
220.705652736	1.1368867E-4	2.206031467721914E-6
220.707618816	1.3682403E-4	1.660551902205043E-6
220.709568512	1.3181727E-4	1.188683540931379E-6
220.711518208	1.6865454E-4	8.091921017694403E-7
220.713467904	1.3690445E-4	5.238522930994804E-7
220.715433984	1.4428451E-4	3.2250633807962004E-7
220.71738368	1.6074252E-4	1.8881695496020257E-7
220.719333376	1.6566331E-4	1.051278673003253E-7
220.721299456	8.24429E-5	5.566336014339868E-8
220.723249152	1.0011345E-4	2.8028322773820946E-8
220.725198848	8.259545E-5	1.3421547429004477E-8
220.727164928	1.13580085E-4	6.111997130631153E-9
220.729114624	1.371534E-4	2.646917574011809E-9
220.73106432	1.6002549E-4	1.0901205493851762E-9
220.7330304	2.569301E-4	0.0
220.734980096	1.822449E-4	0.0
220.736929792	2.5191778E-4	0.0
220.738879488	1.346789E-4	0.0
220.740845568	8.3346196E-5	0.0
220.742795264	1.0668542E-4	0.0
220.74474496	7.795225E-5	0.0
220.74671104	9.2156464E-5	0.0
220.748660736	5.597898E-5	0.0
220.750610432	7.0176626E-5	0.0
220.752576512	1.8470473E-5	0.0
220.754526208	-1.241574E-4	0.0
220.756475904	-2.0513671E-5	0.0
220.758441984	-6.287207E-5	0.0
220.76039168	-2.1210184E-5	0.0
220.762341376	2.3695164E-5	0.0
220.764291072	-1.6801929E-5	0.0
220.766257152	-9.201618E-5	0.0
220.768206848	4.247323E-5	0.0
220.770156544	9.521993E-5	0.0
220.772122624	-7.345478E-5	0.0
220.77407232	-3.62874E-5	0.0
220.776022016	-2.3326644E-5	0.0
220.777988096	6.820867E-5	0.0
220.779937792	6.8835085E-5	0.0
220.781887488	9.923132E-7	0.0
220.783853568	2.928431E-6	0.0
220.785803264	-2.3163648E-5	0.0
220.78775296	-2.3615237E-5	0.0
220.789702656	-3.6255915E-6	0.0
220.791668736	-5.7094305E-5	0.0
220.793618432	-1.0176974E-4	0.0
220.795568128	-4.9887425E-5	0.0
220.797534208	-4.0818228E-5	0.0
220.799483904	-1.3531429E-5	0.0
220.8014336	2.4317374E-5	0.0
220.80339968	2.517649E-5	0.0
220.805349376	-8.679834E-5	0.0
220.807299072	-4.9580678E-5	0.0
220.809265152	-9.042308E-5	0.0
220.811214848	-6.705816E-5	0.0
220.813164544	-3.074467E-5	0.0
220.815130624	6.711713E-5	0.0
220.81708032	-3.8124894E-5	0.0
220.819030016	8.204489E-5	0.0
220.820979712	9.1982045E-5	0.0
220.822945792	-2.9144398E-5	0.0
220.824895488	3.6411548E-6	0.0
220.826845184	1.1141322E-4	0.0
220.828811264	-6.136127E-5	0.0
220.83076096	-1.7745184E-5	0.0
220.832710656	-6.225795E-5	0.0
220.834676736	1.2960027E-5	0.0
220.836626432	-6.474799E-5	0.0
220.838576128	1.336863E-5	0.0
220.840542208	-6.1129504E-6	0.0
220.842491904	-2.3479657E-5	0.0
220.8444416	3.758356E-6	0.0
220.846391296	-1.1618478E-5	0.0
220.848357376	1.033888E-4	0.0
220.850307072	-1.0929241E-5	0.0
220.852256768	-1.71964E-6	0.0
220.854222848	1.00745005E-4	0.0
220.856172544	-3.5437515E-6	0.0
220.85812224	-7.828927E-6	0.0
220.86008832	3.6959525E-5	0.0
220.862038016	-4.9624552E-5	0.0
220.863987712	-1.9166207E-5	0.0
220.865953792	-2.1645898E-5	0.0
220.867903488	-7.129596E-5	0.0
220.869853184	-5.0721883E-5	0.0
220.87180288	-6.0002185E-5	0.0
220.87376896	-2.0496776E-5	0.0
220.875718656	2.1072297E-5	0.0
220.877668352	-7.2013904E-8	0.0
220.879634432	-5.3859763E-5	0.0
220.881584128	-5.8902373E-5	0.0
220.883533824	-5.7627876E-6	0.0
220.885499904	4.4271805E-5	0.0
220.8874496	-1.04781175E-5	0.0
220.889399296	4.350393E-5	0.0
220.891365376	-6.744821E-5	0.0
220.893315072	-6.488288E-5	0.0
220.895264768	-6.256325E-5	0.0
220.897214464	4.202419E-5	0.0
220.899180544	4.1437925E-6	0.0
220.90113024	-2.3679935E-5	0.0
220.903079936	3.409063E-5	0.0
220.905046016	-2.2591248E-5	0.0
220.906995712	3.8694507E-5	0.0
220.908945408	1.3476445E-5	0.0
220.910911488	-1.6574235E-5	0.0
220.912861184	2.4039971E-5	0.0
220.91481088	4.8821665E-5	0.0
220.91677696	2.6812198E-5	0.0
220.918726656	1.6687092E-5	0.0
220.920676352	-6.182841E-5	3.413312132938273E-10
220.922626048	1.7625181E-5	8.077259971983608E-10
220.924592128	-1.953114E-5	1.8179604488466339E-9
220.926541824	-5.0985804E-5	3.891602595729182E-9
220.92849152	-7.6376506E-5	7.923211420290954E-9
220.9304576	-6.499683E-5	1.5342825676611938E-8
220.932407296	4.937225E-5	2.8257517215024563E-8
220.934356992	-1.3206092E-5	4.949833609657617E-8
220.936323072	-2.2963166E-5	8.24659807108219E-8
220.938272768	-1.0335295E-4	1.3067388238141575E-7
220.940222464	-1.8744551E-5	1.96937136820452E-7
220.942188544	-3.34513E-5	2.826180605097761E-7
220.94413824	4.594676E-5	3.8562919257856265E-7
220.946087936	3.3852866E-5	5.007754566577205E-7
220.948037632	9.959349E-6	6.191926900100952E-7
220.950003712	-4.966297E-5	7.295769819393172E-7
220.951953408	5.850461E-5	8.203215884350357E-7
220.953903104	-7.070277E-6	8.822445920486643E-7
220.955869184	-3.7627E-5	9.111512895287888E-7
220.95781888	7.087228E-5	9.093461699194449E-7
220.959768576	1.5407019E-5	8.854659654389252E-7
220.961734656	1.5491856E-5	8.524819463673339E-7
220.963684352	4.3216896E-6	8.243233651228365E-7
220.965634048	9.4870484E-5	8.120706525005517E-7
220.967600128	8.235792E-5	8.208374993046164E-7
220.969549824	7.138043E-5	8.482885505145532E-7
220.97149952	2.940743E-5	8.852571795614494E-7
220.973449216	3.8472575E-5	9.182804205920547E-7
220.975415296	1.2174426E-4	9.33281796733354E-7
220.977364992	2.014128E-5	9.192980314765009E-7
220.979314688	-1.5165289E-4	8.711882628631429E-7
220.981280768	-2.0088503E-4	7.908509473963932E-7
220.983230464	-7.5948883E-6	6.857230800960679E-7
220.98518016	9.836146E-5	5.67366328141361E-7
220.98714624	4.1561918E-5	4.482812983042095E-7
220.989095936	-1.1195015E-4	3.39607737487313E-7
220.991045632	-1.1345855E-4	2.4966408318505273E-7
220.993011712	1.5520567E-5	1.8354390363128914E-7
220.994961408	5.644083E-5	1.4401695125343394E-7
220.996911104	9.1526774E-5	1.318633735536423E-7
220.9988608	5.083274E-5	1.472099029342644E-7
221.00082688	-4.7747733E-5	1.8963378067837766E-7
221.002776576	-8.0260856E-5	2.5779070256248815E-7
221.004726272	2.6303493E-5	3.485518504930951E-7
221.006692352	6.700998E-5	4.5605480636368156E-7
221.008642048	-1.9693336E-5	5.712027473236958E-7
221.010591744	3.304285E-5	6.82056167988776E-7
221.012557824	3.5504043E-5	7.752797159810143E-7
221.01450752	3.8378118E-7	8.383574368053814E-7
221.016457216	6.746099E-5	8.625028726783057E-7
221.018423296	-5.1030805E-5	8.439846510555071E-7
221.020372992	1.5048037E-5	7.855089165786922E-7
221.022322688	3.870654E-5	6.953601996428915E-7
221.024272384	-1.15442796E-4	5.854765845469956E-7
221.026238464	-9.3795774E-5	4.6886785298738687E-7
221.02818816	4.273278E-5	3.5713418355953763E-7
221.030137856	-9.557738E-6	2.5873262643472117E-7
221.032103936	-7.097719E-5	1.7828348575221753E-7
221.034053632	-1.9228417E-5	1.168450793898046E-7
221.036003328	-1.143148E-4	7.283629344101428E-8
221.037969408	-8.9736895E-5	4.318432544891948E-8
221.039919104	-2.8325736E-5	2.4352447169917468E-8
221.0418688	-7.009831E-5	1.3061714376760847E-8
221.04383488	-4.8247664E-5	6.663436469267481E-9
221.045784576	4.1898533E-5	3.233214584952293E-9
221.047734272	-3.200952E-6	1.4921517355048763E-9
221.049683968	9.317728E-5	6.549857878290766E-10
221.051650048	8.831576E-5	7.314157612903216E-10
221.053599744	-2.8750957E-5	1.1035952152127493E-9
221.05554944	-2.9237326E-5	2.529548348562116E-9
221.05751552	3.7395112E-6	5.5148601241228334E-9
221.059465216	4.1955547E-5	1.1436055658009536E-8
221.061414912	7.177977E-5	2.255668185568993E-8
221.063380992	2.7307444E-5	4.231810635246802E-8
221.065330688	1.3944844E-4	7.551457770205161E-8
221.067280384	1.6120818E-4	1.2817058347991406E-7
221.069246464	1.0140482E-4	2.06918286949076E-7
221.07119616	1.0400533E-4	3.177332814630063E-7
221.073145856	7.877349E-5	4.640627366825356E-7
221.075095552	4.713763E-5	6.446809379667684E-7
221.077061632	7.2366565E-6	8.518520075995184E-7
221.079011328	-1.0546378E-4	1.070627376975608E-6
221.080961024	-5.912541E-5	1.2798709576600231E-6
221.082927104	5.8028127E-6	1.4552948641721741E-6
221.0848768	4.3327516E-5	1.573956296851975E-6
221.086826496	1.2222594E-5	1.6191706890822388E-6
221.088792576	6.2285195E-5	1.5843506844248623E-6
221.090742272	2.5402263E-5	1.4745797898285673E-6
221.092691968	5.843568E-5	1.3053975180810085E-6
221.094658048	-4.0766066E-5	1.0991915360136773E-6
221.096607744	-1.8793836E-4	8.803565947346215E-7
221.09855744	4.3851865E-5	6.706529802613659E-7
221.10052352	5.567221E-5	4.85948135064973E-7
221.102473216	-1.6452304E-5	3.3491480166958354E-7
221.104422912	-7.832891E-5	2.195487667222551E-7
221.106372608	-5.2032596E-5	1.3689262345906172E-7
221.108338688	-2.6143207E-6	8.118612981888873E-8
221.110288384	-1.3650886E-5	4.57969520084589E-8
221.11223808	8.07508E-6	2.457223580165646E-8
221.11420416	3.128195E-5	1.254024351027283E-8
221.116153856	-4.4312557E-5	6.087241821717271E-9
221.118103552	-7.442448E-5	2.810544019737904E-9
221.120069632	-5.6773923E-5	1.2342818989097282E-9
221.122019328	4.1897543E-5	5.155754156938031E-10
221.123969024	4.8292746E-5	0.0
221.125935104	-2.6981153E-5	0.0
221.1278848	-3.5826484E-5	0.0
221.129834496	1.920437E-5	0.0
221.131784192	6.354494E-5	0.0
221.133750272	7.955004E-5	0.0
221.135699968	-9.000734E-6	0.0
221.137649664	4.3346987E-5	0.0
221.139615744	3.905471E-5	0.0
221.14156544	-9.024454E-6	0.0
221.143515136	-1.795396E-5	0.0
221.145481216	7.894929E-5	0.0
221.147430912	2.2396114E-5	0.0
221.149380608	-6.430887E-5	0.0
221.151346688	-8.798785E-5	0.0
221.153296384	8.208986E-5	0.0
221.15524608	1.1786866E-5	0.0
221.157195776	2.0232506E-5	0.0
221.159161856	5.157295E-5	0.0
221.161111552	-9.225576E-5	0.0
221.163061248	-1.3002266E-4	0.0
221.165027328	-2.0957286E-5	0.0
221.166977024	2.8000057E-5	0.0
221.16892672	-2.7107013E-5	0.0
221.1708928	6.8897825E-6	0.0
221.172842496	3.5415043E-5	0.0
221.174792192	-6.6683097E-6	0.0
221.176758272	2.4878642E-5	0.0
221.178707968	7.8132085E-5	0.0
221.180657664	8.7274275E-6	0.0
221.18260736	2.1733347E-5	0.0
221.18457344	-3.0574865E-5	0.0
221.186523136	3.367535E-6	0.0
221.188472832	5.398448E-5	0.0
221.190438912	9.69689E-5	0.0
221.192388608	1.0926995E-4	0.0
221.194338304	1.0805941E-4	0.0
221.196304384	-2.5713929E-5	0.0
221.19825408	-9.129897E-6	0.0
221.200203776	-1.746458E-5	0.0
221.202169856	-3.2744454E-5	0.0
221.204119552	-3.5210167E-5	0.0
221.206069248	-2.996645E-5	0.0
221.208018944	1.6965095E-6	0.0
221.209985024	-8.391405E-5	0.0
221.21193472	-6.9995112E-6	0.0
221.213884416	-2.4250821E-5	0.0
221.215850496	6.9518755E-6	0.0
221.217800192	-2.2504068E-5	0.0
221.219749888	-2.7254395E-5	0.0
221.221715968	-8.0887745E-5	0.0
221.223665664	-5.8113143E-5	0.0
221.22561536	-4.5732686E-5	0.0
221.22758144	-1.0822341E-4	0.0
221.229531136	-7.022896E-6	0.0
221.231480832	4.9552345E-5	0.0
221.233430528	-3.7004324E-5	0.0
221.235396608	8.3215455E-6	0.0
221.237346304	4.4129356E-5	0.0
221.239296	1.3211006E-4	0.0
221.24126208	5.5463624E-5	0.0
221.243211776	7.715532E-5	0.0
221.245161472	7.408373E-5	0.0
221.247127552	9.8522345E-5	0.0
221.249077248	-6.4941935E-7	0.0
221.251026944	1.2202741E-4	0.0
221.252993024	6.0784343E-5	0.0
221.25494272	5.1305415E-5	0.0
221.256892416	9.495864E-5	0.0
221.258842112	1.3021339E-4	0.0
221.260808192	5.2023697E-5	0.0
221.262757888	-1.3680354E-5	0.0
221.264707584	-2.6091711E-5	0.0
221.266673664	1.0324093E-5	0.0
221.26862336	1.1962128E-4	0.0
221.270573056	3.8735325E-5	0.0
221.272539136	9.122645E-5	0.0
221.274488832	9.9206954E-5	0.0
221.276438528	1.0448366E-5	0.0
221.278404608	-2.1702373E-5	0.0
221.280354304	-9.850857E-6	0.0
221.282304	5.2207506E-6	0.0
221.284253696	-5.0372273E-5	0.0
221.286219776	4.027901E-6	0.0
221.288169472	-4.9631442E-5	0.0
221.290119168	-3.715429E-5	0.0
221.292085248	2.8420738E-5	0.0
221.294034944	5.5907356E-7	0.0
221.29598464	-3.6814472E-5	0.0
221.29795072	-5.3358624E-5	0.0
221.299900416	-4.539903E-6	0.0
221.301850112	4.273198E-5	0.0
221.303816192	-1.8901843E-5	0.0
221.305765888	-4.89832E-5	0.0
221.307715584	-1.2749334E-6	0.0
221.30966528	2.9165927E-5	0.0
221.31163136	-1.9089577E-5	0.0
221.313581056	3.762954E-5	0.0
221.315530752	3.6900605E-5	0.0
221.317496832	-1.8081493E-5	0.0
221.319446528	5.987651E-6	0.0
221.321396224	1.5244255E-5	0.0
221.323362304	1.0878866E-4	0.0
221.325312	1.8049792E-5	0.0
221.327261696	1.21086894E-4	0.0
221.329227776	-2.3978526E-5	0.0
221.331177472	-3.065758E-5	0.0
221.333127168	-9.730673E-6	0.0
221.335076864	-1.1974986E-5	0.0
221.337042944	9.234241E-5	0.0
221.33899264	-2.8896477E-5	0.0
221.340942336	4.3942466E-5	0.0
221.342908416	6.648195E-5	0.0
221.344858112	1.75973E-5	0.0
221.346807808	-7.7788856E-5	0.0
221.348773888	5.2484702E-5	0.0
221.350723584	-3.337117E-5	0.0
221.35267328	1.6200447E-5	0.0
221.35463936	-6.1341365E-5	0.0
221.356589056	-5.5394423E-7	0.0
221.358538752	7.61165E-5	0.0
221.360488448	1.763237E-5	0.0
221.362454528	-6.203155E-7	0.0
221.364404224	-1.604066E-5	0.0
221.36635392	3.3287251E-6	0.0
221.36832	4.9646E-5	0.0
221.370269696	3.849107E-5	0.0
221.372219392	4.1633033E-5	0.0
221.374185472	-3.104853E-5	0.0
221.376135168	-2.2365184E-5	0.0
221.378084864	3.0739746E-5	0.0
221.380050944	6.625573E-5	0.0
221.38200064	-2.368919E-5	0.0
221.383950336	-7.492242E-5	0.0
221.385916416	2.5501686E-6	0.0
221.387866112	3.8787875E-6	0.0
221.389815808	-9.378769E-5	0.0
221.391765504	-1.149137E-4	0.0
221.393731584	-2.5143188E-5	0.0
221.39568128	9.725849E-6	0.0
221.397630976	-8.077545E-5	0.0
221.399597056	-1.3693317E-6	0.0
221.401546752	2.6919708E-5	0.0
221.403496448	3.4617846E-5	0.0
221.405462528	4.5556797E-5	0.0
221.407412224	6.772102E-5	0.0
221.40936192	-8.0930746E-5	0.0
221.411328	1.9764488E-5	0.0
221.413277696	2.5212768E-5	0.0
221.415227392	-1.0598578E-5	0.0
221.417177088	7.560775E-5	0.0
221.419143168	1.9237388E-5	0.0
221.421092864	-3.3672077E-6	0.0
221.42304256	7.654151E-6	0.0
221.42500864	-9.6857875E-5	0.0
221.426958336	-4.2830765E-5	0.0
221.428908032	2.2345896E-5	0.0
221.430874112	-3.2176966E-5	0.0
221.432823808	1.2909692E-5	0.0
221.434773504	5.5507557E-5	0.0
221.436739584	7.7998135E-5	0.0
221.43868928	5.5688175E-5	0.0
221.440638976	-6.44684E-5	0.0
221.442588672	-5.9743088E-5	0.0
221.444554752	-5.5887653E-5	0.0
221.446504448	-9.8068296E-5	0.0
221.448454144	-1.578411E-7	0.0
221.450420224	9.1282214E-5	0.0
221.45236992	8.00093E-5	0.0
221.454319616	1.9812087E-5	0.0
221.456285696	8.012725E-6	0.0
221.458235392	-9.810607E-6	0.0
221.460185088	5.7677626E-5	0.0
221.462151168	-1.661789E-5	0.0
221.464100864	-3.635925E-5	0.0
221.46605056	-2.7193564E-6	0.0
221.468000256	6.0083494E-5	0.0
221.469966336	-3.3309007E-6	0.0
221.471916032	-6.1299004E-5	0.0
221.473865728	-3.4089E-5	0.0
221.475831808	-6.9921625E-6	0.0
221.477781504	-6.250044E-5	0.0
221.4797312	6.356907E-5	0.0
221.48169728	9.741282E-5	0.0
221.483646976	1.4570647E-5	0.0
221.485596672	-4.113564E-5	0.0
221.487562752	-1.0344094E-5	0.0
221.489512448	8.577708E-5	0.0
221.491462144	6.734226E-5	0.0
221.49341184	8.162421E-5	0.0
221.49537792	4.1462543E-5	0.0
221.497327616	-3.4461082E-6	0.0
221.499277312	5.3641535E-5	0.0
221.501243392	-6.062659E-6	0.0
221.503193088	8.6049826E-5	0.0
221.505142784	9.333462E-5	0.0
221.507108864	-4.8143676E-5	0.0
221.50905856	5.266529E-5	0.0
221.511008256	4.633872E-6	0.0
221.512974336	-9.778991E-5	0.0
221.514924032	-9.005175E-5	0.0
221.516873728	-7.49423E-5	0.0
221.518823424	-6.349579E-6	0.0
221.520789504	1.5064845E-5	0.0
221.5227392	4.7257963E-6	0.0
221.524688896	8.454357E-5	0.0
221.526654976	1.252958E-4	0.0
221.528604672	7.5189484E-5	0.0
221.530554368	-3.040762E-5	0.0
221.532520448	-1.9295603E-5	0.0
221.534470144	9.284384E-5	0.0
221.53641984	-2.2892269E-5	0.0
221.53838592	-9.023482E-5	0.0
221.540335616	-1.2493413E-4	0.0
221.542285312	-5.715261E-6	0.0
221.544235008	-7.4439704E-6	0.0
221.546201088	-6.197302E-5	0.0
221.548150784	6.8758745E-5	0.0
221.55010048	-3.6283443E-5	0.0
221.55206656	4.4855264E-5	0.0
221.554016256	7.45439E-5	0.0
221.555965952	8.967094E-5	0.0
221.557932032	-2.5980476E-5	0.0
221.559881728	-2.3198092E-5	0.0
221.561831424	-5.493458E-7	0.0
221.563797504	6.346994E-5	0.0
221.5657472	-2.2766308E-5	0.0
221.567696896	-1.1856992E-4	0.0
221.569646592	-7.143058E-5	0.0
221.571612672	5.5616274E-5	0.0
221.573562368	3.4755798E-5	0.0
221.575512064	-9.386404E-6	0.0
221.577478144	9.18686E-5	0.0
221.57942784	7.638961E-5	0.0
221.581377536	2.554607E-6	0.0
221.583343616	-4.608746E-5	0.0
221.585293312	4.9211627E-5	0.0
221.587243008	7.844287E-5	0.0
221.589209088	6.8733243E-6	0.0
221.591158784	-3.4723093E-5	0.0
221.59310848	-5.5621353E-5	0.0
221.595058176	-7.780703E-5	0.0
221.597024256	-8.752011E-5	0.0
221.598973952	-1.0487448E-4	0.0
221.600923648	-6.69166E-5	0.0
221.602889728	6.0896204E-5	0.0
221.604839424	6.7188026E-5	0.0
221.60678912	2.6494385E-5	0.0
221.6087552	-2.0043484E-5	0.0
221.610704896	6.8954425E-5	0.0
221.612654592	7.701616E-5	0.0
221.614620672	1.4345267E-5	0.0
221.616570368	-7.475834E-5	0.0
221.618520064	-2.4410048E-5	0.0
221.62046976	-6.918547E-5	0.0
221.62243584	-1.5628186E-5	0.0
221.624385536	1.5895497E-5	0.0
221.626335232	2.8347848E-5	0.0
221.628301312	2.0772019E-5	0.0
221.630251008	3.4314002E-5	0.0
221.632200704	-7.192295E-6	0.0
221.634166784	3.7848473E-5	0.0
221.63611648	2.8157116E-5	0.0
221.638066176	5.202956E-5	0.0
221.640032256	4.7436555E-5	0.0
221.641981952	3.49105E-5	0.0
221.643931648	3.2706484E-6	0.0
221.645881344	5.576303E-5	0.0
221.647847424	8.217912E-5	0.0
221.64979712	1.4857684E-5	0.0
221.651746816	-3.0497638E-5	0.0
221.653712896	-5.0641476E-5	0.0
221.655662592	-3.624018E-5	0.0
221.657612288	3.660427E-5	0.0
221.659578368	3.4490677E-5	0.0
221.661528064	1.7926362E-5	0.0
221.66347776	1.0273239E-4	0.0
221.66544384	5.184007E-6	0.0
221.667393536	2.1567354E-5	0.0
221.669343232	-2.8614504E-5	0.0
221.671309312	8.9229405E-5	0.0
221.673259008	-3.8503604E-6	0.0
221.675208704	-3.1510335E-5	0.0
221.6771584	-9.375743E-5	0.0
221.67912448	-7.90799E-5	0.0
221.681074176	-2.9275845E-5	0.0
221.683023872	-3.3967623E-5	0.0
221.684989952	-4.8581784E-5	0.0
221.686939648	-3.120259E-5	0.0
221.688889344	3.7554422E-5	0.0
221.690855424	7.336073E-5	0.0
221.69280512	3.178383E-5	0.0
221.694754816	3.7363618E-5	0.0
221.696720896	1.5570931E-5	0.0
221.698670592	-2.1638225E-6	0.0
221.700620288	-6.9856804E-5	0.0
221.702569984	-1.0955906E-4	0.0
221.704536064	-4.6212135E-5	0.0
221.70648576	-3.1611224E-5	0.0
221.708435456	-8.9094014E-5	0.0
221.710401536	-1.0560798E-4	0.0
221.712351232	3.3001666E-5	0.0
221.714300928	1.201414E-4	0.0
221.716267008	6.175737E-5	0.0
221.718216704	5.078185E-5	0.0
221.7201664	-5.8463447E-6	0.0
221.72213248	-1.689378E-5	0.0
221.724082176	-2.6641861E-5	0.0
221.726031872	-5.8738817E-5	0.0
221.727981568	4.851363E-5	0.0
221.729947648	-8.147308E-6	0.0
221.731897344	8.413516E-5	0.0
221.73384704	9.9867786E-5	0.0
221.73581312	6.036004E-5	0.0
221.737762816	-4.3787568E-5	0.0
221.739712512	-1.1977692E-5	0.0
221.741678592	6.035585E-6	0.0
221.743628288	4.0800125E-5	0.0
221.745577984	-6.6233595E-5	0.0
221.747544064	3.4004017E-5	0.0
221.74949376	3.3645356E-5	0.0
221.751443456	-9.755295E-6	0.0
221.753393152	5.4306704E-5	0.0
221.755359232	9.197369E-5	0.0
221.757308928	7.051528E-5	0.0
221.759258624	3.577695E-5	0.0
221.761224704	-4.5331723E-5	0.0
221.7631744	3.872108E-6	0.0
221.765124096	3.499058E-5	0.0
221.767090176	4.5114273E-5	0.0
221.769039872	-7.4679374E-6	0.0
221.770989568	-4.055587E-5	0.0
221.772955648	-1.08368826E-4	0.0
221.774905344	-8.077159E-5	0.0
221.77685504	-4.757522E-5	0.0
221.778804736	7.079981E-5	0.0
221.780770816	-2.5399171E-5	0.0
221.782720512	4.183039E-6	0.0
221.784670208	-1.0745485E-4	0.0
221.786636288	2.1052492E-5	0.0
221.788585984	2.625761E-5	0.0
221.79053568	8.7894834E-5	0.0
221.79250176	1.3820222E-4	0.0
221.794451456	1.4739178E-4	0.0
221.796401152	9.99161E-5	0.0
221.798367232	-5.9978363E-5	0.0
221.800316928	-1.232103E-5	0.0
221.802266624	-1.008562E-4	0.0
221.80421632	-1.2151481E-4	0.0
221.8061824	-5.804098E-5	0.0
221.808132096	1.03527855E-4	0.0
221.810081792	-1.1519816E-5	0.0
221.812047872	-1.3529281E-4	0.0
221.813997568	-4.0392315E-5	0.0
221.815947264	4.5781526E-6	0.0
221.817913344	1.9875126E-5	0.0
221.81986304	-1.0451005E-6	0.0
221.821812736	-5.59831E-5	0.0
221.823778816	-1.0541238E-4	0.0
221.825728512	-5.981264E-5	0.0
221.827678208	-6.5742897E-6	0.0
221.829627904	-1.2126558E-5	0.0
221.831593984	4.706426E-5	0.0
221.83354368	-5.768563E-5	0.0
221.835493376	-1.7835624E-5	0.0
221.837459456	-1.1144493E-5	0.0
221.839409152	-2.474448E-5	0.0
221.841358848	-6.674113E-5	0.0
221.843324928	-1.237259E-4	0.0
221.845274624	1.9702686E-5	0.0
221.84722432	-8.193612E-6	0.0
221.8491904	-6.5334854E-5	0.0
221.851140096	-2.1190147E-7	0.0
221.853089792	-6.273262E-5	0.0
221.855039488	-1.0617239E-4	0.0
221.857005568	-2.4525852E-5	0.0
221.858955264	-1.7531343E-5	0.0
221.86090496	-5.935426E-5	0.0
221.86287104	3.0022336E-5	0.0
221.864820736	5.326985E-5	0.0
221.866770432	4.880896E-5	0.0
