234.319003648	8.494909E-5	0.0
234.320986112	6.0214603E-5	0.0
234.322952192	-2.0497931E-5	0.0
234.324918272	-2.0431793E-5	0.0
234.326900736	5.479905E-5	0.0
234.328866816	-2.0474445E-5	0.0
234.33084928	-2.4182025E-5	0.0
234.33281536	3.3267415E-6	0.0
234.33478144	4.3221822E-5	0.0
234.336763904	3.2016484E-5	0.0
234.338729984	-1.286986E-5	0.0
234.340712448	-6.43973E-5	0.0
234.342678528	-2.5488409E-5	0.0
234.344644608	9.4654926E-5	0.0
234.346627072	8.487057E-5	0.0
234.348593152	7.652414E-5	0.0
234.350575616	5.9513593E-5	0.0
234.352541696	5.7713012E-5	0.0
234.354507776	6.581089E-5	0.0
234.35649024	9.272495E-5	0.0
234.35845632	6.550715E-5	0.0
234.360438784	1.2146766E-6	0.0
234.362404864	-2.1515722E-5	0.0
234.364370944	-7.4052814E-6	0.0
234.366353408	4.7749723E-5	0.0
234.368319488	5.0168455E-5	0.0
234.370301952	1.618867E-5	0.0
234.372268032	5.917395E-5	0.0
234.374234112	4.621076E-6	0.0
234.376216576	-3.4089617E-6	0.0
234.378182656	-2.54169E-5	0.0
234.38016512	-5.481651E-5	0.0
234.3821312	-7.089239E-5	0.0
234.38409728	-6.1010454E-5	0.0
234.386079744	-4.695316E-5	0.0
234.388045824	-4.753616E-5	0.0
234.390028288	5.022293E-7	0.0
234.391994368	-7.92799E-5	0.0
234.393960448	-6.734189E-5	0.0
234.395942912	1.7945638E-5	0.0
234.397908992	-6.0340222E-5	0.0
234.399891456	-7.774871E-6	0.0
234.401857536	7.098373E-5	0.0
234.403823616	-3.8647568E-6	0.0
234.40580608	-3.4468954E-5	0.0
234.40777216	2.965993E-5	0.0
234.409754624	1.1871117E-5	0.0
234.411720704	-2.6386888E-5	0.0
234.413686784	-4.7912336E-6	0.0
234.415669248	2.2651058E-5	0.0
234.417635328	6.1258266E-5	0.0
234.419617792	5.052847E-5	0.0
234.421583872	7.271611E-5	0.0
234.423549952	8.2112325E-5	0.0
234.425532416	4.48856E-5	0.0
234.427498496	5.169738E-5	0.0
234.42948096	1.40407055E-5	0.0
234.43144704	7.656824E-6	0.0
234.43341312	3.6395926E-5	0.0
234.435395584	-5.0151293E-6	0.0
234.437361664	-1.5216546E-5	0.0
234.439344128	2.229231E-5	0.0
234.441310208	2.2286955E-5	0.0
234.443276288	4.5435634E-5	0.0
234.445258752	1.01068974E-4	0.0
234.447224832	1.3922617E-5	0.0
234.449207296	-1.3824495E-5	0.0
234.451173376	-1.7777356E-6	0.0
234.453139456	7.155968E-5	0.0
234.45512192	1.14329465E-4	0.0
234.457088	2.8291293E-5	0.0
234.459070464	3.231548E-5	0.0
234.461036544	6.9510366E-5	0.0
234.463002624	3.8185317E-5	0.0
234.464985088	-2.5641466E-5	0.0
234.466951168	-2.4161187E-5	0.0
234.468933632	3.273491E-5	0.0
234.470899712	1.6576812E-5	0.0
234.472865792	-2.881339E-5	0.0
234.474848256	-6.3562744E-5	0.0
234.476814336	-6.0989827E-5	0.0
234.4787968	-5.684806E-5	0.0
234.48076288	-5.3963362E-5	0.0
234.48272896	-5.502491E-5	0.0
234.484711424	2.9866567E-5	0.0
234.486677504	1.1027405E-4	0.0
234.488659968	4.942392E-5	0.0
234.490626048	-4.302241E-5	0.0
234.492592128	-5.385094E-5	0.0
234.494574592	-9.372846E-6	0.0
234.496540672	6.543588E-6	0.0
234.498523136	-1.2256381E-5	0.0
234.500489216	-5.4486474E-5	0.0
234.502455296	-8.037152E-5	0.0
234.50443776	-5.173807E-5	0.0
234.50640384	1.2067568E-5	0.0
234.508386304	2.510895E-5	0.0
234.510352384	-6.3430125E-5	0.0
234.512318464	-9.024805E-5	0.0
234.514300928	-1.1571276E-5	0.0
234.516267008	-3.6572674E-5	0.0
234.518249472	-6.930361E-5	0.0
234.520215552	-7.099346E-5	0.0
234.522181632	-1.0993571E-4	0.0
234.524164096	-4.998134E-5	0.0
234.526130176	1.5200639E-5	0.0
234.52811264	-4.346604E-5	0.0
234.53007872	-3.515296E-5	0.0
234.532061184	5.3861586E-5	0.0
234.534027264	-7.698168E-6	0.0
234.535993344	-2.4942057E-5	0.0
234.537975808	-1.0531178E-5	0.0
234.539941888	2.5557003E-5	0.0
234.541924352	6.435027E-5	0.0
234.543890432	-1.14529985E-5	0.0
234.545856512	-2.3513423E-5	0.0
234.547838976	-2.4742521E-5	0.0
234.549805056	-2.4581737E-5	0.0
234.55178752	-4.022169E-5	0.0
234.5537536	-4.9665236E-5	0.0
234.55571968	-4.905257E-5	0.0
234.557702144	-3.0509183E-5	0.0
234.559668224	-1.5332715E-5	0.0
234.561650688	4.320829E-5	0.0
234.563616768	6.546451E-5	0.0
234.565582848	5.2861156E-5	0.0
234.567565312	6.0313265E-5	0.0
234.569531392	-2.1373608E-5	0.0
234.571513856	5.612326E-5	0.0
234.573479936	1.381614E-4	0.0
234.575446016	1.6286717E-4	0.0
234.57742848	1.09115485E-4	0.0
234.57939456	4.0990242E-5	0.0
234.581377024	1.9389552E-5	0.0
234.583343104	-7.801402E-5	0.0
234.585309184	-1.3614322E-5	0.0
234.587291648	2.1809608E-5	0.0
234.589257728	-4.0618157E-5	0.0
234.591240192	-1.0043484E-4	0.0
234.593206272	-1.00358004E-4	0.0
234.595172352	9.2146996E-7	0.0
234.597154816	4.237269E-5	0.0
234.599120896	3.373815E-5	0.0
234.60110336	5.810477E-6	0.0
234.60306944	-8.087664E-6	0.0
234.60503552	-2.3374758E-5	0.0
234.607017984	-9.2659204E-5	0.0
234.608984064	-3.1012307E-5	0.0
234.610966528	3.0579395E-5	0.0
234.612932608	-2.5908203E-5	0.0
234.614898688	6.1398305E-6	0.0
234.616881152	8.18713E-5	0.0
234.618847232	4.2386004E-5	0.0
234.620829696	-5.252669E-7	0.0
234.622795776	-1.2227495E-5	0.0
234.624761856	-5.1080206E-5	0.0
234.62674432	3.104619E-5	0.0
234.6287104	-8.053991E-6	0.0
234.630692864	-1.0470089E-5	0.0
234.632658944	-1.6703403E-5	0.0
234.634625024	-6.072349E-5	0.0
234.636607488	-8.888114E-5	0.0
234.638573568	-1.2722719E-4	0.0
234.640556032	-1.1342269E-4	0.0
234.642522112	1.9733312E-5	0.0
234.644488192	9.427387E-5	0.0
234.646470656	8.351231E-5	0.0
234.648436736	7.136409E-5	0.0
234.6504192	2.2047503E-5	0.0
234.65238528	2.1227597E-6	0.0
234.65435136	-2.0299385E-5	0.0
234.656333824	-4.0292216E-5	0.0
234.658299904	4.600559E-5	0.0
234.660282368	2.8267064E-5	0.0
234.662248448	1.7855707E-5	0.0
234.664214528	1.5163037E-5	0.0
234.666196992	-4.699301E-5	0.0
234.668163072	-1.0147656E-4	0.0
234.670145536	-8.255902E-5	0.0
234.672111616	-3.7711114E-5	0.0
234.674077696	-4.8832182E-5	0.0
234.67606016	-3.1272888E-5	0.0
234.67802624	2.9949542E-5	0.0
234.680008704	2.2115897E-5	0.0
234.681974784	2.7296423E-5	0.0
234.683940864	-3.3586373E-5	0.0
234.685923328	-4.3754495E-5	0.0
234.687889408	-3.2501048E-5	0.0
234.689871872	-4.094067E-5	0.0
234.691837952	-4.5942266E-5	0.0
234.693804032	4.70378E-5	0.0
234.695786496	2.4898063E-5	0.0
234.697752576	-2.652909E-5	0.0
234.69973504	2.1563346E-5	0.0
234.70170112	3.572453E-5	0.0
234.7036672	1.154706E-5	0.0
234.705649664	4.3180617E-6	0.0
234.707615744	-2.2259062E-5	0.0
234.709598208	-4.2740707E-5	0.0
234.711564288	-3.8309314E-5	0.0
234.713530368	2.915089E-5	0.0
234.715512832	5.8649443E-5	0.0
234.717478912	3.118198E-6	0.0
234.719461376	-6.53346E-5	0.0
234.721427456	9.1886517E-7	0.0
234.723393536	1.0079764E-4	0.0
234.725376	1.0128123E-4	0.0
234.72734208	2.3130311E-5	0.0
234.729324544	1.5073993E-5	0.0
234.731290624	-1.5191007E-5	0.0
234.733256704	-6.545911E-5	0.0
234.735239168	-2.2819733E-5	0.0
234.737205248	-2.3650255E-5	0.0
234.739187712	-2.764752E-5	0.0
234.741153792	-3.4641882E-5	0.0
234.743119872	-5.2772775E-5	0.0
234.745102336	-2.424032E-5	0.0
234.747068416	1.6981938E-5	0.0
234.74905088	8.343684E-5	0.0
234.75101696	9.3520546E-5	0.0
234.75298304	4.217794E-5	0.0
234.754965504	1.0675764E-5	0.0
234.756931584	-3.4346805E-5	0.0
234.758914048	-7.494349E-5	0.0
234.760880128	6.376203E-7	0.0
234.762846208	-5.4730168E-5	0.0
234.764828672	-5.1275434E-5	0.0
234.766794752	1.22013E-5	0.0
234.768777216	4.591071E-5	0.0
234.770743296	1.6644784E-5	0.0
234.772709376	-1.8563036E-5	0.0
234.77469184	1.9280413E-5	0.0
234.77665792	3.7462005E-6	0.0
234.778640384	2.7490007E-5	0.0
234.780606464	4.9248134E-5	0.0
234.782572544	4.821831E-5	0.0
234.784555008	-8.907112E-6	0.0
234.786521088	-1.6797278E-5	0.0
234.788503552	1.4619057E-5	0.0
234.790469632	1.1314625E-4	0.0
234.792435712	1.1165546E-4	0.0
234.794418176	2.8248423E-5	0.0
234.796384256	7.609681E-5	0.0
234.79836672	5.1502124E-5	0.0
234.8003328	-2.8312106E-5	0.0
234.80229888	-9.355005E-6	0.0
234.804281344	-5.839379E-6	0.0
234.806247424	3.0394394E-5	0.0
234.808229888	5.6456236E-5	0.0
234.810195968	2.4020917E-5	0.0
234.812162048	1.3768814E-4	0.0
234.814144512	1.06312815E-4	0.0
234.816110592	5.123466E-5	0.0
234.818093056	4.0830215E-5	0.0
234.820059136	1.8337172E-5	0.0
234.822025216	-2.2103022E-5	0.0
234.82400768	-3.7082742E-7	0.0
234.82597376	4.3923865E-5	0.0
234.827956224	7.999709E-5	0.0
234.829922304	7.936837E-5	0.0
234.831888384	1.18822345E-5	0.0
234.833870848	4.4496817E-5	0.0
234.835836928	1.1153177E-4	0.0
234.837819392	6.298367E-5	0.0
234.839785472	2.8311695E-5	0.0
234.841767936	6.063821E-5	0.0
234.843734016	5.8667405E-7	0.0
234.845700096	-3.129804E-5	0.0
234.84768256	-5.463753E-5	0.0
234.84964864	2.4112427E-7	0.0
234.851631104	1.0184712E-4	0.0
234.853597184	5.8814883E-5	0.0
234.855563264	3.3414244E-6	0.0
234.857545728	2.003055E-5	0.0
234.859511808	-7.605346E-5	0.0
234.861494272	-6.458259E-5	0.0
234.863460352	7.688707E-6	0.0
234.865426432	1.6943666E-5	0.0
234.867408896	-2.8252342E-5	0.0
234.869374976	-6.450645E-5	0.0
234.87135744	2.1818529E-5	0.0
234.87332352	1.5224649E-5	0.0
234.8752896	-4.2789514E-5	0.0
234.877272064	-2.5783886E-5	0.0
234.879238144	-1.758052E-5	0.0
234.881220608	3.5373814E-5	0.0
234.883186688	2.0825899E-5	0.0
234.885152768	-4.8886635E-5	0.0
234.887135232	-5.172158E-5	0.0
234.889101312	2.3042185E-5	0.0
234.891083776	-6.067576E-7	0.0
234.893049856	-3.7217964E-5	0.0
234.895015936	-3.0155194E-5	0.0
234.8969984	-2.5996998E-5	0.0
234.89896448	-8.683871E-6	0.0
234.900946944	-1.1614583E-5	0.0
234.902913024	-2.396323E-6	0.0
234.904879104	4.9360286E-5	0.0
234.906861568	-4.190099E-5	0.0
234.908827648	-7.539758E-5	0.0
234.910810112	-7.809916E-5	0.0
234.912776192	-5.515015E-5	0.0
234.914742272	-5.4808925E-6	0.0
234.916724736	2.6762105E-5	0.0
234.918690816	3.6006197E-5	0.0
234.92067328	1.783487E-5	0.0
234.92263936	-6.609804E-5	0.0
234.92460544	-1.2480079E-4	0.0
234.926587904	-7.902896E-5	0.0
234.928553984	9.863098E-6	0.0
234.930536448	5.6318822E-5	0.0
234.932502528	4.2650112E-7	0.0
234.934468608	-1.7479479E-6	0.0
234.936451072	5.136436E-5	0.0
234.938417152	2.9863948E-5	0.0
234.940399616	2.6190026E-5	0.0
234.942365696	6.2205945E-5	0.0
234.944331776	8.106178E-5	0.0
234.94631424	9.3135066E-5	0.0
234.94828032	7.329363E-5	0.0
234.950262784	4.6543923E-5	0.0
234.952228864	-2.8352197E-5	0.0
234.954194944	-1.30284325E-5	0.0
234.956177408	2.0491481E-5	0.0
234.958143488	-3.1721698E-5	0.0
234.960125952	-4.821489E-5	0.0
234.962092032	-7.8797384E-5	0.0
234.964058112	-8.5452186E-5	0.0
234.966040576	-1.1106331E-4	0.0
234.968006656	-9.685871E-5	0.0
234.96998912	1.5638345E-5	0.0
234.9719552	6.1192506E-5	0.0
234.97392128	-3.4780867E-5	0.0
234.975903744	-5.641825E-5	0.0
234.977869824	7.406669E-5	0.0
234.979852288	1.4434646E-4	0.0
234.981818368	7.412309E-5	0.0
234.983784448	-1.20712075E-5	0.0
234.985766912	-1.1477548E-5	0.0
234.987732992	3.322665E-5	0.0
234.989715456	1.1213589E-5	0.0
234.991681536	2.1890808E-5	0.0
234.993647616	-2.3189512E-5	0.0
234.99563008	-6.107498E-6	0.0
234.99759616	3.1727468E-5	0.0
234.999578624	7.889465E-5	0.0
235.001544704	2.6314416E-5	0.0
235.003510784	4.139044E-6	0.0
235.005493248	5.770306E-5	0.0
235.007459328	5.0246555E-5	0.0
235.009441792	2.1337253E-5	0.0
235.011407872	2.8086999E-5	0.0
235.013373952	4.482524E-5	0.0
235.015356416	-8.97926E-6	0.0
235.017322496	3.733857E-5	0.0
235.01930496	7.218725E-5	0.0
235.02127104	1.3775875E-4	0.0
235.02323712	1.2853007E-5	0.0
235.025219584	-3.549637E-5	0.0
235.027185664	-4.4261673E-5	0.0
235.029168128	-3.7950063E-5	0.0
235.031134208	-1.4596372E-5	0.0
235.033100288	8.712449E-6	0.0
235.035082752	5.26356E-5	0.0
235.037048832	3.6403973E-5	0.0
235.039031296	-2.6317199E-5	0.0
235.040997376	5.2652744E-5	0.0
235.042963456	1.5417476E-5	0.0
235.04494592	7.377118E-5	0.0
235.046912	2.1926795E-5	0.0
235.048894464	-8.541152E-5	0.0
235.050860544	-5.3629075E-5	0.0
235.052826624	-4.9947863E-5	0.0
235.054809088	-6.281111E-5	0.0
235.056775168	-1.4856444E-5	0.0
235.058757632	-2.2245966E-5	0.0
235.060723712	-5.817973E-5	0.0
235.062689792	4.331071E-6	0.0
235.064672256	3.3725364E-6	0.0
235.066638336	-1.0602352E-5	0.0
235.0686208	8.882582E-5	0.0
235.07058688	7.196117E-5	0.0
235.07255296	1.5136916E-5	0.0
235.074535424	-6.114855E-5	0.0
235.076501504	-5.2218194E-5	0.0
235.078483968	-9.403295E-5	0.0
235.080450048	-9.049275E-5	0.0
235.082416128	-3.9610226E-5	0.0
235.084398592	-3.4584875E-5	0.0
235.086364672	-3.3355864E-5	0.0
235.088347136	-2.808418E-5	0.0
235.090313216	-3.7265738E-5	0.0
235.092279296	4.468602E-5	0.0
235.09426176	5.7028505E-5	0.0
235.09622784	1.8505974E-5	0.0
235.098210304	-2.8405784E-6	0.0
235.100176384	9.685637E-6	0.0
235.102142464	-1.6451386E-6	0.0
235.104124928	2.2397782E-5	0.0
235.106091008	5.807681E-5	0.0
235.108073472	6.23962E-5	0.0
235.110039552	5.147152E-5	0.0
235.112005632	3.1260613E-5	0.0
235.113988096	1.8811928E-5	0.0
235.115954176	5.0621253E-5	0.0
235.11793664	3.0150475E-5	0.0
235.11990272	-3.519054E-5	0.0
235.1218688	6.950605E-6	0.0
235.123851264	5.9036713E-5	0.0
235.125817344	3.1455595E-5	0.0
235.127799808	9.514973E-6	0.0
235.129765888	5.8794976E-5	0.0
235.131731968	1.02173464E-4	0.0
235.133714432	1.05437604E-4	0.0
235.135680512	9.011636E-5	0.0
235.137662976	3.711495E-5	0.0
235.139629056	4.9040522E-5	0.0
235.141595136	9.122118E-5	0.0
235.1435776	1.0669489E-4	0.0
235.14554368	8.262883E-5	0.0
235.147526144	8.253912E-5	0.0
235.149492224	9.670727E-5	0.0
235.151474688	5.184191E-5	0.0
235.153440768	2.720917E-5	0.0
235.155406848	5.9162776E-5	0.0
235.157389312	3.9544568E-5	0.0
235.159355392	2.474505E-5	0.0
235.161337856	3.422726E-6	0.0
235.163303936	-4.727862E-5	0.0
235.165270016	-3.6078098E-5	0.0
235.16725248	-3.6406454E-5	0.0
235.16921856	-1.7332599E-5	0.0
235.171201024	-1.7115834E-5	0.0
235.173167104	-1.3506419E-5	0.0
235.175133184	-2.6419673E-5	0.0
235.177115648	-8.5258085E-5	0.0
235.179081728	-8.246972E-5	0.0
235.181064192	3.240684E-5	0.0
235.183030272	1.3689564E-4	0.0
235.184996352	1.0154366E-4	0.0
235.186978816	1.8895646E-5	0.0
235.188944896	2.772168E-6	0.0
235.19092736	4.320521E-6	0.0
235.19289344	5.3035174E-6	0.0
235.19485952	3.4097262E-5	0.0
235.196841984	4.9590133E-5	0.0
235.198808064	2.3788756E-5	0.0
235.200790528	9.756462E-6	0.0
235.202756608	1.600172E-5	0.0
235.204722688	-1.4292979E-5	0.0
235.206705152	-5.0147297E-5	0.0
235.208671232	7.806825E-6	0.0
235.210653696	6.819067E-5	0.0
235.212619776	5.8547987E-5	0.0
235.214585856	9.0840884E-5	0.0
235.21656832	6.131247E-5	0.0
235.2185344	-5.6707077E-6	0.0
235.220516864	-4.5917972E-5	0.0
235.222482944	-6.168194E-6	0.0
235.224449024	-3.5552657E-5	0.0
235.226431488	-1.4910606E-5	0.0
235.228397568	1.7921839E-6	4.943921140532215E-12
235.230380032	-3.0668583E-5	1.1310630383676301E-11
235.232346112	-8.6640386E-5	2.4736638085109952E-11
235.234312192	3.3740207E-6	5.171795283698266E-11
235.236294656	1.5566817E-4	1.0336764777463259E-10
235.238260736	1.3042997E-4	1.975000718523745E-10
235.2402432	-3.5532876E-6	3.607411591666221E-10
235.24220928	2.3568615E-5	6.298934152049185E-10
235.24417536	6.91599E-5	1.0514257242633107E-9
235.246157824	2.8134133E-5	1.6777815803337148E-9
235.248123904	6.6152585E-5	2.559380263278399E-9
235.250106368	4.5207504E-5	3.732286479873892E-9
235.252072448	1.2619703E-6	5.203071751225252E-9
235.254038528	3.339813E-5	6.934055996055122E-9
235.256020992	1.17155825E-4	8.833977105382473E-9
235.257987072	-1.8326306E-5	1.0758933299825912E-8
235.259969536	-1.3136228E-4	1.2526358617037658E-8
235.261935616	-8.627432E-5	1.3941920506965744E-8
235.263901696	-3.4786508E-6	1.4834187211931749E-8
235.26588416	8.3560066E-5	1.5088550853192828E-8
235.26785024	8.208517E-5	1.467149068901108E-8
235.269832704	8.6150656E-5	1.3637778017994151E-8
235.271798784	3.9379753E-5	1.2118697156893177E-8
235.273764864	9.17763E-6	1.0294640695462931E-8
235.275747328	1.6007745E-5	8.360045988808906E-9
235.277713408	1.8581615E-5	6.490072035347794E-9
235.279695872	7.5608084E-5	4.8165191834925736E-9
235.281661952	3.243389E-5	3.41710904017134E-9
235.283628032	6.478088E-5	2.317544600671795E-9
235.285610496	9.9715064E-5	1.5025891642039824E-9
235.287576576	-4.8291413E-6	9.313088633611244E-10
235.28955904	-4.005794E-6	5.518125401060558E-10
235.29152512	3.9967126E-5	3.125591174768516E-10
235.2934912	-2.0095164E-5	1.692442436196373E-10
235.295473664	-2.7006872E-5	8.760727560064296E-11
235.297439744	-8.398755E-6	4.3351974787775305E-11
235.299422208	-1.5685031E-5	2.0507782971801447E-11
235.301388288	-2.6295647E-5	9.274134411818569E-12
235.303354368	4.398592E-6	4.009323689019295E-12
235.305336832	7.767142E-6	0.0
235.307302912	1.6723001E-5	0.0
235.309285376	-4.3298096E-5	0.0
235.311251456	-4.546194E-6	0.0
235.313217536	-2.8865341E-5	0.0
235.3152	7.71287E-5	0.0
235.31716608	1.01032885E-4	0.0
235.319148544	5.6852354E-5	0.0
235.321114624	6.2720064E-5	0.0
235.323080704	1.18509915E-5	0.0
235.325063168	-1.532052E-5	0.0
235.327029248	3.5581717E-5	0.0
235.329011712	8.263308E-5	0.0
235.330977792	1.02721815E-5	0.0
235.332943872	-3.196534E-5	0.0
235.334926336	-4.5872745E-5	0.0
235.336892416	-7.333085E-5	0.0
235.33887488	-1.9318135E-5	0.0
235.34084096	-2.3315648E-5	0.0
235.34280704	1.5331241E-5	0.0
235.344789504	4.68909E-5	0.0
235.346755584	-2.984526E-6	0.0
235.348738048	-2.6832075E-5	0.0
235.350704128	-4.5816574E-5	0.0
235.352670208	-5.5869023E-5	0.0
235.354652672	-1.6516426E-5	0.0
235.356618752	-5.6918807E-6	0.0
235.358601216	-1.601245E-5	0.0
235.360567296	7.714697E-6	0.0
235.362533376	6.849019E-5	0.0
235.36451584	1.1171978E-4	0.0
235.36648192	9.400888E-5	0.0
235.368464384	8.09022E-5	0.0
235.370430464	2.5962958E-5	0.0
235.372396544	-1.1298748E-5	0.0
235.374379008	-2.630723E-5	0.0
235.376345088	-3.103981E-5	0.0
235.378327552	-7.7803146E-5	0.0
235.380293632	-8.4748004E-5	0.0
235.382259712	-2.8172932E-5	0.0
235.384242176	3.542983E-6	0.0
235.386208256	1.3630429E-5	0.0
235.38819072	2.4208623E-5	0.0
235.3901568	6.751826E-6	0.0
235.39212288	1.4637471E-6	0.0
235.394105344	5.733306E-5	0.0
235.396071424	3.6734855E-5	0.0
235.398053888	-1.1698242E-5	0.0
235.400019968	-3.330771E-5	0.0
235.401986048	4.4297485E-5	0.0
235.403968512	5.379501E-5	0.0
235.405934592	-1.274761E-5	0.0
235.407917056	-3.088801E-5	0.0
235.409883136	6.85719E-5	0.0
235.411849216	8.806899E-5	0.0
235.41383168	1.0539748E-5	0.0
235.41579776	2.9539964E-5	0.0
235.417780224	1.15645686E-4	0.0
235.419746304	1.450423E-4	0.0
235.421712384	7.3786025E-5	0.0
235.423694848	4.8628906E-5	0.0
235.425660928	2.2838574E-5	0.0
235.427643392	2.4460604E-5	0.0
235.429609472	2.52593E-5	0.0
235.431575552	1.6871394E-7	0.0
235.433558016	1.530512E-5	0.0
235.435524096	-3.068994E-5	0.0
235.43750656	-3.9029386E-5	0.0
235.43947264	-7.597449E-5	0.0
235.44143872	-1.390082E-5	0.0
235.443421184	-4.2430824E-5	0.0
235.445387264	-7.580056E-5	0.0
235.447369728	3.4198156E-6	0.0
235.449335808	-2.4864728E-5	0.0
235.451301888	8.104703E-6	0.0
235.453284352	3.9266524E-5	0.0
235.455250432	1.6063705E-6	0.0
235.457232896	3.9382838E-5	0.0
235.459198976	-2.027883E-6	0.0
235.46118144	2.1451966E-5	0.0
235.46314752	9.590697E-5	0.0
235.4651136	6.4325155E-5	0.0
235.467096064	4.858349E-5	0.0
235.469062144	-6.920416E-5	0.0
235.471044608	3.5031306E-5	0.0
235.473010688	-5.0174443E-5	0.0
235.474976768	-4.2461783E-5	0.0
235.476959232	2.8360313E-5	0.0
235.478925312	5.210191E-5	0.0
235.480907776	6.127702E-5	0.0
235.482873856	-3.7321326E-5	0.0
235.484839936	2.5282336E-5	0.0
235.4868224	-1.426974E-5	0.0
235.48878848	-7.8506484E-5	0.0
235.490770944	-1.4424747E-5	0.0
235.492737024	4.3275097E-5	0.0
235.494703104	8.37862E-5	0.0
235.496685568	-3.887451E-5	0.0
235.498651648	-6.612737E-5	0.0
235.500634112	5.481609E-5	0.0
235.502600192	7.612152E-5	0.0
235.504566272	9.380009E-5	0.0
235.506548736	-8.8983754E-5	0.0
235.508514816	-8.139788E-5	0.0
235.51049728	-4.441387E-5	0.0
235.51246336	-6.425549E-5	0.0
235.51442944	9.569833E-6	0.0
235.516411904	9.116925E-5	0.0
235.518377984	6.8711306E-5	0.0
235.520360448	6.046919E-5	0.0
235.522326528	3.7986596E-5	0.0
235.524292608	2.4930761E-5	0.0
235.526275072	-2.9485842E-5	0.0
235.528241152	-4.7353205E-5	0.0
235.530223616	-8.695032E-5	0.0
235.532189696	-9.05717E-5	0.0
235.534155776	-7.0700284E-5	0.0
235.53613824	-3.3070173E-5	0.0
235.53810432	8.524977E-6	0.0
235.540086784	-6.5859213E-6	0.0
235.542052864	2.1366619E-5	0.0
235.544018944	2.2877442E-5	0.0
235.546001408	-2.5943244E-5	0.0
235.547967488	4.6973088E-5	0.0
235.549949952	1.4928474E-5	0.0
235.551916032	-5.717094E-5	0.0
235.553882112	8.5857246E-5	0.0
235.555864576	1.17516596E-4	0.0
235.557830656	6.602153E-5	0.0
235.55981312	3.721277E-5	0.0
235.5617792	-1.3835453E-5	0.0
235.56374528	-1.798502E-5	0.0
235.565727744	3.5021876E-5	0.0
235.567693824	5.4137097E-5	0.0
235.569676288	7.946727E-6	0.0
235.571642368	-2.9664867E-5	0.0
235.573608448	5.2010428E-6	0.0
235.575590912	2.6408952E-6	0.0
235.577556992	-2.5758594E-5	0.0
235.579539456	-4.9107104E-5	0.0
235.581505536	-6.0934253E-5	0.0
235.583471616	-3.908689E-6	0.0
235.58545408	-3.783135E-6	0.0
235.58742016	-3.4056626E-5	0.0
235.589402624	5.8158466E-6	0.0
235.591368704	-3.6569926E-8	0.0
235.593334784	-2.2021568E-6	0.0
235.595317248	3.584035E-5	0.0
235.597283328	6.875205E-5	0.0
235.599265792	7.054981E-5	0.0
235.601231872	1.8366742E-5	0.0
235.603197952	-2.9091703E-5	0.0
235.605180416	-4.584639E-5	0.0
235.607146496	-2.0450725E-5	0.0
235.60912896	-6.168514E-6	0.0
235.61109504	2.6947955E-6	0.0
235.61306112	6.795991E-6	0.0
235.615043584	5.5058626E-5	0.0
235.617009664	3.4029727E-5	0.0
235.618992128	-8.88022E-6	0.0
235.620958208	-4.976974E-6	0.0
235.622924288	-1.7740591E-5	0.0
235.624906752	-3.643457E-5	0.0
235.626872832	-6.4995686E-5	0.0
235.628855296	-3.6225838E-6	0.0
235.630821376	8.924412E-6	0.0
235.632787456	-6.756305E-5	0.0
235.63476992	-9.1416376E-5	0.0
235.636736	-3.845324E-5	0.0
235.638718464	1.7380718E-5	0.0
235.640684544	3.64538E-5	0.0
235.642650624	3.4444383E-5	0.0
235.644633088	4.6922496E-6	0.0
235.646599168	2.5229236E-5	0.0
235.648581632	-1.568215E-5	0.0
235.650547712	-7.842375E-5	0.0
235.652513792	-9.4543044E-5	0.0
235.654496256	4.1815103E-5	0.0
235.656462336	-6.95391E-6	0.0
235.6584448	1.7542638E-5	0.0
235.66041088	-3.9630548E-5	0.0
235.66237696	-1.02752834E-4	0.0
235.664359424	3.0890325E-5	0.0
235.666325504	1.6776093E-4	0.0
235.668307968	7.547958E-5	0.0
235.670274048	2.7450295E-5	0.0
235.672240128	1.1820339E-4	0.0
235.674222592	1.2451933E-4	0.0
235.676188672	6.416158E-5	0.0
235.678171136	3.688439E-5	0.0
235.680137216	5.1933777E-5	0.0
235.682103296	-1.3950413E-5	0.0
235.68408576	7.925375E-5	0.0
235.68605184	1.2525464E-4	0.0
235.688034304	1.2377086E-4	0.0
235.690000384	4.716117E-5	0.0
235.691966464	2.911144E-5	0.0
235.693948928	-2.6623124E-5	0.0
235.695915008	-8.1090184E-5	0.0
235.697897472	1.1330266E-5	0.0
235.699863552	3.9791106E-5	0.0
235.701829632	3.6508034E-5	0.0
235.703812096	1.4570221E-5	0.0
235.705778176	-2.1978909E-5	0.0
235.70776064	6.938029E-5	0.0
235.70972672	4.0443352E-5	0.0
235.7116928	1.0444476E-5	0.0
235.713675264	-3.5092104E-5	0.0
235.715641344	-2.1255286E-5	0.0
235.717623808	7.498833E-5	0.0
235.719589888	8.578914E-5	0.0
235.721555968	8.704886E-5	0.0
235.723538432	2.5457628E-5	0.0
235.725504512	-1.0644779E-4	0.0
235.727486976	-6.0360806E-5	0.0
235.729453056	3.9630386E-6	0.0
235.731419136	3.6180272E-6	0.0
235.7334016	-7.856423E-5	0.0
235.73536768	-1.790999E-5	0.0
235.737350144	3.3482633E-5	0.0
235.739316224	-1.7767381E-5	0.0
235.741282304	2.9376379E-6	0.0
235.743264768	3.418009E-5	0.0
235.745230848	1.779742E-6	0.0
235.747213312	2.5629428E-5	0.0
235.749179392	-5.3906733E-5	0.0
235.751145472	-3.6627483E-5	0.0
235.753127936	1.8382778E-5	0.0
235.755094016	1.872191E-5	0.0
235.75707648	4.4786095E-5	0.0
235.75904256	4.9718554E-5	0.0
235.76100864	4.513515E-5	0.0
235.762991104	2.0862344E-6	0.0
235.764957184	-8.885045E-5	0.0
235.766939648	-4.6864307E-6	0.0
235.768905728	1.8003526E-5	0.0
235.770888192	1.175134E-5	0.0
235.772854272	4.9576765E-6	0.0
235.774820352	1.8901E-5	0.0
235.776802816	5.068023E-5	0.0
235.778768896	4.8073198E-5	0.0
235.78075136	6.880409E-5	0.0
235.78271744	7.2810086E-5	0.0
235.78468352	7.79128E-5	0.0
235.786665984	5.6884775E-5	0.0
235.788632064	1.5249082E-5	0.0
235.790614528	-4.6336305E-7	0.0
235.792580608	2.3072052E-6	0.0
235.794546688	-2.6337615E-5	0.0
235.796529152	1.1881478E-5	0.0
235.798495232	3.356315E-5	0.0
235.800477696	5.5658427E-5	0.0
235.802443776	1.05834E-4	0.0
235.804409856	2.9587112E-5	0.0
235.80639232	-3.99862E-6	0.0
235.8083584	6.712056E-5	0.0
235.810340864	1.0269704E-4	0.0
235.812306944	8.520983E-5	0.0
235.814273024	3.8479266E-5	0.0
235.816255488	6.0989594E-5	0.0
235.818221568	8.3507315E-5	0.0
235.820204032	5.3822165E-5	0.0
235.822170112	-1.5642154E-6	0.0
235.824136192	-8.062806E-5	0.0
235.826118656	-1.1273828E-4	0.0
235.828084736	-3.4039906E-5	0.0
235.8300672	5.6687422E-5	0.0
235.83203328	2.3081344E-5	0.0
235.83399936	-5.253929E-5	0.0
235.835981824	-3.0409248E-5	0.0
235.837947904	2.5198779E-5	0.0
235.839930368	5.5398865E-5	0.0
235.841896448	8.2070124E-5	0.0
235.843862528	-1.5567946E-5	0.0
235.845844992	1.9303827E-5	0.0
235.847811072	1.471333E-4	0.0
235.849793536	2.1459982E-4	0.0
235.851759616	1.4514387E-4	0.0
235.853725696	-2.286616E-6	0.0
235.85570816	2.743174E-5	0.0
235.85767424	1.0241683E-4	0.0
235.859656704	1.3137456E-4	0.0
235.861622784	1.7148913E-4	0.0
235.863588864	6.382092E-5	0.0
235.865571328	-2.8548662E-5	0.0
235.867537408	3.092212E-5	0.0
235.869519872	1.0360415E-4	0.0
235.871485952	8.680501E-5	0.0
235.873452032	4.889867E-5	0.0
235.875434496	9.914696E-5	0.0
235.877400576	1.023739E-4	0.0
235.87938304	7.870667E-5	0.0
235.88134912	-1.3472397E-5	0.0
235.8833152	4.2412154E-5	0.0
235.885297664	2.1984886E-5	0.0
235.887263744	1.4508124E-4	0.0
235.889246208	2.1882121E-4	0.0
235.891212288	-1.9904206E-7	0.0
235.893178368	1.1768362E-4	0.0
235.895160832	2.984648E-4	0.0
235.897126912	1.9585995E-4	0.0
235.899109376	-9.128434E-5	0.0
235.901075456	5.6151373E-5	0.0
235.903041536	1.0761713E-4	0.0
235.905024	4.985329E-5	0.0
235.90699008	-4.6444722E-5	0.0
235.908972544	-2.1326357E-5	0.0
235.910938624	-1.6971391E-5	0.0
235.912904704	5.964942E-5	0.0
235.914887168	1.12988215E-4	0.0
235.916853248	-1.4983817E-5	0.0
235.918835712	3.598877E-6	0.0
235.920801792	4.2264466E-5	0.0
235.922767872	1.513695E-4	0.0
235.924750336	1.0016984E-4	0.0
235.926716416	8.281735E-5	0.0
235.92869888	9.880132E-5	0.0
235.93066496	-3.5435523E-6	0.0
235.93263104	-9.051831E-5	0.0
235.934613504	-7.312627E-5	0.0
235.936579584	2.2689024E-5	0.0
235.938562048	-2.6767275E-5	0.0
235.940528128	-1.0292905E-5	0.0
235.942494208	8.152579E-6	0.0
235.944476672	1.38387395E-5	0.0
235.946442752	5.8585938E-5	0.0
235.948425216	3.8371058E-5	0.0
235.950391296	-2.5214018E-5	0.0
235.952357376	4.3590902E-5	0.0
235.95433984	-7.3436306E-5	0.0
235.95630592	-4.8200534E-5	0.0
235.958288384	1.5861237E-5	0.0
235.960254464	9.118096E-5	0.0
235.962220544	9.023893E-5	0.0
235.964203008	1.0591211E-4	0.0
235.966169088	5.305186E-5	0.0
235.968151552	4.6684858E-5	0.0
235.970117632	1.0521231E-4	0.0
235.972083712	2.2320794E-4	0.0
235.974066176	1.21422825E-4	0.0
235.976032256	-8.103393E-5	0.0
235.97801472	-1.8180444E-6	0.0
235.9799808	1.7668311E-4	0.0
235.98194688	1.7905199E-4	0.0
235.983929344	7.1884555E-5	0.0
235.985895424	7.539934E-5	0.0
235.987877888	-3.0505953E-5	0.0
235.989843968	-8.948168E-5	0.0
235.991810048	-7.31679E-5	0.0
235.993792512	-2.1625821E-5	0.0
235.995758592	5.9691947E-6	0.0
235.997741056	3.142136E-6	0.0
235.999707136	-6.973567E-5	0.0
236.001673216	-1.0140656E-4	0.0
236.00365568	1.9246645E-6	0.0
236.00562176	6.0160033E-5	0.0
236.007604224	4.5400477E-5	0.0
236.009570304	5.6241115E-5	0.0
236.011536384	5.2875374E-5	0.0
236.013518848	1.1659517E-5	0.0
236.015484928	-8.603684E-7	0.0
236.017467392	1.6823962E-5	0.0
236.019433472	8.591683E-6	0.0
236.021399552	5.1175293E-6	0.0
236.023382016	9.12811E-6	0.0
236.025348096	1.9800746E-5	0.0
236.02733056	1.1315556E-4	0.0
236.02929664	1.9909414E-4	0.0
236.03126272	1.473654E-4	0.0
236.033245184	7.7718665E-5	0.0
236.035211264	2.9887813E-5	0.0
236.037193728	2.6157328E-5	0.0
236.039159808	8.1322214E-5	0.0
236.041125888	1.233171E-4	0.0
236.043108352	1.0342775E-4	0.0
236.045074432	5.1957802E-5	0.0
236.047056896	-1.5923988E-5	0.0
236.049022976	-8.214837E-5	0.0
236.050989056	-6.131013E-5	0.0
236.05297152	-7.631208E-5	0.0
236.0549376	-6.40891E-5	0.0
236.056920064	-4.4569657E-5	0.0
236.058886144	-2.6466778E-5	0.0
236.060852224	3.96556E-5	0.0
236.062834688	5.9842932E-5	0.0
236.064800768	5.903041E-5	0.0
236.066783232	3.544458E-5	0.0
236.068749312	1.0827052E-6	0.0
236.070715392	-6.759638E-5	0.0
236.072697856	-1.13103124E-4	0.0
236.074663936	2.0085672E-5	0.0
236.0766464	8.068308E-5	0.0
236.07861248	8.27288E-5	0.0
236.080594944	9.412847E-5	0.0
236.082561024	5.004539E-5	0.0
236.084527104	9.1053924E-5	0.0
236.086509568	2.9574321E-5	0.0
236.088475648	-4.9012604E-5	0.0
236.090458112	-2.537358E-5	0.0
236.092424192	2.6749809E-5	0.0
236.094390272	4.4694636E-5	0.0
236.096372736	9.9981655E-5	0.0
236.098338816	9.53219E-5	0.0
236.10032128	8.744912E-5	0.0
236.10228736	2.664812E-5	0.0
236.10425344	9.409544E-6	0.0
236.106235904	-1.3928294E-5	0.0
236.108201984	4.3546723E-5	0.0
236.110184448	-2.5444651E-5	0.0
236.112150528	-9.8739474E-5	0.0
236.114116608	-1.1012259E-4	0.0
236.116099072	3.5964797E-5	0.0
236.118065152	2.0481411E-5	0.0
236.120047616	-2.6114534E-5	0.0
236.122013696	2.4571482E-6	0.0
236.123979776	3.2601863E-5	0.0
236.12596224	-1.4537146E-5	0.0
236.12792832	-1.3173806E-5	0.0
236.129910784	-1.8286913E-5	0.0
236.131876864	1.508792E-5	0.0
236.133842944	1.1341729E-4	0.0
236.135825408	1.6004212E-4	0.0
236.137791488	1.8226753E-4	0.0
236.139773952	1.0385482E-4	0.0
236.141740032	-1.5469313E-5	2.781035679522148E-10
236.143706112	3.2663316E-5	6.421070897211223E-10
236.145688576	3.6365527E-5	1.4177731211262312E-9
236.147654656	1.5987765E-5	2.9936133572050494E-9
236.14963712	6.2233055E-5	6.044753142475656E-9
236.1516032	2.4310399E-5	1.1672253386052489E-8
236.15356928	-6.2597983E-6	2.1553860918288592E-8
236.155551744	8.60867E-5	3.8061767071440045E-8
236.157517824	6.819131E-5	6.427599430480768E-8
236.159500288	4.6817542E-5	1.0380038162338678E-7
236.161466368	-3.3251155E-5	1.6030317340209876E-7
236.163432448	-7.595725E-5	2.3674353144542692E-7
236.165414912	8.69925E-6	3.3435432555961597E-7
236.167380992	3.465409E-5	4.515735838594992E-7
236.169363456	3.915651E-5	5.832363854096911E-7
236.171329536	-5.1786417E-5	7.203651648524101E-7
236.173295616	-9.442784E-5	8.508544055985112E-7
236.17527808	-6.943928E-5	9.610650977265323E-7
236.17724416	-1.2035754E-4	1.038116579366033E-6
236.179226624	-7.287547E-5	1.0723482546382002E-6
236.181192704	-2.1712609E-5	1.0593072374831536E-6
236.183158784	-3.4624332E-5	1.0007013315771474E-6
236.185141248	-1.0085424E-5	9.04029832327069E-7
236.187107328	4.1933483E-5	7.810101578797912E-7
236.189089792	-1.0325734E-5	6.45245904706826E-7
236.191055872	5.4972552E-5	5.09784968016902E-7
236.193021952	9.722223E-5	3.851614565064665E-7
236.195004416	4.31721E-5	2.782859951366845E-7
236.196970496	3.3538672E-5	1.922789323316465E-7
236.19895296	6.1009778E-5	1.2704744278835278E-7
236.20091904	6.43173E-5	8.027735276527892E-8
236.20288512	1.1852071E-4	4.850782531207187E-8
236.204867584	1.5714571E-4	2.8030125776012937E-8
236.206833664	3.209E-5	1.5489300508875203E-8
236.208816128	5.271251E-5	8.18522671863775E-9
236.210782208	7.9099686E-5	4.1364205394245346E-9
236.212748288	6.219022E-6	1.9990011868031843E-9
236.214730752	-1.8884473E-5	9.238309561787617E-10
236.216696832	2.224001E-5	4.082897908652683E-10
236.218679296	9.7645985E-5	0.0
236.220645376	9.406752E-5	0.0
236.222611456	4.147472E-5	0.0
236.22459392	5.7660116E-5	0.0
236.22656	9.888928E-6	0.0
236.228542464	7.6254844E-5	0.0
236.230508544	2.8720953E-5	0.0
236.232474624	-9.79781E-5	0.0
236.234457088	2.6562642E-5	0.0
236.236423168	1.878655E-5	0.0
236.238405632	-1.8284032E-5	0.0
236.240371712	1.167626E-4	0.0
236.242337792	8.2023544E-5	0.0
236.244320256	1.2264859E-4	0.0
236.246286336	-7.2061966E-6	0.0
236.2482688	-3.3667522E-5	0.0
236.25023488	1.7893135E-5	0.0
236.25220096	8.30393E-5	0.0
236.254183424	4.1364256E-5	0.0
236.256149504	1.4995442E-5	0.0
236.258131968	6.8579364E-5	0.0
236.260098048	8.961403E-6	0.0
236.262064128	-1.7039043E-5	0.0
236.264046592	2.2519247E-5	0.0
236.266012672	-1.0512604E-6	0.0
236.267995136	-5.6723497E-5	0.0
236.269961216	-8.703947E-7	0.0
236.271927296	8.882387E-5	0.0
236.27390976	6.360382E-5	0.0
236.27587584	5.8406775E-5	0.0
236.277858304	1.5213124E-5	0.0
236.279824384	-4.006007E-5	0.0
236.281790464	-1.5705164E-6	0.0
236.283772928	2.3737766E-5	0.0
236.285739008	-6.674746E-6	0.0
236.287721472	-4.720962E-5	0.0
236.289687552	-6.15457E-5	0.0
236.291653632	6.46008E-5	0.0
236.293636096	1.9859475E-4	0.0
236.295602176	9.342948E-5	0.0
236.29758464	-3.7375386E-5	0.0
236.29955072	-5.2899348E-5	0.0
236.3015168	3.588385E-6	0.0
236.303499264	-1.1235229E-5	0.0
236.305465344	-6.933311E-5	0.0
236.307447808	-6.658831E-5	0.0
236.309413888	-4.1986706E-5	0.0
236.311379968	-7.146048E-5	0.0
236.313362432	-6.4853935E-5	0.0
236.315328512	-1.8501118E-5	0.0
236.317310976	2.7678265E-5	0.0
236.319277056	2.3864048E-5	0.0
236.321243136	1.4850563E-5	0.0
236.3232256	3.1886128E-5	0.0
236.32519168	-1.7022257E-6	0.0
236.327174144	4.7064086E-6	0.0
236.329140224	7.912534E-5	0.0
236.331106304	2.462261E-5	0.0
236.333088768	2.0671576E-5	0.0
236.335054848	-1.641617E-6	0.0
236.337037312	-3.8829297E-5	0.0
236.339003392	-2.8201774E-5	0.0
236.340969472	-5.137305E-5	1.3231207579220139E-12
236.342951936	-6.334503E-5	3.0872175475760155E-12
236.344918016	-2.9702047E-5	6.889087824507589E-12
236.34690048	-4.1233085E-5	1.4702215139772434E-11
236.34886656	-1.3539896E-4	3.000753812099077E-11
236.35083264	-1.576127E-4	5.857350715565701E-11
236.352815104	-7.4367534E-5	1.0934583100086215E-10
236.354781184	-2.479354E-5	1.9522251870629503E-10
236.356763648	-1.0125319E-7	3.333374409830725E-10
236.358729728	-8.936347E-6	5.443333006560636E-10
236.360695808	7.967638E-6	8.501045423159326E-10
236.362678272	1.12634225E-4	1.2697147777629425E-9
236.364644352	3.601532E-5	1.8137056301270604E-9
236.366626816	-1.8428416E-5	2.4777300211553666E-9
236.368592896	-1.5588603E-6	3.2371769709271803E-9
236.370558976	-3.815353E-5	4.044892865096017E-9
236.37254144	-3.2285345E-5	4.8336388225322935E-9
236.37450752	-7.241284E-5	5.524182000726796E-9
236.376489984	-2.9000514E-5	6.037933708569199E-9
236.378456064	4.5341774E-5	6.311540623471501E-9
236.380422144	3.461633E-5	6.309704758677981E-9
236.382404608	6.481141E-5	6.032666810540377E-9
236.384370688	6.322589E-5	5.516153311901917E-9
236.386353152	-5.1814393E-5	4.823806243337003E-9
236.388319232	-5.0044415E-5	4.034322209633956E-9
236.390301696	-9.9197125E-5	3.2268401284341053E-9
236.392267776	-3.4044177E-5	2.4683735055930356E-9
236.394233856	6.888338E-5	1.8058053941061303E-9
236.39621632	6.067993E-5	1.2634514545695197E-9
236.3981824	4.5807014E-5	8.45419068085107E-10
236.400164864	-1.7967033E-5	5.410182857268353E-10
236.402130944	2.916451E-5	3.311145801987436E-10
236.404097024	3.93979E-5	1.9380860805107147E-10
236.406079488	-1.03927836E-4	1.0849077886065928E-10
236.408045568	-1.3324752E-4	5.808169917242978E-11
236.410028032	-6.9428943E-6	2.973803495120997E-11
236.411994112	-4.2612082E-5	1.4561692129877457E-11
236.413960192	-9.873077E-5	6.819308139005553E-12
236.415942656	-1.20447214E-4	3.0541701979969194E-12
236.417908736	-1.8130684E-5	1.3081959560762302E-12
236.4198912	-4.320586E-5	0.0
236.42185728	-7.113277E-7	0.0
236.42382336	1.086823E-4	0.0
236.425805824	1.8074857E-4	0.0
236.427771904	5.6688397E-5	0.0
236.429754368	1.5058478E-4	0.0
236.431720448	7.178499E-5	0.0
236.433686528	1.00123536E-4	0.0
236.435668992	-2.606321E-5	0.0
236.437635072	-5.0939772E-5	0.0
236.439617536	-5.514071E-6	0.0
236.441583616	7.34669E-5	0.0
236.443549696	4.5221037E-5	0.0
236.44553216	3.8939455E-5	0.0
236.44749824	2.3703322E-5	0.0
236.449480704	7.4341646E-5	0.0
236.451446784	1.4437582E-4	0.0
236.453412864	5.867763E-5	0.0
236.455395328	5.5228724E-5	0.0
236.457361408	5.80326E-5	0.0
236.459343872	7.254348E-5	0.0
236.461309952	-2.0433408E-5	0.0
236.463276032	2.2618447E-5	0.0
236.465258496	-3.505362E-5	0.0
236.467224576	-8.813019E-6	0.0
236.46920704	6.4618114E-5	0.0
236.47117312	3.4333692E-7	1.7413540831512364E-7
236.4731392	-7.755162E-7	3.947293407691177E-7
236.475121664	1.27562225E-5	8.557400406061788E-7
236.477087744	5.179955E-5	1.774215888872277E-6
236.479070208	8.0890386E-5	3.5178193229512544E-6
236.481036288	1.7182932E-4	6.669757567578927E-6
236.483002368	1.09463275E-4	1.2091261851310264E-5
236.484984832	-3.5588186E-5	2.095492345688399E-5
236.486950912	-6.263486E-5	3.471265154075809E-5
236.488933376	8.703368E-5	5.494965807884E-5
236.490899456	1.5836676E-4	8.310780685860664E-5
236.492865536	1.9560651E-4	1.2007773329969496E-4
236.494848	1.9455327E-4	1.6573698667343706E-4
236.49681408	2.5431786E-4	2.1856983948964626E-4
236.498796544	3.4455597E-4	2.7551388484425843E-4
236.500762624	3.7372872E-4	3.3215360599569976E-4
236.502728704	3.8706537E-4	3.8326397771015763E-4
236.504711168	4.1860752E-4	4.2360834777355194E-4
236.506677248	4.7313262E-4	4.4879139750264585E-4
236.508659712	4.4845193E-4	4.559891240205616E-4
236.510625792	4.1547054E-4	4.4441368663683534E-4
236.512591872	4.411389E-4	4.154385533183813E-4
236.514574336	4.0639276E-4	3.723702975548804E-4
236.516540416	3.738672E-4	3.19895101711154E-4
236.51852288	3.61242E-4	2.6329868705943227E-4
236.52048896	2.634573E-4	2.0760938059538603E-4
236.52245504	2.0275607E-4	1.5686704136896878E-4
236.524437504	1.3278915E-4	1.1367619299562648E-4
236.526403584	4.4910514E-5	7.912540604593232E-5
236.528386048	-6.055298E-5	5.302252247929573E-5
236.530352128	-1.2641637E-4	3.431261211517267E-5
236.532318208	-5.1542593E-5	2.152922570530791E-5
236.534300672	2.6637716E-5	1.3159881746105384E-5
236.536266752	-1.9505607E-5	7.877806638134643E-6
236.538249216	-4.6554982E-5	4.642115527531132E-6
236.540215296	-3.037102E-5	2.703900236156187E-6
236.542181376	-7.245767E-5	1.5604045984218828E-6
236.54416384	-6.983934E-5	8.920930554268125E-7
236.54612992	-1.8361907E-6	5.040134283262887E-7
236.548112384	6.3875186E-6	2.2237648522605014E-7
236.550078464	3.9859573E-5	1.2948520122790796E-7
236.552044544	7.657289E-5	7.211072272639285E-8
236.554027008	-2.4534502E-5	3.8408622060615016E-8
236.555993088	-3.756019E-5	1.95663290014636E-8
236.557975552	5.341407E-5	9.53318490815036E-9
236.559941632	9.1912065E-5	4.4423926759407095E-9
236.561907712	5.709147E-5	1.979913344385409E-9
236.563890176	-3.110666E-5	0.0
236.565856256	-2.507266E-5	0.0
236.56783872	6.6304245E-5	0.0
236.5698048	2.3606835E-6	0.0
236.57177088	-4.6230867E-5	0.0
236.573753344	2.916905E-5	0.0
236.575719424	4.798248E-5	0.0
236.577701888	-3.2519652E-5	0.0
236.579667968	-4.4096923E-5	0.0
236.581634048	-5.647663E-5	0.0
236.583616512	-1.5658197E-5	0.0
236.585582592	-1.949868E-5	0.0
236.587565056	-5.4826196E-5	0.0
236.589531136	-3.2123362E-6	0.0
236.591497216	5.9377373E-5	0.0
236.59347968	1.8419635E-4	0.0
236.59544576	1.3779981E-4	0.0
236.597428224	1.1763142E-5	0.0
236.599394304	1.9483841E-6	0.0
236.601360384	3.9707826E-5	0.0
236.603342848	-1.0961391E-5	0.0
236.605308928	-2.2418959E-5	0.0
236.607291392	1.780455E-6	0.0
236.609257472	-2.9538898E-5	0.0
236.611223552	-3.9009974E-5	0.0
236.613206016	-3.0124016E-7	0.0
236.615172096	1.5649375E-5	0.0
236.61715456	2.0027363E-5	0.0
236.61912064	2.1511425E-5	1.237839719614442E-9
236.62108672	-6.5269836E-5	2.8459508083500396E-9
236.623069184	3.5940742E-5	6.258386697766127E-9
236.625035264	3.645198E-5	1.3163430345741745E-8
236.627017728	-5.4790464E-5	2.648157959583841E-8
236.628983808	-9.1266644E-5	5.0955829777876716E-8
236.630949888	-1.0260719E-4	9.378098297929682E-8
236.632932352	-6.4777014E-5	1.650844438927379E-7
236.634898432	-1.0805959E-4	2.779504768568586E-7
236.636880896	-7.585104E-5	4.4760483319805644E-7
236.638846976	-1.9943081E-5	6.894343300700712E-7
236.640813056	-5.1471587E-5	1.0156834377994528E-6
236.64279552	-3.1586147E-5	1.431168584531406E-6
236.6447616	-4.224189E-6	1.9288154362584464E-6
236.646744064	-6.13081E-6	2.486325229256181E-6
236.648710144	2.2055085E-5	3.0654732654511463E-6
236.650676224	1.17033356E-4	3.6150356663711136E-6
236.652658688	5.556022E-6	4.077598987350939E-6
236.654624768	-5.907118E-6	4.399244062369689E-6
236.656607232	7.113601E-6	4.539807832770748E-6
236.658573312	-8.686519E-6	4.481133601075271E-6
236.660539392	7.3575784E-6	4.2309375203331E-6
236.662521856	-2.3887305E-5	3.821178779617185E-6
236.664487936	-1.149275E-4	3.301408469269518E-6
236.6664704	-2.080064E-5	2.7289868285151897E-6
236.66843648	-3.7072154E-5	2.1588762137980666E-6
236.67040256	3.2450616E-6	1.6354190393030876E-6
236.672385024	2.8775217E-5	1.1876978760483325E-6
236.674351104	-5.6488665E-5	8.288089929919806E-7
236.676333568	-1.14034614E-4	5.58224712676747E-7
236.678299648	-9.733397E-5	3.6595255892279965E-7
236.680265728	-1.1822807E-4	2.37026199556567E-7
236.682248192	1.0607312E-5	1.5531608710261935E-7
236.684214272	-6.4614454E-5	1.0614380840934245E-7
236.686196736	-2.5033458E-5	7.764061393800148E-8
236.688162816	-3.5886342E-6	6.111896766469727E-8
236.690128896	2.1809637E-5	5.080358533859908E-8
236.69211136	-2.541362E-6	4.3253209014437743E-8
236.69407744	7.528237E-5	3.670559323154521E-8
236.696059904	8.175876E-6	2.9736117568290865E-8
236.698025984	-7.147858E-6	2.4199271919655985E-8
236.700008448	5.7889163E-5	1.8836347592809943E-8
236.701974528	-2.3562914E-5	1.4023900263282485E-8
236.703940608	-3.0234844E-5	9.986609761369891E-9
236.705923072	4.4251996E-5	6.802124641325236E-9
236.707889152	6.671391E-5	4.43146142004025E-9
236.709871616	-1.6796994E-6	2.7613880071442054E-9
236.711837696	-9.5434525E-6	1.6458314711087496E-9
236.713803776	5.2786985E-5	9.382529198020961E-10
236.71578624	1.2532024E-4	5.116000401095278E-10
236.71775232	1.6954324E-4	2.668208154421592E-10
236.719734784	1.5471589E-4	1.3310241797626077E-10
236.721700864	1.2191867E-4	6.350809461652673E-11
236.723666944	8.815054E-5	2.898330013489936E-11
236.725649408	1.2300214E-4	1.2651603722990679E-11
236.727615488	1.3209794E-4	0.0
236.729597952	8.0920014E-5	0.0
236.731564032	5.477926E-5	0.0
236.733530112	1.0919558E-4	0.0
236.735512576	6.6255336E-5	0.0
236.737478656	2.8914377E-5	0.0
236.73946112	3.99876E-5	0.0
236.7414272	2.6497377E-5	0.0
236.74339328	-1.8707362E-5	0.0
236.745375744	3.163844E-5	0.0
236.747341824	1.11031215E-4	0.0
236.749324288	7.913477E-5	0.0
236.751290368	1.977648E-6	0.0
236.753256448	3.9401362E-5	6.401388447097034E-11
236.755238912	1.17880336E-4	1.4620075983184933E-10
236.757204992	6.1252795E-5	3.19390985881185E-10
236.759187456	-5.15519E-5	6.673998576012252E-10
236.761153536	-4.595588E-5	1.3339723770044998E-9
236.763119616	1.2940057E-5	2.550341493545716E-9
236.76510208	6.943449E-5	4.6638763961937E-9
236.76706816	7.793376E-5	8.15809908516485E-9
236.769050624	7.7297576E-5	1.3649668062498677E-8
236.771016704	6.271771E-5	2.184498093527054E-8
236.772982784	5.05863E-5	3.344048593589832E-8
236.774965248	3.300456E-5	4.896540772847402E-8
236.776931328	-8.850345E-6	6.858007850496506E-8
236.778913792	-2.3565213E-5	9.18759823775872E-8
236.780879872	-5.3267388E-5	1.1773306596296607E-7
236.782845952	-6.6743436E-5	1.4430783323859941E-7
236.784828416	1.5495343E-5	1.6918993139825034E-7
236.786794496	-3.0667463E-5	1.8973784676745709E-7
236.78877696	-1.843022E-5	2.0352958074454364E-7
236.79074304	5.655281E-6	2.0883115325887047E-7
236.79270912	-2.1559566E-5	2.049545457794011E-7
236.794691584	3.8079248E-5	1.92404101539978E-7
236.796657664	2.1687765E-5	1.727686935737438E-7
236.798640128	-4.7481744E-6	1.4839189077520132E-7
236.800606208	-2.7779324E-6	1.2191283360607486E-7
236.802572288	6.071228E-5	9.580376314488603E-8
236.804554752	7.185481E-5	7.201277441026832E-8
236.806520832	1.2761505E-5	5.177620820973061E-8
236.808503296	1.0446615E-5	3.560776207223171E-8
236.810469376	-1.48869885E-5	2.3423558204171968E-8
236.812435456	-4.171724E-5	1.4738550824233698E-8
236.81441792	-8.6937485E-5	8.870549628170465E-9
236.816384	-7.254683E-5	5.106696399082011E-9
236.818366464	-5.81024E-5	2.8120412665089134E-9
236.820332544	-3.365631E-5	1.4811493143085386E-9
236.822298624	-5.9092934E-5	7.462251927492503E-10
236.824281088	-5.434642E-5	3.596126174620906E-10
236.826247168	1.105799E-4	1.6576538752755E-10
236.828229632	7.682781E-5	7.308811195150255E-11
236.830195712	-9.531601E-8	0.0
236.832161792	8.171307E-6	0.0
236.834144256	6.4830805E-5	0.0
236.836110336	3.8419195E-5	0.0
236.8380928	-6.2555055E-6	0.0
236.84005888	5.1996045E-5	0.0
236.84202496	8.5244115E-5	0.0
236.844007424	1.2965842E-4	0.0
236.845973504	5.873677E-5	0.0
236.847955968	-1.9925546E-5	0.0
236.849922048	-4.4884284E-5	0.0
236.851888128	-8.425517E-5	0.0
236.853870592	-1.4737464E-4	0.0
236.855836672	-1.8311392E-4	0.0
236.857819136	-2.9727877E-5	3.6173679607287568E-9
236.859785216	-8.420365E-6	8.349535285390175E-9
236.861751296	2.8416382E-5	1.8435004633943208E-8
236.86373376	-8.887743E-6	3.893486422157366E-8
236.86569984	-8.771342E-6	7.865749296342983E-8
236.867682304	-5.7473582E-5	1.520025563195304E-7
236.869648384	-3.8470745E-5	2.809760815125628E-7
236.871614464	-2.355475E-5	4.968180746800499E-7
236.873596928	-5.8256825E-5	8.402848266086949E-7
236.875563008	7.5341804E-6	1.3594304846265004E-6
236.877545472	1.283581E-4	2.103721726598451E-6
236.879511552	1.5627676E-4	3.113964567091898E-6
236.881477632	1.0483126E-5	4.408941094879992E-6
236.883460096	7.85668E-6	5.971060090814717E-6
236.885426176	4.6549045E-5	7.735166036582086E-6
236.88740864	9.9038516E-5	9.5850155048538E-6
236.88937472	1.3776879E-4	1.136138234869577E-5
236.8913408	3.91589E-5	1.2882360351795796E-5
236.893323264	7.497452E-5	1.397313826601021E-5
236.895289344	8.936622E-5	1.4498898053716403E-5
236.897271808	5.702229E-5	1.4392039702215698E-5
236.899237888	-7.0664255E-6	1.3666431186720729E-5
236.901203968	5.237831E-5	1.2414465345500503E-5
236.903186432	4.2785177E-5	1.0787805877043866E-5
236.905152512	2.97426E-5	8.967254871095065E-6
236.907134976	3.178042E-8	7.130135600164067E-6
236.909101056	-7.950155E-5	5.423010406957474E-6
236.911067136	-7.9256526E-5	3.945306161767803E-6
236.9130496	-4.600652E-5	2.745475057963631E-6
236.91501568	-3.8635022E-5	1.8274630519954371E-6
236.916998144	-1.4746766E-5	1.1635311238933355E-6
236.918964224	-6.353601E-5	7.086070468176331E-7
236.920930304	1.2367664E-6	4.127957708988106E-7
236.922912768	3.940052E-5	2.3002289140094945E-7
236.924878848	4.7938054E-5	1.2260618120762956E-7
236.926861312	5.538034E-5	6.25120435415738E-8
236.928827392	1.6601056E-5	3.048757335477603E-8
236.930793472	1.8713899E-6	1.4223090261111793E-8
236.932775936	2.4597493E-5	6.347070424794765E-9
236.934742016	-1.4302941E-6	0.0
236.93672448	-3.9954766E-6	0.0
236.93869056	-1.16361925E-5	0.0
236.94065664	-1.6694803E-5	0.0
236.942639104	2.6540858E-5	0.0
236.944605184	2.0265199E-5	0.0
236.946587648	-7.028567E-5	0.0
236.948553728	-2.6677184E-5	0.0
236.950519808	6.6307606E-5	0.0
236.952502272	1.3150093E-4	0.0
236.954468352	6.6709006E-5	0.0
236.956450816	-7.800701E-6	0.0
236.958416896	2.087504E-5	0.0
236.960382976	4.667075E-6	0.0
236.96236544	2.04351E-6	0.0
236.96433152	2.1394835E-5	0.0
236.966313984	5.931138E-5	0.0
236.968280064	7.483683E-5	0.0
236.970246144	2.9758723E-5	0.0
236.972228608	2.8589477E-5	0.0
236.974194688	5.922695E-5	0.0
236.976177152	-3.519417E-5	0.0
236.978143232	-8.147094E-5	0.0
236.980109312	2.3293627E-5	0.0
236.982091776	7.006877E-5	0.0
236.984057856	2.768592E-5	0.0
236.98604032	3.795624E-5	0.0
236.9880064	2.4402389E-6	0.0
236.98997248	-3.3876328E-5	0.0
236.991954944	-4.745366E-6	0.0
236.993921024	-1.7413857E-5	0.0
236.995903488	-4.273894E-5	0.0
236.997869568	1.3079188E-5	0.0
236.999852032	1.6672477E-5	0.0
237.001818112	-1.3061917E-4	0.0
237.003784192	-1.0836526E-4	0.0
237.005766656	-4.9938993E-5	0.0
237.007732736	-4.7984513E-6	0.0
237.0097152	2.8195192E-5	0.0
237.01168128	3.5009958E-5	0.0
237.01364736	8.71268E-5	0.0
237.015629824	-1.6413951E-5	0.0
237.017595904	-5.9185413E-6	0.0
237.019578368	2.5204483E-5	0.0
237.021544448	3.0288194E-5	0.0
237.023510528	5.6310513E-5	0.0
237.025492992	5.6393008E-5	0.0
237.027459072	-2.4309616E-5	0.0
237.029441536	4.4796354E-5	0.0
237.031407616	1.5353486E-4	0.0
237.033373696	1.6490788E-4	0.0
237.03535616	9.9815035E-5	0.0
237.03732224	6.3192696E-5	0.0
237.039304704	5.47363E-5	0.0
237.041270784	4.6970395E-5	0.0
237.043236864	2.7330183E-5	0.0
237.045219328	-3.1007185E-5	6.338114477699719E-9
237.047185408	-4.8247122E-5	1.4195418174267616E-8
237.049167872	7.754975E-5	3.041453311425357E-8
237.051133952	1.4889428E-4	9.117768939859161E-8
237.053100032	7.2277006E-5	1.8825653569365386E-7
237.055082496	2.8344422E-5	3.738740872449853E-7
237.057048576	5.9924845E-5	7.143468110371032E-7
237.05903104	1.388337E-5	1.3133131915310514E-6
237.06099712	-7.392956E-6	2.323497483303072E-6
237.0629632	3.84843E-5	3.955785359721631E-6
237.064945664	7.811429E-5	6.480505362560507E-6
237.066911744	2.1233705E-4	1.0214169378741644E-5
237.068894208	1.1782198E-4	1.54855315486202E-5
237.070860288	9.631958E-5	2.2576698029297404E-5
237.072826368	1.453797E-4	3.164291774737649E-5
237.074808832	6.20838E-5	4.2622552427928895E-5
237.076774912	1.731685E-4	5.515995871974155E-5
237.078757376	1.2247408E-4	6.8566674599424E-5
237.080723456	1.3278109E-4	8.184778562281281E-5
237.082689536	1.4771182E-4	9.380352275911719E-5
237.084672	9.121577E-5	1.0319839202566072E-4
237.08663808	1.167587E-4	1.0896503226831555E-4
237.088620544	2.1690065E-4	1.1040014214813709E-4
237.090586624	6.869176E-5	1.0730224312283099E-4
237.092552704	5.2577438E-5	1.000165575533174E-4
237.094535168	6.529984E-5	8.937337406678125E-5
237.096501248	7.1565955E-5	7.653483044123277E-5
237.098483712	2.6017236E-5	6.278679938986897E-5
237.100449792	2.783317E-5	4.932824958814308E-5
237.102415872	7.229885E-5	3.710419332492165E-5
237.104398336	3.1988884E-6	2.6715477360994555E-5
237.106364416	-6.776127E-5	1.84098826139234E-5
237.10834688	-6.034821E-5	1.2140997569076717E-5
237.11031296	-1.6066451E-5	7.662378266104497E-6
237.11227904	-5.056869E-5	4.628300303011201E-6
237.114261504	3.6261117E-5	2.676662006706465E-6
237.116227584	1.3593411E-4	1.4840364883639268E-6
237.118210048	5.8305566E-5	7.921255473775091E-7
237.120176128	-3.3073748E-6	4.1246022419727524E-7
237.122142208	8.474161E-5	2.1624971680012095E-7
237.124124672	4.3295222E-5	1.273921128586153E-7
237.126090752	3.4083627E-5	9.544719148379954E-8
237.128073216	1.3044037E-6	7.74085222587928E-8
237.130039296	7.305121E-5	1.0185935650497413E-7
237.132005376	1.6575599E-4	1.2822206940654723E-7
237.13398784	1.0298677E-4	1.5441045775332896E-7
237.13595392	3.686655E-5	1.7788593709155975E-7
237.137936384	2.3676736E-5	1.9604586043442396E-7
237.139902464	1.9738944E-5	2.0669251910021558E-7
237.141868544	3.388102E-5	2.0846999859713833E-7
237.143851008	5.5559343E-5	2.011471025298306E-7
237.145817088	6.494652E-5	1.8566723269941576E-7
237.147799552	1.0219364E-6	1.6394879764902726E-7
237.149765632	-1.0292498E-5	1.3849432889401214E-7
237.151731712	-1.1719269E-5	1.1191988136260989E-7
237.153714176	-2.2948154E-5	8.652322236457621E-8
237.155680256	1.7659635E-5	6.398964558229636E-8
237.15766272	1.1296738E-4	4.527271713072878E-8
237.1596288	8.514113E-5	3.064185349899162E-8
237.16159488	8.725679E-5	1.984006559041518E-8
237.163577344	5.3997835E-5	1.2289191886338813E-8
237.165543424	-7.0622054E-6	7.282032754574175E-9
237.167525888	-3.2867458E-5	4.127951314103484E-9
237.169491968	-6.74961E-5	2.2385444609085425E-9
237.171458048	-8.3114166E-5	1.1613128236831471E-9
237.173440512	-3.8566977E-5	5.76347081171491E-10
237.175406592	-3.8303384E-5	2.736323390095663E-10
237.177389056	-4.4074455E-5	1.2428086337834543E-10
237.179355136	7.7539784E-7	5.3999492377609926E-11
237.181321216	1.4260512E-5	0.0
237.18330368	1.4141434E-5	0.0
237.18526976	1.8479272E-5	0.0
237.187252224	3.412951E-5	0.0
237.189218304	5.0810617E-5	0.0
237.191184384	7.819246E-5	0.0
237.193166848	6.980135E-5	0.0
237.195132928	-1.3979196E-5	0.0
237.197115392	-7.9263526E-5	0.0
237.199081472	-6.816152E-5	0.0
237.201047552	5.3710246E-5	0.0
237.203030016	6.217137E-5	0.0
237.204996096	-2.9695891E-5	0.0
237.20697856	-1.2914647E-4	0.0
237.20894464	-7.0730086E-5	0.0
237.21091072	5.0160947E-5	0.0
237.212893184	3.7935082E-5	0.0
237.214859264	-1.0744437E-5	0.0
237.216841728	-5.4417775E-5	0.0
237.218807808	-3.71763E-5	0.0
237.220773888	3.4703253E-6	0.0
237.222756352	-3.3205382E-5	0.0
237.224722432	-5.4781885E-5	0.0
237.226704896	-1.0712764E-4	0.0
237.228670976	-7.234531E-5	1.551404560373726E-10
237.230637056	-7.83869E-7	3.4847114083191855E-10
237.23261952	4.2349E-5	7.488310527214992E-10
237.2345856	-1.201421E-4	1.5394728825057769E-9
237.236568064	-6.1256505E-5	3.0278282103779475E-9
237.238534144	3.424748E-5	5.6971991568843805E-9
237.240500224	1.5441161E-4	1.0255645221945997E-8
237.242482688	9.0806105E-5	1.7661802687030104E-8
237.244448768	-8.790152E-5	2.9098996989773696E-8
237.246431232	-8.775412E-5	4.586609492207572E-8
237.248397312	-6.7388304E-5	6.916339856388731E-8
237.250363392	-6.249389E-5	9.977723891552159E-8
237.252345856	-2.878708E-5	1.377069054342428E-7
237.254311936	-1.00657395E-4	1.8182456074100628E-7
237.2562944	-2.042846E-5	2.2967844870436238E-7
237.25826048	-2.718701E-5	2.7756138365475636E-7
237.26022656	-1.4028061E-4	3.208995451586816E-7
237.262209024	-1.3831669E-5	3.5493656014295993E-7
237.264175104	2.9286251E-5	3.7558157828243566E-7
237.266157568	-3.7398146E-5	3.8021539694454987E-7
237.268123648	-4.6570633E-5	3.6823692539655895E-7
237.270089728	-3.6679165E-5	3.4119040037694504E-7
237.272072192	-1.6854918E-5	3.024391332928644E-7
237.274038272	5.0380782E-5	2.5647833012953924E-7
237.276020736	9.031409E-5	2.0808201384170388E-7
237.277986816	1.01464524E-4	1.615062927839972E-7
237.279952896	4.236003E-5	1.199267103402235E-7
237.28193536	1.1292689E-4	8.519465666267934E-8
237.28390144	9.331944E-5	5.790013091200308E-8
237.285883904	-1.2814141E-5	3.764587575005862E-8
237.287849984	-7.769859E-7	2.341671034855608E-8
237.289816064	7.5054995E-5	1.3934946530014258E-8
237.291798528	1.1413083E-4	7.933356194200769E-9
237.293764608	4.554655E-5	4.5885681920765364E-9
237.295747072	-7.2625495E-5	2.8636182314301095E-9
237.297713152	1.4141858E-4	2.461829851085895E-9
237.299679232	3.3879353E-4	3.3394658149887846E-9
237.301661696	1.9253914E-5	5.860699037185668E-9
237.303627776	-4.604766E-5	1.0868798305807559E-8
237.30561024	-4.782997E-5	1.9729666789203293E-8
237.30757632	-1.7280801E-4	3.460375452846165E-8
237.309558784	-1.6164903E-4	5.8063658769924587E-8
237.311524864	-1.18496806E-4	9.321102112380686E-8
237.313490944	1.11124056E-4	1.431565124221379E-7
237.315473408	6.5417364E-5	2.1034674091424677E-7
237.317439488	5.1452138E-5	2.9569454795819183E-7
237.319421952	9.317849E-5	3.97676302554828E-7
237.321388032	1.934555E-4	5.116787633596687E-7
237.323354112	1.6340766E-4	6.298639618762536E-7
237.325336576	2.660052E-5	7.41786834623781E-7
237.327302656	1.2931922E-4	8.357828846783377E-7
237.32928512	2.0764822E-4	9.009304449136835E-7
237.3312512	1.6725888E-4	9.291225637753087E-7
237.33321728	1.7083476E-4	9.167246162178344E-7
237.335199744	1.3967189E-4	8.653435088490369E-7
237.337165824	2.6805417E-4	7.814875857548031E-7
237.339148288	2.0082491E-4	6.752090371264785E-7
237.341114368	-1.2556732E-5	5.58132398964517E-7
237.343080448	4.354671E-5	4.4138494104117854E-7
237.345062912	2.079832E-4	3.339486625009158E-7
237.347028992	2.2851433E-4	2.417252744635334E-7
237.349011456	2.3603793E-4	1.673963936354994E-7
237.350977536	2.5494167E-4	1.1090470053432E-7
237.352943616	2.0837634E-4	7.029684923054447E-8
237.35492608	1.1217482E-4	4.262866681870037E-8
237.35689216	1.2121366E-5	2.4731479086881336E-8
237.358874624	-5.623757E-5	1.372708080538132E-8
237.360840704	-5.4568394E-5	7.28936289107196E-9
237.362806784	4.8500442E-5	3.703233941720896E-9
237.364789248	4.4555796E-5	1.7999316481720484E-9
237.366755328	-1.5558917E-6	1.027741780568192E-9
237.368737792	5.2520423E-5	8.160392916956027E-10
237.370703872	8.837991E-5	9.872900275098573E-10
237.372669952	9.4204515E-5	2.1018493612245948E-9
237.374652416	6.856659E-5	4.2810679445892674E-9
237.376618496	-3.3428383E-5	8.34250091230615E-9
237.37860096	-8.933705E-5	1.5553718313299214E-8
237.38056704	-5.0989154E-5	2.7743761066290062E-8
237.38253312	1.9358702E-5	4.7346695453143184E-8
237.384515584	6.375756E-5	7.730493933877369E-8
237.386481664	4.1023348E-5	1.2075787481080624E-7
237.388464128	2.8281282E-5	1.8047582273084117E-7
237.390430208	-6.4911155E-6	2.934723966063757E-7
237.392396288	-1.9119327E-5	4.3315159814483195E-7
237.394378752	-2.0249443E-5	6.354925972118508E-7
237.396344832	5.3270094E-5	9.377800438414852E-7
237.398327296	1.0098565E-4	1.4048603134142468E-6
237.400293376	1.3144939E-4	2.143600568160764E-6
237.402259456	9.333198E-5	3.3178696412505815E-6
237.40424192	2.3585117E-5	5.158798558113631E-6
237.406208	-9.756856E-6	7.962449672049843E-6
237.408190464	-4.440709E-5	1.2066057934134733E-5
237.410156544	-1.3963728E-5	1.7795753592508845E-5
237.412122624	3.0460693E-5	2.5386403649463318E-5
237.414105088	-1.3740015E-7	3.488328729872592E-5
237.416071168	-2.094939E-5	4.604888454196043E-5
237.418053632	-2.4627794E-5	5.8305722632212564E-5
237.420019712	3.4237266E-5	7.07443177816458E-5
237.421985792	9.9478246E-5	8.221480675274506E-5
237.423968256	1.9931527E-4	9.149299876298755E-5
237.425934336	1.852778E-4	9.749118908075616E-5
237.4279168	6.3550004E-5	9.946343197952956E-5
237.42988288	5.9862592E-5	9.715374471852556E-5
237.43184896	4.743747E-5	9.084805060410872E-5
237.433831424	2.074908E-5	8.13161677797325E-5
237.435797504	5.1840325E-5	6.965916691115126E-5
237.437779968	7.956276E-5	5.7103319704765454E-5
237.439746048	4.3983688E-5	4.479139170143753E-5
237.441712128	-4.6066678E-5	3.362082497915253E-5
237.443694592	-7.30165E-5	2.4158174710464664E-5
237.445660672	-1.3127728E-6	1.663365947024431E-5
237.447643136	6.757882E-5	1.100015560950851E-5
237.449609216	1.2494914E-5	7.0241731009446084E-6
237.451575296	-3.707595E-5	4.381234248285182E-6
237.45355776	3.6513316E-5	2.732938128247042E-6
237.45552384	1.2222446E-4	1.7765745496944874E-6
237.457506304	3.8158978E-5	1.2685562751357793E-6
237.459472384	-5.1252E-6	1.028220253829204E-6
237.461438464	-2.1699498E-5	9.304227432949119E-7
237.463420928	-2.2170223E-5	8.939595090851071E-7
237.465387008	-3.4275377E-5	8.700964144736645E-7
237.467369472	2.9617162E-5	8.190020253096009E-7
237.469335552	5.2347023E-5	7.673852451262064E-7
237.471301632	8.552967E-5	6.882094112370396E-7
237.473284096	7.195659E-5	5.907527338422369E-7
237.475250176	5.7731857E-5	4.853642394664348E-7
237.47723264	8.7269E-5	3.816851119609055E-7
237.47919872	8.027021E-5	2.8728806000799523E-7
237.4811648	3.8281694E-5	2.069680249405792E-7
237.483147264	2.4775914E-5	1.427122953145954E-7
237.485113344	-2.3169474E-5	9.418693025509128E-8
237.487095808	-8.2593746E-5	5.949629411361457E-8
237.489061888	-1.4120023E-4	3.5971428502534764E-8
237.491027968	1.5616313E-5	2.0815802415086182E-8
237.493010432	1.1913381E-4	1.1529110999219938E-8
237.494976512	1.12633556E-4	6.111700479038973E-9
237.496958976	7.944828E-5	3.1009232959178235E-9
237.498925056	7.0324095E-5	1.5058438940229735E-9
237.500891136	5.853185E-5	6.998882584596799E-10
237.5028736	-9.507265E-5	3.113393987064228E-10
237.50483968	-5.5179094E-5	9.147050478164331E-11
237.506822144	8.5024876E-5	0.0
237.508788224	1.841318E-4	0.0
237.510754304	-8.134056E-6	0.0
237.512736768	-1.0325749E-5	0.0
237.514702848	2.5927102E-5	0.0
237.516685312	-2.1055575E-5	0.0
237.518651392	-6.350231E-5	0.0
237.520617472	-4.4454377E-5	0.0
237.522599936	-1.6702152E-5	0.0
237.524566016	-2.6305717E-5	0.0
237.52654848	2.1325262E-5	0.0
237.52851456	1.4919525E-5	0.0
237.53048064	6.0718172E-5	0.0
237.532463104	3.228779E-5	0.0
237.534429184	6.7417815E-5	0.0
237.536411648	7.330325E-5	0.0
237.538377728	-3.3759527E-5	0.0
237.540343808	-8.347145E-5	0.0
237.542326272	-6.822505E-5	0.0
237.544292352	-1.7259475E-5	0.0
237.546274816	-1.5669853E-5	0.0
237.548240896	-6.989737E-6	0.0
237.550206976	2.8584063E-5	0.0
237.55218944	4.2784304E-5	0.0
237.55415552	5.6982317E-5	0.0
237.556137984	2.0359576E-6	0.0
237.558104064	4.3643013E-5	0.0
237.560070144	4.4077155E-5	0.0
237.562052608	-1.9124573E-6	0.0
237.564018688	-1.1956597E-5	0.0
237.566001152	-3.784695E-5	0.0
237.567967232	9.953611E-6	0.0
237.569933312	-1.5205574E-5	0.0
237.571915776	2.8490756E-5	0.0
237.573881856	8.863422E-5	0.0
237.57586432	8.005634E-5	0.0
237.5778304	6.396674E-5	0.0
237.57979648	2.6061023E-5	0.0
237.581778944	1.9375E-5	0.0
237.583745024	-9.0942785E-6	0.0
237.585727488	-1.4630657E-5	0.0
237.587693568	2.2198348E-5	0.0
237.589659648	1.2379022E-5	0.0
237.591642112	7.6980796E-5	0.0
237.593608192	5.7196565E-5	0.0
237.595590656	-2.9305093E-5	0.0
237.597556736	-1.3169601E-5	0.0
237.599522816	5.1239374E-5	0.0
237.60150528	1.546199E-5	0.0
237.60347136	-2.60557E-5	0.0
237.605453824	-4.6213194E-5	0.0
237.607419904	-4.3797707E-5	0.0
237.609385984	-5.0691606E-6	0.0
237.611368448	3.296719E-5	0.0
237.613334528	4.829133E-5	0.0
237.615316992	6.391606E-5	0.0
237.617283072	1.1897327E-4	0.0
237.619265536	7.43749E-5	0.0
237.621231616	1.7056727E-6	0.0
237.623197696	3.8186452E-5	0.0
237.62518016	1.2566844E-5	0.0
237.62714624	-1.7830842E-5	0.0
237.629128704	1.8654462E-5	0.0
237.631094784	1.8189063E-5	0.0
237.633060864	-3.130939E-5	0.0
237.635043328	2.4558625E-5	0.0
237.637009408	2.8734603E-5	0.0
237.638991872	-7.724799E-5	8.884777913387154E-10
237.640957952	-7.110129E-5	2.02919481218089E-9
237.642924032	1.4804346E-5	4.4343897442900015E-9
237.644906496	5.2660427E-5	9.27227805647135E-9
237.646872576	4.918629E-5	1.8551361335994443E-8
237.64885504	1.2956006E-5	3.5514208462927854E-8
237.65082112	-2.4194656E-5	6.505218408392466E-8
237.6527872	1.7354438E-5	1.1401499477869947E-7
237.654769664	-9.0068215E-6	1.9120432170893764E-7
237.656735744	-2.6640237E-5	3.068093121783022E-7
237.658718208	5.842331E-6	4.7105564249250165E-7
237.660684288	9.389855E-6	6.920103601260053E-7
237.662650368	-4.802239E-5	9.727182259666733E-7
237.664632832	-4.0201157E-5	1.3082660643704003E-6
237.666598912	5.27972E-5	1.6836004306242103E-6
237.668581376	7.1947425E-6	2.0730994947371073E-6
237.670547456	-1.0792642E-4	2.4431778911093716E-6
237.672513536	-9.393425E-5	2.7550963750400115E-6
237.674496	2.6640757E-5	2.9739071578660514E-6
237.67646208	8.20705E-5	3.0735109248780645E-6
237.678444544	2.9153145E-5	3.0435774078796385E-6
237.680410624	3.4061668E-5	2.892071734095225E-6
237.682376704	1.2006149E-4	2.6448281005286844E-6
237.684359168	1.2783981E-4	2.3416589556291E-6
237.686325248	-5.9557075E-5	2.0301863514760043E-6
237.688307712	-2.5878226E-5	1.7588130276635638E-6
237.690273792	7.4146854E-5	1.5702311202403507E-6
237.692239872	1.2435894E-4	1.4962399745854782E-6
237.694222336	3.567165E-5	1.5541695574938785E-6
237.696188416	1.9896825E-6	1.7447927120883833E-6
237.69817088	-1.982198E-5	2.051698857030715E-6
237.70013696	2.0792648E-5	2.4422158730885712E-6
237.70210304	-1.4106002E-5	2.870349590011756E-6
237.704085504	-9.691096E-6	3.2819721127452794E-6
237.706051584	4.5948327E-5	3.6220624224370113E-6
237.708034048	5.3329413E-6	3.843008016701788E-6
237.710000128	-1.2245874E-5	3.912366082658991E-6
237.711966208	-7.860771E-6	3.81821655537351E-6
237.713948672	3.1211777E-5	3.5706682410818757E-6
237.715914752	5.1253606E-5	3.198528929715394E-6
237.717897216	3.4943296E-5	2.7454891551315086E-6
237.719863296	6.6488865E-5	2.2574379272555234E-6
237.721829376	6.7773246E-5	1.778102046046115E-6
237.72381184	2.6972613E-5	1.3417352420219686E-6
237.72577792	-1.445046E-5	9.700480632091057E-7
237.727760384	-6.673458E-5	6.721070917592442E-7
237.729726464	-7.675821E-5	4.4654413500211376E-7
237.731692544	2.9681823E-6	2.849446900654584E-7
237.733675008	4.2886793E-5	1.7537452379201568E-7
237.735641088	-3.7383834E-5	1.0527204352683839E-7
237.737623552	3.1475225E-5	6.334789759421255E-8
237.739589632	2.5414627E-5	4.050206214856189E-8
237.741555712	3.9387E-5	3.086082500658449E-8
237.743538176	-4.366361E-5	2.906012674941394E-8
237.745504256	-1.0498725E-4	3.290727690341555E-8
237.74748672	-1.0450342E-4	4.139979026263063E-8
237.7494528	4.2749278E-5	5.471718722560581E-8
237.75141888	6.2280684E-5	7.563636472696089E-8
237.753401344	3.6134938E-5	1.0807651307231936E-7
237.755367424	9.220444E-5	1.5811019693501294E-7
237.757349888	5.249908E-6	2.3437245033619547E-7
237.759315968	-8.420314E-5	3.4714838648142177E-7
237.761282048	-1.1622776E-5	5.070056090517028E-7
237.763264512	8.375826E-5	7.225447689052089E-7
237.765230592	4.249523E-5	9.974404520107782E-7
237.767213056	3.3363458E-6	1.327419226981874E-6
237.769179136	-1.0068864E-5	1.6979689689833322E-6
237.771145216	6.1680475E-5	2.0838313048443524E-6
237.77312768	5.5250057E-5	2.452097533023334E-6
237.77509376	7.952587E-5	2.763586735454737E-6
237.777076224	-8.213247E-6	2.983360218422604E-6
237.779042304	-2.0235197E-5	3.0855769637128105E-6
237.781008384	-2.2471055E-5	3.0598755529354094E-6
237.782990848	-5.2990472E-5	2.914399146902724E-6
237.784956928	-1.6372012E-5	2.6752586563816294E-6
237.786939392	1.3156669E-6	2.3824434265407035E-6
237.788905472	3.136789E-5	2.083250819850946E-6
237.790871552	-2.1873757E-5	1.8247401385451667E-6
237.792854016	3.553249E-5	1.6466397028125357E-6
237.794820096	9.537036E-5	1.5757650544401258E-6
237.79680256	2.5288622E-5	1.6225416175075225E-6
237.79876864	-5.079619E-5	1.7796671727410285E-6
237.80073472	-8.2644445E-5	2.0231179860275006E-6
237.802717184	-2.3210248E-5	2.315308165634633E-6
237.804683264	4.776151E-5	2.610318460938288E-6
237.806665728	9.206093E-5	2.8607148578885244E-6
237.808631808	3.7912323E-5	3.0249993869801983E-6
237.810597888	-1.3334459E-5	3.074334927077871E-6
237.812580352	-1.5446656E-5	2.9970537980261724E-6
237.814546432	1.9187586E-5	2.7998639779980294E-6
237.816528896	5.5619486E-5	2.505463271518238E-6
237.818494976	7.0129594E-5	2.14666101783223E-6
237.820461056	5.8582402E-5	1.762138026606408E-6
237.82244352	2.0168123E-5	1.3853242535333266E-6
237.8244096	3.3911338E-6	1.0432083854539087E-6
237.826392064	2.2373859E-5	7.526377885369584E-7
237.828358144	2.726224E-5	5.203546606935561E-7
237.830324224	2.2879756E-5	3.4485304922782234E-7
237.832306688	1.4287812E-5	2.191437289411624E-7
237.834272768	9.799011E-6	1.3358220485315542E-7
237.836255232	-1.0598612E-5	7.814102076508789E-8
237.838221312	1.8973367E-5	4.388637719898725E-8
237.840187392	2.33757E-5	2.3677433347302212E-8
237.842169856	6.10575E-6	1.2278571048796039E-8
237.844135936	2.5513042E-5	6.1241056670269245E-9
237.8461184	1.0966031E-5	2.9397082546012143E-9
237.84808448	-9.376047E-6	1.3590080172320995E-9
237.85005056	5.7464364E-5	1.839976226936102E-10
237.852033024	1.18673415E-4	8.991740685360128E-11
237.853999104	8.469653E-5	4.204708109467603E-11
237.855981568	3.6981335E-5	2.7355567810971593E-10
237.857947648	-1.1841811E-5	5.809504544096455E-10
237.859913728	-2.6919008E-5	1.2678124106102473E-9
237.861896192	2.4462845E-5	2.6475206471587853E-9
237.863862272	3.0833064E-5	5.290538229729691E-9
237.865844736	-2.174028E-6	1.0116478321720024E-8
237.867810816	4.7675703E-6	1.851120323692612E-8
237.869776896	3.4606797E-5	3.241222756855677E-8
237.87175936	4.144266E-5	5.4306937613546324E-8
237.87372544	4.668765E-5	8.7071562404617E-8
237.875707904	3.9431383E-5	1.3358777550820378E-7
237.877673984	2.8431094E-5	1.96124048557067E-7
237.879640064	5.2501346E-5	2.755272987542412E-7
237.881622528	2.6453954E-5	3.704006701354956E-7
237.883588608	5.6401637E-5	4.764850132232823E-7
237.885571072	8.828571E-5	5.86542284963798E-7
237.887537152	7.9333244E-5	6.909126568643842E-7
237.889503232	7.9388046E-5	7.787887739141297E-7
237.891485696	6.066324E-5	8.400220394833013E-7
237.893451776	5.0452538E-5	8.670332931615121E-7
237.89543424	-1.6621068E-5	8.563585538468033E-7
237.89740032	1.846034E-5	8.093753649518476E-7
237.8993664	2.2997525E-5	7.320126087506651E-7
237.901348864	6.5864288E-6	6.335205853247317E-7
237.903314944	1.755895E-5	5.246576506579004E-7
237.905297408	1.2338626E-5	4.157809030402859E-7
237.907263488	-1.151028E-4	3.153002978706354E-7
237.909229568	-1.1498831E-4	2.2880006156356103E-7
237.911212032	2.22777E-5	1.5887636095612834E-7
237.913178112	2.5124156E-5	1.0556844642906071E-7
237.915160576	-2.082158E-5	6.712442512935013E-8
237.917126656	6.32243E-5	4.084122906533594E-8
237.919092736	1.5256977E-4	2.3778840230193055E-8
237.9210752	1.2133735E-5	1.3248095953599659E-8
237.92304128	-3.8643993E-5	7.062983087280372E-9
237.925023744	1.0996445E-5	3.603257248130376E-9
237.926989824	1.2529795E-5	9.408688050882574E-9
237.928972288	1.5192221E-4	1.8067016327449892E-8
237.930938368	4.5092485E-5	3.7570728750324633E-8
237.932904448	-4.434723E-5	7.680349511929307E-8
237.934886912	-6.719948E-5	1.5172523148976325E-7
237.936852992	-1.5016661E-5	2.8682387664957787E-7
237.938835456	-5.377909E-5	5.188651357457275E-7
237.940801536	-3.3759912E-5	8.981851919998007E-7
237.942767616	-6.96684E-5	1.487818849454925E-6
237.94475008	-7.025102E-5	2.3583313577546505E-6
237.94671616	-3.074504E-5	3.577022880563163E-6
237.948698624	4.6305504E-5	5.191594937059563E-6
237.950664704	7.036656E-5	7.210126568679698E-6
237.952630784	3.6851692E-5	9.581812264514156E-6
237.954613248	4.5344306E-5	1.2184938896098174E-5
237.956579328	3.4134762E-5	1.4827972336206585E-5
237.958561792	6.896036E-5	1.726769005472306E-5
237.960527872	3.8653176E-5	1.9244047507527284E-5
237.962493952	6.751974E-5	2.0524912542896345E-5
237.964476416	-7.506199E-6	2.095066156471148E-5
237.966442496	-1.8821536E-5	2.0466733985813335E-5
237.96842496	1.319035E-5	1.9142968085361645E-5
237.97039104	7.762134E-5	1.7138927432824858E-5
237.97235712	7.535357E-5	1.4698571249027736E-5
237.974339584	1.1047807E-4	1.2091603821318131E-5
237.976305664	1.5372607E-4	9.574615432939027E-6
237.978288128	8.778444E-5	7.36001811674214E-6
237.980254208	8.348742E-5	5.6016838243522216E-6
237.982220288	-5.511965E-5	4.396234999148874E-6
237.984202752	-1.0557312E-4	3.7948268527543405E-6
237.986168832	-6.487079E-5	3.817128344962839E-6
237.988151296	4.9715067E-7	4.460246145754354E-6
237.990117376	-1.1042875E-6	5.6985286391864065E-6
237.992083456	-3.621375E-5	7.474221547454363E-6
237.99406592	5.595545E-6	9.68384847510606E-6
237.996032	6.385753E-5	1.2167723070888314E-5
237.998014464	1.07320506E-4	1.471016639698064E-5
237.999980544	1.5948202E-4	1.7055923308362253E-5
238.001946624	1.1409882E-4	1.894207889563404E-5
238.003929088	3.6318976E-5	2.0136962120886892E-5
238.005895168	9.12816E-5	2.049571594398003E-5
238.007877632	1.0481563E-4	1.996513492485974E-5
238.009843712	2.2812541E-5	1.8613043721416034E-5
238.011809792	4.4800312E-5	1.6613712432445027E-5
238.013792256	1.0267964E-4	1.4195330550137442E-5
238.015758336	4.2226447E-6	1.1620019904512446E-5
238.0177408	-4.188239E-5	9.129207683145069E-6
238.01970688	8.22675E-6	6.916497568454361E-6
238.02167296	1.9247365E-5	5.1148708735127E-6
238.023655424	6.834626E-5	3.8001448956492823E-6
238.025621504	7.505932E-5	3.00597866953467E-6
238.027603968	4.2691492E-5	2.7425721782492474E-6
238.029570048	3.871636E-5	3.0114297260297462E-6
238.031536128	5.033259E-6	3.810979706031503E-6
238.033518592	-5.191168E-5	5.130832505528815E-6
238.035484672	1.1156967E-5	6.937008492968744E-6
238.037467136	3.6576326E-5	9.153211976808961E-6
238.039433216	-5.7696423E-5	1.1646004168142099E-5
238.041399296	-3.334927E-5	1.4221224773791619E-5
238.04338176	1.02081176E-4	1.663727562117856E-5
238.04534784	1.4556407E-4	1.8632154024089687E-5
238.047330304	NaN	1.99780424736673E-5
238.049296384	NaN	2.0501523977145553E-5
238.051262464	NaN	2.0135681552346796E-5
238.053244928	NaN	1.8927399651147425E-5
238.055211008	NaN	1.702751796983648E-5
238.057193472	NaN	1.4660050510428846E-5
238.059159552	NaN	1.2078930012648925E-5
238.061125632	NaN	9.523972039460205E-6
238.063108096	NaN	7.186084530985681E-6
238.065074176	NaN	5.1885513130400795E-6
238.06705664	NaN	3.584878641049727E-6
238.06902272	NaN	2.370171387156006E-6
238.0709888	NaN	1.4995555375207914E-6
238.072971264	NaN	9.078800076167681E-7
238.074937344	NaN	5.259937552182237E-7
238.076919808	NaN	2.916220580573281E-7
238.078885888	NaN	1.5472257075543894E-7
238.080851968	NaN	7.855611983131894E-8
