220.033335296	-1.6041679E-4	1.159795829153154E-6
220.0313856	-2.1493758E-4	5.128911766405508E-7
220.029435904	-3.2436752E-4	2.157373870659285E-7
220.027469824	1.5277535E-4	0.0
220.025520128	-9.636527E-7	0.0
220.023570432	2.5956755E-4	0.0
220.021604352	1.9802578E-6	0.0
220.019654656	1.2244597E-5	0.0
220.01770496	9.7865275E-5	0.0
220.01573888	2.260248E-4	0.0
220.013789184	1.0459245E-4	0.0
220.011839488	-8.0314894E-5	0.0
220.009889792	2.8212907E-4	0.0
220.007923712	-2.3988352E-4	0.0
220.005974016	-3.4582286E-4	0.0
220.00402432	7.037054E-5	0.0
220.00205824	4.5111825E-4	0.0
220.000108544	3.6936652E-4	0.0
219.998158848	3.7286294E-4	0.0
219.996192768	-8.336963E-5	0.0
219.994243072	-1.9664687E-4	0.0
219.992293376	-2.3582319E-4	0.0
219.99034368	-8.7188986E-5	0.0
219.9883776	2.4312784E-4	0.0
219.986427904	4.983785E-4	3.4270316619233743E-12
219.984478208	5.425895E-4	1.0534095297443091E-11
219.982512128	2.4881985E-4	2.961996273254108E-11
219.980562432	3.0440072E-4	7.618686237442773E-11
219.978612736	2.114964E-4	1.7926007900292973E-10
219.976646656	7.1031776E-5	3.85829646010194E-10
219.97469696	-4.067781E-5	7.620778452732679E-10
219.972747264	-1.2679721E-4	1.3755147021399239E-9
219.970797568	4.823742E-5	2.2744299776888965E-9
219.968831488	-1.077328E-4	3.4485805322503893E-9
219.966881792	1.7038293E-4	4.8024508814137334E-9
219.964932096	2.5278635E-4	6.158351162355302E-9
219.962966016	4.7237013E-6	7.301750759580727E-9
219.96101632	-8.4411084E-5	8.055108580151682E-9
219.959066624	2.2305993E-4	8.342637691782784E-9
219.957100544	-2.7976066E-4	8.207329926790408E-9
219.955150848	3.7083435E-5	7.769559218218092E-9
219.953201152	2.0791523E-4	7.155430914451699E-9
219.951251456	-1.8713527E-4	6.441896793774049E-9
219.949285376	-1.9228991E-4	5.649877454771968E-9
219.94733568	-2.6356473E-4	4.778645923408931E-9
219.945385984	-1.1201921E-4	3.8477994124264114E-9
219.943419904	-5.957807E-5	2.914189778380205E-9
219.941470208	3.4357214E-4	2.056336656508506E-9
219.939520512	-8.282248E-5	1.3428596012943217E-9
219.937554432	1.1875554E-4	8.079786284476143E-10
219.935604736	-1.8639766E-4	4.466637337774415E-10
219.93365504	2.4048265E-4	2.2515109221465934E-10
219.931705344	1.47783E-4	1.0484182966230549E-10
219.929739264	-5.05547E-4	4.465797523445225E-11
219.927789568	-2.320681E-4	1.74007405706611E-11
219.925839872	2.2921365E-4	6.202133858573822E-12
219.923873792	1.9474074E-4	2.02217322747833E-12
219.921924096	3.3038462E-4	0.0
219.9199744	2.9202816E-5	0.0
219.91800832	-8.640435E-5	0.0
219.916058624	-1.11145164E-4	0.0
219.914108928	5.1842775E-4	0.0
219.912159232	-1.2804681E-4	0.0
219.910193152	-1.9592603E-4	0.0
219.908243456	-4.6952427E-4	0.0
219.90629376	-7.206322E-4	0.0
219.90432768	-8.007904E-5	0.0
219.902377984	3.2992408E-4	0.0
219.900428288	2.529328E-4	0.0
219.898462208	-4.0536126E-4	0.0
219.896512512	1.8305707E-4	0.0
219.894562816	9.566363E-5	0.0
219.892596736	3.9024538E-4	0.0
219.89064704	1.432896E-4	0.0
219.888697344	4.1038918E-4	0.0
219.886747648	4.137438E-4	0.0
219.884781568	7.0269954E-5	0.0
219.882831872	-2.6293492E-4	0.0
219.880882176	-2.3457638E-4	0.0
219.878916096	-9.487775E-5	0.0
219.8769664	-2.2286982E-5	0.0
219.875016704	1.0287649E-4	0.0
219.873050624	2.3896623E-4	0.0
219.871100928	8.24626E-5	0.0
219.869151232	-1.3898753E-4	0.0
219.867201536	-3.1945263E-5	0.0
219.865235456	2.1218302E-4	0.0
219.86328576	-1.8162161E-4	0.0
219.861336064	-1.8140857E-4	0.0
219.859369984	3.0235064E-4	0.0
219.857420288	6.29857E-4	0.0
219.855470592	2.941834E-4	0.0
219.853504512	3.3519164E-4	0.0
219.851554816	5.9017246E-5	0.0
219.84960512	3.5944195E-5	0.0
219.847655424	-3.4117742E-4	0.0
219.845689344	9.540735E-6	0.0
219.843739648	1.0803841E-5	0.0
219.841789952	1.4330527E-5	0.0
219.839823872	1.7219954E-5	0.0
219.837874176	-3.035014E-5	0.0
219.83592448	1.3262013E-4	0.0
219.8339584	2.86405E-4	0.0
219.832008704	-1.4523647E-4	0.0
219.830059008	-3.5180498E-4	7.56530553758239E-8
219.828109312	-2.0182426E-5	1.9028243514185306E-7
219.826143232	-1.5184071E-4	4.5372686940936546E-7
219.824193536	-9.648382E-5	1.025677306643047E-6
219.82224384	-2.8543008E-4	2.198070887970971E-6
219.82027776	2.765104E-4	4.465576694201445E-6
219.818328064	4.4340068E-5	8.600027285865508E-6
219.816378368	-2.4473012E-4	1.569955566083081E-5
219.814412288	1.9622062E-4	2.7165029678144492E-5
219.812462592	2.5360755E-4	4.4548825826495886E-5
219.810512896	2.2180684E-4	6.923662294866517E-5
219.8085632	1.9316518E-4	1.0197469964623451E-4
219.80659712	2.903545E-4	1.423356297891587E-4
219.804647424	3.154206E-4	1.8829583132173866E-4
219.802697728	3.189552E-4	2.3613027587998658E-4
219.800731648	3.3113317E-4	2.8077131719328463E-4
219.798781952	2.0324E-4	3.1663893605582416E-4
219.796832256	-1.9188083E-4	3.387618053238839E-4
219.794866176	1.7689916E-4	3.438857092987746E-4
219.79291648	5.834385E-4	3.312381450086832E-4
219.790966784	4.843036E-4	3.027134225703776E-4
219.789017088	1.13759925E-4	2.624209155328572E-4
219.787051008	2.0826262E-4	2.1573684352915734E-4
219.785101312	3.1211207E-4	1.6814825357869267E-4
219.783151616	-1.6854277E-6	1.2422424333635718E-4
219.781185536	-3.1764523E-4	8.69769137352705E-5
219.77923584	-2.2452531E-4	5.771110954810865E-5
219.777286144	-2.3130325E-4	3.6289129639044404E-5
219.775320064	-1.8800117E-4	2.162614146072883E-5
219.773370368	1.5646199E-4	1.2215135939186439E-5
219.771420672	3.1151323E-4	6.780038347642403E-6
219.769454592	4.423226E-4	3.902254775312031E-6
219.767504896	4.647144E-4	3.0392041026061634E-6
219.7655552	3.0122584E-4	3.966422809753567E-6
219.763605504	2.4213319E-4	7.145124982343987E-6
219.761639424	1.4060226E-4	1.384092047373997E-5
219.759689728	1.7467703E-4	2.6198202249361202E-5
219.757740032	2.9757785E-4	4.7637349780416116E-5
219.755773952	7.9497964E-5	8.243295451393351E-5
219.753824256	5.101411E-4	1.3573850446846336E-4
219.75187456	4.8299742E-4	2.1268139244057238E-4
219.74990848	6.679148E-4	3.1708215828984976E-4
219.747958784	6.8496313E-4	4.4983584666624665E-4
219.746009088	4.4876247E-4	6.073527038097382E-4
219.744059392	6.8039825E-4	7.806294597685337E-4
219.742093312	3.4312884E-4	9.554745629429817E-4
219.740143616	6.475242E-4	0.001114135142415762
219.73819392	0.0011528472	0.001238135970197618
219.73622784	8.4997626E-4	0.0013120223302394152
219.734278144	8.8271225E-4	0.001325736055150628
219.732328448	0.0014977725	0.001277779694646597
219.730362368	0.0012299984	0.0011751926504075527
219.728412672	0.0010982312	0.001032473286613822
219.726462976	7.0853607E-4	8.689515525475144E-4
219.72451328	6.829694E-4	7.054626476019621E-4
219.7225472	3.3420863E-4	5.611288943327963E-4
219.720597504	4.4614266E-4	4.509757272899151E-4
219.718647808	5.455949E-4	3.846207691822201E-4
219.716681728	9.958092E-4	3.659335197880864E-4
219.714732032	9.051902E-4	3.932543913833797E-4
219.712782336	0.0011015823	4.5987407793290913E-4
219.710816256	9.906697E-4	5.54678204935044E-4
219.70886656	9.3924004E-4	6.631484138779342E-4
219.706916864	9.594984E-4	7.689040503464639E-4
219.704967168	9.74055E-4	8.560043061152101E-4
219.703001088	8.2632835E-4	9.108199737966061E-4
219.701051392	5.3114473E-4	9.248671703971922E-4
219.699101696	7.9197186E-4	8.95752280484885E-4
219.697135616	8.3958666E-4	8.283671922981739E-4
219.69518592	6.714629E-4	7.327018538489938E-4
219.693236224	9.545463E-4	6.232594605535269E-4
219.691270144	6.5985956E-4	5.160144064575434E-4
219.689320448	5.3549424E-4	4.261618887539953E-4
219.687370752	5.306565E-4	3.661068039946258E-4
219.685421056	5.146617E-4	3.438330895733088E-4
219.683454976	3.2303904E-4	3.624834353104234E-4
219.68150528	7.1179616E-4	4.199718532618135E-4
219.679555584	4.827271E-4	5.092269857414067E-4
219.677589504	5.526138E-4	6.188997649587691E-4
219.675639808	4.1709727E-4	7.346981437876821E-4
219.673690112	8.5727224E-4	8.413625182583928E-4
219.671724032	7.826044E-4	9.250345174223185E-4
219.669774336	9.937373E-4	9.755224455147982E-4
219.66782464	7.131999E-4	9.87896346487105E-4
219.665874944	9.042889E-4	9.629846317693591E-4
219.663908864	9.830224E-4	9.06547880731523E-4
219.661959168	7.660415E-4	8.27925163321197E-4
219.660009472	4.848305E-4	7.370284292846918E-4
219.658043392	6.4869603E-4	6.428120541386306E-4
219.656093696	5.727036E-4	5.516568198800087E-4
219.654144	3.512297E-4	4.67006117105484E-4
219.65217792	5.0936086E-4	3.8992916233837605E-4
219.650228224	2.7961333E-4	3.201923391316086E-4
219.648278528	-6.281022E-5	2.5730347260832787E-4
219.646328832	4.2068402E-4	2.0114233484491706E-4
219.644362752	3.4693212E-4	1.5205821546260267E-4
219.642413056	3.3536975E-4	1.1058629024773836E-4
219.64046336	9.421007E-5	7.704752351855859E-5
219.63849728	8.717858E-5	5.126302858116105E-5
219.636547584	-5.2666957E-5	3.2497035135747865E-5
219.634597888	7.889167E-5	1.9596747733885422E-5
219.632631808	3.1458014E-5	1.1079469913966022E-5
219.630682112	3.1349112E-4	6.052620847185608E-6
219.628732416	2.7204145E-4	3.13413625008252E-6
219.626766336	4.3742222E-4	1.538383799015719E-6
219.62481664	5.0581555E-4	7.158013772823324E-7
219.622866944	4.54566E-4	3.1572307079841266E-7
219.620917248	4.1385044E-4	1.3201166382259544E-7
219.618951168	5.833973E-4	5.232575261970851E-8
219.617001472	5.4664124E-4	0.0
219.615051776	2.865124E-5	0.0
219.613085696	3.574775E-4	0.0
219.611136	-5.9154318E-5	0.0
219.609186304	3.328936E-4	0.0
219.607220224	4.574815E-4	0.0
219.605270528	1.555756E-4	0.0
219.603320832	-1.8371615E-4	0.0
219.601371136	-1.9315604E-4	0.0
219.599405056	-3.2079543E-4	0.0
219.59745536	-3.6612942E-4	0.0
219.595505664	-1.6966087E-4	0.0
219.593539584	-1.5099926E-4	4.162092182014021E-7
219.591589888	3.2247047E-4	9.506065907771699E-7
219.589640192	-3.2796725E-5	2.0724712612718577E-6
219.587674112	5.5242595E-5	4.312797955208225E-6
219.585724416	2.4994652E-4	8.566211363358889E-6
219.58377472	-2.0957363E-4	1.6238023818004876E-5
219.581825024	1.5624599E-5	2.937211684184149E-5
219.579858944	-5.2469284E-5	5.0689388444880024E-5
219.577909248	1.0443389E-4	8.348061237484217E-5
219.575959552	5.819728E-4	1.3108289567753673E-4
219.573993472	3.25362E-4	1.9627422443591058E-4
219.572043776	1.8605942E-4	2.80237291008234E-4
219.57009408	5.4715254E-4	3.815997624769807E-4
219.568128	6.2618713E-4	4.957992932759225E-4
219.566178304	4.5553528E-4	6.151066045276821E-4
219.564228608	5.712603E-4	7.294919923879206E-4
219.562278912	7.0742756E-4	8.280526380985975E-4
219.560312832	7.6099584E-4	9.009374189190567E-4
219.558363136	9.209202E-4	9.409489575773478E-4
219.55641344	0.0010308367	9.447065531276166E-4
219.55444736	9.2031603E-4	9.131013648584485E-4
219.552497664	0.0010601671	8.510345942340791E-4
219.550547968	8.7854575E-4	7.665125303901732E-4
219.548581888	7.0131366E-4	6.693968898616731E-4
219.546632192	5.242457E-4	5.695184227079153E-4
219.544682496	6.0591154E-4	4.756028647534549E-4
219.5427328	2.811449E-4	3.940678434446454E-4
219.54076672	3.350126E-4	3.286783176008612E-4
219.538817024	-5.0124912E-5	2.807644195854664E-4
219.536867328	-1.0852163E-4	2.498324611224234E-4
219.534901248	1.7059201E-4	2.3433874594047666E-4
219.532951552	-1.1469793E-4	2.3241835879161954E-4
219.531001856	2.3286124E-5	2.4241223582066596E-4
219.529035776	4.6377376E-4	2.631660318002105E-4
219.52708608	3.486879E-4	2.9371556593105197E-4
219.525136384	1.5830321E-4	3.330541658215225E-4
219.523186688	3.813729E-4	3.795662778429687E-4
219.521220608	4.884045E-4	4.2992690578103065E-4
219.519270912	6.8423204E-4	4.7955833724699914E-4
219.517321216	5.0561695E-4	5.232627736404538E-4
219.515355136	5.0744327E-4	5.554952658712864E-4
219.51340544	8.518394E-4	5.724966758862138E-4
219.511455744	7.3064334E-4	5.734006408601999E-4
219.509489664	9.306221E-5	5.608583451248705E-4
219.507539968	1.8881031E-4	5.407751887105405E-4
219.505590272	2.0132193E-4	5.211240495555103E-4
219.503624192	7.703936E-4	5.099322879686952E-4
219.501674496	8.635489E-4	5.132530350238085E-4
219.4997248	1.8199443E-4	5.334794986993074E-4
219.497775104	5.003445E-4	5.686201620846987E-4
219.495809024	5.4856675E-4	6.127115339040756E-4
219.493859328	3.614654E-4	6.572013371624053E-4
219.491909632	5.7113875E-4	6.928658112883568E-4
219.489943552	8.459194E-4	7.118294597603381E-4
219.487993856	4.6742943E-4	7.088964921422303E-4
219.48604416	4.2709315E-4	6.824228912591934E-4
219.48407808	4.050697E-4	6.3421850791201E-4
219.482128384	2.2649558E-4	5.688349483534694E-4
219.480178688	7.192477E-4	4.924472304992378E-4
219.478228992	2.3162438E-4	4.116416384931654E-4
219.476262912	-7.8966106E-5	3.322976117487997E-4
219.474313216	7.959808E-5	2.5926498346962035E-4
219.47236352	5.7885223E-5	1.954261533683166E-4
219.47039744	3.1560616E-4	1.4226861821953207E-4
219.468447744	7.0634164E-6	9.996152948588133E-5
219.466498048	-1.15122144E-4	6.786714220652357E-5
219.464531968	-4.0207614E-4	4.4536554923979566E-5
219.462582272	-4.820027E-6	2.8535529054352082E-5
219.460632576	-3.566543E-5	1.8483180610928684E-5
219.45868288	-6.347006E-5	1.3329847206478007E-5
219.4567168	-3.4719374E-6	1.265294758923119E-5
219.454767104	-1.400781E-4	1.6591842722846195E-5
219.452817408	-3.16654E-5	2.594154648249969E-5
219.450851328	3.3920354E-4	4.249816629453562E-5
219.448901632	8.300137E-5	6.792972999392077E-5
219.446951936	-1.0091778E-5	1.0401454346720129E-4
219.444985856	-7.227013E-5	1.5173038991633803E-4
219.44303616	2.6178503E-4	2.1050359646324068E-4
219.441086464	3.939546E-4	2.778756315819919E-4
219.439136768	4.213229E-4	3.487382491584867E-4
219.437170688	7.8456994E-4	4.164793936070055E-4
219.435220992	4.5853134E-4	4.735240654554218E-4
219.433271296	6.4725504E-4	5.131660727784038E-4
219.431305216	5.288269E-4	5.310229025781155E-4
219.42935552	8.47668E-4	5.26315183378756E-4
219.427405824	9.140722E-4	5.02389797475189E-4
219.425439744	4.6895098E-4	4.663257277570665E-4
219.423490048	7.015076E-4	4.2764979298226535E-4
219.421540352	4.7331935E-4	3.9640796603634953E-4
219.419590656	2.5102173E-4	3.8103555561974645E-4
219.417624576	3.170681E-4	3.865133039653301E-4
219.41567488	6.6161837E-4	4.132647009100765E-4
219.413725184	4.890385E-4	4.570732999127358E-4
219.411759104	3.5986982E-4	5.100146518088877E-4
219.409809408	6.9437065E-4	5.621753516606987E-4
219.407859712	9.0144604E-4	6.03716354817152E-4
219.405893632	7.413547E-4	6.268037250265479E-4
219.403943936	8.456789E-4	6.269719451665878E-4
219.40199424	8.8582217E-4	6.036653649061918E-4
219.400044544	3.765817E-4	5.599063006229699E-4
219.398078464	2.9198852E-4	5.012527108192444E-4
219.396128768	2.7421143E-4	4.343830223660916E-4
219.394179072	4.180712E-4	3.6563497269526124E-4
219.392212992	4.369426E-4	3.0026238528080285E-4
219.390263296	3.9041418E-4	2.4143897462636232E-4
219.3883136	1.1136503E-4	1.9073369912803173E-4
219.38634752	4.735895E-5	1.4836108312010765E-4
219.384397824	7.616709E-5	1.1371092114131898E-4
219.382448128	-3.885847E-5	8.581113070249557E-5
219.380482048	3.7670837E-4	6.363564898492768E-5
219.378532352	4.7230677E-4	4.625156361726113E-5
219.376582656	2.8273792E-4	3.285417551524006E-5
219.37463296	2.4298465E-4	2.2747448383597657E-5
219.37266688	2.7127364E-5	1.5316440112655982E-5
219.370717184	1.9337682E-4	1.0010982805397362E-5
219.368767488	3.8753762E-5	6.2832568801240996E-6
219.366801408	-1.2775787E-4	3.869486135954503E-6
219.364851712	-2.1607007E-4	2.3028483155940194E-6
219.362902016	2.9332054E-4	1.324438471783651E-6
219.360935936	3.482334E-4	7.361289249274705E-7
219.35898624	1.600236E-4	3.9539878571304143E-7
219.357036544	2.1845082E-4	2.05245754614225E-7
219.355086848	2.5851352E-4	1.0296232488826718E-7
219.353120768	2.2206954E-5	4.991672497567379E-8
219.351171072	-2.9010602E-4	0.0
219.349221376	-6.8402983E-6	0.0
219.347255296	-1.3344057E-4	0.0
219.3453056	2.0424512E-4	0.0
219.343355904	-9.21378E-5	0.0
219.341389824	-1.707866E-4	0.0
219.339440128	-5.3161214E-4	0.0
219.337490432	1.8955474E-5	0.0
219.335540736	1.1038225E-4	0.0
219.333574656	1.7652151E-4	0.0
219.33162496	-8.556709E-5	0.0
219.329675264	-2.6435914E-4	0.0
219.327709184	5.4419772E-5	0.0
219.325759488	3.231175E-4	0.0
219.323809792	2.267382E-4	0.0
219.321843712	2.2045153E-4	0.0
219.319894016	1.573333E-5	8.62199627249538E-8
219.31794432	1.6121692E-5	1.6378565703689674E-7
219.315994624	-3.421187E-5	3.0299506192932313E-7
219.314028544	-6.0340823E-5	5.45865475487517E-7
219.312078848	6.6950255E-5	9.576892807672266E-7
219.310129152	2.8061777E-4	1.6362574797312845E-6
219.308163072	3.2133659E-4	2.7224739369557938E-6
219.306213376	1.3000521E-4	4.4112075556768104E-6
219.30426368	3.5540367E-4	6.960302471270552E-6
219.3022976	1.5820659E-4	1.069474637915846E-5
219.300347904	2.3486864E-4	1.6002115444280207E-5
219.298398208	1.0325274E-4	2.331525865884032E-5
219.296448512	-2.4405119E-4	3.307906445115805E-5
219.294482432	6.8333036E-5	4.5699143811361864E-5
219.292532736	5.9532966E-5	6.147511157905683E-5
219.29058304	2.3843886E-4	8.052390330703929E-5
219.28861696	1.2745595E-4	1.0270388884237036E-4
219.286667264	-7.799008E-5	1.275537651963532E-4
219.284717568	2.1460732E-5	1.5426175377797335E-4
219.282751488	1.3960668E-4	1.816778676584363E-4
219.280801792	5.250618E-4	2.0837706688325852E-4
219.278852096	9.2647075E-5	2.327717957086861E-4
219.2769024	2.5324736E-4	2.5326316244900227E-4
219.27493632	7.59452E-5	2.6841138605959713E-4
219.272986624	-1.0884799E-5	2.7710062568075955E-4
219.271036928	4.4910613E-4	2.7867217431776226E-4
219.269070848	3.1563806E-4	2.730055130086839E-4
219.267121152	-6.280999E-5	2.6053324108943343E-4
219.265171456	-8.920507E-5	2.4218752514570951E-4
219.263205376	1.9315191E-4	2.1928724891040474E-4
219.26125568	1.4736762E-4	1.9338380661793053E-4
219.259305984	7.1120485E-5	1.660897978581488E-4
219.257356288	-1.4959087E-4	1.3891687558498234E-4
219.255390208	-2.7007025E-4	1.1314453149680048E-4
219.253440512	2.105695E-4	8.973528019851074E-5
219.251490816	1.1063068E-4	6.929964001756161E-5
219.249524736	-1.2860367E-5	5.211145617067814E-5
219.24757504	-4.2325784E-5	3.81566678697709E-5
219.245625344	-5.9760143E-5	2.7204891011933796E-5
219.243659264	2.5546833E-4	1.9019398678210564E-5
219.241709568	2.220753E-4	1.3083255907986313E-5
219.239759872	8.384887E-5	9.118111847783439E-6
219.237793792	-4.3662465E-5	7.026937964837998E-6
219.235844096	1.6583296E-4	6.887387826282065E-6
219.2338944	-1.4897635E-5	9.034133654495236E-6
219.231944704	3.3766965E-4	1.4430826013267506E-5
219.229978624	-4.8560756E-5	2.4551578462705947E-5
219.228028928	-3.003713E-4	4.146205174038187E-5
219.226079232	1.5714372E-4	6.77146963425912E-5
219.224113152	6.3923496E-4	1.0605171701172367E-4
219.222163456	5.2052183E-4	1.5888482448644936E-4
219.22021376	5.7786895E-4	2.275555452797562E-4
219.21824768	5.40857E-4	3.116997831966728E-4
219.216297984	5.037988E-4	4.0838317363522947E-4
219.214348288	6.816986E-4	5.120323621667922E-4
219.212398592	5.2133907E-4	6.146719097159803E-4
219.210432512	5.010323E-4	7.068263948895037E-4
219.208482816	-1.2509941E-4	7.788893999531865E-4
219.20653312	1.8702497E-4	8.226967765949667E-4
219.20456704	4.7012934E-4	8.329673437401652E-4
219.202617344	6.241245E-4	8.087822352536023E-4
219.200667648	3.4597798E-4	7.526050321757793E-4
219.198701568	7.7460293E-4	6.715529598295689E-4
219.196751872	9.958288E-4	5.756534519605339E-4
219.194802176	5.7320046E-4	4.763654142152518E-4
219.19285248	2.797705E-4	3.856709226965904E-4
219.1908864	6.351746E-4	3.147907555103302E-4
219.188936704	1.1559929E-4	2.7363249682821333E-4
219.186987008	2.5806323E-4	2.704979560803622E-4
219.185020928	3.8946423E-4	3.117834567092359E-4
219.183071232	5.106079E-4	4.013056750409305E-4
219.181121536	0.001018299	5.391478771343827E-4
219.179155456	5.352188E-4	7.200396503321826E-4
219.17720576	4.1814873E-4	9.324737475253642E-4
219.175256064	3.087586E-4	0.0011586484033614397
219.173306368	0.0011117812	0.0013761637965217233
219.171340288	0.0012561942	0.0015611075796186924
219.169390592	0.0015121694	0.0016920444322749972
219.167440896	0.0011599022	0.0017535609658807516
219.165474816	9.062475E-4	0.001738644321449101
219.16352512	7.3119305E-4	0.001650419901125133
219.161575424	5.8526784E-4	0.001500837504863739
219.159609344	9.6577295E-4	0.0013090182328596711
219.157659648	6.158881E-4	0.0010978024220094085
219.155709952	4.3076908E-4	8.899555541574955E-4
219.153760256	2.1216486E-4	7.046815007925034E-4
219.151794176	3.4257447E-4	5.552537622861564E-4
219.14984448	5.427178E-4	4.4813143904320896E-4
219.147894784	7.60065E-4	3.834588569588959E-4
219.145928704	4.7998157E-4	3.564138896763325E-4
219.143979008	1.772547E-4	3.588472318369895E-4
219.142029312	3.6174737E-4	3.8080266676843166E-4
219.140063232	4.31143E-4	4.117987700738013E-4
219.138113536	7.126665E-4	4.419130855239928E-4
219.13616384	2.9602813E-4	4.6275852946564555E-4
219.134214144	3.0737E-4	4.6833010856062174E-4
219.132248064	5.44753E-4	4.556034691631794E-4
219.130298368	5.6558714E-4	4.245851596351713E-4
219.128348672	3.8242506E-4	3.7863533361814916E-4
219.126382592	6.7825365E-4	3.224216343369335E-4
219.124432896	-5.255613E-5	2.6208694907836616E-4
219.1224832	3.8138058E-4	2.0315911388024688E-4
219.12051712	-4.2385745E-4	1.501107617514208E-4
219.118567424	2.2720362E-4	1.0569539881544188E-4
219.116617728	5.7412224E-4	7.091159204719588E-5
219.114651648	4.864028E-4	4.5479820983018726E-5
219.112701952	1.3343248E-4	2.796795524773188E-5
219.110752256	-2.1098155E-4	1.6829342712298967E-5
219.10880256	-1.3946366E-4	1.0577643479336984E-5
219.10683648	8.022626E-5	8.146821528498549E-6
219.104886784	1.1820094E-4	9.052185305336025E-6
219.102937088	-7.131669E-5	1.343757685390301E-5
219.100971008	-8.371748E-5	2.202521136496216E-5
219.099021312	3.7616657E-4	3.596107490011491E-5
219.097071616	1.9554378E-4	5.64685178687796E-5
219.095105536	-1.7778735E-4	8.473725756630301E-5
219.09315584	1.0400153E-4	1.209256297443062E-4
219.091206144	8.821072E-5	1.6403036715928465E-4
219.089256448	6.308761E-4	2.1150795510038733E-4
219.087290368	4.3868393E-4	2.5928972172550857E-4
219.085340672	9.6439886E-5	3.022547753062099E-4
219.083390976	2.942386E-4	3.350956249050796E-4
219.081424896	3.1154443E-4	3.5337594454176724E-4
219.0794752	7.0021866E-4	3.545001964084804E-4
219.077525504	4.4215194E-4	3.383057191967964E-4
219.075559424	7.393482E-4	3.07101639918983E-4
219.073609728	6.4090133E-4	2.651375543791801E-4
219.071660032	6.5593334E-4	2.176706911996007E-4
219.069710336	2.3164999E-4	1.6990034782793373E-4
219.067744256	2.5048273E-4	1.2606392556335777E-4
219.06579456	1.08392014E-4	8.891018660506234E-5
219.063844864	6.8778783E-4	5.960197086096741E-5
219.061878784	4.1686863E-4	3.797722820308991E-5
219.059929088	7.135378E-5	2.300117921549827E-5
219.057979392	1.8238815E-4	1.3242314707895275E-5
219.056013312	9.991029E-6	7.247456323966617E-6
219.054063616	9.4739524E-5	3.770824378079851E-6
219.05211392	-9.735088E-5	1.967862544915988E-6
219.050164224	-4.875098E-5	1.1216510529266088E-6
219.048198144	-2.327135E-4	9.458091767555743E-7
219.046248448	-1.6465734E-4	1.3584457292381558E-6
219.044298752	2.6807378E-4	2.4387795747315977E-6
219.042332672	-2.5195735E-5	4.744444595417008E-6
219.040382976	-2.2485966E-4	8.774482012086082E-6
219.03843328	5.135153E-5	1.542662357678637E-5
219.0364672	8.214129E-5	2.5781921067391522E-5
219.034517504	-7.4185395E-5	4.09582098654937E-5
219.032567808	1.7293639E-4	6.184915400808677E-5
219.030618112	5.080298E-5	8.877447544364259E-5
219.028652032	3.7880594E-4	1.2111950491089374E-4
219.026702336	-1.3128502E-4	1.5708552382420748E-4
219.02475264	-1.5671735E-4	1.9368536595720798E-4
219.02278656	1.4968289E-4	2.2706623713020235E-4
219.020836864	2.8755775E-4	2.5314080994576216E-4
219.018887168	3.3958608E-4	2.6839663041755557E-4
219.016921088	1.4485538E-4	2.7066312031820416E-4
219.014971392	1.7150518E-4	2.596110280137509E-4
219.013021696	5.5344808E-5	2.3682946630287915E-4
219.011072	-2.5273228E-4	2.0560153643600643E-4
219.00910592	1.0953784E-5	1.698298001429066E-4
219.007156224	3.285136E-4	1.337141147814691E-4
219.005206528	2.1403612E-4	1.0082359949592501E-4
219.003240448	-1.3738635E-4	7.377940346486866E-5
219.001290752	1.5884454E-4	5.422519825515337E-5
218.999341056	1.141257E-4	4.305678157834336E-5
218.997374976	3.6679514E-4	4.075362085131928E-5
218.99542528	3.1692142E-4	4.762805110658519E-5
218.993475584	1.3113607E-4	6.385701999533921E-5
218.991525888	-5.9812297E-5	8.925799193093553E-5
218.989559808	2.7573903E-4	1.2288182915654033E-4
218.987610112	9.010177E-5	1.6260620031971484E-4
218.985660416	1.4768171E-4	2.049469476332888E-4
218.983694336	6.783787E-6	2.452693006489426E-4
218.98174464	2.8886742E-4	2.7838567621074617E-4
218.979794944	1.4288237E-4	2.997779520228505E-4
218.977828864	1.2990789E-4	3.061438910663128E-4
218.975879168	-1.1484338E-5	2.965143648907542E-4
218.973929472	3.0608362E-4	2.7235053130425513E-4
218.971963392	5.9186976E-4	2.371899608988315E-4
218.970013696	6.260598E-4	1.9581589731387794E-4
218.968064	8.543754E-6	1.5320577949751168E-4
218.966114304	-1.2701809E-5	1.1357691255398095E-4
218.964148224	1.6016027E-4	7.976894994499162E-5
218.962198528	2.1270037E-4	5.307384344632737E-5
218.960248832	3.0772274E-4	3.345276854815893E-5
218.958282752	-1.5301278E-4	1.9976110706920736E-5
218.956333056	-4.8001422E-4	1.130160853790585E-5
218.95438336	-1.2410802E-4	6.058313829271356E-6
218.95241728	-8.6237145E-7	3.0772978334425716E-6
218.950467584	5.7228175E-5	1.481192384744645E-6
218.948517888	9.434674E-5	6.756015977771312E-7
218.946568192	1.6954062E-5	2.920240262938023E-7
218.944602112	1.7221578E-4	1.1961664370119252E-7
218.942652416	2.2470675E-4	0.0
218.94070272	2.19479E-4	0.0
218.93873664	1.4731803E-4	9.089338703915928E-8
218.936786944	7.16819E-6	2.1590302878848888E-7
218.934837248	-1.5408915E-4	4.875388412983739E-7
218.932871168	-3.6456992E-4	1.0466072808412719E-6
218.930921472	4.589887E-5	2.13587554753758E-6
218.928971776	-2.5192133E-4	4.1436319406784605E-6
218.92702208	-2.7240437E-4	7.641729098395444E-6
218.925056	-4.1497123E-4	1.3396703252510633E-5
218.923106304	-2.9749048E-4	2.232459701190237E-5
218.921156608	-1.2279155E-6	3.588891195249744E-5
218.919190528	1.5759844E-4	5.5170876294141635E-5
218.917240832	-8.3399435E-5	8.2490558270365E-5
218.915291136	-1.2631735E-4	1.2194777809781954E-4
218.913325056	8.788476E-5	1.8133176490664482E-4
218.91137536	3.7813353E-4	2.732778084464371E-4
218.909425664	3.2642254E-4	4.128509317524731E-4
218.907475968	7.141687E-4	6.08708884101361E-4
218.905509888	9.082803E-4	8.503333665430546E-4
218.903560192	0.0010527021	0.0011019433150067925
218.901610496	0.0013492706	0.0013124111574143171
218.899644416	0.0014036517	0.001435310347005725
218.89769472	0.0013528785	0.0014436609344556928
218.895745024	0.0011836886	0.0013338765129446983
218.893778944	0.0011025879	0.0011252870317548513
218.891829248	7.3270156E-4	8.585145114921033E-4
218.889879552	5.415632E-4	5.872641340829432E-4
218.887929856	4.234703E-4	3.5849621053785086E-4
218.885963776	3.192702E-4	1.9657010852824897E-4
218.88401408	6.225173E-5	1.0023227514466271E-4
218.882064384	5.1942846E-4	5.3770592785440385E-5
218.880098304	4.4748446E-4	4.097340570297092E-5
218.878148608	3.1417774E-4	5.191085074329749E-5
218.876198912	-9.5121526E-5	8.408197027165443E-5
218.874232832	4.3345548E-4	1.4029791054781526E-4
218.872283136	5.3423137E-4	2.276504092151299E-4
218.87033344	3.006589E-4	3.5223813029006124E-4
218.868383744	2.2213536E-4	5.189230432733893E-4
218.866417664	6.075686E-4	7.279656711034477E-4
218.864467968	6.4651464E-4	9.726791176944971E-4
218.862518272	0.0010429653	0.001238927710801363
218.860552192	0.0010815782	0.0015060120495036244
218.858602496	0.0010378684	0.0017494065687060356
218.8566528	0.0011359199	0.001944598276168108
218.85468672	0.0012195741	0.002071041613817215
218.852737024	8.019186E-4	0.0021153565030544996
218.850787328	0.0011525385	0.002073247218504548
218.848821248	0.0010715118	0.0019499690970405936
218.846871552	0.0011759431	0.0017594030359759927
218.844921856	0.0010670433	0.0015218635089695454
218.84297216	8.110116E-4	0.001260936027392745
218.84100608	7.642962E-4	9.998531313613057E-4
218.839056384	3.186772E-4	7.581620011478662E-4
218.837106688	6.1295E-4	5.494039505720139E-4
218.835140608	3.4147318E-4	3.802971332333982E-4
218.833190912	3.847224E-4	2.51369463512674E-4
218.831241216	5.725332E-4	1.5862213331274688E-4
218.829275136	2.0137805E-4	9.554115240462124E-5
218.82732544	5.06593E-4	5.4918058594921604E-5
218.825375744	2.920891E-4	3.0119050279608928E-5
218.823426048	3.154185E-4	1.57566973939538E-5
218.821459968	1.4586237E-4	7.860710866225418E-6
218.819510272	1.3515542E-4	3.7385948417067993E-6
218.817560576	-1.4940157E-4	1.540354674034461E-6
218.815594496	7.3057636E-5	6.746182634742581E-7
218.8136448	1.0482528E-4	2.808664305575803E-7
218.811695104	-2.108812E-4	0.0
218.809729024	2.717646E-4	0.0
218.807779328	-1.709742E-5	0.0
218.805829632	-9.372128E-5	0.0
218.803879936	-1.7509211E-4	0.0
218.801913856	2.4708736E-4	0.0
218.79996416	2.105986E-4	0.0
218.798014464	-2.2434138E-4	0.0
218.796048384	-3.883971E-4	0.0
218.794098688	-6.3189416E-4	0.0
218.792148992	-3.351159E-4	2.5978803108728243E-8
218.790182912	-3.052127E-5	5.424469762260742E-8
218.788233216	-1.3036371E-4	1.0943877271074598E-7
218.78628352	4.1830153E-5	2.1654858528563636E-7
218.784333824	7.475061E-6	4.1209651158169436E-7
218.782367744	-9.0921494E-5	7.613081152157974E-7
218.780418048	-5.1865554E-5	1.3661247066920623E-6
218.778468352	-3.8919472E-5	2.380638989052386E-6
218.776502272	2.9711086E-5	4.02358682549675E-6
218.774552576	1.1189705E-4	6.57984219287755E-6
218.77260288	1.6414796E-4	1.0378373190178536E-5
218.7706368	-9.231219E-5	1.573552071931772E-5
218.768687104	1.03108854E-4	2.2864947823109105E-5
218.766737408	1.8136625E-4	3.177656981279142E-5
218.764787712	-7.4146915E-6	4.2205912905046716E-5
218.762821632	-1.5168005E-4	5.361354851629585E-5
218.760871936	-2.450435E-4	6.526628567371517E-5
218.75892224	-2.20129E-4	7.636843656655401E-5
218.75695616	-5.601411E-4	8.61845473991707E-5
218.755006464	-5.0927856E-4	9.410791244590655E-5
218.753056768	-4.0287312E-4	9.966958896256983E-5
218.751090688	-3.580977E-4	1.0252452193526551E-4
218.749140992	-5.947238E-4	1.0245624434901401E-4
218.747191296	-4.9416634E-4	9.941577445715666E-5
218.7452416	-3.4390154E-4	9.357223461847752E-5
218.74327552	-2.537129E-5	8.533756044926122E-5
218.741325824	-3.7546895E-4	7.533832831541076E-5
218.739376128	-4.6969144E-4	6.433612725231797E-5
218.737410048	-6.971284E-4	5.3117160859983414E-5
218.735460352	-2.1570126E-4	4.238546534907073E-5
218.733510656	-1.0682236E-5	3.2682957680663094E-5
218.731544576	-1.0244515E-5	2.4349457817152143E-5
218.72959488	1.3072838E-4	1.7528212993056513E-5
218.727645184	3.320235E-4	1.2190719644422643E-5
218.725679104	3.406003E-4	8.19160595710855E-6
218.723729408	4.1943535E-4	5.318187049851986E-6
218.721779712	-3.057622E-5	3.3359008284605807E-6
218.719830016	-3.920888E-5	2.0217376004438847E-6
218.717863936	7.448279E-5	1.1838741329484037E-6
218.71591424	3.567411E-5	6.6981249347009E-7
218.713964544	3.389302E-4	3.661638743324147E-7
218.711998464	1.3672959E-4	4.069252383942512E-7
218.710048768	8.872458E-5	6.197889774739451E-7
218.708099072	2.1714673E-4	1.2574689662869787E-6
218.706132992	1.1935089E-4	2.688610038603656E-6
218.704183296	-2.72274E-4	5.6187468544521835E-6
218.7022336	7.4992226E-5	1.1196277228009421E-5
218.700283904	-6.0654445E-5	2.1206875317147933E-5
218.698317824	1.729904E-4	3.817873221123591E-5
218.696368128	2.2136144E-4	6.53242168482393E-5
218.694418432	4.948618E-4	1.0621964611345902E-4
218.692452352	3.7544247E-4	1.6413081903010607E-4
218.690502656	2.3375967E-4	2.410105080343783E-4
218.68855296	5.445779E-4	3.3635314321145415E-4
218.68658688	0.0010000127	4.462629440240562E-4
218.684637184	0.001086802	5.631474778056145E-4
218.682687488	8.059238E-4	6.763508426956832E-4
218.680737792	8.545558E-4	7.737419218756258E-4
218.678771712	8.901726E-4	8.439354714937508E-4
218.676822016	9.235617E-4	8.78572347573936E-4
218.67487232	8.1194594E-4	8.740401826798916E-4
218.67290624	0.0011153293	8.321761852130294E-4
218.670956544	9.0219086E-4	7.597650983370841E-4
218.669006848	3.7649067E-4	6.669842987321317E-4
218.667040768	4.3684783E-4	5.652107647620142E-4
218.665091072	4.3055488E-4	4.648196045309305E-4
218.663141376	5.618125E-4	3.7352502113208175E-4
218.66119168	3.7479287E-4	2.956559183076024E-4
218.6592256	2.0026465E-4	2.3236777633428574E-4
218.657275904	3.1756263E-4	1.825024955905974E-4
218.655326208	1.6523714E-4	1.4369236305356026E-4
218.653360128	1.5319747E-4	1.1334771988913417E-4
218.651410432	-8.107625E-5	8.918756793718785E-5
218.649460736	1.0987654E-4	6.960755126783624E-5
218.647494656	1.9049321E-4	5.359589704312384E-5
218.64554496	7.441271E-5	4.059122875332832E-5
218.643595264	1.3068585E-5	3.0300698199425824E-5
218.641645568	1.6243992E-4	2.2560621800948866E-5
218.639679488	9.839729E-5	1.716081715130713E-5
218.637729792	1.2502473E-4	1.4287951671576593E-5
218.635780096	1.9793931E-7	1.3705354831472505E-5
218.633814016	-1.5424329E-4	1.545491068100091E-5
218.63186432	1.0104807E-4	1.961386442417279E-5
218.629914624	4.6710277E-4	2.6270641683368012E-5
218.627948544	-1.6461682E-4	3.5468412534100935E-5
218.625998848	-7.772838E-5	4.716303737950511E-5
218.624049152	1.20411896E-4	6.104024214437231E-5
218.622099456	5.611035E-4	7.664000440854579E-5
218.620133376	3.0305496E-4	9.311031317338347E-5
218.61818368	7.8561985E-5	1.0946717520710081E-4
218.616233984	9.3213086E-5	1.2462842278182507E-4
218.614267904	-5.9239534E-5	1.3753258099313825E-4
218.612318208	-2.2836865E-4	1.4740209735464305E-4
218.610368512	-2.219381E-4	1.5399084077216685E-4
218.608402432	-1.5580295E-5	1.5757229994051158E-4
218.606452736	3.6098096E-5	1.592399348737672E-4
218.60450304	-3.5505942E-5	1.6077340114861727E-4
218.602553344	1.4988825E-4	1.6453381977044046E-4
218.600587264	2.1433088E-4	1.732056261971593E-4
218.598637568	7.197893E-5	1.8942297901958227E-4
218.596687872	1.8726944E-4	2.153073000954464E-4
218.594721792	-1.3909183E-4	2.5196868227794766E-4
218.592772096	-2.96263E-4	2.9906100826337934E-4
218.5908224	3.6550223E-4	3.545002837199718E-4
218.58885632	5.205421E-4	4.1446337127126753E-4
218.586906624	3.1135025E-4	4.737408016808331E-4
218.584956928	4.0359356E-4	5.264405626803637E-4
218.582990848	2.2197122E-4	5.669233505614102E-4
218.581041152	4.504882E-4	5.907721933908761E-4
218.579091456	5.3420995E-4	5.95550867728889E-4
218.57714176	5.6480645E-4	5.811622831970453E-4
218.57517568	2.65101E-4	5.497185629792511E-4
218.573225984	1.5853907E-4	5.049816682003438E-4
218.571276288	2.734021E-4	4.515519249252975E-4
218.569310208	1.2942756E-4	3.9402907714247704E-4
218.567360512	1.1376202E-4	3.363590803928673E-4
218.565410816	3.792043E-4	2.8145857504568994E-4
218.563444736	3.3484216E-4	2.3123888240661472E-4
218.56149504	5.6230655E-4	1.866232487373054E-4
218.559545344	8.714296E-5	1.479173224652186E-4
218.557595648	1.3983439E-4	1.1506598821142688E-4
218.555629568	2.4146357E-4	8.77037164173089E-5
218.553679872	1.16364135E-4	6.543257040902972E-5
218.551730176	1.0967754E-5	4.7781253670109436E-5
218.549764096	2.174997E-4	3.4256190701853484E-5
218.5478144	1.2599703E-4	2.4368968297494575E-5
218.545864704	1.9502503E-4	1.7671378373051994E-5
218.543898624	9.5527656E-5	1.3764306459052023E-5
218.541948928	-1.8724051E-4	1.2474917639337946E-5
218.539999232	-1.422446E-4	1.3622132428281475E-5
218.538049536	9.332554E-5	1.7205327822011895E-5
218.536083456	-3.2436536E-5	2.3338247046922334E-5
218.53413376	8.6848195E-5	3.2177344110095873E-5
218.532184064	-5.092937E-4	4.372647526906803E-5
218.530217984	-4.012476E-4	5.7866982388077304E-5
218.528268288	-2.5498724E-4	7.421540067298338E-5
218.526318592	1.4412476E-4	9.206802496919408E-5
218.524352512	7.982865E-6	1.1037787771783769E-4
218.522402816	-1.3243497E-4	1.2791866902261972E-4
218.52045312	1.2730321E-4	1.4324416406452656E-4
218.518503424	-1.3251646E-4	1.5500275185331702E-4
218.516537344	-7.316769E-5	1.6212275659199804E-4
218.514587648	-1.9454627E-4	1.6388807853218168E-4
218.512637952	2.8547398E-5	1.6017659800127149E-4
218.510671872	-1.8889268E-4	1.514353061793372E-4
218.508722176	-4.9760532E-5	1.386535877827555E-4
218.50677248	-1.0483871E-4	1.2325098214205354E-4
218.5048064	2.2739205E-5	1.0692043724702671E-4
218.502856704	2.7377191E-5	9.145166404778138E-5
218.500907008	-2.382902E-5	7.862207712605596E-5
218.498957312	-2.7417575E-4	6.984287756495178E-5
218.496991232	-3.3652873E-4	6.624931120313704E-5
218.495041536	-3.000069E-4	6.842429138487205E-5
218.49309184	-3.3289447E-4	7.631484913872555E-5
218.49112576	-1.5052987E-4	8.935353253036737E-5
218.489176064	-6.426541E-5	1.0610468598315492E-4
218.487226368	-4.1047178E-4	1.2481090379878879E-4
218.485260288	-5.3365243E-4	1.4373169688042253E-4
218.483310592	-4.0222864E-4	1.6150464944075793E-4
218.481360896	-1.928019E-4	1.776886056177318E-4
218.4794112	-2.3585508E-4	1.9318309205118567E-4
218.47744512	-3.0320205E-4	2.1043283049948514E-4
218.475495424	-3.698547E-4	2.3328284441959113E-4
218.473545728	-1.6215278E-4	2.663913182914257E-4
218.471579648	-5.558589E-4	3.142076311632991E-4
218.469629952	-4.2688716E-4	3.7965504452586174E-4
218.467680256	-3.7086566E-4	4.6293376362882555E-4
218.465714176	-3.18452E-4	5.605616024695337E-4
218.46376448	-4.8528737E-4	6.654061726294458E-4
218.461814784	-4.8016672E-4	7.675050874240696E-4
218.459848704	-8.087904E-5	8.557515102438629E-4
218.457899008	3.253727E-4	9.197977487929165E-4
218.455949312	3.6793135E-4	9.521659230813384E-4
218.453999616	5.4629316E-4	9.495021076872945E-4
218.452033536	2.3428843E-4	9.130538091994822E-4
218.45008384	2.6038758E-4	8.481659460812807E-4
218.448134144	5.213365E-4	7.630020845681429E-4
218.446168064	4.5424097E-4	6.668827263638377E-4
218.444218368	2.4114599E-4	5.686536314897239E-4
218.442268672	1.5721566E-4	4.7560565872117877E-4
218.440302592	3.782702E-4	3.928699588868767E-4
218.438352896	2.3937415E-4	3.2337321317754686E-4
218.4364032	3.0254692E-4	2.684742212295532E-4
218.434453504	4.3304803E-4	2.281573979416862E-4
218.432487424	3.0208335E-4	2.0168317132629454E-4
218.430537728	3.496723E-4	1.8773118790704757E-4
218.428588032	-4.571999E-5	1.8457537225913256E-4
218.426621952	8.256225E-5	1.9019389583263546E-4
218.424672256	6.8158646E-5	2.0241101447027177E-4
218.42272256	-3.7702233E-5	2.190964441979304E-4
218.42075648	-1.0628855E-4	2.3840228095650673E-4
218.418806784	-1.509003E-4	2.5893119163811207E-4
218.416857088	1.906108E-4	2.801213995553553E-4
218.414907392	7.110276E-4	3.0177299049682915E-4
218.412941312	4.211981E-4	3.2439760980196297E-4
218.410991616	3.584868E-4	3.485282650217414E-4
218.40904192	4.4118616E-4	3.745391732081771E-4
218.40707584	5.1220745E-4	4.022118810098618E-4
218.405126144	3.4517518E-4	4.3049000669270754E-4
218.403176448	1.21814934E-4	4.574174527078867E-4
218.401210368	4.7324834E-4	4.8040764522738755E-4
218.399260672	5.366309E-4	4.965410917066038E-4
218.397310976	9.6420344E-4	5.030868342146277E-4
218.39536128	5.771707E-4	4.980545490980148E-4
218.3933952	2.2301756E-4	4.8055528895929456E-4
218.391445504	-3.6789238E-6	4.509980499278754E-4
218.389495808	1.2589994E-4	4.1105496347881854E-4
218.387529728	1.8298862E-4	3.6341266240924597E-4
218.385580032	9.174206E-5	3.113680286332965E-4
218.383630336	3.1453793E-4	2.5835350970737636E-4
218.381664256	3.409975E-4	2.0748561655636877E-4
218.37971456	1.4159575E-4	1.6122276429086924E-4
218.377764864	1.6689373E-4	1.2117436563130468E-4
218.375815168	-3.363916E-4	8.80778898135759E-5
218.373849088	-1.497315E-4	6.190827843965963E-5
218.371899392	-3.6708745E-5	4.205220102448948E-5
218.369949696	-3.4961893E-4	2.778397720248904E-5
218.367983616	-2.5887947E-4	1.7916901924763806E-5
218.36603392	2.2316308E-4	1.1609503417275846E-5
218.364084224	9.2172566E-5	8.215809430112131E-6
218.362118144	3.6731598E-4	7.471992375940317E-6
218.360168448	3.6146122E-4	9.611128916731104E-6
218.358218752	2.1315299E-4	1.545693157822825E-5
218.356269056	8.187959E-5	2.6467250791029073E-5
218.354302976	1.1851579E-5	4.5242988562677056E-5
218.35235328	6.125382E-5	7.378936425084248E-5
218.350403584	-3.8932743E-5	1.151316100731492E-4
218.348437504	-1.4896083E-4	1.715523685561493E-4
218.346487808	-8.9767585E-5	2.4460721760988235E-4
218.344538112	-3.344935E-5	3.3460077247582376E-4
218.342572032	7.297498E-5	4.409180546645075E-4
218.340622336	4.0709323E-4	5.626623751595616E-4
218.33867264	6.8786125E-5	6.996425800025463E-4
218.336722944	3.869038E-4	8.531606290489435E-4
218.334756864	6.755307E-4	0.001025936915539205
218.332807168	7.9972093E-4	0.0012207063846290112
218.330857472	5.629266E-4	0.0014375917380675673
218.328891392	7.727142E-4	0.0016710828058421612
218.326941696	3.4669953E-4	0.0019080069614574313
218.324992	1.3811889E-4	0.0021277726627886295
218.32302592	-2.00198E-4	0.002305238740518689
218.321076224	-2.246259E-4	0.002415547613054514
218.319126528	-8.9580855E-5	0.0024394034408032894
218.317160448	4.2716696E-4	0.002367390552535653
218.315210752	2.8175957E-4	0.002202367875725031
218.313261056	1.5810577E-4	0.0019594833720475435
218.31131136	8.61192E-5	0.001663743401877582
218.30934528	2.1032829E-4	0.0013454913860186934
218.307395584	1.6916104E-4	0.0010347343049943447
218.305445888	5.964286E-5	7.558391080237925E-4
218.303479808	1.5655908E-4	5.240609170868993E-4
218.301530112	5.4950393E-5	3.4480163594707847E-4
218.299580416	1.24338885E-5	2.1528372599277645E-4
218.297614336	2.7120652E-4	1.2751984468195587E-4
218.29566464	2.0102857E-4	7.17682924005203E-5
218.293714944	3.5006602E-4	3.835986717604101E-5
218.291765248	5.103895E-4	1.9476990928524174E-5
218.289799168	8.590407E-5	9.396145287610125E-6
218.287849472	-1.2344515E-4	4.307391463953536E-6
218.285899776	-1.3540845E-4	1.8764866354104015E-6
218.283933696	-3.5748255E-4	7.769088483655651E-7
218.281984	2.3767385E-5	0.0
218.280034304	1.7173126E-4	0.0
218.278068224	1.4207957E-4	0.0
218.276118528	-7.17604E-6	0.0
218.274168832	-1.3119748E-4	0.0
218.272219136	-1.6828088E-4	0.0
218.270253056	3.1661362E-4	0.0
218.26830336	4.4045537E-5	0.0
218.266353664	6.3665946E-5	0.0
218.264387584	9.817105E-6	0.0
218.262437888	-1.5374992E-4	0.0
218.260488192	-7.542126E-5	0.0
218.258522112	-1.670704E-4	0.0
218.256572416	-4.4205426E-5	0.0
218.25462272	-1.9355604E-4	0.0
218.252673024	-2.1388332E-4	0.0
218.250706944	2.2885346E-4	0.0
218.248757248	-2.0485625E-4	5.07785147263462E-9
218.246807552	-2.3004782E-4	1.6606287900344796E-8
218.244841472	1.9807867E-5	4.9608164687242606E-8
218.242891776	-8.188387E-6	1.3536975984607125E-7
218.24094208	1.2014228E-4	3.374242396603222E-7
218.238976	-9.584423E-5	7.682701834710315E-7
218.237026304	-2.808056E-4	1.5978299643393257E-6
218.235076608	-2.6656172E-4	3.0354285627254285E-6
218.233126912	-3.6866168E-4	5.267174856271595E-6
218.231160832	-3.6391683E-4	8.348374649358448E-6
218.229211136	-2.332844E-4	1.2086427886970341E-5
218.22726144	-6.0934614E-4	1.5983760022209026E-5
218.22529536	-9.407992E-4	1.9309196432004683E-5
218.223345664	-0.0010034104	2.1309529984137043E-5
218.221395968	-9.333713E-4	2.148430394299794E-5
218.219429888	-8.159113E-4	1.978826185222715E-5
218.217480192	-0.0012087509	1.665025956754107E-5
218.215530496	-9.2996034E-4	1.2798043826478533E-5
218.2135808	-8.062777E-4	8.985715794551652E-6
218.21161472	-6.6829525E-4	5.76284901399049E-6
218.209665024	-6.2320434E-4	3.3758765312086325E-6
218.207715328	-8.646219E-4	1.806367777135165E-6
218.205749248	-8.084402E-4	8.828648674352735E-7
218.203799552	-9.1753964E-4	3.941522948025522E-7
218.201849856	-9.797129E-4	1.6073562392193708E-7
218.199883776	-7.215079E-4	5.987567419651896E-8
218.19793408	-5.7152176E-4	2.037402246912734E-8
218.195984384	-6.5278226E-5	6.33266150629197E-9
218.194018304	-4.1205142E-4	0.0
218.192068608	-2.2646619E-4	0.0
218.190118912	-1.2215177E-4	0.0
218.188169216	2.6394523E-4	0.0
218.186203136	6.232461E-5	0.0
218.18425344	-1.9009548E-4	0.0
218.182303744	-1.0419936E-4	0.0
218.180337664	-3.1491832E-4	0.0
218.178387968	-1.0958799E-4	0.0
218.176438272	-1.3025288E-4	0.0
218.174472192	-3.789195E-4	0.0
218.172522496	-4.413939E-4	0.0
218.1705728	-2.2638097E-4	0.0
218.168623104	1.557035E-5	0.0
218.166657024	-2.3238172E-4	0.0
218.164707328	-2.296264E-4	0.0
218.162757632	-1.3916122E-4	0.0
218.160791552	-1.1985862E-4	0.0
