219.99607808	1.6875993E-4	0.0
219.99804416	5.306994E-4	0.0
219.999993856	3.1313542E-4	0.0
220.001943552	1.9392776E-4	0.0
220.003909632	2.3594065E-4	0.0
220.005859328	-2.636678E-4	0.0
220.007809024	-1.08217035E-4	0.0
220.009775104	2.1030519E-5	0.0
220.0117248	-2.605721E-4	0.0
220.013674496	3.1711625E-5	0.0
220.015624192	2.502502E-4	0.0
220.017590272	1.8315724E-4	0.0
220.019539968	-1.4935169E-4	0.0
220.021489664	-8.483269E-5	0.0
220.023455744	3.282389E-4	0.0
220.02540544	1.3620601E-4	0.0
220.027355136	1.8705227E-4	0.0
220.029321216	-2.552164E-5	1.742719462072273E-7
220.031270912	-4.1729214E-5	4.155488682044961E-7
220.033220608	-2.1006554E-4	9.424688300896378E-7
220.035186688	9.062639E-5	2.033094915532274E-6
220.037136384	2.7912527E-5	4.1714370127010625E-6
220.03908608	-6.8969006E-5	8.140257705235854E-6
220.041035776	2.3434728E-5	1.5107701074157376E-5
220.043001856	2.6955557E-4	2.666449836397078E-5
220.044951552	1.3269749E-4	4.475210153032094E-5
220.046901248	5.866749E-4	7.14174093445763E-5
220.048867328	3.271048E-4	1.083800962078385E-4
220.050817024	7.7638065E-4	1.563552941661328E-4
220.05276672	5.0747057E-4	2.1447043400257826E-4
220.0547328	8.7605644E-5	2.7974930708296597E-4
220.056682496	6.0211925E-4	3.47068184055388E-4
220.058632192	7.798743E-4	4.0967081440612674E-4
220.060598272	7.207041E-4	4.6024174662306905E-4
220.062547968	8.75641E-4	4.922989755868912E-4
220.064497664	6.373521E-4	5.0155766075477E-4
220.06644736	4.871861E-4	4.868825781159103E-4
220.06841344	2.56901E-4	4.505588731262833E-4
220.070363136	3.0288458E-4	3.978055901825428E-4
220.072312832	5.420855E-4	3.3566454658284783E-4
220.074278912	2.8018546E-4	2.715790760703385E-4
220.076228608	3.6061447E-4	2.1204537188168615E-4
220.078178304	2.7961037E-4	1.6167250578291714E-4
220.080144384	-3.4905413E-5	1.2281334784347564E-4
220.08209408	-3.9904287E-5	9.57446318352595E-5
220.084043776	8.028091E-6	7.920465577626601E-5
220.086009856	1.7605987E-4	7.105615804903209E-5
220.087959552	1.0397038E-4	6.88754953444004E-5
220.089909248	1.5903236E-6	7.036946772132069E-5
220.091858944	-2.4137882E-4	7.360221206909046E-5
220.093825024	-1.4758311E-4	7.707654731348157E-5
220.09577472	1.8738312E-4	7.972620369400829E-5
220.097724416	3.3333953E-4	8.086915477178991E-5
220.099690496	2.5588958E-4	8.015109779080376E-5
220.101640192	9.600454E-5	7.743685273453593E-5
220.103589888	-1.8925234E-4	7.30012689018622E-5
220.105555968	1.6216454E-4	6.703813414787874E-5
220.107505664	3.716751E-4	5.996720210532658E-5
220.10945536	2.7310997E-4	5.2251150918891653E-5
220.11142144	7.799649E-5	4.4346517825033516E-5
220.113371136	1.8581198E-4	3.666023621917702E-5
220.115320832	4.8391856E-4	2.951867827505339E-5
220.117270528	4.722187E-5	2.3150498236645944E-5
220.119236608	4.0556628E-5	1.7684049453237094E-5
220.121186304	-2.9902862E-4	1.3157142348063644E-5
220.123136	1.419737E-4	9.534531272947788E-6
220.12510208	4.1053872E-4	6.7297382884135E-6
220.127051776	9.486321E-5	4.626566806109622E-6
220.129001472	-2.9993618E-5	3.0980334031482926E-6
220.130967552	-1.9914916E-4	2.020598913077265E-6
220.132917248	1.2628743E-4	1.2836471796617843E-6
220.134866944	3.174259E-5	7.942952606754261E-7
220.136833024	3.9633454E-5	4.787318630405935E-7
220.13878272	-1.1099645E-5	2.810465389302408E-7
220.140732416	-2.118985E-4	1.6070856645455933E-7
220.142682112	4.0266636E-6	8.951111851729365E-8
220.144648192	8.760541E-5	4.8561336285501966E-8
220.146597888	2.7208784E-4	2.5661503144647213E-8
220.148547584	1.9709844E-4	0.0
220.150513664	3.2490547E-4	0.0
220.15246336	2.4297633E-4	0.0
220.154413056	1.5842062E-4	0.0
220.156379136	7.900185E-5	0.0
220.158328832	1.9559995E-4	0.0
220.160278528	2.2703395E-4	0.0
220.162244608	2.0489874E-4	0.0
220.164194304	6.949631E-5	2.4948228372068115E-8
220.166144	1.8374677E-4	5.281965798076271E-8
220.168093696	2.537394E-4	1.0800286531775782E-7
220.170059776	3.1249187E-4	2.1328665411601833E-7
220.172009472	3.2228566E-4	4.067944701091619E-7
220.173959168	2.7910908E-4	7.49316598103178E-7
220.175925248	7.211446E-4	1.3329873809198034E-6
220.177874944	3.3237957E-4	2.290095608259435E-6
220.17982464	4.1506344E-5	3.799565092776902E-6
220.18179072	-2.3693792E-4	6.087640485930024E-6
220.183740416	6.391652E-5	9.418607987754513E-6
220.185690112	2.5788028E-4	1.4071029909246136E-5
220.187656192	5.4455956E-4	2.0297740775276907E-5
220.189605888	4.9558457E-4	2.827117896231357E-5
220.191555584	5.3811946E-4	3.801982893492095E-5
220.19350528	-1.424939E-4	4.936931873089634E-5
220.19547136	-7.7324485E-6	6.190283602336422E-5
220.197421056	3.9118537E-4	7.495770114473999E-5
220.199370752	-3.1795727E-5	8.766596874920651E-5
220.201336832	-2.461686E-5	9.904236503643915E-5
220.203286528	-4.896559E-5	1.0810710227815434E-4
220.205236224	1.4881077E-4	1.1402179370634258E-4
220.207202304	-3.3270596E-6	1.1621485464274883E-4
220.209152	9.096609E-5	1.144697453128174E-4
220.211101696	1.7986781E-4	1.089589495677501E-4
220.213067776	2.8610238E-4	1.0021700290963054E-4
220.215017472	-1.0876442E-4	8.905732101993635E-5
220.216967168	1.77509E-4	7.645074947504327E-5
220.218933248	2.9434994E-4	6.338850653264672E-5
220.220882944	-1.1966159E-4	5.075699300505221E-5
220.22283264	-3.8659925E-4	3.924584234482609E-5
220.224782336	-1.9924124E-4	2.9300414098543115E-5
220.226748416	-2.4241317E-4	2.1121521058375947E-5
220.228698112	-3.148583E-4	1.4701053260068875E-5
220.230647808	-2.5210102E-4	9.879921890387777E-6
220.232613888	-9.6722186E-5	6.411494723579381E-6
220.234563584	-1.0527755E-4	4.0177369555749465E-6
220.23651328	-1.5147068E-4	2.4313133053510683E-6
220.23847936	-2.2644913E-4	1.4208560514816782E-6
220.240429056	-5.700768E-6	8.019056281227677E-7
220.242378752	5.333542E-6	4.3708814700949006E-7
220.244344832	-9.345068E-5	2.3008655603007355E-7
220.246294528	-2.000274E-4	1.1697640189822778E-7
220.248244224	-7.643775E-5	5.743659770018894E-8
220.25019392	-4.2755066E-5	2.7237517130629385E-8
220.25216	-1.5207907E-4	0.0
220.254109696	1.0657214E-5	0.0
220.256059392	1.1390782E-4	0.0
220.258025472	-1.5698318E-4	0.0
220.259975168	-1.1409694E-4	0.0
220.261924864	3.1152365E-5	0.0
220.263890944	9.527159E-5	0.0
220.26584064	3.165854E-5	0.0
220.267790336	2.0339861E-4	0.0
220.269756416	3.2728174E-4	0.0
220.271706112	3.6367666E-4	0.0
220.273655808	1.8476564E-4	0.0
220.275605504	8.029523E-5	0.0
220.277571584	3.162337E-4	0.0
220.27952128	2.5134752E-4	0.0
220.281470976	2.3557231E-4	0.0
220.283437056	2.8082493E-5	0.0
220.285386752	-4.5462886E-5	0.0
220.287336448	5.6753374E-6	0.0
220.289302528	2.7592303E-4	0.0
220.291252224	1.7333994E-4	0.0
220.29320192	1.8247063E-4	0.0
220.295168	1.3114218E-4	0.0
220.297117696	1.5792958E-4	0.0
220.299067392	8.8068045E-5	0.0
220.301017088	-2.5698126E-5	0.0
220.302983168	-3.16871E-4	0.0
220.304932864	-5.8140282E-5	0.0
220.30688256	1.6334778E-4	0.0
220.30884864	2.8473916E-4	0.0
220.310798336	1.0614606E-5	0.0
220.312748032	1.0156221E-4	0.0
220.314714112	-1.2524208E-4	0.0
220.316663808	7.598483E-5	0.0
220.318613504	5.4193286E-5	0.0
220.320579584	5.2670108E-5	0.0
220.32252928	4.4425027E-4	0.0
220.324478976	3.4058685E-4	0.0
220.326428672	1.7887176E-4	0.0
220.328394752	1.4467127E-4	0.0
220.330344448	2.866756E-4	0.0
220.332294144	3.2604588E-4	0.0
220.334260224	1.1145286E-4	0.0
220.33620992	-1.6768873E-4	0.0
220.338159616	7.302346E-5	0.0
220.340125696	1.5210835E-4	0.0
220.342075392	4.7922924E-5	0.0
220.344025088	1.0664397E-4	0.0
220.345991168	1.306069E-4	0.0
220.347940864	-9.0311194E-5	0.0
220.34989056	-2.2969724E-4	0.0
220.351840256	-3.477652E-4	0.0
220.353806336	-2.2950876E-4	2.291663747655548E-8
220.355756032	1.1309839E-5	7.168064541929198E-8
220.357705728	2.7808975E-4	2.0516885967936105E-7
220.359671808	4.7907428E-4	5.373606768444006E-7
220.361621504	1.3036196E-4	1.6262456483673304E-6
220.3635712	4.0692135E-5	4.237310349708423E-6
220.36553728	1.6957577E-4	1.084087671188172E-5
220.367486976	-7.259092E-5	2.6392404834041372E-5
220.369436672	7.8857964E-5	5.942065399722196E-5
220.371402752	1.14403985E-4	1.2123056512791663E-4
220.373352448	3.7938202E-4	2.1963707695249468E-4
220.375302144	2.2093448E-4	3.4918609890155494E-4
220.37725184	4.0042013E-4	4.8554097884334624E-4
220.37921792	6.860156E-4	5.930085317231715E-4
220.381167616	6.4023177E-4	6.428527995012701E-4
220.383117312	4.321212E-4	6.297058425843716E-4
220.385083392	6.8595086E-4	5.75781159568578E-4
220.387033088	7.5021444E-4	5.204736953601241E-4
220.388982784	4.949133E-4	5.004191771149635E-4
220.390948864	2.7176677E-4	5.32404170371592E-4
220.39289856	4.2060213E-4	6.100953905843198E-4
220.394848256	3.5740025E-4	7.128556608222425E-4
220.396814336	1.45119E-4	8.166131447069347E-4
220.398764032	4.583605E-4	9.005129686556756E-4
220.400713728	4.774298E-4	9.495537960901856E-4
220.402663424	3.16165E-4	9.553846903145313E-4
220.404629504	8.4595534E-4	9.166794479824603E-4
220.4065792	5.268216E-4	8.382951491512358E-4
220.408528896	7.473129E-4	7.30308995116502E-4
220.410494976	4.4429823E-4	6.057713180780411E-4
220.412444672	4.0976526E-4	4.7813885612413287E-4
220.414394368	2.208256E-6	3.589586412999779E-4
220.416360448	5.365335E-5	2.562391455285251E-4
220.418310144	-9.425069E-5	1.73899345099926E-4
220.42025984	-9.546199E-6	1.122023822972551E-4
220.42222592	-6.443696E-5	6.883367314003408E-5
220.424175616	-4.028869E-5	4.015670492663048E-5
220.426125312	-1.81951E-4	2.228123412351124E-5
220.428075008	-3.7963715E-4	1.1759864719351754E-5
220.430041088	-1.4398122E-4	5.904652425670065E-6
220.431990784	1.5482397E-5	2.8206138722453034E-6
220.43394048	8.5644143E-7	1.2819565426980262E-6
220.43590656	-7.981845E-5	5.543600991586572E-7
220.437856256	2.1189227E-4	1.4305030049399647E-7
220.439805952	-2.563531E-4	0.0
220.441772032	-3.9422655E-4	0.0
220.443721728	-1.0806197E-4	0.0
220.445671424	-4.527243E-5	0.0
220.447637504	1.9409086E-5	0.0
220.4495872	1.8999338E-4	0.0
220.451536896	-1.2532371E-6	0.0
220.453486592	-8.5327454E-5	0.0
220.455452672	6.9114234E-5	0.0
220.457402368	8.883662E-5	0.0
220.459352064	1.5129134E-4	0.0
220.461318144	-2.2263385E-4	0.0
220.46326784	-2.2952727E-4	0.0
220.465217536	-1.1882061E-4	0.0
220.467183616	-2.8292547E-4	0.0
220.469133312	-1.6497649E-4	0.0
220.471083008	-9.137779E-5	0.0
220.473049088	-8.21109E-5	0.0
220.474998784	3.7466732E-5	0.0
220.47694848	-1.2914804E-4	0.0
220.478898176	-2.033883E-5	0.0
220.480864256	1.3840673E-4	0.0
220.482813952	-3.0228312E-5	0.0
220.484763648	-6.077393E-4	0.0
220.486729728	-2.51886E-4	0.0
220.488679424	-7.574205E-5	0.0
220.49062912	-1.3415972E-4	0.0
220.4925952	-3.2781998E-5	0.0
220.494544896	-2.5802248E-4	0.0
220.496494592	-1.2060176E-4	0.0
220.498460672	-4.4678945E-5	0.0
220.500410368	-1.4994564E-4	0.0
220.502360064	-2.2632212E-4	0.0
220.504326144	5.006287E-5	0.0
220.50627584	1.1411574E-4	0.0
220.508225536	1.2618475E-4	0.0
220.510175232	4.908502E-4	0.0
220.512141312	1.7129965E-4	0.0
220.514091008	1.6587725E-4	5.3964484436619387E-8
220.516040704	2.8421785E-4	1.101234872180612E-7
220.518006784	1.2764972E-4	2.172542963307933E-7
220.51995648	4.3338173E-4	4.143554974689323E-7
220.521906176	3.2781702E-4	7.639973205186834E-7
220.523872256	2.4443105E-4	1.3618304137708037E-6
220.525821952	1.6510635E-4	2.3467125629395014E-6
220.527771648	2.1872562E-4	3.90933882954414E-6
220.529737728	-1.1148644E-4	6.295713319559582E-6
220.531687424	1.1612111E-4	9.801144187804312E-6
220.53363712	1.3844119E-4	1.4749968613614328E-5
220.535586816	1.5409393E-4	2.1457548427861184E-5
220.537552896	-1.0031313E-4	3.0174309358699247E-5
220.539502592	-3.2111213E-5	4.1016621253220364E-5
220.541452288	9.454889E-5	5.389517536968924E-5
220.543418368	3.3031273E-4	6.846937321824953E-5
220.545368064	5.16313E-4	8.408114081248641E-5
220.54731776	4.149341E-4	9.989710088120773E-5
220.54928384	4.2704618E-4	1.1477320367703214E-4
220.551233536	3.2483725E-4	1.2763121048919857E-4
220.553183232	2.694473E-4	1.3751754886470735E-4
220.555149312	3.4520784E-4	1.4383521920535713E-4
220.557099008	5.28616E-4	1.465325040044263E-4
220.559048704	1.7904126E-4	1.4623695460613817E-4
220.5609984	1.7409338E-4	1.4429214934352785E-4
220.56296448	1.5809792E-4	1.42690259963274E-4
220.564914176	2.0592878E-4	1.437509199604392E-4
220.566863872	2.5761555E-4	1.4980157720856369E-4
220.568829952	3.9965528E-4	1.6264288569800556E-4
220.570779648	1.3745375E-4	1.8308735161554068E-4
220.572729344	-4.5698744E-5	2.1064317843411118E-4
220.574695424	2.4550394E-4	2.4346662394236773E-4
220.57664512	6.44721E-4	2.7859071269631386E-4
220.578594816	4.9075217E-4	3.1233858317136765E-4
220.580560896	2.782106E-4	3.4077357850037515E-4
220.582510592	7.456009E-4	3.601208736654371E-4
220.584460288	4.7420766E-4	3.6719971103593707E-4
220.586409984	-9.7213226E-5	3.599572228267789E-4
220.588376064	1.528845E-5	3.3806488499976695E-4
220.59032576	5.567196E-4	3.0333484755828977E-4
220.592275456	5.214574E-4	2.59625754551962E-4
220.594241536	2.282137E-4	2.120851568179205E-4
220.596191232	2.9711504E-4	1.659203553572297E-4
220.598140928	2.2402112E-4	1.2518803123384714E-4
220.600107008	2.3590898E-4	9.208047413267195E-5
220.602056704	3.1868657E-4	6.690491136396304E-5
220.6040064	3.9718076E-4	4.868787800660357E-5
220.60597248	2.458965E-4	3.5803019272862E-5
220.607922176	3.524314E-4	2.6663899916457012E-5
220.609871872	2.8879507E-4	2.004350426432211E-5
220.611821568	1.8996591E-4	1.5103543773875572E-5
220.613787648	2.9237065E-4	1.139273626904469E-5
220.615737344	-2.5583597E-4	8.727170097699855E-6
220.61768704	-2.3796214E-4	7.095709406712558E-6
220.61965312	-3.0657745E-4	6.834839950897731E-6
220.621602816	-4.100418E-5	8.243840966315474E-6
220.623552512	2.9675753E-5	1.179270475404337E-5
220.625518592	1.2587788E-4	1.7810225472203456E-5
220.627468288	1.0001668E-4	2.6192303266725503E-5
220.629417984	1.6677412E-4	3.61334859917406E-5
220.631384064	1.8222732E-4	4.607140363077633E-5
220.63333376	5.9099493E-5	5.398271241574548E-5
220.635283456	2.0032385E-4	5.7997913245344535E-5
220.637233152	2.1959035E-4	5.708368917112239E-5
220.639199232	1.944933E-4	5.1448809244902804E-5
220.641148928	1.2117062E-5	4.245261152391322E-5
220.643098624	-2.1838865E-4	3.2057054340839386E-5
220.645064704	-2.792678E-5	2.2163578250911087E-5
220.6470144	3.1469678E-4	1.4024049050931353E-5
220.648964096	1.658074E-4	8.165578037733212E-6
220.650930176	1.4054155E-4	4.436883955349913E-6
220.652879872	-1.2504976E-4	2.451243290124694E-6
220.654829568	-4.449175E-5	1.8375415038462961E-6
220.656795648	-1.42379695E-5	2.464482577124727E-6
220.658745344	-8.252883E-5	4.698835255112499E-6
220.66069504	-2.1760925E-4	8.882801921572536E-6
220.662644736	-2.0176757E-4	1.575487658556085E-5
220.664610816	-2.7435275E-5	2.583504465292208E-5
220.666560512	4.145122E-4	3.921161624020897E-5
220.668510208	2.329844E-4	5.5353382776957005E-5
220.670476288	2.828728E-4	7.333439862122759E-5
220.672425984	-3.2146836E-5	9.239323844667524E-5
220.67437568	-4.2512223E-5	1.126630450016819E-4
220.67634176	1.2355307E-4	1.356259745080024E-4
220.678291456	-1.4656599E-5	1.639694528421387E-4
220.680241152	4.250868E-5	2.0045116252731532E-4
220.682207232	9.658895E-5	2.467417507432401E-4
220.684156928	4.6710376E-4	3.021602751687169E-4
220.686106624	4.5074555E-4	3.633194137364626E-4
220.68805632	2.5052772E-4	4.247009055688977E-4
220.6900224	3.0708322E-4	4.7995298518799245E-4
220.691972096	3.1128092E-4	5.233224364928901E-4
220.693921792	1.3100225E-4	5.506615852937102E-4
220.695887872	2.790192E-4	5.597019917331636E-4
220.697837568	1.4598979E-4	5.497491220012307E-4
220.699787264	1.8753143E-4	5.21307170856744E-4
220.701753344	4.635929E-4	4.7587239532731473E-4
220.70370304	1.287268E-4	4.1643367148935795E-4
220.705652736	1.5627415E-4	3.47683671861887E-4
220.707618816	2.3833322E-4	2.759836206678301E-4
220.709568512	1.8661525E-4	2.0845315884798765E-4
220.711518208	-3.2627166E-5	1.5156542940530926E-4
220.713467904	-2.0040691E-4	1.0967721027554944E-4
220.715433984	-2.0569205E-4	8.427922148257494E-5
220.71738368	-4.5263117E-5	7.38821254344657E-5
220.719333376	2.910647E-4	7.479187479475513E-5
220.721299456	2.3611644E-4	8.227780199376866E-5
220.723249152	3.3010994E-4	9.197511826641858E-5
220.725198848	2.3147961E-4	1.0110462608281523E-4
220.727164928	-6.9256785E-5	1.0908192052738741E-4
220.729114624	4.988848E-5	1.1717015877366066E-4
220.73106432	-1.3838374E-4	1.271349610760808E-4
220.7330304	3.9167793E-5	1.4002628449816257E-4
220.734980096	2.1219914E-4	1.5433787484653294E-4
220.736929792	-6.1949395E-5	1.6666371084284037E-4
220.738879488	-3.154703E-4	1.7272081458941102E-4
220.740845568	-1.6219766E-4	1.6933113511186093E-4
220.742795264	-2.0063276E-4	1.5543904737569392E-4
220.74474496	-1.319164E-4	1.3309087080415338E-4
220.74671104	-2.4939774E-4	1.064477619365789E-4
220.748660736	-3.9900795E-5	8.049760799622163E-5
220.750610432	-1.8205415E-4	5.973190127406269E-5
220.752576512	6.676078E-5	4.737135168397799E-5
220.754526208	3.9919498E-4	4.5352793677011505E-5
220.756475904	1.678747E-4	5.454924394143745E-5
220.758441984	2.7651186E-4	7.519702921854332E-5
220.76039168	6.3638756E-5	1.0687324538594112E-4
220.762341376	-6.193892E-5	1.4818456838838756E-4
220.764291072	1.8154828E-5	1.963500981219113E-4
220.766257152	8.853487E-5	2.4701020447537303E-4
220.768206848	-4.3919452E-5	2.9456146876327693E-4
220.770156544	-1.947674E-4	3.329089959152043E-4
220.772122624	2.3972741E-4	3.5672259400598705E-4
220.77407232	4.177297E-4	3.6247438401915133E-4
220.776022016	2.6435973E-4	3.49300418747589E-4
220.777988096	1.5744366E-4	3.191684081684798E-4
220.779937792	1.2667043E-4	2.764218661468476E-4
220.781887488	2.4328739E-4	2.26798583753407E-4
220.783853568	7.688822E-5	1.762002648320049E-4
220.785803264	-3.705088E-4	1.2956636783201247E-4
220.78775296	-1.5233844E-4	9.015420073410496E-5
220.789702656	6.197262E-5	5.935274384682998E-5
220.791668736	3.27058E-4	3.697160354931839E-5
220.793618432	1.7962742E-5	2.1792931875097565E-5
220.795568128	-1.8273937E-4	1.215738393511856E-5
220.797534208	-1.7371555E-4	6.4195342019957025E-6
220.799483904	1.3217176E-4	3.2088623811432626E-6
220.8014336	4.1613446E-5	1.5185182746790815E-6
220.80339968	-3.1016386E-4	6.803558108003926E-7
220.805349376	-4.3707775E-4	2.886086178932601E-7
220.807299072	-2.1288349E-4	1.1591770032737259E-7
220.809265152	7.644025E-5	0.0
220.811214848	-9.8281685E-5	0.0
220.813164544	6.0528375E-5	0.0
220.815130624	-5.496808E-6	0.0
220.81708032	6.561409E-5	0.0
220.819030016	-1.0455522E-6	0.0
220.820979712	-2.7965827E-4	0.0
220.822945792	-3.3307962E-5	0.0
220.824895488	-9.5058145E-5	0.0
220.826845184	3.722525E-4	0.0
220.828811264	1.21737685E-4	0.0
220.83076096	-6.7272835E-5	0.0
220.832710656	8.660377E-5	0.0
220.834676736	1.18218915E-4	0.0
220.836626432	-2.5773552E-4	0.0
220.838576128	-1.04767416E-4	0.0
220.840542208	-3.2266744E-5	0.0
220.842491904	-6.132634E-5	0.0
220.8444416	6.490652E-5	0.0
220.846391296	4.9323065E-4	0.0
220.848357376	2.2679506E-4	0.0
220.850307072	1.7251875E-4	0.0
220.852256768	2.0881122E-4	0.0
220.854222848	1.3032238E-4	0.0
220.856172544	2.1715518E-4	0.0
220.85812224	1.3482114E-4	0.0
220.86008832	2.1186643E-4	0.0
220.862038016	3.9123194E-4	0.0
220.863987712	5.692503E-4	0.0
220.865953792	7.3400646E-5	0.0
220.867903488	-1.8613847E-4	0.0
220.869853184	9.643831E-5	0.0
220.87180288	3.515534E-4	0.0
220.87376896	2.1678265E-4	0.0
220.875718656	-3.5863373E-4	0.0
220.877668352	6.782552E-5	0.0
220.879634432	2.0604333E-4	0.0
220.881584128	2.0716896E-5	0.0
220.883533824	6.116912E-5	0.0
220.885499904	1.1061606E-4	0.0
220.8874496	5.767876E-5	0.0
220.889399296	-2.2046632E-4	0.0
220.891365376	-1.5602462E-4	0.0
220.893315072	-9.517805E-5	0.0
220.895264768	1.4346649E-5	0.0
220.897214464	8.3940424E-5	0.0
220.899180544	1.9433777E-4	0.0
220.90113024	1.5315678E-4	0.0
220.903079936	7.429239E-5	0.0
220.905046016	1.15393515E-4	0.0
220.906995712	1.00616335E-5	0.0
220.908945408	-3.3518674E-5	0.0
220.910911488	2.8667364E-5	0.0
220.912861184	2.0630108E-4	0.0
220.91481088	4.0972707E-4	0.0
220.91677696	1.7495183E-4	0.0
220.918726656	2.3039136E-4	1.239766334037995E-7
220.920676352	1.071874E-4	2.916025891863683E-7
220.922626048	8.120792E-5	6.526335596390709E-7
220.924592128	3.759317E-4	1.3898711586080026E-6
220.926541824	3.0197817E-4	2.8163965453131823E-6
220.92849152	-1.9126015E-5	5.430293640529271E-6
220.9304576	1.994782E-4	9.962156582332682E-6
220.932407296	2.691479E-4	1.7388476408086717E-5
220.934356992	1.7373482E-4	2.887560913222842E-5
220.936323072	4.914802E-4	4.561861715046689E-5
220.938272768	1.7797048E-4	6.856150866951793E-5
220.940222464	1.2786253E-4	9.814216173253953E-5
220.942188544	6.3552376E-5	1.3360432058107108E-4
220.94413824	3.1126392E-4	1.731509400997311E-4
220.946087936	8.9069817E-4	2.1375682263169438E-4
220.948037632	3.1555895E-4	2.516058157198131E-4
220.950003712	4.5474208E-4	2.8280584956519306E-4
220.951953408	2.2619645E-4	3.042844473384321E-4
220.953903104	3.006196E-4	3.1461502658203244E-4
220.955869184	2.2966773E-4	3.1451054383069277E-4
220.95781888	4.6047833E-4	3.067821089643985E-4
220.959768576	3.9500985E-4	2.957101969514042E-4
220.961734656	2.8761485E-4	2.8595427284017205E-4
220.963684352	5.1573303E-4	2.812869206536561E-4
220.965634048	2.2599692E-4	2.8353079687803984E-4
220.967600128	3.477238E-4	2.9203100712038577E-4
220.969549824	4.6108695E-4	3.038340946659446E-4
220.97149952	6.1881996E-4	3.145196824334562E-4
220.973449216	3.4390585E-4	3.194174205418676E-4
220.975415296	3.679455E-5	3.148350806441158E-4
220.977364992	-2.0555747E-4	2.98952596494928E-4
220.979314688	1.792578E-4	2.722529461607337E-4
220.981280768	3.3771744E-4	2.3705573403276503E-4
220.983230464	-1.1511674E-4	1.9712148059625179E-4
220.98518016	1.4004749E-4	1.566195860505104E-4
220.98714624	4.7206235E-4	1.1936025839531794E-4
220.989095936	3.016145E-4	8.827597775962204E-5
220.991045632	1.4437558E-4	6.523109914269298E-5
220.993011712	2.2736224E-4	5.130522549734451E-5
220.994961408	-3.375849E-5	4.684575833380222E-5
220.996911104	-5.2084823E-5	5.19373788847588E-5
220.9988608	2.6390594E-4	6.643132655881345E-5
221.00082688	4.297335E-4	8.982895815279335E-5
221.002776576	1.4854278E-4	1.2100105232093483E-4
221.004726272	2.5354823E-4	1.5788842574693263E-4
221.006692352	3.2652295E-4	1.9735470414161682E-4
221.008642048	1.2525506E-4	2.3533841886091977E-4
221.010591744	2.3749573E-4	2.6734807761386037E-4
221.012557824	3.4966934E-4	2.8918252792209387E-4
221.01450752	5.646822E-4	2.978951670229435E-4
221.016457216	1.443956E-4	2.921750710811466E-4
221.018423296	6.0846537E-6	2.728329855017364E-4
221.020372992	1.0881046E-4	2.4253735318779945E-4
221.022322688	2.3531434E-4	2.052203199127689E-4
221.024272384	1.469565E-4	1.652519713388756E-4
221.026238464	6.32022E-5	1.26661267131567E-4
221.02818816	3.574984E-5	9.239221981260926E-5
221.030137856	7.826844E-5	6.419424607884139E-5
221.032103936	3.107454E-4	4.258509579813108E-5
221.034053632	-2.7919097E-5	2.71653407253325E-5
221.036003328	-8.8621775E-5	1.7012622265610844E-5
221.037969408	-1.659879E-4	1.1050031389459036E-5
221.039919104	1.2102173E-4	8.313419129990507E-6
221.0418688	1.6908496E-4	8.09609718999127E-6
221.04383488	-1.9333084E-4	9.984585631173104E-6
221.045784576	-2.5572887E-4	1.3818012121191714E-5
221.047734272	-2.5672503E-4	1.960174267878756E-5
221.049683968	4.765936E-5	2.7571961254579946E-5
221.051650048	1.6515152E-4	3.7593781598843634E-5
221.053599744	-8.4031286E-5	4.98586923640687E-5
221.05554944	2.759647E-4	6.420104909921065E-5
221.05751552	3.8771107E-4	8.050712494878098E-5
221.059465216	2.0813834E-4	9.87342355074361E-5
221.061414912	7.247398E-5	1.190876355394721E-4
221.063380992	-9.471693E-6	1.4219380682334304E-4
221.065330688	1.634919E-4	1.6919244080781937E-4
221.067280384	4.946607E-4	2.0164440502412617E-4
221.069246464	3.038804E-4	2.411849272903055E-4
221.07119616	3.020641E-4	2.889216993935406E-4
221.073145856	2.5669308E-4	3.4468978992663324E-4
221.075095552	2.5959368E-4	4.064323438797146E-4
221.077061632	2.2931685E-4	4.6981379273347557E-4
221.079011328	2.0311758E-4	5.286434898152947E-4
221.080961024	2.6874206E-4	5.757336621172726E-4
221.082927104	4.408656E-4	6.043048342689872E-4
221.0848768	6.5778184E-4	6.094624986872077E-4
221.086826496	4.1422909E-4	5.893729976378381E-4
221.088792576	4.2888275E-4	5.45788265299052E-4
221.090742272	2.1622758E-4	4.8377676284871995E-4
221.092691968	2.2146208E-4	4.1072844760492444E-4
221.094658048	1.9288014E-5	3.3490281202830374E-4
221.096607744	1.342379E-4	2.6391795836389065E-4
221.09855744	2.4284291E-4	2.0356180903036147E-4
221.10052352	4.8643883E-6	1.5717728820163757E-4
221.102473216	1.441006E-4	1.2565815995913E-4
221.104422912	5.500094E-4	1.0790567466756329E-4
221.106372608	4.5030852E-4	1.0150417074328288E-4
221.108338688	6.414493E-5	1.0339325672248378E-4
221.110288384	3.1069163E-4	1.1039928358513862E-4
221.11223808	5.1319355E-4	1.1957093374803662E-4
221.11420416	3.36286E-4	1.2848216283600777E-4
221.116153856	5.32176E-4	1.3517479237634689E-4
221.118103552	4.6955756E-4	1.3834265701007098E-4
221.120069632	3.3256676E-4	1.3729800411965698E-4
221.122019328	3.3510043E-4	1.31858978420496E-4
221.123969024	2.8266627E-4	1.2266005796846002E-4
221.125935104	-5.8320726E-5	1.1034863564418629E-4
221.1278848	1.411383E-4	9.600062185199931E-5
221.129834496	1.5511815E-4	8.07597825769335E-5
221.131784192	3.446239E-4	6.569082324858755E-5
221.133750272	4.5895026E-4	5.166304254089482E-5
221.135699968	2.082529E-4	3.9283248042920604E-5
221.137649664	-4.3548785E-5	2.887874870793894E-5
221.139615744	-7.1745744E-5	2.0525338186416775E-5
221.14156544	2.7235885E-4	1.410418644809397E-5
221.143515136	4.0005855E-4	9.370369298267178E-6
221.145481216	1.821251E-4	6.018980457156431E-6
221.147430912	-1.7253883E-4	3.738147370313527E-6
221.149380608	1.3654315E-4	2.244720690214308E-6
221.151346688	2.896293E-4	1.3033118193561677E-6
221.153296384	-5.444526E-5	7.316746746255376E-7
221.15524608	2.1118296E-5	3.9716724131722003E-7
221.157195776	4.95626E-4	2.0845830306370772E-7
221.159161856	2.8516873E-4	1.0579270792732132E-7
221.161111552	3.2186832E-5	5.1913751519805373E-8
221.163061248	1.019217E-4	0.0
221.165027328	-1.2214822E-4	0.0
221.166977024	6.816289E-5	0.0
221.16892672	1.04910316E-4	0.0
221.1708928	-4.478407E-6	0.0
221.172842496	-1.2758761E-4	0.0
221.174792192	-1.7705993E-4	0.0
221.176758272	2.3761773E-4	0.0
221.178707968	-1.1224198E-4	0.0
221.180657664	-1.9972111E-4	0.0
221.18260736	2.2936342E-4	0.0
221.18457344	2.8152097E-4	0.0
221.186523136	1.3716365E-4	0.0
221.188472832	1.7699957E-4	0.0
221.190438912	8.3804916E-5	0.0
221.192388608	6.7232264E-5	0.0
221.194338304	6.3592533E-4	0.0
221.196304384	2.2951196E-4	0.0
221.19825408	3.077817E-4	0.0
221.200203776	3.7039243E-4	0.0
221.202169856	1.978534E-5	0.0
221.204119552	1.5881457E-4	0.0
221.206069248	2.0669014E-4	0.0
221.208018944	-1.7622337E-4	0.0
221.209985024	2.619284E-5	0.0
221.21193472	2.081125E-4	0.0
221.213884416	-8.352942E-6	0.0
221.215850496	2.350807E-5	0.0
221.217800192	-1.3116738E-4	0.0
221.219749888	-1.946943E-4	0.0
221.221715968	-3.266478E-4	0.0
221.223665664	-9.388258E-5	0.0
221.22561536	4.5794036E-6	0.0
221.22758144	-2.1687619E-4	0.0
221.229531136	-5.0338593E-5	0.0
221.231480832	1.3243392E-4	0.0
221.233430528	2.6336228E-4	0.0
221.235396608	3.729899E-4	0.0
221.237346304	1.5735612E-4	0.0
221.239296	1.1807689E-4	0.0
221.24126208	3.0193277E-4	0.0
221.243211776	1.1058999E-4	0.0
221.245161472	-6.4415207E-7	0.0
221.247127552	2.2008255E-4	0.0
221.249077248	-2.096084E-6	0.0
221.251026944	3.026748E-4	0.0
221.252993024	3.4770215E-4	0.0
221.25494272	-1.5872382E-4	0.0
221.256892416	-4.595253E-5	0.0
221.258842112	2.662638E-4	0.0
221.260808192	1.9998485E-4	0.0
221.262757888	3.7662088E-4	0.0
221.264707584	2.5010513E-4	0.0
221.266673664	2.1215164E-4	0.0
221.26862336	5.0519684E-5	0.0
221.270573056	8.584556E-6	0.0
221.272539136	5.7604022E-5	0.0
221.274488832	1.6026743E-4	0.0
221.276438528	1.8916451E-4	0.0
221.278404608	-6.718366E-5	0.0
221.280354304	1.134552E-4	0.0
221.282304	3.3012367E-4	0.0
221.284253696	-5.807439E-5	0.0
221.286219776	2.0959505E-5	0.0
221.288169472	3.1080886E-5	0.0
221.290119168	1.8717241E-4	0.0
221.292085248	1.6665876E-5	0.0
221.294034944	-7.132083E-5	0.0
221.29598464	1.2377682E-4	0.0
221.29795072	6.0909984E-5	0.0
221.299900416	-7.983102E-5	0.0
221.301850112	-1.09505985E-4	0.0
221.303816192	1.2802178E-4	0.0
221.305765888	2.1458589E-4	0.0
221.307715584	8.01851E-5	0.0
221.30966528	-1.779632E-5	0.0
221.31163136	-3.507119E-5	0.0
221.313581056	-8.419054E-5	0.0
221.315530752	-2.8269787E-4	0.0
221.317496832	-9.067953E-5	0.0
221.319446528	-7.317416E-5	0.0
221.321396224	7.779183E-5	0.0
221.323362304	1.9035288E-4	0.0
221.325312	1.6725142E-4	0.0
221.327261696	2.6983067E-5	0.0
221.329227776	2.5454498E-4	0.0
221.331177472	-3.1736356E-5	0.0
221.333127168	-1.1733538E-4	0.0
221.335076864	2.2929473E-4	0.0
221.337042944	6.607207E-5	0.0
221.33899264	1.8847952E-4	0.0
221.340942336	1.2553259E-4	0.0
221.342908416	1.293389E-4	0.0
221.344858112	-1.3016877E-4	0.0
221.346807808	1.7079743E-4	0.0
221.348773888	5.266359E-5	0.0
221.350723584	2.8863442E-4	0.0
221.35267328	4.2160586E-4	0.0
221.35463936	1.7852135E-4	0.0
221.356589056	1.7854394E-4	0.0
221.358538752	2.3050825E-4	0.0
221.360488448	3.3509763E-4	0.0
221.362454528	4.6752775E-4	0.0
221.364404224	2.3612761E-4	0.0
221.36635392	2.3621027E-4	0.0
221.36832	4.2890347E-4	0.0
221.370269696	4.9260666E-4	0.0
221.372219392	4.7409986E-4	0.0
221.374185472	5.2843E-4	0.0
221.376135168	4.9331307E-4	0.0
221.378084864	2.4931654E-4	0.0
221.380050944	2.9698512E-4	0.0
221.38200064	4.519671E-5	0.0
221.383950336	3.3137025E-4	0.0
221.385916416	1.2572421E-4	0.0
221.387866112	1.9167675E-4	0.0
221.389815808	4.0634707E-4	0.0
221.391765504	5.075281E-4	0.0
221.393731584	3.2757837E-4	0.0
221.39568128	1.2134094E-4	0.0
221.397630976	4.2950627E-4	0.0
221.399597056	3.581666E-5	0.0
221.401546752	3.240214E-4	0.0
221.403496448	2.6312246E-4	0.0
221.405462528	-7.4990705E-5	0.0
221.407412224	4.839324E-5	0.0
221.40936192	2.1872434E-5	0.0
221.411328	3.30309E-4	0.0
221.413277696	2.545876E-4	0.0
221.415227392	5.9297157E-4	0.0
221.417177088	4.5692906E-4	0.0
221.419143168	-1.7871978E-4	0.0
221.421092864	-1.19369855E-4	0.0
221.42304256	-6.664349E-5	0.0
221.42500864	3.391001E-5	0.0
221.426958336	-5.3217078E-5	0.0
221.428908032	5.996632E-5	0.0
221.430874112	-1.4583106E-4	0.0
221.432823808	2.1645412E-4	0.0
221.434773504	4.3519316E-4	0.0
221.436739584	2.4549765E-4	0.0
221.43868928	-5.1922772E-5	0.0
221.440638976	7.759439E-5	0.0
221.442588672	-1.4665214E-5	0.0
221.444554752	1.1505684E-4	0.0
221.446504448	1.5252744E-4	0.0
221.448454144	1.8636658E-4	0.0
221.450420224	3.459466E-4	0.0
221.45236992	1.9660717E-4	0.0
221.454319616	-1.3667383E-4	0.0
221.456285696	-1.3071336E-4	0.0
221.458235392	1.9729216E-4	0.0
221.460185088	6.6557055E-5	0.0
221.462151168	1.9514383E-4	0.0
221.464100864	2.0629293E-4	0.0
221.46605056	8.367872E-5	0.0
221.468000256	-6.602137E-5	0.0
221.469966336	-2.9808285E-5	0.0
221.471916032	1.4173807E-4	0.0
221.473865728	-1.7127712E-4	0.0
221.475831808	-1.6249638E-4	0.0
221.477781504	-1.3107705E-4	0.0
221.4797312	7.5827906E-5	0.0
221.48169728	1.9900277E-4	0.0
221.483646976	2.3657535E-4	0.0
221.485596672	1.3971268E-4	0.0
221.487562752	1.4094808E-4	0.0
221.489512448	7.467353E-5	0.0
221.491462144	2.0691621E-4	0.0
221.49341184	2.7162823E-4	0.0
221.49537792	-1.4859615E-4	0.0
221.497327616	-1.7733817E-4	0.0
221.499277312	-5.1673644E-5	0.0
221.501243392	1.2106224E-4	0.0
221.503193088	1.7590061E-4	0.0
221.505142784	1.16235664E-4	0.0
221.507108864	1.11284635E-5	0.0
221.50905856	-4.098276E-5	0.0
221.511008256	1.5179705E-4	0.0
221.512974336	5.596047E-5	0.0
221.514924032	4.453902E-4	0.0
221.516873728	-4.3381846E-5	0.0
221.518823424	2.1882327E-6	0.0
221.520789504	1.9389935E-4	0.0
221.5227392	-6.254451E-5	0.0
221.524688896	1.0298189E-5	0.0
221.526654976	4.162928E-5	0.0
221.528604672	5.5531013E-6	0.0
221.530554368	3.288416E-5	0.0
221.532520448	1.00740086E-4	0.0
221.534470144	-1.5984607E-4	0.0
221.53641984	1.7100116E-4	0.0
221.53838592	1.7166379E-4	0.0
221.540335616	3.4066555E-4	0.0
221.542285312	4.915459E-4	0.0
221.544235008	3.5501024E-4	0.0
221.546201088	3.351647E-4	0.0
221.548150784	1.9501694E-4	0.0
221.55010048	-1.5179082E-4	0.0
221.55206656	-3.12091E-4	0.0
221.554016256	6.890608E-5	0.0
221.555965952	3.1557724E-5	0.0
221.557932032	2.0203702E-4	0.0
221.559881728	-4.9045917E-5	0.0
221.561831424	1.8127354E-5	0.0
221.563797504	1.7539025E-4	0.0
221.5657472	6.765881E-5	0.0
221.567696896	1.1255694E-4	0.0
221.569646592	1.6084415E-4	0.0
221.571612672	1.2698965E-4	0.0
221.573562368	1.6436362E-4	0.0
221.575512064	1.86588E-4	0.0
221.577478144	4.3959448E-5	0.0
221.57942784	4.9445636E-5	0.0
221.581377536	1.7783031E-4	0.0
221.583343616	3.0187282E-5	0.0
221.585293312	-5.3043386E-5	0.0
221.587243008	-2.8098377E-5	0.0
221.589209088	6.6694425E-5	0.0
221.591158784	1.6430169E-4	0.0
221.59310848	2.7605155E-4	0.0
221.595058176	-7.2232474E-6	0.0
221.597024256	-1.1569253E-4	0.0
221.598973952	2.0917363E-5	0.0
221.600923648	1.576567E-4	0.0
221.602889728	1.0237549E-4	0.0
221.604839424	1.01277226E-4	0.0
221.60678912	1.1270991E-4	0.0
221.6087552	3.5314457E-4	0.0
221.610704896	2.2172727E-4	0.0
221.612654592	3.052215E-4	0.0
221.614620672	2.4825204E-4	0.0
221.616570368	7.001389E-5	0.0
221.618520064	2.4093906E-4	0.0
221.62046976	1.1377651E-4	0.0
221.62243584	1.9751661E-4	0.0
221.624385536	1.9517782E-4	0.0
221.626335232	7.11047E-5	0.0
221.628301312	2.5215754E-4	0.0
221.630251008	1.4541586E-4	0.0
221.632200704	6.872494E-5	0.0
221.634166784	-1.1546459E-4	0.0
221.63611648	-1.36137505E-5	0.0
221.638066176	9.334166E-5	0.0
221.640032256	-2.0458634E-4	0.0
221.641981952	-2.5218344E-4	0.0
221.643931648	-2.4108103E-4	0.0
221.645881344	-4.202095E-5	0.0
221.647847424	-1.2583836E-4	0.0
221.64979712	-6.9851434E-5	0.0
221.651746816	1.5495563E-4	0.0
221.653712896	-1.7054463E-4	0.0
221.655662592	1.3251192E-4	0.0
221.657612288	-9.816946E-5	0.0
221.659578368	1.2491652E-4	0.0
221.661528064	2.2278106E-4	0.0
221.66347776	-1.3166355E-4	0.0
221.66544384	5.779145E-5	0.0
221.667393536	6.801271E-5	0.0
221.669343232	9.500046E-6	0.0
221.671309312	-1.00667035E-4	0.0
221.673259008	-3.188155E-4	0.0
221.675208704	-1.0748292E-4	0.0
221.6771584	-8.939035E-5	0.0
221.67912448	6.6821085E-5	0.0
221.681074176	8.71465E-5	0.0
221.683023872	2.3261036E-5	0.0
221.684989952	1.5343944E-4	0.0
221.686939648	2.403167E-4	0.0
221.688889344	3.5532456E-4	0.0
221.690855424	-7.7260804E-5	0.0
221.69280512	-1.05115265E-4	0.0
221.694754816	9.857639E-5	0.0
221.696720896	1.2667253E-4	0.0
221.698670592	-4.38822E-5	0.0
221.700620288	3.2924207E-5	0.0
221.702569984	8.408548E-5	0.0
221.704536064	-3.9584844E-5	0.0
221.70648576	-3.54209E-5	0.0
221.708435456	9.991074E-5	0.0
221.710401536	6.836941E-5	0.0
221.712351232	7.821256E-5	0.0
221.714300928	-2.3430216E-4	0.0
221.716267008	-1.086182E-4	0.0
221.718216704	-1.1315444E-4	4.9338254370923096E-8
221.7201664	-1.38648E-4	1.0074759870803973E-7
221.72213248	-2.0129282E-5	1.989581903671933E-7
221.724082176	4.0965443E-4	3.7998577795406163E-7
221.726031872	4.1364142E-4	7.018495011834602E-7
221.727981568	1.9317478E-4	1.2537026350400993E-6
221.729947648	4.9136903E-5	2.1657626803062158E-6
221.731897344	1.4272015E-4	3.618210712375003E-6
221.73384704	2.4851723E-4	5.845641680934932E-6
221.73581312	3.9625945E-4	9.133175808528904E-6
221.737762816	4.061763E-5	1.379929108225042E-5
221.739712512	-1.7941897E-4	2.0161591237410903E-5
221.741678592	-2.3604513E-4	2.8485461371019483E-5
221.743628288	5.6827066E-5	3.891751111950725E-5
221.745577984	3.8132453E-4	5.141547444509342E-5
221.747544064	1.3154498E-4	6.568621029146016E-5
221.74949376	8.1026315E-5	8.115248056128621E-5
221.751443456	7.8812096E-5	9.696127381175756E-5
221.753393152	1.4944896E-4	1.1204406473552808E-4
221.755359232	3.4292167E-4	1.252287911484018E-4
221.757308928	2.7833515E-4	1.353852858301252E-4
221.759258624	3.0533955E-4	1.4158424164634198E-4
221.761224704	3.707256E-4	1.4323512732516974E-4
221.7631744	3.919812E-4	1.4017775538377464E-4
221.765124096	2.1476028E-4	1.3270768977236003E-4
221.767090176	3.151238E-4	1.2152988347224891E-4
221.769039872	1.8006595E-4	1.0765006300061941E-4
221.770989568	2.1271067E-4	9.222753578796983E-5
221.772955648	4.2833792E-4	7.641754928044975E-5
221.774905344	5.71994E-4	6.123317871242762E-5
221.77685504	4.731364E-4	4.7448502300539985E-5
221.778804736	2.6574833E-4	3.5554025089368224E-5
221.780770816	1.6775154E-4	2.5761992219486274E-5
221.782720512	5.8234564E-4	1.805075771699194E-5
221.784670208	2.9756044E-4	1.2230432730575558E-5
221.786636288	1.4035575E-4	8.013566002773587E-6
221.788585984	2.988282E-4	5.077562036603922E-6
221.79053568	1.3967426E-4	3.1112710985325975E-6
221.79250176	1.1911939E-5	1.8436650179864955E-6
221.794451456	1.7704451E-4	1.0565499906078912E-6
221.796401152	-5.9208276E-5	5.855548010913481E-7
221.798367232	3.1110746E-4	3.1384681165036454E-7
221.800316928	2.0386287E-4	1.6268285207843292E-7
221.802266624	-6.4379914E-5	8.155323882874654E-8
221.80421632	2.335865E-4	3.9538385010473576E-8
221.8061824	2.9316729E-5	0.0
221.808132096	-4.8136713E-5	0.0
221.810081792	-1.2057825E-4	0.0
221.812047872	3.430013E-4	0.0
221.813997568	3.7648747E-4	0.0
221.815947264	-5.5435954E-5	0.0
221.817913344	5.908762E-5	0.0
221.81986304	3.3928638E-5	0.0
221.821812736	-2.4362435E-4	0.0
221.823778816	2.062743E-4	0.0
221.825728512	2.206048E-4	0.0
221.827678208	4.2917065E-5	0.0
221.829627904	1.5907185E-4	0.0
221.831593984	-8.263477E-5	0.0
221.83354368	3.0781E-5	0.0
221.835493376	-1.2933198E-4	0.0
221.837459456	9.785275E-5	0.0
221.839409152	2.5322507E-4	0.0
221.841358848	1.5039681E-4	0.0
221.843324928	-2.4584497E-5	0.0
221.845274624	1.2967651E-4	0.0
221.84722432	-1.8646257E-4	0.0
221.8491904	3.540199E-5	0.0
221.851140096	8.816444E-5	0.0
221.853089792	1.4441772E-4	0.0
221.855039488	8.274193E-6	0.0
221.857005568	-2.471579E-4	0.0
221.858955264	-9.450634E-5	0.0
221.86090496	9.057726E-5	0.0
221.86287104	-3.0575533E-4	0.0
221.864820736	-2.6292368E-4	0.0
221.866770432	1.6039968E-4	0.0
