234.319003648	9.799807E-5	9.343540114059579E-6
234.320986112	-5.9908376E-5	1.3115114597894717E-5
234.322952192	5.5014036E-5	1.7978312826016918E-5
234.324918272	3.0453061E-6	2.4067861886578612E-5
234.326900736	2.189644E-5	3.146584640489891E-5
234.328866816	6.851938E-5	4.017471655970439E-5
234.33084928	1.6349473E-4	5.0093181926058605E-5
234.33281536	2.985316E-4	6.09991438977886E-5
234.33478144	2.402243E-4	7.254277443280444E-5
234.336763904	1.9934413E-4	8.425559644820169E-5
234.338729984	1.8207228E-4	9.557643352309242E-5
234.340712448	1.2706581E-4	1.0589175508357584E-4
234.342678528	1.6718403E-5	1.14589580334723E-4
234.344644608	-2.1286425E-4	1.2111900286981836E-4
234.346627072	-1.3695937E-4	1.250466302735731E-4
234.348593152	-2.1523449E-5	1.2610435078386217E-4
234.350575616	1.3086176E-4	1.2421899009495974E-4
234.352541696	6.602518E-5	1.1952069326071069E-4
234.354507776	7.138052E-5	1.1232817632844672E-4
234.35649024	4.1924413E-5	1.0311331425327808E-4
234.35845632	2.5823514E-4	9.2450572992675E-5
234.360438784	2.788863E-4	8.095809607766569E-5
234.362404864	5.8918936E-6	6.923947512404993E-5
234.364370944	-1.938584E-4	5.788444104837254E-5
234.366353408	-5.4734996E-5	4.7271274524973705E-5
234.368319488	-1.3993436E-4	3.7754281947854906E-5
234.370301952	-1.6784947E-4	2.954229603346903E-5
234.372268032	-1.4242402E-4	2.2738573534297757E-5
234.374234112	-1.6355889E-5	1.7365940948366188E-5
234.376216576	5.031656E-5	1.3397629118117038E-5
234.378182656	1.5614636E-4	1.0790176929731388E-5
234.38016512	6.127984E-6	9.51375568547519E-6
234.3821312	3.1294763E-5	9.576242518960498E-6
234.38409728	1.3572932E-4	1.1039056516892742E-5
234.386079744	-1.9836333E-4	1.4022046343598049E-5
234.388045824	-2.711718E-4	1.86968482012162E-5
234.390028288	-4.771131E-5	2.5267254386562854E-5
234.391994368	2.7540035E-4	3.393827864783816E-5
234.393960448	1.697106E-4	4.4873850129079074E-5
234.395942912	2.9650505E-4	5.8149573305854574E-5
234.397908992	1.7154727E-5	7.370286766672507E-5
234.399891456	-1.0391584E-5	9.129067620960996E-5
234.401857536	-3.7062102E-5	1.1044155689887702E-4
234.403823616	4.815531E-5	1.3054176815785468E-4
234.40580608	-3.1336564E-5	1.506989065092057E-4
234.40777216	3.1612127E-4	1.6991580196190625E-4
234.409754624	2.076783E-4	1.8713020836003125E-4
234.411720704	3.678654E-5	2.0130813936702907E-4
234.413686784	7.07045E-5	2.1154654677957296E-4
234.415669248	1.1690147E-4	2.1716587070841342E-4
234.417635328	3.351787E-4	2.1778441441711038E-4
234.419617792	4.5300054E-4	2.1335959900170565E-4
234.421583872	4.500429E-4	2.0419330394361168E-4
234.423549952	1.163187E-4	1.9089810666628182E-4
234.425532416	6.828131E-5	1.7433094035368413E-4
234.427498496	2.3742963E-4	1.5550298849120736E-4
234.42948096	2.2006419E-4	1.354790001641959E-4
234.43144704	9.9139404E-5	1.1527975584613159E-4
234.43341312	2.163389E-4	9.579947800375521E-5
234.435395584	2.8354616E-4	7.774773985147476E-5
234.437361664	9.454007E-5	6.161933561088517E-5
234.439344128	9.144237E-5	4.769193037645891E-5
234.441310208	-7.611897E-5	3.6047102184966207E-5
234.443276288	-2.6576688E-5	2.6606932806316763E-5
234.445258752	-8.172242E-6	1.917883855639957E-5
234.447224832	-4.8637627E-5	1.3500764907803386E-5
234.449207296	-1.2302774E-5	9.281313396058977E-6
234.451173376	-6.71146E-5	6.231331553863129E-6
234.453139456	1.942853E-6	4.0858112697605975E-6
234.45512192	8.083973E-5	2.616414803924272E-6
234.457088	2.803013E-5	1.6363266013286193E-6
234.459070464	5.9194044E-5	9.994719221140258E-7
234.461036544	9.402842E-5	5.962264140180196E-7
234.463002624	8.475466E-5	3.473711842616467E-7
234.464985088	-7.715821E-5	1.9765933245707856E-7
234.466951168	-1.1614396E-4	1.098463187076959E-7
234.468933632	-1.6596576E-4	5.96207883063471E-8
234.470899712	-2.464E-4	0.0
234.472865792	-1.6880107E-5	0.0
234.474848256	6.154168E-5	0.0
234.476814336	3.1176718E-5	0.0
234.4787968	-6.105658E-5	0.0
234.48076288	-3.0265678E-6	0.0
234.48272896	4.2817086E-5	0.0
234.484711424	9.897689E-5	0.0
234.486677504	1.4901941E-4	0.0
234.488659968	2.2840861E-4	0.0
234.490626048	3.607584E-4	0.0
234.492592128	1.8885115E-4	0.0
234.494574592	4.4675075E-5	0.0
234.496540672	4.1403222E-5	0.0
234.498523136	7.047749E-5	6.671616148423709E-8
234.500489216	5.7642577E-5	1.58029408225957E-7
234.502455296	9.172701E-5	3.5631308037409326E-7
234.50443776	1.4107348E-4	7.647300321877992E-7
234.50640384	-3.1651234E-5	1.5622881619492546E-6
234.508386304	-2.0790112E-4	3.037950136786094E-6
234.510352384	-1.9171205E-4	5.622783646686003E-6
234.512318464	-3.4313917E-4	9.9049675554852E-6
234.514300928	-2.6136334E-4	1.660578891460318E-5
234.516267008	2.8149921E-5	2.6493627956369892E-5
234.518249472	2.0797562E-4	4.0223538235295564E-5
234.520215552	2.3409596E-4	5.8111381804337725E-5
234.522181632	-2.585703E-6	7.989005098352209E-5
234.524164096	-4.82091E-5	1.0452274000272155E-4
234.526130176	1.3282732E-4	1.3016076991334558E-4
234.52811264	2.2245117E-4	1.54308567289263E-4
234.53007872	2.1526229E-4	1.7419696087017655E-4
234.532061184	1.2708781E-4	1.8729420844465494E-4
234.534027264	-3.6566405E-5	1.9182557298336178E-4
234.535993344	-2.6744443E-5	1.8715893384069204E-4
234.537975808	5.9153183E-5	1.739453146001324E-4
234.539941888	2.5576423E-6	1.5397375682368875E-4
234.541924352	-1.659E-5	1.2978361337445676E-4
234.543890432	-1.4561231E-5	1.0414347343612462E-4
234.545856512	9.733715E-6	7.954162720125169E-5
234.547838976	1.7027485E-5	5.781527579529211E-5
234.549805056	-7.943541E-5	3.998902684543282E-5
234.55178752	-1.9305584E-4	2.6319807147956453E-5
234.5537536	-1.00624775E-5	1.648458419367671E-5
234.55571968	3.475195E-5	9.82542860583635E-6
234.557702144	2.2202439E-4	5.573532689595595E-6
234.559668224	3.8790714E-4	3.009124156960752E-6
234.561650688	8.555013E-5	1.5463281215488678E-6
234.563616768	-1.628031E-4	7.563621693407185E-7
234.565582848	-9.603053E-5	3.52157087490923E-7
234.567565312	-2.3445382E-4	1.560718345672285E-7
234.569531392	-1.8990866E-4	6.584141232224283E-8
234.571513856	-7.637369E-5	0.0
234.573479936	7.485482E-5	0.0
234.575446016	1.2319395E-4	0.0
234.57742848	-9.170058E-7	0.0
234.57939456	1.0892644E-4	0.0
234.581377024	-6.890134E-5	0.0
234.583343104	-6.646942E-5	0.0
234.585309184	9.8975026E-5	0.0
234.587291648	2.934283E-5	0.0
234.589257728	1.4233624E-4	0.0
234.591240192	2.6490435E-4	0.0
234.593206272	1.5708769E-4	0.0
234.595172352	1.3627147E-4	0.0
234.597154816	3.7890824E-4	0.0
234.599120896	2.2422534E-4	0.0
234.60110336	9.580725E-5	0.0
234.60306944	8.395675E-5	0.0
234.60503552	1.5074282E-4	0.0
234.607017984	-4.2901145E-5	0.0
234.608984064	4.5389865E-5	0.0
234.610966528	7.979886E-5	0.0
234.612932608	7.7279285E-5	0.0
234.614898688	1.8262642E-4	0.0
234.616881152	1.8878968E-4	0.0
234.618847232	1.2298638E-4	0.0
234.620829696	4.0919788E-4	0.0
234.622795776	3.44162E-4	0.0
234.624761856	2.2961327E-4	0.0
234.62674432	1.08683715E-4	0.0
234.6287104	4.1099727E-5	0.0
234.630692864	-3.5417503E-5	0.0
234.632658944	1.8194236E-4	0.0
234.634625024	-3.2225977E-5	0.0
234.636607488	-1.6488484E-4	0.0
234.638573568	1.7149199E-4	0.0
234.640556032	4.673045E-4	0.0
234.642522112	3.641343E-5	0.0
234.644488192	2.3237162E-4	0.0
234.646470656	3.988736E-6	0.0
234.648436736	-5.060809E-6	0.0
234.6504192	3.4040768E-5	0.0
234.65238528	1.7544486E-5	0.0
234.65435136	3.1436208E-5	0.0
234.656333824	2.0816352E-4	0.0
234.658299904	3.9139642E-5	0.0
234.660282368	2.1847662E-5	0.0
234.662248448	1.6897416E-4	0.0
234.664214528	2.0647713E-4	0.0
234.666196992	-5.7106725E-5	0.0
234.668163072	-2.1650258E-4	0.0
234.670145536	7.3806266E-5	0.0
234.672111616	-2.7287774E-6	0.0
234.674077696	-9.341212E-5	0.0
234.67606016	5.9584618E-5	0.0
234.67802624	2.1282525E-4	0.0
234.680008704	4.8371494E-5	0.0
234.681974784	4.8709448E-5	0.0
234.683940864	4.5360877E-5	0.0
234.685923328	-7.5472984E-5	0.0
234.687889408	-5.193125E-5	0.0
234.689871872	1.7730531E-4	0.0
234.691837952	3.6474795E-4	0.0
234.693804032	2.5031075E-4	0.0
234.695786496	-8.915237E-5	0.0
234.697752576	-7.6475204E-5	0.0
234.69973504	-6.7991227E-6	0.0
234.70170112	4.4437355E-5	0.0
234.7036672	3.0130961E-5	0.0
234.705649664	2.0748002E-5	0.0
234.707615744	-7.432862E-5	0.0
234.709598208	-5.7516158E-5	0.0
234.711564288	1.12455804E-4	0.0
234.713530368	1.6151776E-4	0.0
234.715512832	1.4603499E-4	0.0
234.717478912	2.9740657E-4	0.0
234.719461376	3.0863204E-4	0.0
234.721427456	2.11998E-4	0.0
234.723393536	2.1018332E-4	0.0
234.725376	2.5093088E-5	0.0
234.72734208	1.1072608E-5	0.0
234.729324544	2.0689436E-4	0.0
234.731290624	2.326552E-4	0.0
234.733256704	1.8060824E-4	0.0
234.735239168	-3.7141167E-6	0.0
234.737205248	-7.8173354E-5	0.0
234.739187712	2.8512788E-5	0.0
234.741153792	2.2812861E-5	0.0
234.743119872	-4.807534E-5	0.0
234.745102336	-5.4290056E-5	0.0
234.747068416	-1.3908418E-4	0.0
234.74905088	-9.061722E-5	0.0
234.75101696	1.4001608E-4	0.0
234.75298304	1.9526726E-4	0.0
234.754965504	1.6029936E-4	0.0
234.756931584	2.6968762E-4	0.0
234.758914048	1.1797075E-4	0.0
234.760880128	1.07416534E-4	0.0
234.762846208	1.1767878E-4	0.0
234.764828672	-3.3434713E-7	0.0
234.766794752	2.548308E-5	0.0
234.768777216	-4.0380753E-5	0.0
234.770743296	-4.2176925E-5	0.0
234.772709376	-3.1430976E-5	0.0
234.77469184	-4.646776E-5	0.0
234.77665792	-9.439071E-5	0.0
234.778640384	2.9278335E-5	0.0
234.780606464	-1.491207E-4	0.0
234.782572544	1.7291738E-4	0.0
234.784555008	4.1479443E-4	0.0
234.786521088	3.2742915E-4	0.0
234.788503552	2.4469744E-4	0.0
234.790469632	1.2361899E-4	0.0
234.792435712	-6.6301436E-5	0.0
234.794418176	-7.445121E-5	0.0
234.796384256	-5.844457E-5	0.0
234.79836672	-1.9030692E-4	0.0
234.8003328	-1.945392E-4	0.0
234.80229888	3.1821775E-5	0.0
234.804281344	-1.8012326E-4	0.0
234.806247424	-4.4955177E-5	0.0
234.808229888	1.8511178E-6	0.0
234.810195968	3.281468E-5	0.0
234.812162048	-1.5959728E-5	0.0
234.814144512	-4.0951305E-5	0.0
234.816110592	2.3470202E-4	0.0
234.818093056	-4.2017553E-5	0.0
234.820059136	-2.1198124E-4	0.0
234.822025216	-9.065494E-5	0.0
234.82400768	-1.2300012E-4	0.0
234.82597376	6.910425E-5	0.0
234.827956224	1.0767521E-4	0.0
234.829922304	4.329567E-5	0.0
234.831888384	1.03717204E-4	0.0
234.833870848	4.6412705E-4	0.0
234.835836928	3.0044348E-5	0.0
234.837819392	-5.7036992E-5	0.0
234.839785472	-7.420743E-5	0.0
234.841767936	-2.7503937E-5	0.0
234.843734016	7.364596E-5	0.0
234.845700096	8.3114835E-5	0.0
234.84768256	-9.360537E-5	0.0
234.84964864	1.0941445E-4	0.0
234.851631104	1.2916874E-4	0.0
234.853597184	6.0026647E-5	0.0
234.855563264	-1.1723256E-7	0.0
234.857545728	-1.5463063E-4	0.0
234.859511808	6.8875845E-5	0.0
234.861494272	1.737728E-4	0.0
234.863460352	6.653904E-5	0.0
234.865426432	1.1296931E-4	0.0
234.867408896	1.7825047E-5	0.0
234.869374976	-9.664195E-5	0.0
234.87135744	7.516693E-5	0.0
234.87332352	1.6486656E-4	0.0
234.8752896	1.6889803E-4	0.0
234.877272064	-8.236582E-5	0.0
234.879238144	-2.3431459E-4	0.0
234.881220608	-1.0659222E-5	0.0
234.883186688	2.2324047E-4	0.0
234.885152768	1.8515869E-4	0.0
234.887135232	-2.6581694E-5	0.0
234.889101312	1.2568035E-4	0.0
234.891083776	2.1383993E-4	0.0
234.893049856	2.1880956E-5	0.0
234.895015936	1.0664738E-4	0.0
234.8969984	1.3065687E-4	0.0
234.89896448	4.4462617E-5	0.0
234.900946944	1.416558E-4	0.0
234.902913024	1.753465E-4	0.0
234.904879104	2.0135541E-5	0.0
234.906861568	-1.6592117E-4	0.0
234.908827648	-2.7807453E-4	0.0
234.910810112	-2.0334322E-4	0.0
234.912776192	-1.6385166E-4	0.0
234.914742272	-6.6291075E-5	0.0
234.916724736	3.1438885E-5	0.0
234.918690816	-4.3596843E-5	0.0
234.92067328	-2.2960559E-4	0.0
234.92263936	-1.6846019E-4	0.0
234.92460544	1.2425147E-4	0.0
234.926587904	2.27854E-4	0.0
234.928553984	1.6241602E-4	0.0
234.930536448	-5.150575E-5	0.0
234.932502528	-8.285185E-5	0.0
234.934468608	1.9403871E-5	0.0
234.936451072	4.99204E-5	0.0
234.938417152	2.0019349E-4	0.0
234.940399616	2.4276192E-4	0.0
234.942365696	2.1416692E-5	0.0
234.944331776	-6.301992E-5	0.0
234.94631424	3.7670714E-5	0.0
234.94828032	1.0447565E-4	0.0
234.950262784	2.1305692E-4	0.0
234.952228864	1.7872138E-4	0.0
234.954194944	-1.06164836E-4	0.0
234.956177408	-5.7572153E-5	0.0
234.958143488	3.4746245E-5	0.0
234.960125952	-2.2218797E-5	0.0
234.962092032	-4.8068123E-5	0.0
234.964058112	-7.541862E-5	0.0
234.966040576	8.859101E-5	0.0
234.968006656	1.0144152E-4	0.0
234.96998912	5.1523206E-5	0.0
234.9719552	4.372664E-5	0.0
234.97392128	1.4562893E-4	0.0
234.975903744	4.4776557E-4	0.0
234.977869824	3.7244486E-4	0.0
234.979852288	2.1748769E-4	0.0
234.981818368	1.0241079E-4	0.0
234.983784448	-2.8862503E-5	0.0
234.985766912	-5.0856735E-5	0.0
234.987732992	-6.000663E-5	0.0
234.989715456	3.2742388E-5	0.0
234.991681536	3.432261E-5	0.0
234.993647616	1.6168377E-4	0.0
234.99563008	1.0212764E-5	0.0
234.99759616	5.2648476E-5	0.0
234.999578624	1.409757E-4	0.0
235.001544704	-8.089005E-6	0.0
235.003510784	-4.102616E-5	0.0
235.005493248	-7.507345E-5	0.0
235.007459328	-6.039057E-5	0.0
235.009441792	6.0298942E-5	0.0
235.011407872	-2.0407491E-5	0.0
235.013373952	-1.2811495E-4	0.0
235.015356416	7.562351E-5	0.0
235.017322496	-4.9221333E-5	0.0
235.01930496	-9.690074E-5	0.0
235.02127104	4.6315017E-5	0.0
235.02323712	-9.010199E-6	0.0
235.025219584	1.4724175E-4	0.0
235.027185664	3.6801712E-4	0.0
235.029168128	5.0726925E-5	0.0
235.031134208	-8.2075014E-5	0.0
235.033100288	2.0624709E-4	0.0
235.035082752	2.0711136E-4	0.0
235.037048832	9.032339E-5	0.0
235.039031296	3.335194E-5	0.0
235.040997376	1.04326406E-4	0.0
235.042963456	3.149265E-6	0.0
235.04494592	-2.8538017E-4	0.0
235.046912	2.2016697E-5	0.0
235.048894464	8.575211E-5	0.0
235.050860544	3.4799462E-4	0.0
235.052826624	3.8467685E-4	0.0
235.054809088	1.3208133E-4	0.0
235.056775168	-2.7215597E-6	0.0
235.058757632	1.7998402E-4	0.0
235.060723712	2.6817082E-5	0.0
235.062689792	-1.700751E-4	0.0
235.064672256	-2.5644887E-4	0.0
235.066638336	-2.2906612E-4	0.0
235.0686208	1.1487701E-4	0.0
235.07058688	1.6356644E-4	0.0
235.07255296	1.965952E-5	0.0
235.074535424	-1.4054507E-4	0.0
235.076501504	-5.2481544E-5	0.0
235.078483968	1.3120717E-4	0.0
235.080450048	1.554027E-4	0.0
235.082416128	3.1678996E-4	0.0
235.084398592	1.8333888E-4	0.0
235.086364672	6.158883E-5	0.0
235.088347136	8.230982E-5	0.0
235.090313216	1.7321703E-4	0.0
235.092279296	4.614284E-5	0.0
235.09426176	-5.440007E-5	6.355567450100352E-8
235.09622784	7.37228E-5	1.1764898033561622E-7
235.098210304	1.21049234E-4	2.127303417864823E-7
235.100176384	-1.5761564E-4	3.757315596430999E-7
235.102142464	-2.4532015E-4	6.4823359480215E-7
235.104124928	-1.9630883E-4	1.0924295565928333E-6
235.106091008	-1.1612149E-4	1.7982721374210087E-6
235.108073472	1.3526867E-4	2.891460781029309E-6
235.110039552	2.3424847E-4	4.541261660051532E-6
235.112005632	1.3543468E-4	6.9667139541707E-6
235.113988096	4.5053657E-5	1.0439176548970863E-5
235.115954176	1.6586424E-4	1.5278630598913878E-5
235.11793664	1.4292786E-4	2.1841156922164373E-5
235.11990272	3.9864076E-6	3.0495239116135053E-5
235.1218688	3.3469867E-5	4.158591036684811E-5
235.123851264	-7.919621E-6	5.538760524359532E-5
235.125817344	-1.3399426E-6	7.204896974144503E-5
235.127799808	9.4054034E-5	9.153608698397875E-5
235.129765888	1.7986062E-4	1.1358251504134387E-4
235.131731968	3.4640112E-4	1.3765627227257937E-4
235.133714432	2.4880085E-4	1.6295300156343728E-4
235.135680512	2.8512476E-4	1.8842265126295388E-4
235.137662976	3.6928908E-4	2.1282983652781695E-4
235.139629056	3.8807013E-4	2.348493435420096E-4
235.141595136	5.0917326E-4	2.5318097323179245E-4
235.1435776	6.2644423E-4	2.666749351192266E-4
235.14554368	6.638913E-4	2.7444909210316837E-4
235.147526144	3.4655991E-4	2.759820781648159E-4
235.149492224	1.9164521E-5	2.7117007994093E-4
235.151474688	1.5738129E-4	2.6033789617940784E-4
235.153440768	2.8891407E-4	2.4420380941592157E-4
235.155406848	1.3000157E-4	2.2380243171937764E-4
235.157389312	2.532976E-5	2.0037704962305725E-4
235.159355392	6.494485E-5	1.7525629664305598E-4
235.161337856	7.683993E-5	1.4973219367675483E-4
235.163303936	1.0215468E-4	1.2495354167185724E-4
235.165270016	1.7511321E-4	1.0184847633354366E-4
235.16725248	2.3402285E-4	8.108108886517584E-5
235.16921856	6.4918306E-5	6.30428476142697E-5
235.171201024	7.153698E-7	4.787410216522403E-5
235.173167104	2.9794232E-4	3.550706242094748E-5
235.175133184	2.2777857E-4	2.572080302343238E-5
235.177115648	1.303537E-5	1.8197675672126934E-5
235.179081728	9.1208145E-5	1.2575242180901114E-5
235.181064192	4.826905E-5	8.48776562634157E-6
235.183030272	1.4954593E-5	5.5956961659830995E-6
235.184996352	6.57466E-5	3.6033384276379365E-6
235.186978816	7.46398E-5	2.2664723928755848E-6
235.188944896	7.3926756E-5	1.3924944823884289E-6
235.19092736	9.723543E-5	8.356788612218224E-7
235.19289344	9.890471E-5	4.898795964436431E-7
235.19485952	4.3962846E-5	2.805080328016629E-7
235.196841984	1.871466E-4	1.5689434462728968E-7
235.198808064	1.7157022E-4	8.571890930397785E-8
235.200790528	1.5498244E-4	0.0
235.202756608	8.495443E-5	0.0
235.204722688	1.6442791E-4	0.0
235.206705152	2.0093785E-4	0.0
235.208671232	9.4696064E-5	0.0
235.210653696	-3.107009E-5	0.0
235.212619776	4.211126E-5	0.0
235.214585856	4.5623045E-5	0.0
235.21656832	9.0699876E-5	0.0
235.2185344	-2.5221498E-5	0.0
235.220516864	7.369614E-5	0.0
235.222482944	2.791126E-4	0.0
235.224449024	3.2783404E-4	0.0
235.226431488	2.1386042E-4	0.0
235.228397568	1.9888043E-5	0.0
235.230380032	-9.050069E-5	0.0
235.232346112	-4.164444E-5	0.0
235.234312192	7.4779266E-5	0.0
235.236294656	-1.9148923E-4	0.0
235.238260736	-2.5350682E-4	0.0
235.2402432	1.715048E-4	0.0
235.24220928	-1.2263097E-4	0.0
235.24417536	-1.00992154E-4	0.0
235.246157824	1.685425E-4	0.0
235.248123904	1.8031977E-4	0.0
235.250106368	1.2282922E-4	0.0
235.252072448	4.3294835E-6	0.0
235.254038528	1.1000014E-4	0.0
235.256020992	-1.15888426E-4	0.0
235.257987072	1.9500612E-5	0.0
235.259969536	2.86837E-4	0.0
235.261935616	6.3854735E-5	0.0
235.263901696	1.08964974E-4	0.0
235.26588416	-7.97841E-6	0.0
235.26785024	7.2850264E-5	0.0
235.269832704	8.5069216E-5	0.0
235.271798784	-2.57086E-4	0.0
235.273764864	-1.235602E-4	0.0
235.275747328	1.2859714E-4	0.0
235.277713408	-6.985827E-5	0.0
235.279695872	-3.207522E-5	0.0
235.281661952	3.8570488E-5	0.0
235.283628032	2.707619E-4	0.0
235.285610496	1.8741342E-4	0.0
235.287576576	2.0695629E-4	0.0
235.28955904	-9.475744E-6	0.0
235.29152512	-1.0719293E-5	0.0
235.2934912	1.7679075E-4	0.0
235.295473664	2.4505693E-4	0.0
235.297439744	-1.1045023E-5	0.0
235.299422208	-1.1628168E-4	0.0
235.301388288	2.459155E-6	0.0
235.303354368	-1.3322209E-4	0.0
235.305336832	-5.8460402E-5	0.0
235.307302912	2.5259329E-5	0.0
235.309285376	3.3896172E-4	0.0
235.311251456	2.6803103E-4	0.0
235.313217536	7.6452154E-5	0.0
235.3152	1.6384523E-5	0.0
235.31716608	2.5303883E-4	0.0
235.319148544	1.5135121E-4	0.0
235.321114624	-2.1975592E-4	0.0
235.323080704	-5.2180494E-5	0.0
235.325063168	1.4715397E-4	0.0
235.327029248	1.1489203E-4	0.0
235.329011712	1.4835654E-4	0.0
235.330977792	1.4041387E-4	0.0
235.332943872	1.6814924E-4	0.0
235.334926336	9.3104434E-5	0.0
235.336892416	5.821697E-5	0.0
235.33887488	1.5112187E-4	0.0
235.34084096	1.1811347E-4	0.0
235.34280704	1.6637065E-4	0.0
235.344789504	-7.493817E-5	0.0
235.346755584	-2.2486423E-4	0.0
235.348738048	1.7105716E-5	0.0
235.350704128	3.017144E-4	0.0
235.352670208	2.660862E-4	0.0
235.354652672	7.350126E-5	0.0
235.356618752	1.04708364E-4	0.0
235.358601216	2.7967615E-5	0.0
235.360567296	-1.1306841E-5	0.0
235.362533376	-1.0455726E-4	0.0
235.36451584	-4.020485E-5	0.0
235.36648192	1.6066513E-4	0.0
235.368464384	1.2004725E-6	0.0
235.370430464	-5.2472347E-5	0.0
235.372396544	2.6049207E-5	0.0
235.374379008	5.980441E-5	0.0
235.376345088	5.5111825E-5	0.0
235.378327552	1.3685433E-5	0.0
235.380293632	2.6533357E-6	0.0
235.382259712	-1.9098052E-5	0.0
235.384242176	-6.645429E-5	0.0
235.386208256	-1.002081E-4	0.0
235.38819072	1.9431405E-4	0.0
235.3901568	2.4484855E-4	0.0
235.39212288	6.2522246E-5	0.0
235.394105344	1.3620884E-4	0.0
235.396071424	2.3503008E-4	0.0
235.398053888	1.1346582E-4	0.0
235.400019968	-5.506247E-5	0.0
235.401986048	-1.4425465E-4	0.0
235.403968512	1.2305868E-4	0.0
235.405934592	1.404545E-4	0.0
235.407917056	6.841298E-5	0.0
235.409883136	2.2572803E-4	0.0
235.411849216	2.7720572E-4	0.0
235.41383168	2.2823515E-4	0.0
235.41579776	-6.487302E-5	0.0
235.417780224	-1.3557344E-4	0.0
235.419746304	-7.673586E-5	0.0
235.421712384	-8.581765E-5	0.0
235.423694848	-8.3473395E-5	0.0
235.425660928	2.0572089E-4	0.0
235.427643392	8.086895E-5	0.0
235.429609472	2.3822182E-5	0.0
235.431575552	9.659503E-5	0.0
235.433558016	3.149485E-4	0.0
235.435524096	2.492693E-4	0.0
235.43750656	-6.553554E-5	0.0
235.43947264	-2.2325667E-5	0.0
235.44143872	-1.2494694E-4	0.0
235.443421184	-1.7318735E-4	1.343947246823518E-7
235.445387264	5.4484462E-5	2.2770709051656013E-7
235.447369728	4.228926E-5	3.790046889662335E-7
235.449335808	2.9330839E-5	6.197049629008688E-7
235.451301888	2.2264419E-4	9.954007964552147E-7
235.453284352	3.3914108E-5	1.57065778694232E-6
235.455250432	-1.0930316E-4	2.4346356894966448E-6
235.457232896	-2.550918E-4	3.7072593386255903E-6
235.459198976	1.368284E-4	5.545427484321408E-6
235.46118144	1.166804E-4	8.148475899361074E-6
235.46314752	4.2050832E-4	1.17617355499533E-5
235.4651136	3.66561E-4	1.6676885934430175E-5
235.467096064	-1.3906628E-5	2.3227361452882178E-5
235.469062144	1.153755E-4	3.1777417461853474E-5
235.471044608	5.954176E-6	4.2703486542450264E-5
235.473010688	4.6221517E-6	5.6367214710917324E-5
235.474976768	-2.041308E-5	7.308051863219589E-5
235.476959232	3.718395E-4	9.306448191637173E-5
235.478925312	9.095739E-5	1.1640490993158892E-4
235.480907776	2.6131513E-5	1.4300958719104528E-4
235.482873856	1.1056685E-4	1.7257247236557305E-4
235.484839936	4.29368E-4	2.0473770564422011E-4
235.4868224	2.3192947E-4	2.3852735466789454E-4
235.48878848	2.327481E-4	2.7309256256558E-4
235.490770944	-2.4957351E-5	3.0735190375708044E-4
235.492737024	2.1046808E-4	3.401666763238609E-4
235.494703104	1.8454797E-4	3.7044539931230247E-4
235.496685568	6.221003E-4	3.9726102841086686E-4
235.498651648	6.9882453E-4	4.1996626532636583E-4
235.500634112	3.789143E-4	4.382919578347355E-4
235.502600192	5.4639496E-4	4.524076939560473E-4
235.504566272	5.2396476E-4	4.629290197044611E-4
235.506548736	4.8954727E-4	4.7085637925192714E-4
235.508514816	5.00057E-4	4.7744045150466263E-4
235.51049728	3.7474383E-4	4.839843895751983E-4
235.51246336	4.2736612E-4	4.916450707241893E-4
235.51442944	3.327137E-4	5.010662134736776E-4
235.516411904	5.895026E-4	5.12339873239398E-4
235.518377984	4.7216087E-4	5.248141242191195E-4
235.520360448	6.7088695E-4	5.371351726353168E-4
235.522326528	6.483741E-4	5.474070785567164E-4
235.524292608	4.842271E-4	5.534708616323769E-4
235.526275072	5.19161E-4	5.532551440410316E-4
235.528241152	5.9108797E-4	5.451405304484069E-4
235.530223616	4.458808E-4	5.282667116262019E-4
235.532189696	6.117517E-4	5.02726121339947E-4
235.534155776	3.8297835E-4	4.6960715553723276E-4
235.53613824	3.9038726E-4	4.3087336234748363E-4
235.53810432	4.263554E-4	3.8909862632863224E-4
235.540086784	4.4097655E-5	3.471020027063787E-4
235.542052864	-1.7395964E-6	3.0754771432839334E-4
235.544018944	2.3206172E-4	2.725809463299811E-4
235.546001408	3.0297798E-4	2.435636706650257E-4
235.547967488	3.3364503E-4	2.2095363237895072E-4
235.549949952	2.682038E-4	2.0433506870176643E-4
235.551916032	3.8586336E-4	1.925870164996013E-4
235.553882112	2.8073567E-4	1.8414322403259575E-4
235.555864576	2.2733014E-4	1.772888790583238E-4
235.557830656	1.7052179E-4	1.7044052947312593E-4
235.55981312	1.773989E-4	1.623643038328737E-4
235.5617792	2.943644E-4	1.5230644203256816E-4
235.56374528	2.487452E-4	1.4002839452587068E-4
235.565727744	2.6933744E-4	1.2570372200571E-4
235.567693824	2.529662E-4	1.1003592953784391E-4
235.569676288	1.2884254E-4	9.371866326546296E-5
235.571642368	1.3837393E-4	7.75848311604932E-5
235.573608448	1.6932737E-4	6.238665082491934E-5
235.575590912	1.4931697E-4	4.8705482186051086E-5
235.577556992	1.7098931E-4	3.685425690491684E-5
235.579539456	2.2543676E-4	2.7115573175251484E-5
235.581505536	1.5631632E-4	1.935497493832372E-5
235.583471616	2.2639519E-5	1.3403357115748804E-5
235.58545408	3.4908644E-5	9.005087122204714E-6
235.58742016	1.7282215E-4	5.86979240324581E-6
235.589402624	4.8971964E-5	3.7121503737580497E-6
235.591368704	1.510442E-5	2.2777287540520774E-6
235.593334784	1.19185774E-4	1.3559947547037154E-6
235.595317248	-7.539743E-5	7.832434789634135E-7
235.597283328	-1.3097469E-4	4.389572154650523E-7
235.599265792	1.73543E-4	2.386906032825209E-7
235.601231872	2.6402192E-4	1.259327149227829E-7
235.603197952	8.504698E-5	6.446617817346123E-8
235.605180416	3.8287366E-5	3.201966691790403E-8
235.607146496	-2.3758062E-6	0.0
235.60912896	-2.085059E-4	0.0
235.61109504	-2.3258431E-4	0.0
235.61306112	-1.7358433E-4	0.0
235.615043584	1.9143334E-5	0.0
235.617009664	6.0659345E-6	0.0
235.618992128	-1.3722747E-4	0.0
235.620958208	-1.3969958E-5	0.0
235.622924288	-1.7373776E-4	0.0
235.624906752	-2.9975804E-6	0.0
235.626872832	9.567663E-5	0.0
235.628855296	9.630434E-5	0.0
235.630821376	2.1292537E-4	0.0
235.632787456	2.5294127E-4	0.0
235.63476992	1.4759053E-4	0.0
235.636736	-1.9126108E-5	0.0
235.638718464	6.675336E-5	0.0
235.640684544	1.3447483E-4	0.0
235.642650624	-1.06158666E-4	0.0
235.644633088	-1.2210244E-4	0.0
235.646599168	-7.892982E-7	0.0
235.648581632	-7.617159E-5	0.0
235.650547712	-7.900258E-5	0.0
235.652513792	-6.785861E-5	0.0
235.654496256	4.084757E-5	0.0
235.656462336	1.2168882E-4	0.0
235.6584448	-1.6857404E-4	0.0
235.66041088	-1.1392639E-5	0.0
235.66237696	7.845799E-5	0.0
235.664359424	-1.4784955E-4	0.0
235.666325504	-3.3610035E-4	0.0
235.668307968	-1.4478143E-4	0.0
235.670274048	-9.4610965E-5	0.0
235.672240128	-6.924779E-5	0.0
235.674222592	-2.4063454E-4	0.0
235.676188672	1.8806953E-4	0.0
235.678171136	-2.0384137E-4	2.017380040797434E-7
235.680137216	-1.5493995E-4	4.664754555960826E-7
235.682103296	2.105768E-4	1.0272218560203328E-6
235.68408576	7.1649905E-5	2.1541889054788044E-6
235.68605184	6.675685E-5	4.302012712287251E-6
235.688034304	-7.28725E-5	8.180943950719666E-6
235.690000384	-2.824443E-4	1.4812968402111437E-5
235.691966464	-1.7903873E-4	2.5535306122037582E-5
235.693948928	4.2619312E-4	4.190291656414047E-5
235.695915008	2.2911362E-4	6.544798816321418E-5
235.697897472	3.5177136E-4	9.728704753797501E-5
235.699863552	2.1071055E-5	1.3762865273747593E-4
235.701829632	2.0011293E-4	1.8530826491769403E-4
235.703812096	-1.80105E-5	2.3752488777972758E-4
235.705778176	-5.4996464E-5	2.8993896557949483E-4
235.70776064	1.9768893E-4	3.371972998138517E-4
235.70972672	1.4911115E-4	3.738077648449689E-4
235.7116928	-7.745123E-5	3.951633698306978E-4
235.713675264	-5.4348613E-5	3.9845434366725385E-4
235.715641344	-4.4623044E-5	3.832403162959963E-4
235.717623808	1.0922784E-4	3.515407152008265E-4
235.719589888	1.851702E-5	3.0742178205400705E-4
235.721555968	-1.6738998E-4	2.5618114159442484E-4
235.723538432	2.9859015E-5	2.0333335851319134E-4
235.725504512	2.535939E-4	1.5365498256869614E-4
235.727486976	7.1729766E-5	1.1052070476580411E-4
235.729453056	1.6819488E-4	7.565582927782089E-5
235.731419136	2.361451E-4	4.9287787987850606E-5
235.7334016	2.2989463E-5	3.056107379961759E-5
235.73536768	1.4326454E-4	1.8037715562968515E-5
235.737350144	3.1657785E-4	1.0135275260836352E-5
235.739316224	3.091324E-4	5.4222737162490375E-6
235.741282304	2.9869017E-4	2.762227268249262E-6
235.743264768	2.260343E-5	1.3399798035607091E-6
235.745230848	1.8701132E-4	6.190371095726732E-7
235.747213312	2.9847643E-4	2.7234946742282773E-7
235.749179392	1.2688828E-4	1.1411259492888348E-7
235.751145472	2.3689063E-4	0.0
235.753127936	1.281416E-4	0.0
235.755094016	-2.0115776E-4	0.0
235.75707648	-1.01033715E-4	0.0
235.75904256	-9.071187E-5	0.0
235.76100864	2.8305199E-6	0.0
235.762991104	4.4333978E-5	0.0
235.764957184	6.0435827E-6	0.0
235.766939648	-1.5362224E-4	0.0
235.768905728	-1.2326753E-4	0.0
235.770888192	-1.726523E-4	0.0
235.772854272	-1.1197361E-4	0.0
235.774820352	1.2476603E-4	0.0
235.776802816	3.074865E-4	0.0
235.778768896	2.0805711E-4	0.0
235.78075136	-9.020677E-6	0.0
235.78271744	-1.903577E-5	0.0
235.78468352	-1.6341661E-4	0.0
235.786665984	-2.118306E-4	0.0
235.788632064	-5.0789797E-5	0.0
235.790614528	5.0422383E-5	0.0
235.792580608	-1.9246386E-4	0.0
235.794546688	-4.4039648E-4	0.0
235.796529152	-1.3092521E-4	0.0
235.798495232	6.5791304E-5	0.0
235.800477696	-1.11436355E-4	0.0
235.802443776	-2.2334058E-4	0.0
235.804409856	-1.1734222E-4	0.0
235.80639232	-1.3270217E-4	0.0
235.8083584	-2.2436632E-4	0.0
235.810340864	-2.6987377E-4	0.0
235.812306944	-2.7653726E-4	0.0
235.814273024	-7.869548E-5	0.0
235.816255488	-2.0779553E-4	0.0
235.818221568	-2.8685748E-4	0.0
235.820204032	-1.3204198E-4	0.0
235.822170112	-5.759439E-5	0.0
235.824136192	3.0043533E-5	0.0
235.826118656	4.5123506E-5	0.0
235.828084736	-7.718697E-5	0.0
235.8300672	-1.4911313E-4	0.0
235.83203328	-7.6244236E-5	0.0
235.83399936	2.7291708E-5	0.0
235.835981824	-4.5395576E-5	0.0
235.837947904	-1.2696837E-4	0.0
235.839930368	-4.6985457E-7	0.0
235.841896448	6.663706E-5	0.0
235.843862528	1.8736462E-5	0.0
235.845844992	2.2009595E-5	0.0
235.847811072	-2.135901E-4	0.0
235.849793536	-1.3122789E-4	0.0
235.851759616	-1.4435954E-4	0.0
235.853725696	-8.510263E-5	0.0
235.85570816	-2.9926922E-4	0.0
235.85767424	-3.417026E-4	0.0
235.859656704	-6.125728E-5	0.0
235.861622784	-1.2575125E-4	0.0
235.863588864	-1.2472796E-4	0.0
235.865571328	2.1146492E-5	0.0
235.867537408	5.5961773E-5	0.0
235.869519872	-2.1410536E-4	0.0
235.871485952	-6.468629E-5	0.0
235.873452032	3.0910515E-4	0.0
235.875434496	2.0817167E-4	0.0
235.877400576	4.3875526E-4	0.0
235.87938304	1.17722666E-4	0.0
235.88134912	-3.4742453E-4	0.0
235.8833152	-1.8411013E-4	0.0
235.885297664	3.557221E-5	0.0
235.887263744	-1.5258254E-4	0.0
235.889246208	1.356143E-4	0.0
235.891212288	2.7950283E-4	0.0
235.893178368	1.879445E-4	0.0
235.895160832	-1.8884662E-5	0.0
235.897126912	-3.5824778E-4	0.0
235.899109376	1.5685183E-4	0.0
235.901075456	6.5888686E-4	0.0
235.903041536	3.88587E-4	0.0
235.905024	3.3088374E-5	0.0
235.90699008	3.587656E-4	0.0
235.908972544	-9.009836E-5	0.0
235.910938624	2.900156E-4	0.0
235.912904704	4.75191E-5	0.0
235.914887168	6.939506E-5	0.0
235.916853248	5.473319E-4	0.0
235.918835712	4.8327202E-4	0.0
235.920801792	4.018828E-4	0.0
235.922767872	1.9459089E-4	0.0
235.924750336	3.725289E-4	0.0
235.926716416	-3.6736255E-5	0.0
235.92869888	2.8962328E-4	0.0
235.93066496	6.484474E-4	0.0
235.93263104	5.091302E-4	0.0
235.934613504	2.4552748E-4	0.0
235.936579584	9.03632E-5	0.0
235.938562048	2.351132E-4	0.0
235.940528128	-8.608238E-5	0.0
235.942494208	-1.1968531E-4	0.0
235.944476672	2.6040303E-4	0.0
235.946442752	3.2639957E-4	0.0
235.948425216	3.4804025E-4	0.0
235.950391296	5.6586496E-4	0.0
235.952357376	7.7582535E-4	0.0
235.95433984	4.6907587E-4	0.0
235.95630592	1.8334587E-4	0.0
235.958288384	3.6086534E-5	0.0
235.960254464	-2.4832983E-4	0.0
235.962220544	-1.8650435E-5	0.0
235.964203008	-3.530295E-5	0.0
235.966169088	3.8392605E-5	0.0
235.968151552	-1.1119724E-4	0.0
235.970117632	-1.9982236E-4	0.0
235.972083712	-3.1145872E-4	0.0
235.974066176	1.5314317E-5	0.0
235.976032256	2.9520097E-4	0.0
235.97801472	6.1756466E-5	0.0
235.9799808	-9.8284334E-5	0.0
235.98194688	-8.460798E-5	0.0
235.983929344	4.6303026E-5	0.0
235.985895424	-1.6561849E-4	0.0
235.987877888	-4.3292068E-5	0.0
235.989843968	4.738534E-5	0.0
235.991810048	-7.058729E-6	0.0
235.993792512	-1.6695785E-4	0.0
235.995758592	-1.3822387E-4	0.0
235.997741056	1.9686471E-4	0.0
235.999707136	5.3797185E-4	0.0
236.001673216	3.309477E-4	0.0
236.00365568	1.6202207E-4	0.0
236.00562176	1.4892893E-5	0.0
236.007604224	-1.5874137E-4	0.0
236.009570304	-2.5071553E-4	0.0
236.011536384	-2.965827E-4	0.0
236.013518848	-2.7887768E-4	0.0
236.015484928	-5.007105E-5	0.0
236.017467392	2.1076796E-4	0.0
236.019433472	3.131166E-4	0.0
236.021399552	3.9914262E-4	0.0
236.023382016	2.504714E-4	0.0
236.025348096	-2.5742943E-6	0.0
236.02733056	-1.7434685E-4	0.0
236.02929664	-3.730862E-4	0.0
236.03126272	-3.518951E-4	0.0
236.033245184	-1.6786798E-4	0.0
236.035211264	4.7812584E-5	0.0
236.037193728	1.7278676E-4	0.0
236.039159808	1.3700803E-4	0.0
236.041125888	2.6407999E-5	0.0
236.043108352	-7.3459814E-5	0.0
236.045074432	-7.196062E-5	0.0
236.047056896	5.0608046E-6	0.0
236.049022976	8.3420775E-5	0.0
236.050989056	2.8370878E-5	0.0
236.05297152	-1.4137488E-4	0.0
236.0549376	1.057256E-4	0.0
236.056920064	1.8880458E-4	0.0
236.058886144	-1.4176828E-5	0.0
236.060852224	-1.15506235E-4	0.0
236.062834688	-1.1209992E-4	0.0
236.064800768	-3.932708E-5	0.0
236.066783232	1.7787132E-4	0.0
236.068749312	2.3187057E-4	0.0
236.070715392	4.0197974E-5	0.0
236.072697856	2.9014072E-5	0.0
236.074663936	3.5432513E-5	0.0
236.0766464	-2.3210386E-4	0.0
236.07861248	-2.5541417E-4	0.0
236.080594944	-1.8531808E-5	0.0
236.082561024	3.4137606E-6	0.0
236.084527104	6.2296866E-5	0.0
236.086509568	5.3660126E-5	0.0
236.088475648	9.603705E-5	0.0
236.090458112	8.8684494E-5	0.0
236.092424192	1.5250721E-4	0.0
236.094390272	6.127008E-5	0.0
236.096372736	1.071241E-4	0.0
236.098338816	2.2825783E-5	0.0
236.10032128	-1.3605112E-5	0.0
236.10228736	8.799543E-5	0.0
236.10425344	1.882063E-5	0.0
236.106235904	-3.5037542E-6	0.0
236.108201984	-5.3883883E-5	0.0
236.110184448	-1.332371E-4	0.0
236.112150528	1.3017713E-4	0.0
236.114116608	7.676857E-5	0.0
236.116099072	-9.329931E-5	0.0
236.118065152	1.930435E-4	0.0
236.120047616	-1.3054535E-4	0.0
236.122013696	-3.9963762E-4	0.0
236.123979776	-1.5901902E-4	0.0
236.12596224	-7.246912E-5	0.0
236.12792832	2.3480051E-4	0.0
236.129910784	-1.0360475E-4	0.0
236.131876864	-3.474404E-5	0.0
236.133842944	-1.371844E-4	0.0
236.135825408	-1.5525322E-4	0.0
236.137791488	-5.7223556E-4	0.0
236.139773952	-3.418012E-4	1.0366964886543428E-7
236.141740032	-6.629003E-5	2.3731848841634928E-7
236.143706112	-1.7961522E-4	5.197350105845544E-7
236.145688576	-6.120559E-5	1.0889435770877753E-6
236.147654656	-1.7174333E-4	2.1826751890330343E-6
236.14963712	2.3286685E-4	4.185344096185872E-6
236.1516032	5.778038E-4	7.677543180761859E-6
236.15356928	3.6063313E-4	1.3472492355504073E-5
236.155551744	1.1456339E-4	2.2614733097725548E-5
236.157517824	1.3142801E-4	3.6310670111561194E-5
236.159500288	1.1095207E-4	5.5980148317757994E-5
236.161466368	-1.7429097E-4	8.230568346334621E-5
236.163432448	1.7971278E-4	1.1578173143789172E-4
236.165414912	2.853243E-4	1.558641524752602E-4
236.167380992	2.3590948E-4	2.0085697178728878E-4
236.169363456	1.9931828E-4	2.4790220777504146E-4
236.171329536	6.3333136E-4	2.932581992354244E-4
236.173295616	8.7237766E-4	3.3287040423601866E-4
236.17527808	4.7339627E-4	3.631269501056522E-4
236.17724416	6.3737656E-4	3.8163576391525567E-4
236.179226624	3.850403E-4	3.8782344199717045E-4
236.181192704	2.2026512E-4	3.8319494342431426E-4
236.183158784	2.6145193E-4	3.7117302417755127E-4
236.185141248	1.7040141E-4	3.5654177190735936E-4
236.187107328	2.4510955E-4	3.44620319083333E-4
236.189089792	4.512075E-4	3.4035343560390174E-4
236.191055872	2.7980458E-4	3.4751143539324403E-4
236.193021952	3.1536876E-4	3.681560046970844E-4
236.195004416	3.4820323E-4	4.024314694106579E-4
236.196970496	3.0779827E-4	4.4866843381896615E-4
236.19895296	3.9989536E-4	5.037179798819125E-4
236.20091904	7.210333E-4	5.63418900128454E-4
236.20288512	6.534696E-4	6.230968865565956E-4
236.204867584	6.269164E-4	6.780475960113108E-4
236.206833664	8.222965E-4	7.239519618451595E-4
236.208816128	7.748228E-4	7.572157774120569E-4
236.210782208	9.37858E-4	7.752206292934716E-4
236.212748288	9.516963E-4	7.764854817651212E-4
236.214730752	7.7851734E-4	7.607308798469603E-4
236.216696832	8.3675573E-4	7.287856424227357E-4
236.218679296	3.2611878E-4	6.827481556683779E-4
236.220645376	3.6037236E-4	6.252670427784324E-4
236.222611456	5.9477624E-4	5.596787668764591E-4
236.22459392	5.6245376E-4	4.895550082437694E-4
236.22656	6.1298965E-4	4.183869459666312E-4
236.228542464	4.090442E-4	3.493022813927382E-4
236.230508544	1.7469039E-4	2.848517906386405E-4
236.232474624	3.0500873E-4	2.2687893942929804E-4
236.234457088	1.3655017E-4	1.764839398674667E-4
236.236423168	2.2936717E-4	1.3407442020252347E-4
236.238405632	2.0603731E-4	9.947693615686148E-5
236.240371712	-7.84517E-5	7.20853713573888E-5
236.242337792	-1.5149149E-4	5.101993156131357E-5
236.244320256	-1.4988007E-4	3.527136504999362E-5
236.246286336	1.099169E-4	2.3818638510419987E-5
236.2482688	2.5327026E-4	1.5712352251284756E-5
236.25023488	8.80881E-5	1.0125430890184361E-5
236.25220096	3.631633E-4	6.3745424085936975E-6
236.254183424	6.846315E-5	3.920637936971616E-6
236.256149504	-1.6925973E-4	2.355841616008547E-6
236.258131968	-9.458128E-5	1.3830089073962881E-6
236.260098048	-3.995958E-6	7.9322126111947E-7
236.262064128	1.9761885E-4	4.444865737696091E-7
236.264046592	3.9108792E-5	2.433444308280741E-7
236.266012672	-2.1085353E-4	0.0
236.267995136	-2.3391319E-4	0.0
236.269961216	-1.6921759E-4	0.0
236.271927296	-1.7406396E-4	0.0
236.27390976	-7.172953E-5	0.0
236.27587584	2.7379136E-5	0.0
236.277858304	-4.050066E-5	0.0
236.279824384	-5.268853E-5	0.0
236.281790464	1.237276E-4	0.0
236.283772928	1.0159111E-4	0.0
236.285739008	1.6774877E-4	0.0
236.287721472	1.5391002E-4	0.0
236.289687552	9.482587E-5	0.0
236.291653632	-8.444791E-7	0.0
236.293636096	-8.333649E-5	0.0
236.295602176	-1.6627298E-4	0.0
236.29758464	-1.6459357E-4	0.0
236.29955072	-4.4200224E-5	0.0
236.3015168	1.0196515E-4	0.0
236.303499264	3.0071473E-5	0.0
236.305465344	1.4600225E-5	0.0
236.307447808	1.0469544E-4	0.0
236.309413888	2.814317E-5	0.0
236.311379968	1.2119531E-5	0.0
236.313362432	2.092705E-5	0.0
236.315328512	2.6589723E-5	0.0
236.317310976	1.5423016E-4	0.0
236.319277056	1.2004108E-4	0.0
236.321243136	-6.228371E-5	0.0
236.3232256	6.108661E-5	0.0
236.32519168	1.369107E-4	0.0
236.327174144	1.4054586E-5	0.0
236.329140224	-4.21505E-5	0.0
236.331106304	6.340118E-5	0.0
236.333088768	-3.639283E-5	0.0
236.335054848	-8.562335E-5	0.0
236.337037312	2.505373E-4	0.0
236.339003392	2.7340685E-4	0.0
236.340969472	7.421104E-5	0.0
236.342951936	9.822741E-5	0.0
236.344918016	7.860933E-5	0.0
236.34690048	5.895225E-5	0.0
236.34886656	1.0121486E-4	0.0
236.35083264	2.567669E-4	0.0
236.352815104	3.3250207E-4	0.0
236.354781184	1.9951852E-4	0.0
236.356763648	9.2274044E-5	0.0
236.358729728	-1.9698406E-5	0.0
236.360695808	7.667462E-5	0.0
236.362678272	-3.796304E-5	0.0
236.364644352	1.2057577E-4	0.0
236.366626816	3.1794363E-4	0.0
236.368592896	3.2548502E-4	0.0
236.370558976	2.927418E-4	0.0
236.37254144	-6.543647E-5	0.0
236.37450752	-5.157141E-5	0.0
236.376489984	-7.524667E-5	0.0
236.378456064	-2.8964644E-4	0.0
236.380422144	-3.546715E-4	0.0
236.382404608	-1.03157014E-4	0.0
236.384370688	4.529778E-5	0.0
236.386353152	1.726182E-4	0.0
236.388319232	2.3673999E-4	0.0
236.390301696	1.8736452E-4	0.0
236.392267776	-2.2160706E-5	0.0
236.394233856	1.7912022E-4	0.0
236.39621632	-3.693744E-6	0.0
236.3981824	7.887732E-5	0.0
236.400164864	3.478193E-4	0.0
236.402130944	3.624739E-4	0.0
236.404097024	6.019069E-4	0.0
236.406079488	4.7356065E-4	0.0
236.408045568	5.053509E-4	0.0
236.410028032	2.3157953E-4	0.0
236.411994112	7.573562E-5	0.0
236.413960192	1.7312693E-4	0.0
236.415942656	2.5762466E-4	0.0
236.417908736	-7.55738E-5	0.0
236.4198912	1.8986536E-4	0.0
236.42185728	3.2434484E-4	0.0
236.42382336	2.652366E-4	0.0
236.425805824	1.5778851E-4	0.0
236.427771904	3.6748138E-4	0.0
236.429754368	2.527862E-4	0.0
236.431720448	4.023965E-5	0.0
236.433686528	2.5716575E-4	0.0
236.435668992	2.4289975E-4	0.0
236.437635072	2.3804267E-4	0.0
236.439617536	3.5399327E-4	0.0
236.441583616	2.171431E-4	0.0
236.443549696	8.043682E-5	0.0
236.44553216	1.2260792E-4	0.0
236.44749824	-1.8741877E-4	0.0
236.449480704	-9.735464E-5	0.0
236.451446784	-4.832901E-5	0.0
236.453412864	2.3175811E-4	0.0
236.455395328	2.5191216E-4	0.0
236.457361408	2.4123455E-4	0.0
236.459343872	2.050664E-4	0.0
236.461309952	2.3192854E-4	0.0
236.463276032	1.0816028E-5	0.0
236.465258496	-6.2329695E-5	0.0
236.467224576	-4.199299E-5	0.0
236.46920704	3.061596E-4	9.684163160272874E-7
236.47117312	2.052359E-4	2.176660245822859E-6
236.4731392	2.4273351E-4	4.6808854676783085E-6
236.475121664	2.8147933E-4	9.630464774090797E-6
236.477087744	1.2211723E-4	1.895484638225753E-5
236.479070208	6.3171145E-5	3.568584725144319E-5
236.481036288	-7.291988E-5	6.425395258702338E-5
236.483002368	1.2674893E-4	1.1061991972383112E-4
236.484984832	3.2616023E-4	1.8218705372419208E-4
236.486950912	4.868663E-5	2.865963033400476E-4
236.488933376	-8.698206E-6	4.307539784349501E-4
236.490899456	1.254942E-4	6.185008096508682E-4
236.492865536	1.3364316E-4	8.484914433211088E-4
236.494848	2.163247E-4	0.0011125699384137988
236.49681408	3.713133E-4	0.0013954892056062818
236.498796544	4.7393364E-4	0.0016763252206146717
236.500762624	3.6855217E-4	0.001931447652168572
236.502728704	4.6779786E-4	0.0021382656414061785
236.504711168	4.0194986E-4	0.0022788408678025007
236.506677248	3.7478504E-4	0.002342540305107832
236.508659712	2.7931284E-4	0.0023273606784641743
236.510625792	1.684007E-4	0.0022398398723453283
236.512591872	7.360999E-5	0.002093598013743758
236.514574336	1.3019796E-4	0.0019067509565502405
236.516540416	2.638629E-4	0.0016985934926196933
236.51852288	3.729869E-4	0.001486314577050507
236.52048896	3.2414973E-4	0.0012825792655348778
236.52245504	3.1682604E-4	0.001094620325602591
236.524437504	3.410239E-4	9.248811984434724E-4
236.526403584	4.0739088E-4	7.727124029770494E-4
236.528386048	3.9642875E-4	6.362987915053964E-4
236.530352128	3.64788E-4	5.141120054759085E-4
236.532318208	1.5307509E-4	4.055626632180065E-4
236.534300672	1.7983082E-4	3.108979726675898E-4
236.536266752	3.7359504E-4	2.3066383437253535E-4
236.538249216	3.2838725E-4	1.6509521810803562E-4
236.540215296	3.6379544E-4	1.1371448636054993E-4
236.542181376	2.2481091E-4	7.52401610952802E-5
236.54416384	2.5121786E-4	4.776267087436281E-5
236.54612992	2.5632174E-4	2.875092650356237E-5
236.548112384	4.7085105E-5	1.681771937001031E-5
236.550078464	-4.4375215E-6	9.411006431037094E-6
236.552044544	1.1507899E-4	5.03830187881249E-6
236.554027008	2.5446096E-4	2.5806516532611568E-6
236.555993088	1.6711128E-4	1.264697971237183E-6
236.557975552	1.8414564E-4	5.930096449446864E-7
236.559941632	2.4757872E-4	2.66048033381594E-7
236.561907712	2.1600479E-4	1.618674361214545E-10
236.563890176	1.8522993E-4	4.5964451689251007E-10
236.565856256	1.1912105E-4	1.2067769006307572E-9
236.56783872	1.7288409E-4	2.9293263370533396E-9
236.5698048	1.7018884E-4	6.574231825595689E-9
236.57177088	1.3778813E-4	1.3641382246021294E-8
236.573753344	1.6098877E-4	2.6170040356987556E-8
236.575719424	-3.206311E-5	4.6418392685154686E-8
236.577701888	1.2060275E-5	7.612229069309251E-8
236.579667968	1.4007709E-4	1.1541690980720887E-7
236.581634048	1.872977E-4	1.6179367889890273E-7
236.583616512	3.189372E-5	2.0969683589555643E-7
236.585582592	2.129759E-4	2.512803973786504E-7
236.587565056	1.5784206E-4	2.7839539029628213E-7
236.589531136	2.2132858E-6	2.851690226179926E-7
236.591497216	-1.2101955E-4	2.7007212111129775E-7
236.59347968	-1.3427774E-4	2.364797921927675E-7
236.59544576	-3.1766796E-4	1.914456504437112E-7
236.597428224	-2.0373997E-4	1.4329563668979972E-7
236.599394304	5.755096E-5	9.916479370986053E-8
236.601360384	-4.701724E-5	6.344789227341607E-8
236.603342848	1.6202333E-5	3.75330948543251E-8
236.605308928	1.3846625E-4	2.052797931639816E-8
236.607291392	1.652838E-4	1.0380399650955496E-8
236.609257472	-1.1430087E-4	4.85310813758133E-9
236.611223552	-9.357033E-5	2.097782392240788E-9
236.613206016	1.8531678E-4	8.383769234399097E-10
236.615172096	2.855229E-4	3.0977936882337076E-10
236.61715456	3.0654564E-4	1.7297851684361376E-7
236.61912064	1.481896E-4	3.940448607409053E-7
236.62108672	2.7587882E-4	8.59431338540162E-7
236.623069184	3.2615045E-4	1.7935777805178077E-6
236.625035264	1.7842895E-4	3.5815071441902546E-6
236.627017728	1.8677651E-6	6.842807124485262E-6
236.628983808	1.3107678E-4	1.2508836334745865E-5
236.630949888	9.131327E-5	2.18770292121917E-5
236.632932352	2.0780216E-4	3.660332731669769E-5
236.634898432	8.182088E-5	5.858438817085698E-5
236.636880896	4.1073246E-4	8.96887358976528E-5
236.638846976	2.203373E-4	1.31331427837722E-4
236.640813056	-1.6402744E-4	1.8393433128949255E-4
236.64279552	2.9723707E-4	2.463981509208679E-4
236.6447616	5.0439837E-4	3.1574838794767857E-4
236.646744064	6.3553837E-4	3.8712788955308497E-4
236.648710144	4.430191E-4	4.542947863228619E-4
236.650676224	6.878808E-4	5.103389848954976E-4
236.652658688	7.364786E-4	5.490081384778023E-4
236.654624768	9.400038E-4	5.657559377141297E-4
236.656607232	4.931948E-4	5.587080377154052E-4
236.658573312	4.9691054E-4	5.288991378620267E-4
236.660539392	3.1460973E-4	4.803431802429259E-4
236.662521856	5.1083404E-4	4.1918864008039236E-4
236.664487936	3.219446E-4	3.5267346538603306E-4
236.6664704	3.509958E-4	2.879172971006483E-4
236.66843648	1.9357714E-4	2.3085606517270207E-4
236.67040256	1.2544647E-4	1.8551650282461196E-4
236.672385024	2.5517482E-4	1.537266216473654E-4
236.674351104	1.5984254E-4	1.3523826783057302E-4
236.676333568	2.1437265E-4	1.281438017031178E-4
236.678299648	1.2901542E-4	1.2945612252224237E-4
236.680265728	5.41344E-5	1.3572476746048778E-4
236.682248192	5.3361326E-4	1.4360311615746468E-4
236.684214272	2.8856483E-4	1.5031287330202758E-4
236.686196736	8.3478284E-5	1.5396293019875884E-4
236.688162816	9.2163216E-5	1.5370047185570002E-4
236.690128896	5.291394E-4	1.4968420146033168E-4
236.69211136	3.5385543E-4	1.4289490354713053E-4
236.69407744	-7.0142582E-6	1.347298821201548E-4
236.696059904	9.883393E-5	1.2710732698906213E-4
236.698025984	-5.475597E-6	1.2132732081227005E-4
236.700008448	1.0190846E-4	1.1849778820760548E-4
236.701974528	1.6365887E-4	1.191931078210473E-4
236.703940608	1.5748863E-4	1.234576484421268E-4
236.705923072	-1.6128202E-4	1.3089741696603596E-4
236.707889152	-6.51984E-5	1.4081377594266087E-4
236.709871616	1.1757843E-4	1.523436076240614E-4
236.711837696	1.484548E-4	1.6457746096421033E-4
236.713803776	2.1126738E-4	1.7664498591329902E-4
236.71578624	3.1747774E-4	1.8776774231810123E-4
236.71775232	4.5000145E-4	1.9728700863197446E-4
236.719734784	3.3537054E-4	2.046770096058026E-4
236.721700864	9.7491895E-5	2.0954891806468368E-4
236.723666944	-3.127917E-5	2.1165127691347152E-4
236.725649408	1.6935763E-4	2.1085036860313267E-4
236.727615488	4.424773E-4	2.0720715110655874E-4
236.729597952	2.6364054E-4	2.0082427363377064E-4
236.731564032	4.855671E-5	1.9195224740542471E-4
236.733530112	1.0276609E-4	1.809316745493561E-4
236.735512576	1.850099E-4	1.68172424309887E-4
236.737478656	2.0219793E-4	1.541297388030216E-4
236.73946112	3.7926727E-4	1.3927739928476512E-4
236.7414272	2.2286328E-4	1.2408224574755877E-4
236.74339328	1.616252E-5	1.089801371563226E-4
236.745375744	4.9084887E-5	9.435653919354081E-5
236.747341824	-9.260492E-6	8.053135388763621E-5
236.749324288	-1.840886E-4	6.775043584639207E-5
236.751290368	-1.0833307E-4	5.625781705020927E-5
236.753256448	6.350409E-5	4.609328607330099E-5
236.755238912	2.2381426E-5	3.736793587449938E-5
236.757204992	5.398865E-5	3.0146245990181342E-5
236.759187456	1.3021217E-4	2.451358341204468E-5
236.761153536	7.6692784E-5	2.0617928385036066E-5
236.763119616	1.03305094E-4	1.871133099484723E-5
236.76510208	4.5528515E-5	1.9179991795681417E-5
236.76706816	-4.9197934E-5	2.2546384570887312E-5
236.769050624	1.5759852E-4	2.9425133106997237E-5
236.771016704	2.5698228E-4	4.0418864955427125E-5
236.772982784	1.1061423E-4	5.595028414973058E-5
236.774965248	1.1351134E-4	7.605454447912052E-5
236.776931328	1.710226E-4	1.001731216092594E-4
236.778913792	3.4959044E-4	1.270213397219777E-4
236.780879872	4.480997E-4	1.5458816778846085E-4
236.782845952	2.1747767E-4	1.8031838408205658E-4
236.784828416	1.3006118E-4	2.0146151655353606E-4
236.786794496	2.4969515E-4	2.1553375700023025E-4
236.78877696	3.0715015E-5	2.2077851463109255E-4
236.79074304	-1.4926193E-5	2.1651375573128462E-4
236.79270912	2.0545733E-4	2.032279153354466E-4
236.794691584	1.8237659E-4	1.8264564278069884E-4
236.796657664	3.6305736E-4	1.571052271174267E-4
236.798640128	3.7995668E-4	1.2932483514305204E-4
236.800606208	1.3461767E-4	1.0186841973336414E-4
236.802572288	-1.0143153E-5	7.6776668720413E-5
236.804554752	1.444353E-5	5.536420940188691E-5
236.806520832	1.2542645E-4	3.8197063986444846E-5
236.808503296	2.8750033E-4	2.5213492335751653E-5
236.810469376	1.7938495E-4	1.592380431247875E-5
236.812435456	1.0177458E-4	9.622393008612562E-6
236.81441792	1.4122704E-4	5.563580543821445E-6
236.816384	1.6753667E-4	3.0780227007198846E-6
236.818366464	2.3985829E-4	1.6294574152198038E-6
236.820332544	4.4281125E-5	8.254247632066836E-7
236.822298624	1.0442734E-4	4.0010925772548944E-7
236.824281088	6.6644257E-6	1.8558736769591633E-7
236.826247168	-1.933343E-4	8.237375936914759E-8
236.828229632	-2.2687961E-4	0.0
236.830195712	-2.0115031E-4	0.0
236.832161792	1.4290737E-4	0.0
236.834144256	1.7097534E-4	0.0
236.836110336	-2.6585E-4	0.0
236.8380928	1.6108503E-5	0.0
236.84005888	4.543293E-4	0.0
236.84202496	3.9600988E-4	0.0
236.844007424	3.1610264E-4	0.0
236.845973504	4.723264E-4	0.0
236.847955968	6.66235E-4	0.0
236.849922048	2.3678842E-4	0.0
236.851888128	2.0218396E-4	0.0
236.853870592	2.1713867E-4	0.0
236.855836672	2.3444218E-4	2.2807539323821402E-7
236.857819136	2.1814776E-4	5.218830096964666E-7
236.859785216	3.7041737E-4	1.1427403023844818E-6
236.861751296	3.9411E-4	2.3944242002471583E-6
236.86373376	3.7333148E-4	4.800965598406037E-6
236.86569984	2.2766122E-4	9.211034921463579E-6
236.867682304	3.4682837E-4	1.6909194528125226E-5
236.869648384	2.2518414E-4	2.969899469462689E-5
236.871614464	-1.7929475E-5	4.990319212083705E-5
236.873596928	3.0297448E-4	8.021060784813017E-5
236.875563008	6.091435E-4	1.233128277817741E-4
236.877545472	4.6782533E-4	1.813103153835982E-4
236.879511552	4.6229747E-4	2.549499040469527E-4
236.881477632	4.1181932E-4	3.4286791924387217E-4
236.883460096	3.552063E-4	4.410654946696013E-4
236.885426176	4.0035124E-4	5.428707809187472E-4
236.88740864	7.5251993E-4	6.395230302587152E-4
236.88937472	9.777391E-4	7.213638164103031E-4
236.8913408	9.6922123E-4	7.793886470608413E-4
236.893323264	7.337645E-4	8.068241295404732E-4
236.895289344	6.256724E-4	8.003693073987961E-4
236.897271808	8.132827E-4	7.608063169755042E-4
236.899237888	9.020261E-4	6.928557413630188E-4
236.901203968	6.2169565E-4	6.043018656782806E-4
236.903186432	6.389761E-4	5.04590105265379E-4
236.905152512	7.0649514E-4	4.0320854168385267E-4
236.907134976	3.4889358E-4	3.0824015266261995E-4
236.909101056	4.592518E-4	2.2538421035278589E-4
236.911067136	5.236658E-4	1.5761020767968148E-4
236.9130496	4.2541127E-4	1.0540681978454813E-4
236.91501568	2.8562418E-4	6.742171535734087E-5
236.916998144	1.951725E-4	4.124986662645824E-5
236.918964224	6.5402826E-5	2.414241316728294E-5
236.920930304	-2.7933858E-5	1.3518230844056234E-5
236.922912768	-7.6456345E-5	7.2423104029439855E-6
236.924878848	1.19549106E-4	3.7125826111150673E-6
236.926861312	2.7837127E-4	1.8211230781162158E-6
236.928827392	2.1691748E-4	8.548194045943092E-7
236.930793472	3.8745056E-4	3.8396626678149914E-7
236.932775936	3.9677543E-4	0.0
236.934742016	3.665866E-4	0.0
236.93672448	4.5894657E-4	0.0
236.93869056	4.1316508E-4	0.0
236.94065664	6.195387E-4	0.0
236.942639104	7.298776E-4	0.0
236.944605184	5.187505E-4	0.0
236.946587648	4.096449E-4	0.0
236.948553728	4.520981E-4	0.0
236.950519808	4.654097E-4	0.0
236.952502272	3.7589727E-4	0.0
236.954468352	3.173243E-4	0.0
236.956450816	2.1062524E-4	0.0
236.958416896	1.8406275E-4	0.0
236.960382976	1.469705E-4	0.0
236.96236544	1.4925317E-4	0.0
236.96433152	3.7071563E-4	0.0
236.966313984	2.5201344E-4	0.0
236.968280064	-1.574727E-5	0.0
236.970246144	-1.8143514E-4	0.0
236.972228608	-1.5628291E-4	0.0
236.974194688	-1.3581396E-4	0.0
236.976177152	-1.105261E-4	0.0
236.978143232	3.8123453E-5	0.0
236.980109312	1.1016498E-4	0.0
236.982091776	-6.452971E-5	0.0
236.984057856	1.6648088E-5	0.0
236.98604032	1.1018268E-4	0.0
236.9880064	6.253505E-5	0.0
236.98997248	2.534337E-4	0.0
236.991954944	2.9776257E-4	0.0
236.993921024	1.3763004E-4	0.0
236.995903488	1.9240554E-4	0.0
236.997869568	1.9614247E-4	0.0
236.999852032	1.785598E-4	0.0
237.001818112	2.3993419E-4	0.0
237.003784192	3.1638367E-4	0.0
237.005766656	2.0843756E-4	0.0
237.007732736	1.5571865E-4	0.0
237.0097152	2.3375836E-4	0.0
237.01168128	2.4424086E-4	2.862092003397265E-7
237.01364736	2.959999E-5	5.224568440098665E-7
237.015629824	-4.3650045E-5	9.319362561654998E-7
237.017595904	-8.99029E-5	1.6243841400864767E-6
237.019578368	7.103197E-5	2.766668103504344E-6
237.021544448	2.8486492E-4	4.6044838200032245E-6
237.023510528	-5.2868877E-6	7.487828042940237E-6
237.025492992	1.7271366E-4	1.1897943295480218E-5
237.027459072	4.7800477E-5	1.8472079318598844E-5
237.029441536	7.318298E-5	2.8020298486808315E-5
237.031407616	2.035267E-4	4.152584006078541E-5
237.033373696	1.3232243E-4	6.01216743234545E-5
237.03535616	2.3514417E-4	8.503247227054089E-5
237.03732224	1.79591E-4	1.1747724784072489E-4
237.039304704	9.7600394E-5	1.5853151853661984E-4
237.041270784	3.2087683E-4	2.0895351190119982E-4
237.043236864	4.739702E-4	2.6939617237076163E-4
237.045219328	1.6310939E-4	3.3912097569555044E-4
237.047185408	1.7106684E-4	4.1729919030331075E-4
237.049167872	1.6909547E-4	5.027143051847816E-4
237.051133952	1.7861708E-4	5.927631864324212E-4
237.053100032	4.7263282E-4	6.854259991087019E-4
237.055082496	6.0858077E-4	7.78796267695725E-4
237.057048576	7.5862894E-4	8.717953460291028E-4
237.05903104	8.0497225E-4	9.646271937526762E-4
237.06099712	7.264876E-4	0.0010590199381113052
237.0629632	8.296842E-4	0.0011581110302358866
237.064945664	8.023052E-4	0.0012658571358770132
237.066911744	0.0010013838	0.0013859703904017806
237.068894208	0.0015924441	0.0015205539530143142
237.070860288	0.001403561	0.0016687228344380856
237.072826368	0.0013225445	0.0018256485927850008
237.074808832	0.0014443939	0.0019823662005364895
237.076774912	9.921786E-4	0.002126523992046714
237.078757376	0.0010024913	0.0022439376916736364
237.080723456	9.956142E-4	0.002320624189451337
237.082689536	9.1884995E-4	0.0023448874708265066
237.084672	9.984266E-4	0.002309085102751851
237.08663808	0.0011318625	0.0022108673583716154
237.088620544	0.0010072553	0.002053778385743499
237.090586624	0.0010492204	0.0018471345538273454
237.092552704	0.0013237441	0.0016051012789830565
237.094535168	9.642752E-4	0.001344969728961587
237.096501248	0.0010164332	0.0010848165256902575
237.098483712	8.109986E-4	8.409622241742909E-4
237.100449792	5.867303E-4	6.258311332203448E-4
237.102415872	7.6253514E-4	4.468127153813839E-4
237.104398336	6.414553E-4	3.0589388916268945E-4
237.106364416	6.0660567E-4	2.0092840713914484E-4
237.10834688	5.506276E-4	1.269458152819425E-4
237.11031296	4.2315933E-4	7.778532017255202E-5
237.11227904	2.7670304E-4	4.7406032535946E-5
237.114261504	2.7626625E-4	3.083659248659387E-5
237.116227584	-2.526853E-5	2.424937702016905E-5
237.118210048	3.7572172E-4	2.5182740500895306E-5
237.120176128	4.3405185E-4	3.276507413829677E-5
237.122142208	-7.592165E-5	4.6581502829212695E-5
237.124124672	-1.8264237E-4	6.652029696851969E-5
237.126090752	-1.2475753E-4	9.247576235793531E-5
237.128073216	1.6420765E-4	1.2504639744292945E-4
237.130039296	2.0611624E-4	1.6318680718541145E-4
237.132005376	3.8839353E-4	2.0585465244948864E-4
237.13398784	5.50446E-4	2.514031366445124E-4
237.13595392	4.205018E-4	2.9764865757897496E-4
237.137936384	2.0269223E-4	3.419827262405306E-4
237.139902464	3.639682E-4	3.8152511115185916E-4
237.141868544	3.4749613E-4	4.1333198896609247E-4
237.143851008	1.5008997E-4	4.3467761133797467E-4
237.145817088	8.928648E-5	4.433905705809593E-4
237.147799552	1.3158948E-4	4.381998151075095E-4
237.149765632	3.602748E-4	4.1901407530531287E-4
237.151731712	3.9700058E-4	3.8705667247995734E-4
237.153714176	1.8013094E-4	3.4480029717087746E-4
237.155680256	5.5353037E-5	2.956886892206967E-4
237.15766272	1.07700704E-4	2.4367333389818668E-4
237.1596288	-6.430014E-5	1.9264758157078177E-4
237.16159488	-1.163618E-5	1.459009072277695E-4
237.163577344	1.525894E-4	1.0571815073490143E-4
237.165543424	1.3662048E-4	7.321681187022477E-5
237.167525888	5.2615414E-5	4.8430385504616424E-5
237.169491968	1.1190353E-4	3.058016955037601E-5
237.171458048	2.1132815E-4	1.8425153029966168E-5
237.173440512	1.3876357E-4	1.059056376107037E-5
237.175406592	2.0761939E-4	5.805997261632001E-6
237.177389056	1.615018E-5	3.0354522095876746E-6
237.179355136	-2.0248303E-4	1.4876940213071066E-6
237.181321216	-2.3364276E-4	7.090129656717181E-7
237.18330368	-3.3028893E-5	3.219877839910623E-7
237.18526976	3.0783118E-5	1.3934123899161932E-7
237.187252224	-1.7379645E-5	0.0
237.189218304	-8.713224E-6	0.0
237.191184384	9.632588E-5	0.0
237.193166848	8.4120664E-5	0.0
237.195132928	-5.8132014E-6	0.0
237.197115392	-2.8386481E-5	0.0
237.199081472	1.2866734E-4	0.0
237.201047552	3.5291968E-4	0.0
237.203030016	2.9897213E-4	0.0
237.204996096	1.3160717E-4	2.7609141284301586E-7
237.20697856	2.494998E-4	1.0448148941577529E-6
237.20894464	1.9019155E-4	3.4580734791234136E-6
237.21091072	1.3436144E-4	1.000858082988998E-5
237.212893184	1.0024919E-4	2.5325740352855064E-5
237.214859264	2.2403778E-5	5.6009666877798736E-5
237.216841728	1.2553204E-4	1.0822925833053887E-4
237.218807808	3.3248554E-4	1.8271681619808078E-4
237.220773888	1.8327602E-4	2.696322335395962E-4
237.222756352	1.8554728E-4	3.4815442631952465E-4
237.224722432	4.9546256E-4	3.938337613362819E-4
237.226704896	3.939321E-4	3.9073856896720827E-4
237.228670976	4.0443393E-4	3.3994356635957956E-4
237.230637056	2.559902E-4	2.593031676951796E-4
237.23261952	9.252643E-5	1.7357259639538825E-4
237.2345856	1.4012447E-4	1.0266857134411111E-4
237.236568064	6.319885E-5	5.529127884074114E-5
237.238534144	-1.1898542E-4	3.0210305340006016E-5
237.240500224	2.0597245E-5	2.1822161215823144E-5
237.242482688	2.678315E-4	2.4484688765369356E-5
237.244448768	2.6108895E-4	3.508246300043538E-5
237.246431232	6.9217035E-6	5.2722825785167515E-5
237.248397312	2.3447338E-4	7.796371937729418E-5
237.250363392	9.739504E-5	1.1236536374781281E-4
237.252345856	2.651708E-5	1.5754632477182895E-4
237.254311936	2.477389E-4	2.1517701679840684E-4
237.2562944	1.9656669E-4	2.8612196911126375E-4
237.25826048	3.5664684E-4	3.694276965688914E-4
237.26022656	4.20211E-4	4.611800250131637E-4
237.262209024	4.4026936E-4	5.538755794987082E-4
237.264175104	6.168609E-4	6.369815673679113E-4
237.266157568	5.9684424E-4	6.988762179389596E-4
237.268123648	7.379063E-4	7.295534014701843E-4
237.270089728	8.537556E-4	7.230931660160422E-4
237.272072192	5.1280216E-4	6.791096529923379E-4
237.274038272	2.9679865E-4	6.02938758675009E-4
237.276020736	7.382663E-4	5.04650641232729E-4
237.277986816	4.4194085E-4	3.970268298871815E-4
237.279952896	4.154424E-4	2.928317117039114E-4
237.28193536	2.1346577E-4	2.0210012735333294E-4
237.28390144	8.263695E-5	1.303984463447705E-4
237.285883904	1.9080576E-4	7.866427768021822E-5
237.287849984	-2.930069E-4	4.4410313421394676E-5
237.289816064	7.564924E-5	2.350018621655181E-5
237.291798528	2.3630017E-4	1.1790687494794838E-5
237.293764608	-1.2222864E-4	5.717472049582284E-6
237.295747072	-9.45281E-6	3.0841442821838427E-6
237.297713152	4.4343407E-5	2.429369942547055E-6
237.299679232	2.317807E-4	3.2847135571500985E-6
237.301661696	1.8988771E-4	5.690477337338962E-6
237.303627776	9.222119E-5	1.0475204362592194E-5
237.30561024	6.273057E-4	1.872633038146887E-5
237.30757632	7.668737E-4	3.2054715120466426E-5
237.309558784	3.7542463E-4	5.252635673969053E-5
237.311524864	2.0759169E-4	8.237675501732156E-5
237.313490944	2.576201E-5	1.2361347035039216E-4
237.315473408	1.7406687E-4	1.774425763869658E-4
237.317439488	5.271282E-4	2.436087088426575E-4
237.319421952	3.254948E-4	3.198203048668802E-4
237.321388032	5.4108456E-4	4.0147974505089223E-4
237.323354112	8.4018835E-4	4.819073947146535E-4
237.325336576	0.0010206973	5.531330243684351E-4
237.327302656	6.089109E-4	6.071512470953166E-4
237.32928512	5.303832E-4	6.373754586093128E-4
237.3312512	6.626394E-4	6.39925361610949E-4
237.33321728	9.415386E-4	6.144176004454494E-4
237.335199744	8.312516E-4	5.640522576868534E-4
237.337165824	4.8838614E-4	4.949709982611239E-4
237.339148288	6.72763E-5	4.150542663410306E-4
237.341114368	9.595428E-5	3.3247112878598273E-4
237.343080448	2.5665958E-4	2.543327573221177E-4
237.345062912	3.0146155E-4	1.8582101620268077E-4
237.347028992	1.9762211E-4	1.296446134801954E-4
237.349011456	1.2817245E-4	8.644342597108334E-5
237.350977536	-1.3747544E-4	5.520713239093311E-5
237.352943616	1.0705495E-4	3.39992438966874E-5
237.35492608	5.0447412E-5	2.0594587113009766E-5
237.35689216	3.488664E-5	1.2945457456225995E-5
237.358874624	4.7968293E-4	9.441188012715429E-6
237.360840704	6.181459E-4	9.07994126464473E-6
237.362806784	2.589192E-4	1.1176953194080852E-5
237.364789248	-1.4555408E-4	1.5768924640724435E-5
237.366755328	4.0505078E-5	2.283914727740921E-5
237.368737792	3.0157005E-4	3.274047048762441E-5
237.370703872	3.8374553E-4	4.630584589904174E-5
237.372669952	2.563236E-4	6.390782800735906E-5
237.374652416	3.7545722E-4	8.619200525572523E-5
237.376618496	6.144574E-4	1.1378806811990216E-4
237.37860096	4.99332E-4	1.473083539167419E-4
237.38056704	5.8973825E-4	1.873443543445319E-4
237.38253312	5.309606E-4	2.344406530028209E-4
237.384515584	3.1160575E-4	2.890140749514103E-4
237.386481664	3.996595E-4	3.5119097447022796E-4
237.388464128	4.894958E-4	4.2114173993468285E-4
237.390430208	7.169846E-4	4.97182656545192E-4
237.392396288	5.4009946E-4	5.776050966233015E-4
237.394378752	3.743131E-4	6.595293525606394E-4
237.396344832	6.4163853E-4	7.394273998215795E-4
237.398327296	7.688416E-4	8.137181866914034E-4
237.400293376	7.648304E-4	8.796111796982586E-4
237.402259456	8.686698E-4	9.360123658552766E-4
237.40424192	0.0011418496	9.842526633292437E-4
237.406208	0.0012098417	0.0010281156282871962
237.408190464	0.0012748934	0.0010734009556472301
237.410156544	0.0012962894	0.001126422081142664
237.412122624	0.0011928662	0.0011920672841370106
237.414105088	0.0010519229	0.0012717971112579107
237.416071168	0.0010725638	0.00136227672919631
237.418053632	0.0011118042	0.0014552047941833735
237.420019712	0.0010195292	0.0015385032165795565
237.421985792	0.0010282848	0.0015986158978193998
237.423968256	0.0011060137	0.0016233075875788927
237.425934336	0.0012256737	0.0016040821792557836
237.4279168	0.001328159	0.0015379562973976135
237.42988288	0.0012868381	0.0014282509218901396
237.43184896	0.0010962578	0.0012841001152992249
237.433831424	9.6325914E-4	0.0011189088691025972
237.435797504	9.5259596E-4	9.481885354034603E-4
237.437779968	0.0010930485	7.871366105973721E-4
237.439746048	0.00103453	6.483106990344822E-4
237.441712128	7.6717895E-4	5.403599934652448E-4
237.443694592	7.6769164E-4	4.6729829045943916E-4
237.445660672	4.7288125E-4	4.292244266252965E-4
237.447643136	2.8201856E-4	4.229643091093749E-4
237.449609216	6.57522E-4	4.432821006048471E-4
237.451575296	6.087335E-4	4.8363656969740987E-4
237.45355776	3.6188925E-4	5.367707344703376E-4
237.45552384	6.2533387E-4	5.951263592578471E-4
237.457506304	9.6933066E-4	6.513667176477611E-4
237.459472384	7.4035896E-4	6.988854729570448E-4
237.461438464	7.5552205E-4	7.322857272811234E-4
237.463420928	8.4194646E-4	7.481873035430908E-4
237.465387008	6.325528E-4	7.451022393070161E-4
237.467369472	5.993558E-4	7.247069152072072E-4
237.469335552	3.7696504E-4	6.895993137732148E-4
237.471301632	3.469371E-4	6.441163131967187E-4
237.473284096	1.6986358E-4	5.93020289670676E-4
237.475250176	2.4876476E-4	5.407074932008982E-4
237.47723264	3.7803233E-4	4.906203830614686E-4
237.47919872	3.6994333E-4	4.4497937778942287E-4
237.4811648	4.138063E-4	4.048410919494927E-4
237.483147264	3.3949956E-4	3.7039481685496867E-4
237.485113344	2.8416014E-4	3.413475351408124E-4
237.487095808	7.0215075E-4	3.1725913868285716E-4
237.489061888	5.501328E-4	2.977389085572213E-4
237.491027968	2.3186847E-4	2.8248465969227254E-4
237.493010432	1.926868E-4	2.7120247250422835E-4
237.494976512	1.7279608E-4	2.634787524584681E-4
237.496958976	4.0460716E-4	2.586694899946451E-4
237.498925056	2.2176479E-4	2.5582913076505065E-4
237.500891136	5.994376E-5	2.5387766072526574E-4
237.5028736	4.164948E-4	2.5146803818643093E-4
237.50483968	9.045111E-4	2.474238572176546E-4
237.506822144	3.7326722E-4	2.4073838721960783E-4
237.508788224	7.299299E-5	2.3069034796208143E-4
237.510754304	4.0743232E-4	2.1703999664168805E-4
237.512736768	3.8795418E-4	1.9998871721327305E-4
237.514702848	4.2700383E-4	1.8013363296631724E-4
237.516685312	5.105062E-4	1.5836751845199615E-4
237.518651392	2.3180933E-4	1.357450964860618E-4
237.520617472	5.4811814E-4	1.1334082955727354E-4
237.522599936	2.0738912E-4	9.212028817273676E-5
237.524566016	1.3461325E-4	7.281777652679011E-5
237.52654848	2.412739E-4	5.6006378144957125E-5
237.52851456	3.5742985E-4	4.1862142097670585E-5
237.53048064	2.62058E-4	3.04262139252387E-5
237.532463104	4.0662277E-4	2.1489093342097476E-5
237.534429184	3.6567213E-5	1.4793020454817452E-5
237.536411648	1.761032E-4	9.922928256855812E-6
237.538377728	2.4404249E-4	6.542410574184032E-6
237.540343808	2.6470528E-4	4.383064151625149E-6
237.542326272	3.6359217E-4	3.1347506137535674E-6
237.544292352	1.7342961E-4	2.6675206754589453E-6
237.546274816	3.44816E-4	2.924229420386837E-6
237.548240896	3.0287064E-4	3.952300630771788E-6
237.550206976	5.253857E-4	5.905786110815825E-6
237.55218944	3.4065067E-4	9.031844456330873E-6
237.55415552	1.2336427E-4	1.3713010048377328E-5
237.556137984	2.689768E-4	2.032709016930312E-5
237.558104064	2.1663809E-4	2.942103674286045E-5
237.560070144	1.2488442E-4	4.139016164117493E-5
237.562052608	-2.9540739E-5	5.6598528317408636E-5
237.564018688	6.468198E-5	7.52320047467947E-5
237.566001152	1.4937168E-4	9.721051173983142E-5
237.567967232	6.2338426E-5	1.2211485591251403E-4
237.569933312	8.6555025E-5	1.4914457278791815E-4
237.571915776	2.9538607E-4	1.771237439243123E-4
237.573881856	2.7909304E-4	2.0456402853596956E-4
237.57586432	1.0199146E-4	2.2978436027187854E-4
237.5778304	3.226729E-4	2.510756894480437E-4
237.57979648	4.1744218E-4	2.6688817888498306E-4
237.581778944	4.4265494E-4	2.760139759629965E-4
237.583745024	5.3070567E-4	2.777349145617336E-4
237.585727488	6.45965E-4	2.7194491121917963E-4
237.587693568	5.052836E-4	2.590725489426404E-4
237.589659648	4.0786096E-4	2.4014574592001736E-4
237.591642112	2.3197976E-4	2.1660119818989187E-4
237.593608192	2.7205155E-4	1.9013413111679256E-4
237.595590656	4.292134E-4	1.625152217457071E-4
237.597556736	4.1224307E-4	1.354185660602525E-4
237.599522816	2.6140094E-4	1.1028738663299009E-4
237.60150528	3.1143602E-4	8.824944234220311E-5
237.60347136	4.131837E-4	7.008921966189519E-5
237.605453824	3.6450813E-4	5.626662095892243E-5
237.607419904	3.6263058E-4	4.6966441004769877E-5
237.609385984	2.7806417E-4	4.215779699734412E-5
237.611368448	6.305706E-5	4.164634083281271E-5
237.613334528	4.164618E-5	4.510576036409475E-5
237.615316992	1.8669211E-4	5.208770016906783E-5
237.617283072	1.2578163E-4	6.204609962878749E-5
237.619265536	5.9289156E-5	7.422430644510314E-5
237.621231616	8.440821E-5	8.778131450526416E-5
237.623197696	2.0633533E-4	1.017410249914974E-4
237.62518016	2.0316395E-4	1.1506381270010024E-4
237.62714624	1.3995217E-4	1.2673047604039311E-4
237.629128704	1.573601E-4	1.3583374675363302E-4
237.631094784	2.4161453E-4	1.417590829078108E-4
237.633060864	3.1258713E-4	1.441532513126731E-4
237.635043328	3.8020255E-4	1.4306492812465876E-4
237.637009408	3.3522595E-4	1.3915289309807122E-4
237.638991872	4.3399807E-4	1.3306565233506262E-4
237.640957952	3.3065618E-4	1.260253629880026E-4
237.642924032	1.1698471E-4	1.1937410454265773E-4
237.644906496	2.4750608E-4	1.1453796469140798E-4
237.646872576	1.7072319E-4	1.129412412410602E-4
237.64885504	1.5348301E-4	1.1595251271501184E-4
237.65082112	5.044555E-5	1.2485944898799062E-4
237.6527872	2.3309363E-4	1.4084951544646174E-4
237.654769664	3.212687E-4	1.6495207091793418E-4
237.656735744	3.7191238E-4	1.9790265650954098E-4
237.658718208	3.441762E-4	2.3990284535102546E-4
237.660684288	3.1677925E-4	2.9034767067059875E-4
237.662650368	3.5835092E-4	3.473552060313523E-4
237.664632832	4.7339208E-4	4.077529301866889E-4
237.666598912	5.837752E-4	4.6703172847628593E-4
237.668581376	5.990715E-4	5.198915023356676E-4
237.670547456	6.379938E-4	5.606462364085019E-4
237.672513536	6.095917E-4	5.846727290190756E-4
237.674496	6.3744944E-4	5.888576852157712E-4
237.67646208	6.501713E-4	5.727283423766494E-4
237.678444544	7.46932E-4	5.386073607951403E-4
237.680410624	5.275911E-4	4.915035096928477E-4
237.682376704	3.9360079E-4	4.386398650240153E-4
237.684359168	5.9473945E-4	3.8834975566715E-4
237.686325248	5.202595E-4	3.491369425319135E-4
237.688307712	5.767193E-4	3.285327402409166E-4
237.690273792	4.850236E-4	3.3213268034160137E-4
237.692239872	5.1728997E-4	3.628319245763123E-4
237.694222336	6.138511E-4	4.203073331154883E-4
237.696188416	4.9961556E-4	5.008000298403203E-4
237.69817088	5.066969E-4	5.973246297799051E-4
237.70013696	8.921864E-4	7.002411875873804E-4
237.70210304	7.848785E-4	7.985492702573538E-4
237.704085504	4.697797E-4	8.815315668471158E-4
237.706051584	6.3413393E-4	9.40648140385747E-4
237.708034048	6.3761685E-4	9.709971491247416E-4
237.710000128	8.585028E-4	9.715200285427272E-4
237.711966208	5.1143405E-4	9.435797692276537E-4
237.713948672	5.0621375E-4	8.886663126759231E-4
237.715914752	6.685307E-4	8.080526604317129E-4
237.717897216	6.3486176E-4	7.037363830022514E-4
237.719863296	2.769205E-4	5.821489612571895E-4
237.721829376	3.2512948E-4	4.5478189713321626E-4
237.72381184	4.6665117E-4	3.3539600553922355E-4
237.72577792	5.547927E-4	2.3520857212133706E-4
237.727760384	6.009963E-4	1.5958042058628052E-4
237.729726464	5.2032166E-4	1.0811557876877487E-4
237.731692544	5.166334E-4	7.713133527431637E-5
237.733675008	2.7020846E-4	6.225144898053259E-5
237.735641088	1.333853E-4	5.9813355619553477E-5
237.737623552	1.0678335E-4	6.71257366775535E-5
237.739589632	2.7751143E-4	8.234931010520086E-5
237.741555712	2.7206622E-4	1.0358082363381982E-4
237.743538176	2.2500346E-4	1.291346416110173E-4
237.745504256	5.174569E-4	1.5712098684161901E-4
237.74748672	1.6657833E-4	1.8549608648754656E-4
237.7494528	3.564532E-5	2.1249838755466044E-4
237.75141888	2.3220351E-4	2.368693531025201E-4
237.753401344	3.3671723E-4	2.5807885685935616E-4
237.755367424	1.6496016E-4	2.7689829585142434E-4
237.757349888	8.069025E-5	2.954058290924877E-4
237.759315968	7.3955045E-5	3.1653657788410783E-4
237.761282048	4.0501833E-4	3.43761668773368E-4
237.763264512	3.321689E-4	3.804185544140637E-4
237.765230592	2.9849831E-4	4.291926743462682E-4
237.767213056	5.5304903E-4	4.915669560432434E-4
237.769179136	6.128609E-4	5.667514051310718E-4
237.771145216	6.5404444E-4	6.499667069874704E-4
237.77312768	9.639241E-4	7.300652796402574E-4
237.77509376	9.115025E-4	7.909881533123553E-4
237.777076224	7.949992E-4	8.164035971276462E-4
237.779042304	6.859432E-4	7.972531020641327E-4
237.781008384	7.8193017E-4	7.365338387899101E-4
237.782990848	4.5745925E-4	6.481523159891367E-4
237.784956928	4.7005212E-4	5.504517466761172E-4
237.786939392	7.06514E-4	4.59464848972857E-4
237.788905472	6.372238E-4	3.857399569824338E-4
237.790871552	5.888619E-4	3.3484664163552225E-4
237.792854016	6.2465284E-4	3.090575337409973E-4
237.794820096	4.7385285E-4	3.0843482818454504E-4
237.79680256	5.6005747E-4	3.3071989309974015E-4
237.79876864	7.365226E-4	3.713613550644368E-4
237.80073472	7.7327027E-4	4.238323890604079E-4
237.802717184	6.4069417E-4	4.8012417391873896E-4
237.804683264	5.811207E-4	5.319829797372222E-4
237.806665728	6.1185064E-4	5.719292676076293E-4
237.808631808	6.492074E-4	5.94300392549485E-4
237.810597888	6.635672E-4	5.958466208539903E-4
237.812580352	5.8301596E-4	5.76071091927588E-4
237.814546432	4.129723E-4	5.370407016016543E-4
237.816528896	2.8487795E-4	4.827441880479455E-4
237.818494976	3.5807316E-4	4.187165468465537E-4
237.820461056	4.3136755E-4	3.5043631214648485E-4
237.82244352	3.3560267E-4	2.8306199237704277E-4
237.8244096	1.2894231E-4	2.2071460261940956E-4
237.826392064	1.9907847E-4	1.6615603817626834E-4
237.828358144	3.2446778E-4	1.207683453685604E-4
237.830324224	3.0271092E-4	8.47444316605106E-5
237.832306688	2.1244271E-4	5.7399156503379345E-5
237.834272768	2.4516366E-5	3.751469193957746E-5
237.836255232	3.6838694E-5	2.3649268769077025E-5
237.838221312	1.5153305E-4	1.437260380043881E-5
237.840187392	1.3684737E-4	8.416047421633266E-6
237.842169856	1.5276426E-4	4.745412752527045E-6
237.844135936	2.7583295E-4	2.5749279757292243E-6
237.8461184	3.8459792E-4	1.3437585266729002E-6
237.84808448	2.389435E-4	5.983953883514914E-7
237.85005056	9.1692666E-5	2.940470267276396E-7
237.852033024	1.1650799E-4	1.3831856904289452E-7
237.853999104	3.0161918E-4	1.6816304082567513E-7
237.855981568	4.187891E-4	2.3935453441481513E-7
237.857947648	2.9566896E-4	5.179898039386899E-7
237.859913728	2.4731562E-4	1.073123030437273E-6
237.861896192	2.0305288E-4	2.1282137367961695E-6
237.863862272	2.6288105E-4	4.04035654355539E-6
237.865844736	2.9473564E-5	7.342553544731345E-6
237.867810816	-5.2304476E-5	1.2772958143614233E-5
237.869776896	1.23868E-4	2.126822255377192E-5
237.87175936	4.078847E-4	3.389622725080699E-5
237.87372544	1.8715125E-4	5.1705457735806704E-5
237.875707904	1.16504845E-4	7.548628491349518E-5
237.877673984	2.9551133E-4	1.054741587722674E-4
237.879640064	2.773659E-4	1.4105116133578122E-4
237.881622528	1.4097057E-4	1.8054712563753128E-4
237.883588608	1.1647516E-4	2.2122336667962372E-4
237.885571072	2.7420756E-4	2.5951347197405994E-4
237.887537152	4.1987782E-4	2.915042277891189E-4
237.889503232	2.148248E-4	3.135788720101118E-4
237.891485696	2.2643397E-4	3.230820002499968E-4
237.893451776	2.7991005E-4	3.188326954841614E-4
237.89543424	2.6345707E-4	3.013616078533232E-4
237.89740032	3.290038E-4	2.728041436057538E-4
237.8993664	3.2518327E-4	2.3647997295483947E-4
237.901348864	4.172005E-4	1.9626898574642837E-4
237.903314944	1.4230295E-4	1.5594041906297207E-4
237.905297408	-7.85446E-5	1.1859434744110331E-4
237.907263488	-9.9052675E-5	8.632393291918561E-5
237.909229568	3.8914844E-5	6.013741949573159E-5
237.911212032	1.2314017E-4	4.009628901258111E-5
237.913178112	2.6095903E-4	2.5587038180674426E-5
237.915160576	9.064318E-5	1.56281930685509E-5
237.917126656	4.165402E-4	9.136700100498274E-6
237.919092736	2.829124E-4	5.113043698656838E-6
237.9210752	7.856835E-5	2.7389869501348585E-6
237.92304128	2.6822321E-5	1.4045358511793893E-6
237.925023744	2.2757461E-4	1.0634610134729883E-6
237.926989824	2.506898E-4	1.1598548326219316E-6
237.928972288	4.488622E-4	1.934084593813168E-6
237.930938368	1.2160686E-4	3.6627666304411832E-6
237.932904448	8.077512E-5	7.181279215728864E-6
237.934886912	3.6669464E-4	1.3477359971147962E-5
237.936852992	3.6723326E-5	2.4210003175539896E-5
237.938835456	7.1223476E-5	4.162325421930291E-5
237.940801536	1.378468E-4	6.848203338449821E-5
237.942767616	1.0118331E-4	1.0795090929605067E-4
237.94475008	4.28934E-4	1.629836915526539E-4
237.94671616	3.5138743E-4	2.361769147682935E-4
237.948698624	7.552259E-4	3.2943167025223374E-4
237.950664704	0.001069496	4.439819313120097E-4
237.952630784	8.1974E-4	5.799542996101081E-4
237.954613248	4.2829884E-4	7.342604803852737E-4
237.956579328	4.0664838E-4	8.964958251453936E-4
237.958561792	4.9227674E-4	0.0010457098251208663
237.960527872	0.0010233197	0.0011531298514455557
237.962493952	9.898901E-4	0.0011925429571419954
237.964476416	8.8508416E-4	0.0011528672184795141
237.966442496	7.8085496E-4	0.0010444653453305364
237.96842496	7.663941E-4	8.930603507906199E-4
237.97039104	8.9725025E-4	7.286437321454287E-4
237.97235712	4.92992E-4	5.737746832892299E-4
237.974339584	4.3339015E-4	4.4033245649188757E-4
237.976305664	2.7189322E-4	3.3260611235164106E-4
237.978288128	2.4089229E-4	2.516979002393782E-4
237.980254208	3.9538124E-4	1.9815140694845468E-4
237.982220288	5.086524E-4	1.7251454119104892E-4
237.984202752	3.1604047E-4	1.7512265185359865E-4
237.986168832	2.2456341E-4	2.0594453962985426E-4
237.988151296	4.357173E-4	2.6389514096081257E-4
237.990117376	6.156423E-4	3.4656625939533114E-4
237.992083456	9.306468E-4	4.4944442925043404E-4
237.99406592	0.0010101356	5.654015112668276E-4
237.996032	8.760559E-4	6.846405449323356E-4
237.998014464	8.8484853E-4	7.953480235300958E-4
237.999980544	8.852902E-4	8.851186139509082E-4
238.001946624	8.664151E-4	9.427717886865139E-4
238.003929088	7.95022E-4	9.610223351046443E-4
238.005895168	8.3329563E-4	9.369542822241783E-4
238.007877632	9.018738E-4	8.735260344110429E-4
238.009843712	8.317459E-4	7.789927185513079E-4
238.011809792	8.116212E-4	6.643990054726601E-4
238.013792256	6.654622E-4	5.424809060059488E-4
238.015758336	6.836696E-4	4.2491607018746436E-4
238.0177408	8.082752E-4	3.209411515854299E-4
238.01970688	7.450484E-4	2.3672558018006384E-4
238.02167296	5.4482755E-4	1.7560871492605656E-4
238.023655424	4.4742448E-4	1.3888333342038095E-4
238.025621504	4.9262855E-4	1.267250772798434E-4
238.027603968	4.471935E-4	1.3889405818190426E-4
238.029570048	4.3330935E-4	1.749692455632612E-4
238.031536128	3.2579515E-4	2.3407285334542394E-4
238.033518592	2.7258613E-4	3.14206350594759E-4
238.035484672	1.9892852E-4	4.1148747550323606E-4
238.037467136	3.4843863E-4	5.196523270569742E-4
238.039433216	6.835953E-4	6.300399545580149E-4
238.041399296	7.809644E-4	7.323376485146582E-4
238.04338176	6.552908E-4	8.157658157870173E-4
238.04534784	4.7297648E-4	8.712925482541323E-4
238.047330304	NaN	8.921718690544367E-4
238.049296384	NaN	8.75922036357224E-4
238.051262464	NaN	8.244766504503787E-4
238.053244928	NaN	7.438337197527289E-4
238.055211008	NaN	6.429724162444472E-4
238.057193472	NaN	5.322820506989956E-4
238.059159552	NaN	4.2183889308944345E-4
238.061125632	NaN	3.1993864104151726E-4
238.063108096	NaN	2.3217151465360075E-4
238.065074176	NaN	1.6118864004965872E-4
238.06705664	NaN	1.0706414468586445E-4
238.06902272	NaN	6.804127770010382E-5
238.0709888	NaN	4.137759970035404E-5
238.072971264	NaN	2.4081082301563583E-5
238.074937344	NaN	1.341374809271656E-5
238.076919808	NaN	7.151927547965897E-6
238.078885888	NaN	3.650275175459683E-6
238.080851968	NaN	1.78350126134319E-6
