220.033335296	1.5778702E-5	5.13046827244068E-10
220.0313856	3.5268557E-5	0.0
220.029435904	2.8268763E-5	0.0
220.027469824	3.8599264E-5	0.0
220.025520128	2.516129E-5	0.0
220.023570432	-1.04335806E-4	0.0
220.021604352	-4.9822953E-5	0.0
220.019654656	7.731663E-5	0.0
220.01770496	-8.872295E-5	0.0
220.01573888	2.8313755E-6	0.0
220.013789184	6.777541E-5	0.0
220.011839488	8.687698E-5	0.0
220.009889792	9.7980206E-5	0.0
220.007923712	6.418948E-5	0.0
220.005974016	5.746225E-5	0.0
220.00402432	6.2276464E-5	0.0
220.00205824	5.440941E-6	0.0
220.000108544	-2.07494E-5	0.0
219.998158848	2.5035314E-7	0.0
219.996192768	2.9288743E-5	0.0
219.994243072	-3.2478147E-5	0.0
219.992293376	-3.9810006E-5	0.0
219.99034368	1.7180415E-5	0.0
219.9883776	-7.30948E-7	0.0
219.986427904	-7.671394E-5	0.0
219.984478208	4.8294936E-5	0.0
219.982512128	4.513987E-5	0.0
219.980562432	-4.1089566E-5	0.0
219.978612736	-1.3161206E-6	0.0
219.976646656	6.5535005E-6	0.0
219.97469696	4.9849707E-5	0.0
219.972747264	3.4764318E-5	0.0
219.970797568	1.8666537E-5	0.0
219.968831488	-2.7721753E-5	0.0
219.966881792	5.020209E-6	0.0
219.964932096	1.1252838E-5	0.0
219.962966016	1.0062071E-4	0.0
219.96101632	-5.3961976E-6	0.0
219.959066624	5.832485E-5	0.0
219.957100544	1.3704618E-4	0.0
219.955150848	1.9276676E-4	0.0
219.953201152	2.6927688E-4	0.0
219.951251456	2.586908E-4	0.0
219.949285376	1.7618266E-4	0.0
219.94733568	2.3697536E-4	0.0
219.945385984	2.6346828E-4	0.0
219.943419904	2.1590285E-4	0.0
219.941470208	2.2731362E-4	0.0
219.939520512	1.8558755E-4	0.0
219.937554432	9.6135125E-5	0.0
219.935604736	1.03022096E-4	0.0
219.93365504	1.3022253E-4	0.0
219.931705344	1.0583716E-4	0.0
219.929739264	1.4047515E-4	0.0
219.927789568	8.5235086E-5	0.0
219.925839872	7.900342E-5	0.0
219.923873792	6.900835E-5	0.0
219.921924096	1.04242245E-4	0.0
219.9199744	2.1584785E-5	0.0
219.91800832	7.7046694E-5	0.0
219.916058624	1.8025427E-4	0.0
219.914108928	4.832474E-5	0.0
219.912159232	7.1043636E-5	0.0
219.910193152	5.7261987E-5	0.0
219.908243456	-2.276263E-6	0.0
219.90629376	-1.4029965E-5	0.0
219.90432768	-3.8438968E-5	0.0
219.902377984	1.17689626E-4	0.0
219.900428288	2.7918746E-5	0.0
219.898462208	1.20460936E-4	0.0
219.896512512	7.672817E-5	0.0
219.894562816	1.2447845E-4	0.0
219.892596736	3.4449786E-5	0.0
219.89064704	3.0405996E-5	0.0
219.888697344	-4.215209E-5	0.0
219.886747648	2.3939474E-5	0.0
219.884781568	3.8961112E-5	0.0
219.882831872	6.0248956E-5	0.0
219.880882176	8.8027846E-5	0.0
219.878916096	1.4317857E-5	0.0
219.8769664	-7.131209E-5	0.0
219.875016704	5.19876E-5	0.0
219.873050624	-2.1925052E-5	0.0
219.871100928	-6.6341025E-5	0.0
219.869151232	9.895182E-5	0.0
219.867201536	3.238807E-5	0.0
219.865235456	6.0157927E-6	0.0
219.86328576	-4.059819E-6	0.0
219.861336064	-1.5280459E-5	0.0
219.859369984	3.3488166E-5	0.0
219.857420288	1.1965077E-4	0.0
219.855470592	6.9125854E-5	0.0
219.853504512	2.9830497E-5	0.0
219.851554816	4.4826756E-6	0.0
219.84960512	-7.793014E-5	0.0
219.847655424	-7.6296725E-5	0.0
219.845689344	1.9816487E-5	0.0
219.843739648	1.926596E-4	0.0
219.841789952	8.31304E-5	0.0
219.839823872	-2.914064E-5	0.0
219.837874176	1.0563162E-4	0.0
219.83592448	3.3300512E-5	0.0
219.8339584	2.9231045E-5	0.0
219.832008704	3.14604E-5	0.0
219.830059008	1.6607819E-5	0.0
219.828109312	5.960761E-5	0.0
219.826143232	2.8405813E-5	0.0
219.824193536	3.813375E-5	0.0
219.82224384	-1.2915861E-4	0.0
219.82027776	-5.5725286E-5	0.0
219.818328064	9.1761256E-5	0.0
219.816378368	7.1882656E-5	0.0
219.814412288	4.356077E-5	0.0
219.812462592	7.103009E-5	0.0
219.810512896	1.5281847E-4	0.0
219.8085632	-3.76709E-5	0.0
219.80659712	-1.0048558E-5	0.0
219.804647424	2.6966483E-5	0.0
219.802697728	4.120231E-5	0.0
219.800731648	1.4463293E-4	0.0
219.798781952	1.05113526E-4	0.0
219.796832256	1.514156E-4	0.0
219.794866176	1.07928085E-4	0.0
219.79291648	5.7213434E-5	0.0
219.790966784	3.795716E-5	0.0
219.789017088	2.291109E-5	0.0
219.787051008	5.1413368E-5	0.0
219.785101312	3.4148015E-5	0.0
219.783151616	1.1298217E-4	0.0
219.781185536	-2.6007545E-5	0.0
219.77923584	-2.3020139E-5	0.0
219.777286144	5.4282227E-6	0.0
219.775320064	2.7879398E-5	0.0
219.773370368	5.465752E-6	0.0
219.771420672	4.392133E-5	3.450299823626324E-9
219.769454592	-2.581675E-6	8.381133120849427E-9
219.767504896	1.2183884E-4	1.928421333730057E-8
219.7655552	1.267778E-4	4.20295620529032E-8
219.763605504	-9.776593E-6	8.676819618358422E-8
219.761639424	2.0621805E-5	1.6967494786968018E-7
219.759689728	-1.4240535E-5	3.142866660255095E-7
219.757740032	9.5228745E-5	5.514206122825271E-7
219.755773952	-6.092062E-5	9.164040761788783E-7
219.753824256	3.473064E-6	1.4425683048102655E-6
219.75187456	4.151533E-5	2.150947693735361E-6
219.74990848	-4.7984297E-5	3.037853730347706E-6
219.747958784	-6.37486E-5	4.063977030455135E-6
219.746009088	-2.6070536E-6	5.149752723809797E-6
219.744059392	-5.614109E-5	6.181279331940459E-6
219.742093312	-3.3936383E-5	7.028040727163898E-6
219.740143616	2.8124226E-5	7.569386525574373E-6
219.73819392	-3.584596E-5	7.724430361122359E-6
219.73622784	1.5749525E-5	7.468129751941888E-6
219.734278144	7.393302E-5	6.843843038950581E-6
219.732328448	2.0070896E-4	5.950546437816229E-6
219.730362368	8.903842E-5	4.921358140563825E-6
219.728412672	1.14323564E-4	3.896794169122586E-6
219.726462976	5.1532053E-5	3.0016183245606953E-6
219.72451328	-9.802721E-6	2.331172936465009E-6
219.7225472	2.7791155E-5	1.9475510271149687E-6
219.720597504	-5.759999E-5	1.8824330254574306E-6
219.718647808	1.1667128E-4	2.1409041437436827E-6
219.716681728	6.577814E-5	2.7023138500226196E-6
219.714732032	4.531375E-5	3.517248160278541E-6
219.712782336	4.62364E-6	4.503685431700433E-6
219.710816256	-7.4730684E-5	5.547511591430521E-6
219.70886656	6.775327E-5	6.512142590509029E-6
219.706916864	-2.4593135E-5	7.258269306475995E-6
219.704967168	-4.5624096E-5	7.67316760175163E-6
219.703001088	1.0663772E-4	7.686966455366928E-6
219.701051392	1.8682062E-4	7.303300662897527E-6
219.699101696	7.134502E-5	6.586144991160836E-6
219.697135616	9.281925E-5	5.653849711961811E-6
219.69518592	7.425785E-5	4.652048119169194E-6
219.693236224	8.458358E-5	3.72698355022294E-6
219.691270144	-2.257624E-5	3.0039309422136284E-6
219.689320448	1.3860839E-5	2.5740951059560757E-6
219.687370752	5.402385E-5	2.489409780537244E-6
219.685421056	5.1764826E-5	2.761484438451589E-6
219.683454976	3.157173E-5	3.361345761732082E-6
219.68150528	8.553701E-5	4.219159563945141E-6
219.679555584	1.2886028E-5	5.226286248216638E-6
219.677589504	1.9753118E-6	6.243702500796644E-6
219.675639808	1.7031876E-5	7.119449946912937E-6
219.673690112	1.2663612E-4	7.713926606811583E-6
219.671724032	-7.082385E-5	7.927345905045513E-6
219.669774336	-9.535373E-5	7.720995199633762E-6
219.66782464	-2.121314E-5	7.124080639187014E-6
219.665874944	5.5900255E-6	6.22802872385364E-6
219.663908864	-1.643827E-5	5.1572897064033896E-6
219.661959168	-4.6220168E-5	4.04514776164433E-6
219.660009472	6.5727196E-5	3.0052658530621557E-6
219.658043392	-5.039432E-6	2.114769586114562E-6
219.656093696	9.0593875E-7	1.4095256801738287E-6
219.654144	1.1297745E-5	8.89841032858385E-7
219.65217792	3.31843E-5	5.32087085503008E-7
219.650228224	-4.9796297E-5	3.013603304680146E-7
219.648278528	-4.4156877E-5	1.616679270455279E-7
219.646328832	-6.686595E-5	8.214825442109941E-8
219.644362752	-2.7621603E-5	3.9537621177032634E-8
219.642413056	2.1138769E-5	1.802440330322952E-8
219.64046336	2.5144118E-5	7.783065747446472E-9
219.63849728	-2.7157677E-7	3.183316943378145E-9
219.636547584	5.9978996E-5	0.0
219.634597888	-8.998645E-5	0.0
219.632631808	-1.6505847E-4	0.0
219.630682112	-1.3687611E-4	0.0
219.628732416	-4.334249E-5	0.0
219.626766336	4.534207E-5	0.0
219.62481664	3.2873122E-5	0.0
219.622866944	-2.1016009E-5	0.0
219.620917248	6.508269E-5	0.0
219.618951168	-1.2753046E-5	0.0
219.617001472	5.883341E-6	0.0
219.615051776	7.678969E-5	0.0
219.613085696	6.65796E-5	0.0
219.611136	4.0020113E-5	0.0
219.609186304	4.2192845E-5	0.0
219.607220224	2.3220959E-5	0.0
219.605270528	3.87262E-5	0.0
219.603320832	-4.728781E-5	0.0
219.601371136	-7.684522E-5	0.0
219.599405056	-1.27617E-5	0.0
219.59745536	5.8165064E-5	0.0
219.595505664	-3.366588E-5	0.0
219.593539584	3.4419302E-6	0.0
219.591589888	-3.850033E-5	0.0
219.589640192	2.9740424E-6	0.0
219.587674112	9.4112525E-5	0.0
219.585724416	-1.1298672E-4	0.0
219.58377472	-3.7237744E-5	0.0
219.581825024	-9.9076526E-5	0.0
219.579858944	-6.815844E-5	0.0
219.577909248	-4.807389E-5	0.0
219.575959552	3.0394951E-5	0.0
219.573993472	5.0178332E-5	0.0
219.572043776	-1.638121E-5	0.0
219.57009408	1.1899527E-4	0.0
219.568128	9.651243E-5	0.0
219.566178304	2.2036357E-4	0.0
219.564228608	3.9055033E-4	2.968864737384891E-12
219.562278912	5.851606E-4	7.236480078359753E-12
219.560312832	6.227056E-4	1.6706070554706187E-11
219.558363136	6.9498306E-4	3.652820060318085E-11
219.55641344	7.742502E-4	7.564742582344408E-11
219.55444736	7.367211E-4	1.4837786554977583E-10
219.552497664	4.8454377E-4	2.7564719951023164E-10
219.550547968	4.2868365E-4	4.850067569783789E-10
219.548581888	2.3222175E-4	1.1494699636571681E-9
219.546632192	2.8281435E-4	2.111886443501021E-9
219.544682496	2.420355E-4	3.847777207965919E-9
219.5427328	7.544686E-5	6.96622626250587E-9
219.54076672	8.300604E-5	1.2502676227654774E-8
219.538817024	4.892777E-5	2.2112516262495774E-8
219.536867328	4.3922442E-5	3.8240603572603504E-8
219.534901248	9.187568E-5	6.415886133481763E-8
219.532951552	1.4570556E-4	1.0372792047519397E-7
219.531001856	-6.17228E-5	1.6074838526947133E-7
219.529035776	-5.385137E-5	2.378591119622797E-7
219.52708608	-6.060562E-7	3.351531177031575E-7
219.525136384	2.036241E-5	4.491211598178779E-7
219.523186688	-5.0123985E-5	5.713381483474222E-7
219.521220608	3.890188E-5	6.897986963849689E-7
219.519270912	3.230927E-5	7.903923346930242E-7
219.517321216	1.7948204E-4	8.600705996286706E-7
219.515355136	2.7311815E-5	8.90267813247192E-7
219.51340544	1.5575669E-4	8.796087627160887E-7
219.511455744	4.662963E-5	8.349510949301475E-7
219.509489664	1.4619183E-5	7.702648190388572E-7
219.507539968	4.7595462E-5	7.035612838990346E-7
219.505590272	-3.817867E-5	6.526734637191112E-7
219.503624192	2.3385774E-5	6.310005460363755E-7
219.501674496	5.935087E-5	6.443038955694647E-7
219.4997248	7.456057E-5	6.893251907058584E-7
219.497775104	-4.0998166E-5	7.545602329628309E-7
219.495809024	-3.068284E-5	8.230015282606473E-7
219.493859328	-2.5587806E-5	8.761838330428873E-7
219.491909632	-4.1859457E-5	8.985229555946717E-7
219.489943552	1.3179885E-4	8.80818674886541E-7
219.487993856	3.090451E-5	8.219982987611729E-7
219.48604416	9.732922E-7	7.287042080861283E-7
219.48407808	1.05862586E-4	6.130167662377062E-7
219.482128384	1.17496435E-4	4.891464300271764E-7
219.480178688	6.7832974E-5	3.7004070918555954E-7
219.478228992	6.8490575E-5	2.656652497989853E-7
219.476262912	9.293714E-5	1.8094085874054144E-7
219.474313216	-1.3769359E-5	1.1696199209154656E-7
219.47236352	7.225226E-5	7.179527727885215E-8
219.47039744	3.8944298E-5	4.1878234213754695E-8
219.468447744	2.4439712E-4	2.323165304574104E-8
219.466498048	1.7479596E-4	1.2696903972653217E-8
219.464531968	1.2444987E-4	7.211179209321017E-9
219.462582272	1.7209123E-4	5.338585573610999E-9
219.460632576	5.8980342E-5	6.5116880776372454E-9
219.45868288	3.2984044E-5	1.118402259692175E-8
219.4567168	1.3519017E-4	2.0682595192056397E-8
219.454767104	4.917866E-5	3.803062753604536E-8
219.452817408	5.3124186E-6	6.636235383439271E-8
219.450851328	-9.9088116E-5	1.0972977548817653E-7
219.448901632	1.9440873E-5	1.7186030731863866E-7
219.446951936	1.01568825E-4	2.5493329758319305E-7
219.444985856	1.20284145E-4	3.581562850740738E-7
219.44303616	4.7421086E-5	4.765485641655687E-7
219.441086464	2.5603711E-5	6.00974885855976E-7
219.439136768	-5.0671624E-5	7.177964107540902E-7
219.437170688	2.350893E-6	8.125996941998892E-7
219.435220992	1.2699253E-4	8.726250371182687E-7
219.433271296	-5.842851E-5	8.903185175768158E-7
219.431305216	2.827788E-5	8.657576131554379E-7
219.42935552	-4.234642E-6	8.072852892837545E-7
219.427405824	-2.8115044E-6	7.300459969883377E-7
219.425439744	1.109294E-4	6.527873210870894E-7
219.423490048	6.816358E-5	5.937580453974078E-7
219.421540352	2.3929695E-5	5.667226901096001E-7
219.419590656	-2.7586595E-5	5.780077572126174E-7
219.417624576	-6.222246E-5	6.251469244489272E-7
219.41567488	-1.8946788E-5	6.973875201765622E-7
219.413725184	2.2413495E-5	7.779868269608414E-7
219.411759104	1.3981877E-4	8.478253903376753E-7
219.409809408	-3.4417915E-6	8.895981409295928E-7
219.407859712	9.432017E-5	8.915587841329398E-7
219.405893632	1.4366086E-4	8.498638521814428E-7
219.403943936	4.8429454E-5	7.68885399793362E-7
219.40199424	-1.966252E-5	6.595072363779764E-7
219.400044544	1.2311863E-4	5.360326440495555E-7
219.398078464	1.5194462E-4	4.1261932892666664E-7
219.396128768	8.57811E-5	3.009608349202608E-7
219.394179072	1.4853615E-5	2.0789896382211737E-7
219.392212992	-4.956089E-5	1.360124883831304E-7
219.390263296	-9.085746E-5	8.427236508623537E-8
219.3883136	-2.7515545E-5	4.945084342011796E-8
219.38634752	1.0783284E-5	2.7481755537905883E-8
219.384397824	7.50775E-5	1.446430974993973E-8
219.382448128	1.986855E-6	7.2100343473380235E-9
219.380482048	3.3793407E-5	3.403739734508804E-9
219.378532352	5.790841E-5	1.5218022397789355E-9
219.376582656	7.95255E-5	6.443813815870669E-10
219.37463296	7.379802E-6	2.5841373485491204E-10
219.37266688	-1.2396247E-4	0.0
219.370717184	-6.88307E-5	0.0
219.368767488	-1.6239059E-5	0.0
219.366801408	3.6911133E-5	0.0
219.364851712	1.1507969E-5	0.0
219.362902016	3.4282322E-5	0.0
219.360935936	-1.2964216E-5	0.0
219.35898624	1.7051623E-5	0.0
219.357036544	9.7479184E-5	0.0
219.355086848	6.829916E-5	0.0
219.353120768	7.055699E-5	0.0
219.351171072	1.4555371E-4	0.0
219.349221376	-2.3040751E-5	0.0
219.347255296	9.4195006E-5	0.0
219.3453056	1.3319052E-4	0.0
219.343355904	-1.6294633E-5	0.0
219.341389824	5.783772E-5	0.0
219.339440128	7.642333E-6	0.0
219.337490432	-9.057613E-5	0.0
219.335540736	1.9280526E-5	0.0
219.333574656	9.81937E-5	0.0
219.33162496	1.7418986E-5	0.0
219.329675264	4.7935875E-5	0.0
219.327709184	-3.6942107E-5	0.0
219.325759488	-1.2933456E-4	0.0
219.323809792	3.582981E-5	0.0
219.321843712	7.513329E-5	0.0
219.319894016	4.055142E-5	0.0
219.31794432	4.1112162E-5	0.0
219.315994624	8.0222795E-5	0.0
219.314028544	-1.5544103E-5	0.0
219.312078848	6.7059045E-5	0.0
219.310129152	1.4503009E-4	0.0
219.308163072	-4.577391E-5	0.0
219.306213376	-8.8259985E-5	0.0
219.30426368	-4.4014251E-7	0.0
219.3022976	8.599721E-5	0.0
219.300347904	6.640904E-5	0.0
219.298398208	5.1782798E-5	0.0
219.296448512	8.0240185E-5	0.0
219.294482432	-4.5506415E-5	0.0
219.292532736	-5.638779E-5	0.0
219.29058304	-5.4561115E-5	0.0
219.28861696	-3.3881828E-5	0.0
219.286667264	-7.252564E-5	0.0
219.284717568	-4.4315926E-5	0.0
219.282751488	6.976531E-5	0.0
219.280801792	1.0398018E-4	0.0
219.278852096	1.2079064E-4	0.0
219.2769024	3.6667643E-5	0.0
219.27493632	9.380628E-5	0.0
219.272986624	1.4507983E-4	0.0
219.271036928	1.244709E-4	0.0
219.269070848	-6.5551594E-6	0.0
219.267121152	1.5408137E-5	0.0
219.265171456	7.644304E-5	0.0
219.263205376	9.679206E-5	0.0
219.26125568	6.791399E-7	0.0
219.259305984	1.4753978E-5	0.0
219.257356288	-5.8700713E-5	0.0
219.255390208	-1.2934588E-4	0.0
219.253440512	3.0128018E-5	0.0
219.251490816	2.4894436E-5	0.0
219.249524736	8.070894E-6	0.0
219.24757504	3.5886926E-5	0.0
219.245625344	6.6604865E-5	5.874013081497154E-11
219.243659264	4.3660355E-5	1.4750968502230677E-10
219.241709568	-6.810289E-5	3.5079120164205335E-10
219.239759872	-5.465329E-5	8.143440921593026E-10
219.237793792	5.075779E-5	1.7778284400193911E-9
219.235844096	2.7562632E-5	3.6266694092290663E-9
219.2338944	-2.7643278E-5	7.018784664580835E-9
219.231944704	-4.24227E-5	1.289110151958539E-8
219.229978624	-6.7857494E-5	2.247730357396449E-8
219.228028928	6.857566E-5	3.722203700817772E-8
219.226079232	9.058834E-5	5.8566644867141804E-8
219.224113152	7.2661824E-5	8.760062542023661E-8
219.222163456	4.8010912E-5	1.246242646857354E-7
219.22021376	6.262805E-5	1.6872498065367836E-7
219.21824768	-8.132947E-6	2.1751654344370763E-7
219.216297984	-2.0382684E-5	2.671746415217058E-7
219.214348288	-5.6357996E-5	3.128508581085043E-7
219.212398592	1.0704669E-4	3.494210147891863E-7
219.210432512	8.711502E-5	3.7242025996420125E-7
219.208482816	4.1643765E-5	3.789261597830773E-7
219.20653312	4.1258023E-5	3.68153195040577E-7
219.20456704	6.327706E-5	3.5268530496068706E-7
219.202617344	1.5441534E-5	3.307249869521911E-7
219.200667648	4.5082063E-5	3.232030962863064E-7
219.198701568	1.3468604E-4	3.589596531128336E-7
219.196751872	5.0451712E-5	4.858394504481112E-7
219.194802176	2.4856798E-5	7.805297741469985E-7
219.19285248	9.6112435E-6	1.3586668501375243E-6
219.1908864	3.6495305E-5	2.3811214759916766E-6
219.188936704	-3.3254233E-5	4.049100880365586E-6
219.186987008	4.4167875E-5	6.58016551824403E-6
219.185020928	1.6679684E-5	1.0159848898183554E-5
219.183071232	3.131128E-5	1.48720973811578E-5
219.181121536	3.8354377E-5	2.0622968804673292E-5
219.179155456	-6.2311665E-5	2.7084146495326422E-5
219.17720576	1.0174919E-5	3.3686155802570283E-5
219.175256064	1.2068787E-4	3.968121382058598E-5
219.173306368	1.0887755E-4	4.427490785019472E-5
219.171340288	1.6265063E-4	4.679585254052654E-5
219.169390592	5.1835694E-5	4.685547901317477E-5
219.167440896	2.0851096E-6	4.4445041567087173E-5
219.165474816	1.0755071E-4	3.993769860244356E-5
219.16352512	5.6218192E-5	3.399493652977981E-5
219.161575424	-1.9175097E-5	2.7408805181039497E-5
219.159609344	2.7662538E-5	2.093151124427095E-5
219.157659648	-2.1694259E-5	1.5141625226533506E-5
219.155709952	-5.0902694E-5	1.0378377737652045E-5
219.153760256	9.627156E-6	6.745489827153506E-6
219.151794176	-7.152552E-6	4.165924565313617E-6
219.14984448	4.3097567E-5	2.4573619157308713E-6
219.147894784	2.1283377E-4	1.4024282108948682E-6
219.145928704	8.337714E-5	7.978381404427637E-7
219.143979008	1.2277519E-4	4.796266921403003E-7
219.142029312	7.9316036E-5	3.290883512363507E-7
219.140063232	1.1589255E-4	2.674295842552965E-7
219.138113536	-4.8177626E-6	2.4611728122181376E-7
219.13616384	9.840856E-5	2.3747061561607552E-7
219.134214144	3.7733527E-5	2.2309124858566065E-7
219.132248064	4.0608207E-5	2.086197241624177E-7
219.130298368	1.0461937E-6	1.8480945129795145E-7
219.128348672	1.04014114E-4	1.5504090811191418E-7
219.126382592	4.215416E-5	1.2319716802267067E-7
219.124432896	6.799981E-5	9.26998637851284E-8
219.1224832	2.1175925E-4	6.605157665262595E-8
219.12051712	1.6866595E-4	4.456661528706718E-8
219.118567424	3.660055E-5	2.8474737234773784E-8
219.116617728	1.8141402E-5	1.729504894854017E-8
219.114651648	9.341092E-5	1.0037612518942751E-8
219.112701952	-5.968848E-6	5.750238063484403E-9
219.110752256	9.778732E-5	3.63567753680627E-9
219.10880256	9.1477305E-5	3.213080024266901E-9
219.10683648	7.2196104E-5	4.378756468526035E-9
219.104886784	3.138003E-5	7.418256675606472E-9
219.102937088	5.6445915E-5	1.2975688967742371E-8
219.100971008	-2.2292932E-6	2.1920090631510902E-8
219.099021312	3.5546193E-5	3.5367182960044374E-8
219.097071616	1.02207916E-4	5.403463632092098E-8
219.095105536	4.382963E-5	7.817276781452165E-8
219.09315584	1.9303969E-5	1.0709064923730693E-7
219.091206144	1.5138018E-4	1.389187787026458E-7
219.089256448	4.271646E-5	1.7064073176698002E-7
219.087290368	1.6071237E-4	1.9848053511850594E-7
219.085340672	9.03931E-5	2.186079797183993E-7
219.083390976	7.279211E-5	2.279962956208692E-7
219.081424896	-1.1019455E-6	2.2516611863920843E-7
219.0794752	7.344857E-5	2.1056762022908515E-7
219.077525504	-3.1363759E-6	1.8646332478056138E-7
219.075559424	-4.186994E-5	1.5635410477443656E-7
219.073609728	3.5949288E-5	1.2414727734721964E-7
219.071660032	3.2153785E-5	9.334215889111874E-8
219.069710336	4.6854733E-5	6.64557830987178E-8
219.067744256	-2.8523586E-5	4.4802121124121186E-8
219.06579456	-1.3904833E-5	2.8600702250969334E-8
219.063844864	-7.5399534E-5	1.7288897424805327E-8
219.061878784	-1.3795269E-6	9.896314878687917E-9
219.059929088	1.8618231E-5	5.364008348607285E-9
219.057979392	5.838752E-5	2.753074879180417E-9
219.056013312	4.699722E-5	1.3380095920112467E-9
219.054063616	-2.8633528E-6	6.375899253008299E-10
219.05211392	-2.039641E-5	3.2314945164202413E-10
219.050164224	-7.790497E-5	2.410845412192941E-10
219.048198144	4.1759213E-6	2.9355554098664527E-10
219.046248448	7.3361025E-6	6.259657236995508E-10
219.044298752	8.986482E-5	1.2638983193369313E-9
219.042332672	7.065516E-5	2.4164203971110965E-9
219.040382976	-1.0114485E-4	4.374523854266954E-9
219.03843328	3.1896383E-5	7.4987616116573E-9
219.0364672	-5.4564935E-6	1.2171567753682666E-8
219.034517504	-2.6348362E-5	1.8706975524196423E-8
219.032567808	1.4422107E-5	2.722449998771026E-8
219.030618112	-6.323915E-7	3.751583577127349E-8
219.028652032	-1.4354946E-5	4.895186833664411E-8
219.026702336	1.528713E-4	6.048156819815631E-8
219.02475264	1.307688E-4	7.075804120404428E-8
219.02278656	2.6758747E-5	7.838416138383764E-8
219.020836864	-1.6545955E-5	8.222051661732621E-8
219.018887168	-3.2996548E-5	8.166416876065341E-8
219.016921088	7.6225704E-5	7.680380775809681E-8
219.014971392	7.251901E-5	6.839637478606164E-8
219.013021696	-8.4473395E-5	5.7674363063142664E-8
219.011072	-7.968084E-5	4.605022496662059E-8
219.00910592	1.0926149E-4	3.4816071803334125E-8
219.007156224	4.2347205E-5	2.4924529995473677E-8
219.005206528	-1.7056003E-5	1.6895667087624133E-8
219.003240448	-2.6262156E-5	1.0844785514052546E-8
219.001290752	2.3675291E-5	6.5912191260508735E-9
218.999341056	1.9210676E-5	3.793231950766085E-9
218.997374976	6.494694E-5	2.0670571920788916E-9
218.99542528	5.8741392E-5	1.066591037712783E-9
218.993475584	-3.150684E-6	5.211223119694353E-10
218.991525888	6.354674E-5	2.410905364236271E-10
218.989559808	1.385231E-4	1.056136705868127E-10
218.987610112	1.3671328E-4	4.380855747609935E-11
218.985660416	5.1963045E-5	1.7206692667914858E-11
218.983694336	-9.422396E-6	0.0
218.98174464	9.213607E-5	0.0
218.979794944	4.7775186E-5	0.0
218.977828864	-3.1398795E-5	0.0
218.975879168	7.123632E-5	0.0
218.973929472	9.096189E-5	0.0
218.971963392	1.3725819E-4	0.0
218.970013696	9.1759786E-5	0.0
218.968064	1.22949805E-5	0.0
218.966114304	-4.9743303E-6	0.0
218.964148224	1.3302257E-5	0.0
218.962198528	-1.9701865E-5	0.0
218.960248832	7.6112185E-5	0.0
218.958282752	-8.830649E-5	0.0
218.956333056	-4.4674252E-6	0.0
218.95438336	4.4883385E-5	0.0
218.95241728	-4.8584327E-5	0.0
218.950467584	-5.586802E-6	0.0
218.948517888	-1.6302396E-5	0.0
218.946568192	2.9915338E-6	0.0
218.944602112	9.020544E-5	0.0
218.942652416	6.4750657E-6	0.0
218.94070272	-2.385595E-5	1.162440109447882E-11
218.93873664	-5.1625084E-6	2.911623719903389E-11
218.936786944	1.297385E-4	6.905135491175329E-11
218.934837248	-2.4401781E-5	1.5505423334172264E-10
218.932871168	-7.405433E-5	3.296644901507051E-10
218.930921472	-2.9741948E-6	6.636414195959617E-10
218.928971776	5.211218E-5	1.2649391534225174E-9
218.92702208	-7.463463E-5	2.282867006542233E-9
218.925056	-4.3414526E-5	3.900924916422355E-9
218.923106304	-1.7102315E-5	6.311431377525878E-9
218.921156608	7.206205E-6	9.668587708233645E-9
218.919190528	3.9995615E-5	1.402403526640228E-8
218.917240832	-8.046618E-6	1.9260092187778355E-8
218.915291136	-8.926521E-6	2.5044810669783146E-8
218.913325056	6.0963477E-5	3.083556521232822E-8
218.91137536	9.043945E-5	3.59468543820185E-8
218.909425664	8.0071004E-5	3.9677566121554264E-8
218.907475968	3.691475E-5	4.14671141868439E-8
218.905509888	8.895965E-5	4.103338469008122E-8
218.903560192	-8.6881584E-5	3.8445527650310396E-8
218.901610496	1.2849673E-4	3.4105880786228226E-8
218.899644416	4.2255637E-5	2.8647550109894837E-8
218.89769472	7.225102E-5	2.2783510189583467E-8
218.895745024	1.1214088E-4	1.715649666778063E-8
218.893778944	4.4989833E-5	1.223239021186373E-8
218.891829248	-4.2406566E-5	1.8016473646298437E-8
218.889879552	-6.321796E-5	3.015306404563489E-8
218.887929856	-6.5232445E-5	6.322750323306536E-8
218.885963776	3.8434668E-5	1.3900826445478742E-7
218.88401408	3.0921332E-5	2.9990451366757043E-7
218.882064384	9.68345E-6	6.136478987173177E-7
218.880098304	-2.1896021E-5	1.1913293747056741E-6
218.878148608	2.037925E-6	2.1914388526056428E-6
218.876198912	6.860091E-5	3.818335244432092E-6
218.874232832	1.0138794E-5	6.301591838564491E-6
218.872283136	-4.5090026E-5	9.850830792856868E-6
218.87033344	-9.728373E-7	1.4587419173039962E-5
218.868383744	2.8545905E-5	2.0465415218495764E-5
218.866417664	4.1294563E-5	2.72066881734645E-5
218.864467968	6.576484E-5	3.428033596719615E-5
218.862518272	-1.020423E-5	4.094990435987711E-5
218.860552192	-3.3245375E-5	4.6391880459850654E-5
218.858602496	4.7071208E-5	4.986158091924153E-5
218.8566528	9.4856274E-5	5.086065357318148E-5
218.85468672	1.226884E-4	4.9254253099206835E-5
218.852737024	-2.4107792E-5	4.5300417696125805E-5
218.850787328	-1.4242307E-5	3.958303204854019E-5
218.848821248	-3.8093232E-5	3.2871779694687575E-5
218.846871552	-4.8979604E-5	2.5954881493817084E-5
218.844921856	4.9083905E-5	1.949351826624479E-5
218.84297216	9.594701E-5	1.3933192349213641E-5
218.84100608	1.2219985E-4	9.482599125476554E-6
218.839056384	7.383848E-5	6.148270585981663E-6
218.837106688	9.3222314E-7	3.7997012896084925E-6
218.835140608	2.3578179E-5	2.239329205622198E-6
218.833190912	-3.889858E-5	1.2589887319336412E-6
218.831241216	4.8361482E-5	6.754348760296125E-7
218.829275136	1.0708201E-4	3.4582976127239817E-7
218.82732544	1.440706E-5	1.6899394950087299E-7
218.825375744	-1.1916483E-4	7.88058116540924E-8
218.823426048	-4.2821608E-5	3.506111312390203E-8
218.821459968	5.187062E-5	1.0253139670624023E-8
218.819510272	6.8662855E-5	4.3703849428311514E-9
218.817560576	2.0429351E-4	1.7637654670110692E-9
218.815594496	1.16751886E-4	0.0
218.8136448	1.20098346E-4	0.0
218.811695104	1.01505786E-4	0.0
218.809729024	1.0814687E-4	0.0
218.807779328	1.0734637E-4	0.0
218.805829632	1.0261314E-4	0.0
218.803879936	1.2578342E-4	0.0
218.801913856	8.104604E-5	0.0
218.79996416	4.276269E-5	0.0
218.798014464	-4.044793E-5	0.0
218.796048384	-2.4195922E-5	0.0
218.794098688	-5.5802888E-5	0.0
218.792148992	-1.688042E-5	0.0
218.790182912	-1.4402516E-5	0.0
218.788233216	3.2544343E-5	0.0
218.78628352	-5.269909E-6	0.0
218.784333824	-3.1729895E-5	0.0
218.782367744	-7.126936E-5	0.0
218.780418048	-3.3113694E-5	0.0
218.778468352	7.377077E-7	0.0
218.776502272	5.2475636E-5	0.0
218.774552576	-1.422586E-5	0.0
218.77260288	5.343756E-6	0.0
218.7706368	1.7981603E-6	0.0
218.768687104	1.3679893E-4	0.0
218.766737408	4.8901606E-5	0.0
218.764787712	5.677046E-5	0.0
218.762821632	1.855736E-4	0.0
218.760871936	2.217565E-4	0.0
218.75892224	1.645326E-4	0.0
218.75695616	2.3769458E-4	0.0
218.755006464	1.3001227E-4	0.0
218.753056768	2.2624007E-4	0.0
218.751090688	1.6252536E-4	0.0
218.749140992	1.703289E-4	0.0
218.747191296	1.9062984E-4	0.0
218.7452416	1.058398E-4	0.0
218.74327552	7.579351E-5	0.0
218.741325824	6.0486385E-5	0.0
218.739376128	6.201235E-5	0.0
218.737410048	1.1941886E-4	0.0
218.735460352	8.134229E-5	0.0
218.733510656	1.17221796E-4	0.0
218.731544576	8.591398E-5	0.0
218.72959488	1.6680395E-4	0.0
218.727645184	4.240579E-5	0.0
218.725679104	1.1060497E-4	0.0
218.723729408	1.09646884E-4	0.0
218.721779712	1.17288255E-4	0.0
218.719830016	4.9497317E-5	0.0
218.717863936	-1.6068609E-5	0.0
218.71591424	1.2315116E-4	0.0
218.713964544	3.5069967E-5	0.0
218.711998464	7.8438614E-5	2.289661349408334E-9
218.710048768	4.648628E-5	5.590606200200909E-9
218.708099072	4.0927513E-5	1.2923230485739623E-8
218.706132992	1.378804E-4	2.8281737840529786E-8
218.704183296	-2.6223917E-5	5.8596022256551805E-8
218.7022336	-2.4681603E-5	1.1493535367890217E-7
218.700283904	2.8770077E-5	2.1343328171496978E-7
218.698317824	3.9190632E-5	3.7522568163694814E-7
218.696368128	3.3281543E-5	6.245142003535875E-7
218.694418432	-2.7131043E-6	9.840398433880182E-7
218.692452352	-3.8641072E-5	1.4679169453302165E-6
218.690502656	3.79518E-5	2.0730471987917554E-6
218.68855296	-1.7796827E-5	2.7716371278074803E-6
218.68658688	2.8894263E-5	3.508225745463278E-6
218.684637184	9.187537E-5	4.204033757559955E-6
218.682687488	7.5540236E-5	4.7695471039332915E-6
218.680737792	2.3668896E-5	5.123004939378006E-6
218.678771712	-7.4849395E-6	5.209692517382791E-6
218.676822016	3.8237737E-5	5.015795522922417E-6
218.67487232	3.7953523E-5	4.572004399960861E-6
218.67290624	3.3877663E-5	3.9455612750316504E-6
218.670956544	1.08255736E-4	3.2235955131909577E-6
218.669006848	-1.065916E-5	2.4934411158028524E-6
218.667040768	-2.7245866E-5	1.8259046328239492E-6
218.665091072	3.931569E-5	1.2658387049668818E-6
218.663141376	1.0193866E-4	8.308016390401463E-7
218.66119168	1.2425588E-4	5.162175966688665E-7
218.6592256	9.728727E-5	3.0366206260623585E-7
218.657275904	2.253075E-6	1.6910892952637369E-7
218.655326208	1.1149461E-5	8.915952776078484E-8
218.653360128	-5.5726796E-5	4.4503366325443494E-8
218.651410432	4.771695E-5	2.1029958219287437E-8
218.649460736	6.270467E-5	9.408323009552078E-9
218.647494656	9.452599E-5	3.9848462307645605E-9
218.64554496	-3.7527887E-5	1.5978333101074327E-9
218.643595264	2.965893E-5	0.0
218.641645568	2.4915165E-5	0.0
218.639679488	2.7613869E-5	0.0
218.637729792	-1.344475E-6	0.0
218.635780096	5.6614957E-5	0.0
218.633814016	-2.4550978E-5	0.0
218.63186432	7.519026E-5	0.0
218.629914624	1.3844152E-4	0.0
218.627948544	1.1576314E-4	0.0
218.625998848	7.4705986E-6	0.0
218.624049152	-3.896931E-5	0.0
218.622099456	-5.439324E-5	0.0
218.620133376	-6.836179E-7	0.0
218.61818368	6.49355E-5	0.0
218.616233984	6.909333E-5	1.571882901618693E-11
218.614267904	1.253452E-5	3.873402293352868E-11
218.612318208	5.022581E-6	9.03585886669056E-11
218.610368512	-7.78062E-6	1.9954950192246912E-10
218.608402432	2.6011157E-5	4.1719222521052757E-10
218.606452736	1.889941E-5	8.257073913497948E-10
218.60450304	3.1980777E-5	1.5471032233094206E-9
218.602553344	5.770753E-6	2.744213967176279E-9
218.600587264	-6.0660503E-5	4.608092130098385E-9
218.598637568	-2.0338788E-5	7.325355433351888E-9
218.596687872	-8.516554E-6	1.1024033241824327E-8
218.594721792	8.079371E-5	1.5705678535482548E-8
218.592772096	3.1165557E-5	2.1182502862870933E-8
218.5908224	-1.1649501E-4	2.7045951256354783E-8
218.58885632	7.398429E-5	3.2691250595462407E-8
218.586906624	1.07197564E-4	3.740806775454075E-8
218.584956928	-3.584444E-6	4.052317947866868E-8
218.582990848	-1.985128E-5	4.155719324216989E-8
218.581041152	-7.264509E-5	4.0345362606331037E-8
218.579091456	3.986545E-5	3.708049334250063E-8
218.57714176	-2.0086865E-5	3.226278266765803E-8
218.57517568	-7.1350085E-5	2.657434627906241E-8
218.573225984	2.2469498E-5	2.0721815374713515E-8
218.571276288	-3.234306E-5	1.5296686584065355E-8
218.569310208	3.8737726E-6	1.068983923602218E-8
218.567360512	-1.6820532E-5	7.0721166700593585E-9
218.565410816	1.5542774E-6	4.429268507522011E-9
218.563444736	-3.0671512E-5	2.626145967354887E-9
218.56149504	-8.838377E-7	1.4740428877502154E-9
218.559545344	1.07821885E-4	7.832596238266376E-10
218.557595648	1.0700309E-5	3.940086035214563E-10
218.555629568	9.202098E-5	1.8763336717686485E-10
218.553679872	6.499598E-5	8.458996697546795E-11
218.551730176	-3.586416E-5	3.610205537296629E-11
218.549764096	1.1592843E-5	1.4586609697886388E-11
218.5478144	1.0882805E-4	0.0
218.545864704	3.9794253E-5	0.0
218.543898624	6.7773384E-5	0.0
218.541948928	-6.2316234E-5	0.0
218.539999232	1.6134809E-5	0.0
218.538049536	-6.573953E-6	0.0
218.536083456	-3.0703875E-5	0.0
218.53413376	-3.7164755E-5	0.0
218.532184064	1.369991E-4	0.0
218.530217984	1.1258352E-4	0.0
218.528268288	1.0731466E-4	0.0
218.526318592	1.2511066E-4	0.0
218.524352512	9.00892E-5	0.0
218.522402816	5.017321E-5	0.0
218.52045312	-8.019155E-5	0.0
218.518503424	5.0728235E-5	0.0
218.516537344	5.8369016E-5	3.202898449933267E-12
218.514587648	6.496184E-5	7.804239893216547E-12
218.512637952	1.3823186E-4	1.800107805871587E-11
218.510671872	7.859343E-5	3.930533329365993E-11
218.508722176	-2.7251475E-5	8.124321354552322E-11
218.50677248	8.588026E-5	1.5896582661323322E-10
218.5048064	1.1562522E-4	2.9444544025203356E-10
218.502856704	1.7067266E-4	5.16284237583875E-10
218.500907008	5.1673418E-5	8.569472909059073E-10
218.498957312	-4.9096383E-5	1.3464908077409632E-9
218.496991232	-6.093256E-6	2.002790155941625E-9
218.495041536	3.9102957E-5	2.8200022317292905E-9
218.49309184	4.9358106E-5	4.0560159675351315E-9
218.49112576	1.9900925E-5	5.5000746179700855E-9
218.489176064	3.1502987E-5	7.491617992627653E-9
218.487226368	9.012453E-5	1.057616572097686E-8
218.485260288	1.6344336E-4	1.5870869063405735E-8
218.483310592	1.93178E-5	2.5391441837996354E-8
218.481360896	8.1418046E-5	4.2386986365272605E-8
218.4794112	6.746803E-5	7.154706338496908E-8
218.47744512	7.952906E-5	1.1887384232522891E-7
218.475495424	1.1482406E-4	1.9098747827683837E-7
218.473545728	2.1736823E-4	2.9370551146712387E-7
218.471579648	1.4633307E-4	4.299710667510226E-7
218.469629952	2.1851873E-4	5.975413728265266E-7
218.467680256	1.702212E-4	7.871963134675752E-7
218.465714176	2.160697E-4	9.823801292441203E-7
218.46376448	1.8896088E-4	1.160926672127971E-6
218.461814784	5.774743E-5	1.2989250990358414E-6
218.459848704	2.6585143E-5	1.3758807426711428E-6
218.457899008	1.624827E-5	1.3796767461826676E-6
218.455949312	3.9631184E-5	1.309676349592337E-6
218.453999616	1.7846027E-5	1.1768916010623798E-6
218.452033536	1.0511635E-4	1.0011298172685201E-6
218.45008384	2.7054515E-5	8.061646781243326E-7
218.448134144	-1.0866106E-5	6.145174324956315E-7
218.446168064	-3.0496049E-5	4.4342675664665876E-7
218.444218368	-4.6632285E-6	3.0289021424323437E-7
218.442268672	1.5472602E-5	1.9585021959755977E-7
218.440302592	4.7986043E-5	1.1987768289145606E-7
218.438352896	9.234604E-5	6.945899144739087E-8
218.4364032	-2.2812254E-5	3.809765303230961E-8
218.434453504	1.12732105E-5	1.9780694415771904E-8
218.432487424	3.2944296E-5	9.722136873335785E-9
218.430537728	2.3221075E-5	4.5233368162200804E-9
218.428588032	1.2719592E-4	1.992201070777355E-9
218.426621952	3.5013818E-5	8.305861554092075E-10
218.424672256	-3.2281042E-7	3.278033677833747E-10
218.42272256	1.8924877E-5	0.0
218.42075648	5.925359E-5	0.0
218.418806784	-2.6727592E-5	0.0
218.416857088	3.3104418E-5	0.0
218.414907392	7.074471E-5	0.0
218.412941312	-4.577118E-5	0.0
218.410991616	-3.7609185E-5	0.0
218.40904192	7.2989005E-6	0.0
218.40707584	-3.4304228E-6	0.0
218.405126144	-4.54598E-6	0.0
218.403176448	-5.8766924E-5	0.0
218.401210368	-5.435323E-5	0.0
218.399260672	1.2004481E-5	0.0
218.397310976	2.2970178E-5	0.0
218.39536128	-4.9887076E-5	0.0
218.3933952	9.495827E-5	0.0
218.391445504	8.9255955E-5	0.0
218.389495808	2.3605464E-5	0.0
218.387529728	8.56138E-5	0.0
218.385580032	1.317747E-4	0.0
218.383630336	1.252043E-4	0.0
218.381664256	-1.2695769E-5	0.0
218.37971456	-6.436703E-5	0.0
218.377764864	-1.4427576E-4	0.0
218.375815168	-8.547018E-5	0.0
218.373849088	5.4530447E-5	0.0
218.371899392	2.6756194E-5	0.0
218.369949696	-7.555328E-5	5.889159160332724E-10
218.367983616	-1.1515253E-4	1.4427158356866698E-9
218.36603392	-2.6440926E-5	3.3455018755290666E-9
218.364084224	5.4943073E-5	7.343310404195336E-9
218.362118144	4.4674747E-5	1.5257150209890824E-8
218.360168448	1.4081143E-4	3.000566195510146E-8
218.358218752	4.353349E-5	5.585797069329601E-8
218.356269056	2.5630952E-5	9.84275771998E-8
218.354302976	4.507395E-5	2.775489065243164E-7
218.35235328	-1.7375723E-5	5.378728928917553E-7
218.350403584	-8.344589E-5	1.0357045994169312E-6
218.348437504	-6.62755E-5	1.9756505480472697E-6
218.346487808	5.023595E-5	3.709267957674456E-6
218.344538112	-4.6354042E-5	6.7991059040650725E-6
218.342572032	-6.34551E-5	1.2070661796315107E-5
218.340622336	-5.4565735E-5	2.061429768218659E-5
218.33867264	-1.2886421E-5	3.368639954715036E-5
218.336722944	6.8136746E-5	5.246918590273708E-5
218.334756864	1.2815816E-4	7.768731302348897E-5
218.332807168	1.022171E-4	1.0915263555943966E-4
218.330857472	1.2830879E-4	1.4538793766405433E-4
218.328891392	2.3125958E-4	1.8350908067077398E-4
218.326941696	1.8792598E-4	2.1949746587779373E-4
218.324992	2.4575196E-4	2.4886478786356747E-4
218.32302592	3.1526946E-4	2.6755183353088796E-4
218.321076224	3.06467E-4	2.7281581424176693E-4
218.319126528	1.7970198E-4	2.6385142700746655E-4
218.317160448	1.6755157E-4	2.4197660968638957E-4
218.315210752	1.900735E-4	2.1033367374911904E-4
218.313261056	2.1260667E-4	1.7318318714387715E-4
218.31131136	1.3590828E-4	1.3499039050657302E-4
218.30934528	9.891473E-5	9.956006397260353E-5
218.307395584	5.0539016E-5	6.945628410903737E-5
218.305445888	3.8451577E-5	4.582756810123101E-5
218.303479808	-2.2367245E-5	2.8598156859516166E-5
218.301530112	1.0875644E-4	1.6880772818694822E-5
218.299580416	1.21216864E-4	9.426879842067137E-6
218.297614336	9.1735645E-5	4.981135589332553E-6
218.29566464	-6.470391E-6	2.4907299120968673E-6
218.293714944	1.3601984E-4	1.1787227549575618E-6
218.291765248	7.013004E-5	5.279695187709876E-7
218.289799168	1.04817234E-4	2.238382847963294E-7
218.287849472	-3.1484685E-6	8.982527788248262E-8
218.285899776	2.172636E-5	0.0
218.283933696	3.088835E-5	0.0
218.281984	-1.5576019E-5	0.0
218.280034304	-3.1021686E-5	0.0
218.278068224	-4.4629833E-6	0.0
218.276118528	1.7896173E-5	0.0
218.274168832	7.836216E-5	0.0
218.272219136	9.15737E-5	0.0
218.270253056	5.7806286E-5	0.0
218.26830336	2.9288001E-5	0.0
218.266353664	-2.4727824E-5	0.0
218.264387584	3.278832E-5	0.0
218.262437888	3.626281E-5	0.0
218.260488192	3.030716E-5	0.0
218.258522112	1.6088105E-5	0.0
218.256572416	6.2628114E-6	0.0
218.25462272	2.1883936E-5	0.0
218.252673024	-7.327645E-5	0.0
218.250706944	7.918476E-5	0.0
218.248757248	1.4584568E-4	0.0
218.246807552	-3.2465003E-5	0.0
218.244841472	8.599263E-5	0.0
218.242891776	6.742287E-5	0.0
218.24094208	1.617343E-5	0.0
218.238976	-1.416978E-5	0.0
218.237026304	-5.3504573E-6	0.0
218.235076608	8.9072004E-5	0.0
218.233126912	1.3762982E-4	0.0
218.231160832	8.9467874E-5	0.0
218.229211136	1.274893E-4	0.0
218.22726144	9.245409E-5	0.0
218.22529536	1.6530273E-4	0.0
218.223345664	2.1741605E-4	0.0
218.221395968	2.8933218E-4	0.0
218.219429888	4.100448E-4	0.0
218.217480192	4.1089405E-4	0.0
218.215530496	3.4988677E-4	0.0
218.2135808	3.3734794E-4	0.0
218.21161472	3.3618236E-4	0.0
218.209665024	2.213914E-4	0.0
218.207715328	2.0387176E-4	0.0
218.205749248	2.2992223E-4	0.0
218.203799552	1.9598276E-4	0.0
218.201849856	1.9175645E-4	0.0
218.199883776	1.2150611E-4	0.0
218.19793408	1.0428913E-4	0.0
218.195984384	-8.237132E-6	0.0
218.194018304	1.9121887E-4	0.0
218.192068608	9.031573E-5	0.0
218.190118912	-2.2144877E-5	0.0
218.188169216	-4.5310393E-5	0.0
218.186203136	-6.880734E-5	0.0
218.18425344	-8.176092E-5	0.0
218.182303744	4.7458063E-5	0.0
218.180337664	1.1657937E-4	0.0
218.178387968	1.0123247E-4	0.0
218.176438272	4.336164E-5	0.0
218.174472192	7.890075E-5	0.0
218.172522496	-2.3985458E-5	0.0
218.1705728	-2.9217328E-5	0.0
218.168623104	-3.9187118E-5	0.0
218.166657024	6.1142484E-5	0.0
218.164707328	7.027377E-5	0.0
218.162757632	1.4130244E-4	0.0
218.160791552	1.1796936E-4	0.0
