234.319003648	2.0910675E-5	0.0
234.320986112	2.023989E-5	0.0
234.322952192	2.1774957E-5	0.0
234.324918272	1.7209068E-5	0.0
234.326900736	1.6617525E-5	0.0
234.328866816	8.7363616E-5	0.0
234.33084928	8.6974294E-5	0.0
234.33281536	1.8468638E-5	0.0
234.33478144	4.3478154E-5	0.0
234.336763904	1.6604203E-5	0.0
234.338729984	-8.2772916E-5	0.0
234.340712448	-4.828186E-5	0.0
234.342678528	9.699682E-6	0.0
234.344644608	6.877919E-5	0.0
234.346627072	7.444054E-5	0.0
234.348593152	4.001228E-5	0.0
234.350575616	1.9360663E-5	0.0
234.352541696	1.7125023E-5	0.0
234.354507776	-1.5336938E-5	0.0
234.35649024	-6.3805114E-6	0.0
234.35845632	5.7666257E-5	0.0
234.360438784	9.358146E-5	0.0
234.362404864	-2.7148187E-6	0.0
234.364370944	-3.136032E-5	0.0
234.366353408	4.4584085E-5	0.0
234.368319488	3.957255E-5	0.0
234.370301952	7.902758E-5	0.0
234.372268032	7.229694E-5	0.0
234.374234112	6.2977283E-6	0.0
234.376216576	1.05307874E-4	0.0
234.378182656	1.2375196E-4	0.0
234.38016512	-1.7922093E-5	0.0
234.3821312	3.5476885E-5	0.0
234.38409728	2.9928155E-5	0.0
234.386079744	-4.3870155E-6	0.0
234.388045824	2.0061825E-5	0.0
234.390028288	4.2556043E-5	0.0
234.391994368	-9.138253E-6	0.0
234.393960448	8.120404E-5	0.0
234.395942912	2.3885646E-5	0.0
234.397908992	2.998001E-5	0.0
234.399891456	-1.7652916E-6	0.0
234.401857536	-7.800684E-6	0.0
234.403823616	-4.8025236E-6	0.0
234.40580608	-1.0134157E-5	0.0
234.40777216	5.169373E-5	0.0
234.409754624	6.397422E-5	0.0
234.411720704	-4.3129174E-5	0.0
234.413686784	-8.939016E-5	0.0
234.415669248	1.4069353E-5	0.0
234.417635328	5.529594E-7	0.0
234.419617792	2.5901429E-5	0.0
234.421583872	1.0190037E-4	0.0
234.423549952	2.3966832E-5	0.0
234.425532416	1.7405191E-5	0.0
234.427498496	-9.423565E-6	0.0
234.42948096	-7.784392E-5	0.0
234.43144704	-6.5141736E-5	0.0
234.43341312	1.5769083E-5	0.0
234.435395584	-2.5449908E-5	0.0
234.437361664	-4.1604366E-5	0.0
234.439344128	-1.0852752E-5	0.0
234.441310208	4.972474E-7	0.0
234.443276288	-2.3230494E-5	0.0
234.445258752	2.4920384E-6	0.0
234.447224832	-2.091973E-5	0.0
234.449207296	-5.236411E-5	0.0
234.451173376	-2.830271E-5	0.0
234.453139456	1.7322467E-6	0.0
234.45512192	2.527804E-5	0.0
234.457088	5.162481E-5	0.0
234.459070464	-4.5366705E-5	0.0
234.461036544	-5.722316E-5	0.0
234.463002624	-1.5043696E-5	0.0
234.464985088	3.1587842E-5	0.0
234.466951168	5.8567035E-5	0.0
234.468933632	6.687874E-5	0.0
234.470899712	3.5309524E-5	0.0
234.472865792	4.953546E-6	0.0
234.474848256	3.959544E-5	0.0
234.476814336	2.0462614E-5	0.0
234.4787968	6.167678E-6	0.0
234.48076288	2.2252652E-5	0.0
234.48272896	7.654882E-5	0.0
234.484711424	5.6585122E-5	0.0
234.486677504	-1.8409924E-5	0.0
234.488659968	-5.883962E-5	0.0
234.490626048	-3.930416E-5	0.0
234.492592128	-7.941263E-6	0.0
234.494574592	-2.5304375E-5	0.0
234.496540672	-6.0802795E-5	0.0
234.498523136	-2.9543937E-5	0.0
234.500489216	2.1370231E-5	0.0
234.502455296	3.6892758E-5	0.0
234.50443776	3.6926588E-6	0.0
234.50640384	1.2857389E-5	0.0
234.508386304	1.3261093E-4	0.0
234.510352384	1.619059E-4	0.0
234.512318464	1.01545505E-4	0.0
234.514300928	6.762087E-5	0.0
234.516267008	7.0857495E-5	0.0
234.518249472	6.1051556E-5	0.0
234.520215552	-1.1128458E-7	0.0
234.522181632	-1.2625292E-5	0.0
234.524164096	6.1100377E-6	0.0
234.526130176	-4.312699E-5	0.0
234.52811264	-7.096578E-5	0.0
234.53007872	-1.8907396E-5	0.0
234.532061184	5.944693E-5	0.0
234.534027264	4.419984E-5	0.0
234.535993344	3.7154707E-5	0.0
234.537975808	3.391753E-5	0.0
234.539941888	3.721741E-5	0.0
234.541924352	5.4780452E-5	0.0
234.543890432	2.0277972E-5	0.0
234.545856512	-9.788883E-6	0.0
234.547838976	8.315285E-6	0.0
234.549805056	1.3190887E-6	0.0
234.55178752	-1.6844102E-5	0.0
234.5537536	-5.464808E-5	0.0
234.55571968	-1.9712932E-5	0.0
234.557702144	4.733936E-6	0.0
234.559668224	1.2648184E-5	0.0
234.561650688	1.6221618E-5	0.0
234.563616768	4.319752E-6	0.0
234.565582848	4.0848695E-6	0.0
234.567565312	3.6825717E-5	0.0
234.569531392	3.6577432E-5	0.0
234.571513856	2.2111113E-5	0.0
234.573479936	-2.0759207E-5	0.0
234.575446016	-6.429456E-5	0.0
234.57742848	-7.5149204E-5	0.0
234.57939456	-1.48793615E-5	0.0
234.581377024	7.1100235E-6	0.0
234.583343104	-5.6378824E-5	0.0
234.585309184	3.130165E-5	0.0
234.587291648	7.5302014E-5	0.0
234.589257728	1.5843856E-4	0.0
234.591240192	9.193801E-5	0.0
234.593206272	-8.580114E-6	0.0
234.595172352	2.9308258E-5	0.0
234.597154816	-1.1632684E-5	0.0
234.599120896	-2.8737475E-6	0.0
234.60110336	-1.0263312E-5	0.0
234.60306944	-6.7495116E-6	0.0
234.60503552	4.3380875E-5	0.0
234.607017984	1.3949697E-4	0.0
234.608984064	1.4731233E-4	0.0
234.610966528	3.6421276E-5	0.0
234.612932608	7.9383E-7	0.0
234.614898688	-2.3780476E-5	0.0
234.616881152	5.7926663E-5	0.0
234.618847232	5.009935E-5	0.0
234.620829696	-5.0188555E-5	0.0
234.622795776	2.2582726E-5	0.0
234.624761856	-1.1105119E-5	0.0
234.62674432	-4.1578594E-5	0.0
234.6287104	2.1330628E-5	0.0
234.630692864	4.1850028E-5	0.0
234.632658944	8.699176E-5	0.0
234.634625024	2.5775838E-5	0.0
234.636607488	1.0918674E-5	0.0
234.638573568	6.0878606E-6	0.0
234.640556032	-2.8379623E-5	0.0
234.642522112	4.3573905E-6	0.0
234.644488192	5.0075512E-5	0.0
234.646470656	5.1544557E-5	0.0
234.648436736	8.828519E-5	0.0
234.6504192	4.023919E-5	0.0
234.65238528	2.9374185E-5	0.0
234.65435136	1.9996235E-6	0.0
234.656333824	-7.005244E-5	0.0
234.658299904	-2.6957021E-5	0.0
234.660282368	3.9564708E-5	0.0
234.662248448	3.3618227E-5	0.0
234.664214528	-2.3455808E-5	0.0
234.666196992	-2.0152844E-5	0.0
234.668163072	5.8527236E-5	0.0
234.670145536	2.0444133E-5	0.0
234.672111616	-4.3686043E-5	0.0
234.674077696	-5.110682E-6	0.0
234.67606016	8.844992E-5	0.0
234.67802624	8.87826E-5	0.0
234.680008704	2.2758048E-5	0.0
234.681974784	3.702438E-5	0.0
234.683940864	4.5756533E-5	0.0
234.685923328	-1.9964034E-8	0.0
234.687889408	8.924676E-6	0.0
234.689871872	-2.8990979E-5	0.0
234.691837952	-2.2497587E-5	0.0
234.693804032	2.2702954E-5	0.0
234.695786496	2.0323803E-5	0.0
234.697752576	6.876749E-5	0.0
234.69973504	6.0140766E-5	0.0
234.70170112	6.10822E-5	0.0
234.7036672	8.830105E-5	0.0
234.705649664	5.129607E-5	0.0
234.707615744	-2.4299674E-5	0.0
234.709598208	-5.1304338E-5	0.0
234.711564288	-8.5201455E-6	0.0
234.713530368	4.6942237E-6	0.0
234.715512832	4.9023263E-5	0.0
234.717478912	3.7641483E-5	0.0
234.719461376	-3.9872717E-5	0.0
234.721427456	-3.7330614E-5	0.0
234.723393536	4.6773E-6	0.0
234.725376	-1.0234492E-5	0.0
234.72734208	-2.886311E-5	0.0
234.729324544	-4.1874122E-5	0.0
234.731290624	-3.386413E-5	0.0
234.733256704	-5.3757744E-6	0.0
234.735239168	-1.4365126E-5	0.0
234.737205248	-5.5753822E-5	0.0
234.739187712	-5.521825E-5	0.0
234.741153792	-4.8629507E-5	0.0
234.743119872	-5.943672E-5	0.0
234.745102336	1.2415302E-5	0.0
234.747068416	5.9894373E-5	0.0
234.74905088	2.3849354E-5	0.0
234.75101696	1.2183163E-5	0.0
234.75298304	-2.8310885E-6	0.0
234.754965504	-2.790171E-5	0.0
234.756931584	-4.4110653E-5	0.0
234.758914048	1.6760483E-5	0.0
234.760880128	-2.7551234E-5	0.0
234.762846208	5.0660412E-5	0.0
234.764828672	5.1148672E-5	0.0
234.766794752	5.1168303E-5	0.0
234.768777216	-1.2019197E-5	0.0
234.770743296	-3.1533295E-5	0.0
234.772709376	-1.5529438E-5	0.0
234.77469184	-1.2232521E-5	0.0
234.77665792	2.5337084E-5	0.0
234.778640384	-4.391694E-6	0.0
234.780606464	7.4526556E-6	0.0
234.782572544	-3.1156076E-5	0.0
234.784555008	-6.98241E-5	0.0
234.786521088	-5.344551E-5	0.0
234.788503552	-1.3747909E-6	0.0
234.790469632	3.0343292E-5	0.0
234.792435712	8.253571E-5	0.0
234.794418176	2.4081399E-5	0.0
234.796384256	-6.875182E-5	0.0
234.79836672	-6.8970535E-6	0.0
234.8003328	-7.2293795E-7	0.0
234.80229888	-7.470156E-5	0.0
234.804281344	-3.5057128E-5	0.0
234.806247424	1.1332857E-4	0.0
234.808229888	1.0232886E-5	0.0
234.810195968	-7.376154E-5	0.0
234.812162048	-1.0396422E-4	0.0
234.814144512	-7.7196244E-5	0.0
234.816110592	-4.90395E-5	0.0
234.818093056	-4.22453E-5	0.0
234.820059136	1.3884609E-5	0.0
234.822025216	6.0369784E-5	0.0
234.82400768	-1.736055E-5	0.0
234.82597376	3.1777396E-5	0.0
234.827956224	9.709646E-5	0.0
234.829922304	8.8462955E-5	0.0
234.831888384	1.4346538E-4	0.0
234.833870848	9.036709E-5	0.0
234.835836928	4.0778745E-5	0.0
234.837819392	-3.4611217E-5	0.0
234.839785472	6.046325E-5	0.0
234.841767936	-4.332967E-5	0.0
234.843734016	-4.5451747E-5	0.0
234.845700096	-1.3401709E-5	0.0
234.84768256	-1.9871919E-5	0.0
234.84964864	3.9462625E-6	0.0
234.851631104	8.210533E-6	0.0
234.853597184	-6.461628E-5	0.0
234.855563264	-6.6264606E-6	0.0
234.857545728	-8.692287E-6	0.0
234.859511808	7.4797485E-5	0.0
234.861494272	8.2269005E-5	0.0
234.863460352	4.8510425E-5	0.0
234.865426432	3.5817476E-7	0.0
234.867408896	-5.374028E-6	0.0
234.869374976	-3.375938E-5	0.0
234.87135744	-3.7610163E-5	0.0
234.87332352	-3.305768E-5	0.0
234.8752896	-3.577957E-5	0.0
234.877272064	4.495449E-5	0.0
234.879238144	-5.827E-6	0.0
234.881220608	-2.574035E-5	0.0
234.883186688	2.5799864E-5	0.0
234.885152768	2.6849399E-5	0.0
234.887135232	-2.1675593E-5	0.0
234.889101312	-3.5242316E-5	0.0
234.891083776	-6.2842926E-5	0.0
234.893049856	-2.5395579E-5	0.0
234.895015936	7.1147675E-5	0.0
234.8969984	6.762863E-5	0.0
234.89896448	5.1203868E-5	0.0
234.900946944	5.0736737E-5	0.0
234.902913024	6.159399E-5	0.0
234.904879104	2.8074423E-5	0.0
234.906861568	4.8719245E-5	0.0
234.908827648	3.7529055E-5	0.0
234.910810112	-1.6753473E-5	0.0
234.912776192	1.1319914E-5	0.0
234.914742272	-1.5197059E-5	0.0
234.916724736	-4.776745E-5	0.0
234.918690816	-7.924434E-6	0.0
234.92067328	3.294427E-5	0.0
234.92263936	1.33606745E-5	0.0
234.92460544	5.2465286E-5	0.0
234.926587904	5.114077E-5	0.0
234.928553984	2.173213E-5	0.0
234.930536448	4.9337425E-5	0.0
234.932502528	3.7757054E-5	0.0
234.934468608	2.4237468E-5	0.0
234.936451072	5.3545402E-5	0.0
234.938417152	6.9028334E-5	0.0
234.940399616	2.713455E-5	0.0
234.942365696	-4.4479617E-5	0.0
234.944331776	-6.4779706E-5	0.0
234.94631424	-2.4994484E-5	0.0
234.94828032	1.7201763E-5	0.0
234.950262784	4.2908723E-5	0.0
234.952228864	5.190335E-5	0.0
234.954194944	5.259746E-5	0.0
234.956177408	6.0061793E-5	0.0
234.958143488	-4.035514E-6	0.0
234.960125952	-1.9418168E-5	0.0
234.962092032	-7.934846E-6	0.0
234.964058112	-3.1876047E-5	0.0
234.966040576	1.3456346E-5	0.0
234.968006656	1.4845879E-5	0.0
234.96998912	-4.0690586E-5	0.0
234.9719552	-4.9966067E-5	0.0
234.97392128	-2.7697532E-5	0.0
234.975903744	-3.588591E-5	0.0
234.977869824	-2.1749654E-5	0.0
234.979852288	1.7648572E-5	0.0
234.981818368	1.7755608E-5	0.0
234.983784448	-5.2076608E-5	0.0
234.985766912	-7.5218624E-5	0.0
234.987732992	-6.0801958E-5	0.0
234.989715456	2.0312831E-5	0.0
234.991681536	1.04318475E-4	0.0
234.993647616	9.136021E-5	0.0
234.99563008	2.4642193E-5	0.0
234.99759616	7.41783E-5	0.0
234.999578624	1.0077619E-4	0.0
235.001544704	8.075763E-5	0.0
235.003510784	8.018092E-6	0.0
235.005493248	3.710725E-6	0.0
235.007459328	-3.0395631E-5	0.0
235.009441792	-8.903111E-5	0.0
235.011407872	-1.973556E-5	0.0
235.013373952	2.0113157E-5	0.0
235.015356416	2.6491793E-5	0.0
235.017322496	4.137293E-5	0.0
235.01930496	-1.6679556E-5	0.0
235.02127104	-1.4791031E-5	0.0
235.02323712	-6.4406566E-5	0.0
235.025219584	-1.1630283E-5	0.0
235.027185664	1.5570879E-5	0.0
235.029168128	7.6711265E-5	0.0
235.031134208	7.944893E-5	0.0
235.033100288	5.5142795E-5	0.0
235.035082752	3.8609796E-5	0.0
235.037048832	-3.8021233E-5	0.0
235.039031296	-6.6933558E-6	0.0
235.040997376	-1.2014992E-5	0.0
235.042963456	-4.493042E-5	0.0
235.04494592	-2.353273E-5	0.0
235.046912	3.734835E-5	0.0
235.048894464	8.99007E-5	0.0
235.050860544	-7.404144E-6	0.0
235.052826624	-8.194277E-6	0.0
235.054809088	5.0282833E-5	0.0
235.056775168	1.6079584E-5	0.0
235.058757632	-8.80331E-5	0.0
235.060723712	-9.15426E-5	0.0
235.062689792	-3.844811E-5	0.0
235.064672256	-3.0084992E-5	0.0
235.066638336	-4.355838E-5	0.0
235.0686208	9.09262E-6	0.0
235.07058688	2.7273929E-5	0.0
235.07255296	-5.586591E-5	0.0
235.074535424	-8.875168E-5	0.0
235.076501504	-4.1392617E-5	0.0
235.078483968	-9.083428E-6	0.0
235.080450048	2.8016273E-5	0.0
235.082416128	-5.5934794E-5	0.0
235.084398592	-4.138105E-5	0.0
235.086364672	-1.7527089E-5	0.0
235.088347136	5.7590485E-5	0.0
235.090313216	-1.8431316E-5	0.0
235.092279296	-1.4530021E-5	0.0
235.09426176	-3.8333186E-5	0.0
235.09622784	-3.935235E-5	0.0
235.098210304	8.091673E-6	0.0
235.100176384	-2.3156379E-6	0.0
235.102142464	-2.0719532E-5	0.0
235.104124928	-3.1120027E-5	0.0
235.106091008	-4.381658E-5	0.0
235.108073472	-1.2962205E-5	0.0
235.110039552	-2.5200413E-6	0.0
235.112005632	2.632601E-5	0.0
235.113988096	1.3099388E-5	0.0
235.115954176	-1.0907693E-5	0.0
235.11793664	-2.8467437E-5	0.0
235.11990272	-3.1814452E-5	0.0
235.1218688	-3.835537E-5	0.0
235.123851264	2.0211259E-5	0.0
235.125817344	6.501374E-5	0.0
235.127799808	6.220321E-5	0.0
235.129765888	1.8371184E-5	0.0
235.131731968	2.0336638E-5	0.0
235.133714432	2.0348403E-5	0.0
235.135680512	-4.7532726E-6	0.0
235.137662976	4.6010914E-6	0.0
235.139629056	-5.730412E-6	0.0
235.141595136	1.8471475E-5	0.0
235.1435776	1.2753212E-5	0.0
235.14554368	6.933887E-6	0.0
235.147526144	4.2998785E-5	0.0
235.149492224	1.9999703E-5	0.0
235.151474688	8.36541E-5	0.0
235.153440768	8.151063E-5	0.0
235.155406848	1.40244965E-5	0.0
235.157389312	-1.3670185E-5	0.0
235.159355392	-3.7412075E-5	0.0
235.161337856	3.990486E-5	0.0
235.163303936	9.8366E-5	0.0
235.165270016	2.769552E-5	0.0
235.16725248	-5.7087805E-6	0.0
235.16921856	-1.6116525E-6	0.0
235.171201024	-3.5510195E-5	0.0
235.173167104	-6.254981E-5	0.0
235.175133184	-3.9906914E-5	0.0
235.177115648	-6.824815E-5	0.0
235.179081728	-2.7168133E-5	0.0
235.181064192	4.120801E-5	0.0
235.183030272	3.066969E-5	0.0
235.184996352	-1.3788579E-5	0.0
235.186978816	-3.8675622E-5	0.0
235.188944896	3.7614384E-6	0.0
235.19092736	4.3894033E-5	0.0
235.19289344	7.177978E-5	0.0
235.19485952	1.4819262E-4	0.0
235.196841984	1.02399295E-4	0.0
235.198808064	-3.264007E-5	0.0
235.200790528	-6.290819E-5	0.0
235.202756608	-2.8695218E-5	0.0
235.204722688	4.204757E-5	0.0
235.206705152	2.8264805E-5	0.0
235.208671232	5.4580756E-5	0.0
235.210653696	2.9846722E-5	0.0
235.212619776	2.1253765E-5	0.0
235.214585856	5.5450975E-5	0.0
235.21656832	1.3036276E-5	0.0
235.2185344	-7.109472E-7	0.0
235.220516864	2.1238639E-5	0.0
235.222482944	-2.5183826E-5	0.0
235.224449024	1.21768035E-5	0.0
235.226431488	-2.8530692E-6	0.0
235.228397568	1.7467422E-5	0.0
235.230380032	9.062837E-5	1.0953411571854033E-12
235.232346112	6.496189E-5	2.5742457211014314E-12
235.234312192	6.2272855E-5	5.765457122136608E-12
235.236294656	9.501549E-5	1.2305432714465603E-11
235.238260736	7.581692E-5	2.5028520922454334E-11
235.2402432	1.2124729E-5	4.851276672046545E-11
235.24220928	-7.29132E-5	8.960987507578011E-11
235.24417536	-5.6864494E-5	1.5773640726912674E-10
235.246157824	-4.6344798E-5	2.6460011959272833E-10
235.248123904	-1.2942667E-4	4.229869232652561E-10
235.250106368	-1.14556526E-4	6.44378050917993E-10
235.252072448	4.5639404E-6	9.354830243779588E-10
235.254038528	1.14477036E-4	1.2942252824998945E-9
235.256020992	1.2066614E-4	1.7063238599845931E-9
235.257987072	2.2868235E-5	2.1438462116663004E-9
235.259969536	3.2295633E-5	2.566874490739224E-9
235.261935616	7.813677E-5	2.9288294012275173E-9
235.263901696	1.0819289E-6	3.184660979371756E-9
235.26588416	-4.616872E-5	3.299980066984176E-9
235.26785024	1.0029299E-4	3.258656677829208E-9
235.269832704	-1.1681818E-5	3.0665132655371963E-9
235.271798784	1.0277655E-5	2.749985572592095E-9
235.273764864	-4.9640064E-5	2.350147410012937E-9
235.275747328	-6.455511E-5	1.9139845264248834E-9
235.277713408	-6.373872E-5	1.4854616425807876E-9
235.279695872	7.2516996E-5	1.0986606069351978E-9
235.281661952	1.5421341E-4	7.743617969069305E-10
235.283628032	1.4749038E-4	5.201208908012234E-10
235.285610496	1.1266266E-4	3.3292307799470677E-10
235.287576576	8.9592635E-5	2.0307724946100336E-10
235.28955904	6.640825E-5	1.180480713180998E-10
235.29152512	1.4839462E-5	6.539373209601962E-11
235.2934912	6.411523E-5	3.452154881400382E-11
235.295473664	8.99649E-5	1.7367040097693298E-11
235.297439744	1.6392015E-4	8.326068133557296E-12
235.299422208	7.1032424E-5	3.803921587441916E-12
235.301388288	-2.8346722E-5	1.6561666317874146E-12
235.303354368	6.220506E-5	6.871574164714345E-13
235.305336832	1.0969455E-4	0.0
235.307302912	6.9618036E-5	0.0
235.309285376	9.148492E-6	0.0
235.311251456	1.5618332E-5	0.0
235.313217536	3.0274461E-5	0.0
235.3152	3.1923482E-5	0.0
235.31716608	2.547779E-9	0.0
235.319148544	3.1724005E-5	0.0
235.321114624	6.105272E-6	0.0
235.323080704	-6.865364E-5	0.0
235.325063168	5.083851E-6	0.0
235.327029248	4.566954E-5	0.0
235.329011712	6.825873E-5	0.0
235.330977792	7.757993E-5	0.0
235.332943872	8.229262E-5	0.0
235.334926336	-5.2816057E-7	0.0
235.336892416	-1.7926059E-5	0.0
235.33887488	6.6448294E-5	0.0
235.34084096	6.705783E-5	0.0
235.34280704	8.780947E-6	0.0
235.344789504	-2.514522E-5	0.0
235.346755584	-2.0907259E-5	0.0
235.348738048	3.5115067E-5	0.0
235.350704128	4.989117E-5	0.0
235.352670208	1.1288234E-5	0.0
235.354652672	-5.893724E-5	0.0
235.356618752	-6.4186395E-5	0.0
235.358601216	1.7297274E-5	0.0
235.360567296	3.8592727E-5	0.0
235.362533376	4.2751464E-7	0.0
235.36451584	1.008971E-5	0.0
235.36648192	2.557957E-5	0.0
235.368464384	1.0878074E-5	0.0
235.370430464	-4.207263E-6	0.0
235.372396544	2.2164373E-5	0.0
235.374379008	8.1573555E-5	0.0
235.376345088	4.093413E-5	0.0
235.378327552	-2.0559854E-5	0.0
235.380293632	2.0795918E-5	0.0
235.382259712	-9.183094E-6	0.0
235.384242176	-4.5099045E-5	0.0
235.386208256	-2.8216016E-5	0.0
235.38819072	-4.2106535E-6	0.0
235.3901568	1.6393586E-5	0.0
235.39212288	3.501668E-5	0.0
235.394105344	3.698998E-5	0.0
235.396071424	3.6915837E-5	0.0
235.398053888	3.8501923E-5	0.0
235.400019968	4.8645554E-5	0.0
235.401986048	1.4660524E-5	0.0
235.403968512	-1.0034612E-4	0.0
235.405934592	-1.2421103E-4	0.0
235.407917056	-5.0664188E-5	0.0
235.409883136	1.4244471E-5	0.0
235.411849216	3.6542566E-5	0.0
235.41383168	1.9753783E-5	0.0
235.41579776	3.505092E-5	0.0
235.417780224	6.753336E-5	0.0
235.419746304	6.94738E-5	0.0
235.421712384	-5.011358E-6	0.0
235.423694848	1.4500373E-5	0.0
235.425660928	7.970276E-5	0.0
235.427643392	7.9128E-5	0.0
235.429609472	-1.1028779E-5	0.0
235.431575552	-2.8749917E-6	0.0
235.433558016	2.6675576E-5	0.0
235.435524096	-3.2690798E-5	0.0
235.43750656	-2.4243081E-5	0.0
235.43947264	-5.2627547E-5	0.0
235.44143872	-5.280228E-5	0.0
235.443421184	-2.8998713E-5	0.0
235.445387264	-3.2850727E-5	0.0
235.447369728	-1.796102E-5	0.0
235.449335808	2.3968316E-5	0.0
235.451301888	-2.8025444E-5	0.0
235.453284352	-2.1526637E-6	0.0
235.455250432	-4.3912355E-6	0.0
235.457232896	4.375023E-5	0.0
235.459198976	-9.23754E-6	0.0
235.46118144	-4.825589E-5	0.0
235.46314752	2.0597156E-6	0.0
235.4651136	1.2625133E-5	0.0
235.467096064	1.2792153E-5	0.0
235.469062144	2.240456E-5	0.0
235.471044608	3.79313E-5	0.0
235.473010688	1.8852219E-5	0.0
235.474976768	4.470398E-5	0.0
235.476959232	1.9354059E-6	0.0
235.478925312	-2.4690116E-5	0.0
235.480907776	5.799056E-5	0.0
235.482873856	-1.9431738E-5	0.0
235.484839936	-6.4012565E-5	0.0
235.4868224	1.9833491E-5	0.0
235.48878848	-2.1166986E-6	0.0
235.490770944	1.777649E-5	0.0
235.492737024	1.0238692E-5	0.0
235.494703104	-2.549798E-5	0.0
235.496685568	-3.6775386E-5	0.0
235.498651648	-8.4178406E-5	0.0
235.500634112	-4.2299056E-5	0.0
235.502600192	3.4446886E-5	0.0
235.504566272	7.033891E-5	0.0
235.506548736	5.7160854E-5	0.0
235.508514816	1.7542154E-5	0.0
235.51049728	-3.255574E-5	0.0
235.51246336	-1.2681637E-5	0.0
235.51442944	1.9480942E-5	0.0
235.516411904	5.0960138E-5	0.0
235.518377984	1.6906926E-5	0.0
235.520360448	3.462701E-5	0.0
235.522326528	4.6424582E-5	0.0
235.524292608	7.798997E-5	0.0
235.526275072	6.2668274E-5	0.0
235.528241152	2.1368376E-5	0.0
235.530223616	-5.4286917E-5	0.0
235.532189696	-2.292282E-6	0.0
235.534155776	1.3380996E-5	0.0
235.53613824	-5.5095872E-5	0.0
235.53810432	-5.539789E-5	0.0
235.540086784	8.626973E-6	0.0
235.542052864	5.7561876E-5	0.0
235.544018944	7.532508E-5	0.0
235.546001408	4.7004753E-5	0.0
235.547967488	7.010752E-5	0.0
235.549949952	7.357125E-5	0.0
235.551916032	8.4822226E-5	0.0
235.553882112	9.0017056E-5	0.0
235.555864576	5.4519463E-5	0.0
235.557830656	2.385121E-5	0.0
235.55981312	-1.5534124E-5	0.0
235.5617792	-5.1513147E-5	0.0
235.56374528	8.654767E-6	0.0
235.565727744	4.5636873E-5	0.0
235.567693824	4.2697095E-5	0.0
235.569676288	8.457604E-5	0.0
235.571642368	3.1999924E-5	0.0
235.573608448	-3.8717176E-6	0.0
235.575590912	-4.839791E-6	0.0
235.577556992	-3.9492934E-5	0.0
235.579539456	-3.6890724E-5	0.0
235.581505536	1.32804935E-5	0.0
235.583471616	6.757438E-5	0.0
235.58545408	5.797381E-5	0.0
235.58742016	-1.9000092E-5	0.0
235.589402624	-8.564421E-5	0.0
235.591368704	-4.028082E-5	0.0
235.593334784	4.6867237E-5	0.0
235.595317248	2.9096142E-5	0.0
235.597283328	-2.3967701E-5	0.0
235.599265792	-1.8161247E-5	0.0
235.601231872	-1.6417094E-6	0.0
235.603197952	-2.0609866E-6	0.0
235.605180416	4.782714E-6	0.0
235.607146496	3.0333062E-5	0.0
235.60912896	8.4440646E-5	0.0
235.61109504	5.3523632E-5	0.0
235.61306112	2.3085097E-6	0.0
235.615043584	-4.3790486E-5	0.0
235.617009664	-3.534614E-5	0.0
235.618992128	1.2138226E-5	0.0
235.620958208	7.6100346E-6	0.0
235.622924288	2.3217372E-5	0.0
235.624906752	2.7638374E-5	0.0
235.626872832	-3.2855733E-5	0.0
235.628855296	-3.634126E-5	0.0
235.630821376	1.025443E-5	0.0
235.632787456	6.2914114E-5	0.0
235.63476992	7.6815166E-5	0.0
235.636736	3.2860553E-5	0.0
235.638718464	7.413751E-6	0.0
235.640684544	-1.5148514E-5	0.0
235.642650624	-2.2073762E-5	0.0
235.644633088	1.7968743E-5	0.0
235.646599168	8.960519E-5	0.0
235.648581632	1.1474375E-5	0.0
235.650547712	-1.0037513E-4	0.0
235.652513792	-8.641461E-5	0.0
235.654496256	7.655109E-6	0.0
235.656462336	4.116005E-5	0.0
235.6584448	6.736163E-6	0.0
235.66041088	-3.7749665E-5	0.0
235.66237696	-2.2729057E-5	0.0
235.664359424	3.8248472E-5	0.0
235.666325504	2.577426E-5	0.0
235.668307968	4.0044455E-5	0.0
235.670274048	4.3305205E-5	0.0
235.672240128	6.348842E-5	0.0
235.674222592	-2.1105325E-5	0.0
235.676188672	3.604294E-5	0.0
235.678171136	8.368345E-5	0.0
235.680137216	5.66613E-5	0.0
235.682103296	6.7490632E-6	0.0
235.68408576	2.4443843E-5	0.0
235.68605184	7.191929E-6	0.0
235.688034304	-3.883088E-5	0.0
235.690000384	1.5338535E-5	0.0
235.691966464	-2.3181512E-5	0.0
235.693948928	-5.5353772E-5	0.0
235.695915008	-2.3272192E-5	0.0
235.697897472	-7.525464E-5	0.0
235.699863552	-9.996095E-6	0.0
235.701829632	-6.441679E-5	0.0
235.703812096	-2.4381448E-5	0.0
235.705778176	3.121255E-5	0.0
235.70776064	5.2290867E-5	0.0
235.70972672	5.0199567E-5	0.0
235.7116928	-3.4286837E-5	0.0
235.713675264	-2.4902312E-5	0.0
235.715641344	2.0443415E-6	0.0
235.717623808	1.9901703E-5	0.0
235.719589888	-3.3956534E-5	0.0
235.721555968	-2.7525826E-5	0.0
235.723538432	-1.9386009E-5	0.0
235.725504512	8.041778E-5	0.0
235.727486976	-6.1032293E-5	0.0
235.729453056	-1.2791052E-4	0.0
235.731419136	-6.9899936E-5	0.0
235.7334016	9.116167E-8	0.0
235.73536768	-4.2919022E-5	0.0
235.737350144	-2.0629463E-5	0.0
235.739316224	-6.72026E-5	0.0
235.741282304	-2.3972016E-5	0.0
235.743264768	2.6672804E-5	0.0
235.745230848	5.4993084E-6	0.0
235.747213312	-6.0650444E-5	0.0
235.749179392	-4.2977572E-5	0.0
235.751145472	-1.4708573E-5	0.0
235.753127936	4.144876E-5	0.0
235.755094016	8.111395E-7	0.0
235.75707648	-1.6295684E-5	0.0
235.75904256	-3.842671E-5	0.0
235.76100864	-3.8174796E-5	0.0
235.762991104	1.7676002E-5	0.0
235.764957184	3.417839E-5	0.0
235.766939648	1.2920279E-4	0.0
235.768905728	1.0392863E-4	0.0
235.770888192	9.2536284E-5	0.0
235.772854272	4.491031E-5	0.0
235.774820352	-2.3217026E-5	0.0
235.776802816	-9.990886E-6	0.0
235.778768896	-4.66284E-5	0.0
235.78075136	-1.8408426E-5	0.0
235.78271744	2.874694E-5	0.0
235.78468352	5.8345642E-5	0.0
235.786665984	-7.954647E-7	0.0
235.788632064	-1.1613605E-4	0.0
235.790614528	-1.6559879E-4	0.0
235.792580608	-1.3451625E-4	0.0
235.794546688	-1.0338589E-4	0.0
235.796529152	-1.0869159E-4	0.0
235.798495232	-6.7344E-5	0.0
235.800477696	2.420079E-5	0.0
235.802443776	9.195422E-5	0.0
235.804409856	5.310918E-5	0.0
235.80639232	-2.4663739E-6	0.0
235.8083584	-1.2771611E-5	0.0
235.810340864	-3.2005184E-5	0.0
235.812306944	-2.0051599E-5	0.0
235.814273024	-4.082731E-5	0.0
235.816255488	-7.301093E-5	0.0
235.818221568	-5.9689613E-5	0.0
235.820204032	-5.3693424E-5	0.0
235.822170112	-5.553985E-5	0.0
235.824136192	-4.120388E-6	0.0
235.826118656	4.0078477E-5	0.0
235.828084736	7.204755E-5	0.0
235.8300672	7.2215844E-5	0.0
235.83203328	-2.1311424E-5	0.0
235.83399936	-3.156213E-5	0.0
235.835981824	3.3242075E-5	0.0
235.837947904	6.6645254E-5	0.0
235.839930368	9.118079E-5	0.0
235.841896448	9.371144E-5	0.0
235.843862528	-3.2506348E-6	0.0
235.845844992	2.9304125E-5	0.0
235.847811072	1.2157923E-4	0.0
235.849793536	1.7699144E-4	0.0
235.851759616	8.41054E-5	0.0
235.853725696	-8.740994E-5	0.0
235.85570816	-1.4966047E-4	0.0
235.85767424	-1.03993465E-4	0.0
235.859656704	-1.026818E-5	0.0
235.861622784	4.825543E-5	0.0
235.863588864	-4.2412707E-6	0.0
235.865571328	1.0944234E-8	0.0
235.867537408	-3.231536E-5	0.0
235.869519872	4.41725E-6	0.0
235.871485952	-1.2159754E-5	0.0
235.873452032	1.0209428E-5	0.0
235.875434496	1.6061343E-4	0.0
235.877400576	6.592636E-5	0.0
235.87938304	5.1207695E-5	0.0
235.88134912	1.0112328E-4	0.0
235.8833152	-3.3343487E-5	0.0
235.885297664	4.5792578E-5	0.0
235.887263744	8.344781E-5	0.0
235.889246208	-7.5245094E-5	0.0
235.891212288	1.32681E-4	0.0
235.893178368	6.311675E-5	0.0
235.895160832	-2.9696841E-5	0.0
235.897126912	-4.2744778E-5	0.0
235.899109376	-7.9349265E-5	0.0
235.901075456	-5.735372E-5	0.0
235.903041536	-7.4341726E-5	0.0
235.905024	1.5103508E-4	0.0
235.90699008	3.7801205E-5	0.0
235.908972544	-3.0866802E-5	0.0
235.910938624	1.3995283E-4	0.0
235.912904704	-3.457614E-6	0.0
235.914887168	-3.0970015E-5	0.0
235.916853248	-3.8114438E-6	0.0
235.918835712	2.5429047E-6	0.0
235.920801792	2.3760888E-6	0.0
235.922767872	-5.2067266E-5	0.0
235.924750336	-8.3303414E-5	0.0
235.926716416	-9.2369075E-5	0.0
235.92869888	6.9652174E-6	0.0
235.93066496	2.248442E-5	0.0
235.93263104	-3.2027008E-6	0.0
235.934613504	1.1767007E-5	0.0
235.936579584	5.644407E-5	0.0
235.938562048	-4.5783992E-5	0.0
235.940528128	7.421759E-5	0.0
235.942494208	1.3234613E-4	0.0
235.944476672	1.09837405E-4	0.0
235.946442752	4.504701E-5	0.0
235.948425216	2.1588321E-5	0.0
235.950391296	3.72082E-5	0.0
235.952357376	2.644637E-6	0.0
235.95433984	-8.730755E-6	0.0
235.95630592	5.1522424E-5	0.0
235.958288384	2.0132009E-5	0.0
235.960254464	6.0574907E-6	0.0
235.962220544	3.2771946E-5	0.0
235.964203008	-5.0204235E-5	0.0
235.966169088	-7.305031E-5	0.0
235.968151552	-5.947519E-5	0.0
235.970117632	1.7105196E-5	0.0
235.972083712	2.6983276E-5	0.0
235.974066176	6.567557E-5	0.0
235.976032256	1.2536436E-4	0.0
235.97801472	1.2944758E-4	0.0
235.9799808	7.6192315E-5	0.0
235.98194688	3.0308105E-5	0.0
235.983929344	4.970096E-5	0.0
235.985895424	9.038966E-5	0.0
235.987877888	7.1638744E-5	0.0
235.989843968	9.5962105E-6	0.0
235.991810048	3.212935E-5	0.0
235.993792512	8.130516E-5	0.0
235.995758592	1.1489206E-4	0.0
235.997741056	7.409406E-5	0.0
235.999707136	2.1824608E-5	0.0
236.001673216	3.7746606E-5	0.0
236.00365568	7.7123E-5	0.0
236.00562176	5.7519705E-5	0.0
236.007604224	3.6203576E-6	0.0
236.009570304	-1.4384662E-5	0.0
236.011536384	3.467445E-5	0.0
236.013518848	6.6834923E-6	0.0
236.015484928	-2.164122E-5	0.0
236.017467392	-2.5912273E-5	0.0
236.019433472	-6.6721856E-5	0.0
236.021399552	-6.2430816E-5	0.0
236.023382016	-4.0009356E-5	0.0
236.025348096	-1.9438192E-5	0.0
236.02733056	-3.2665223E-5	0.0
236.02929664	-1.5453099E-5	0.0
236.03126272	2.072142E-5	0.0
236.033245184	-2.5394807E-5	0.0
236.035211264	-4.054176E-5	0.0
236.037193728	-2.4955201E-5	0.0
236.039159808	-1.0316652E-5	0.0
236.041125888	-4.642787E-6	0.0
236.043108352	1.8177338E-5	0.0
236.045074432	5.4084536E-5	0.0
236.047056896	8.805437E-5	0.0
236.049022976	8.7864E-5	0.0
236.050989056	7.567729E-5	0.0
236.05297152	1.3798657E-4	0.0
236.0549376	9.393513E-5	0.0
236.056920064	-3.9628474E-5	0.0
236.058886144	-4.932155E-5	0.0
236.060852224	3.9187085E-5	0.0
236.062834688	6.8141235E-5	0.0
236.064800768	3.6311016E-5	0.0
236.066783232	2.6705102E-5	0.0
236.068749312	9.687509E-6	0.0
236.070715392	-5.172886E-5	0.0
236.072697856	2.876283E-5	0.0
236.074663936	-2.4306302E-5	0.0
236.0766464	-9.865419E-6	0.0
236.07861248	5.874483E-5	0.0
236.080594944	6.743157E-5	0.0
236.082561024	2.206844E-5	0.0
236.084527104	-3.1303513E-5	0.0
236.086509568	2.3349942E-6	0.0
236.088475648	-5.8044167E-5	0.0
236.090458112	-3.6961803E-5	0.0
236.092424192	1.31330025E-5	0.0
236.094390272	-6.0722003E-5	0.0
236.096372736	-5.430802E-5	0.0
236.098338816	2.6266907E-5	0.0
236.10032128	7.268044E-5	0.0
236.10228736	3.0786498E-5	0.0
236.10425344	-5.9875485E-5	0.0
236.106235904	-3.2805932E-5	0.0
236.108201984	3.908806E-6	0.0
236.110184448	-3.658272E-5	0.0
236.112150528	2.3154995E-5	0.0
236.114116608	-1.444041E-5	0.0
236.116099072	1.8189081E-5	0.0
236.118065152	1.11015426E-4	0.0
236.120047616	8.344016E-5	0.0
236.122013696	2.9089072E-6	0.0
236.123979776	-4.539166E-5	0.0
236.12596224	-5.447227E-5	0.0
236.12792832	-2.149074E-5	0.0
236.129910784	-2.8022185E-5	0.0
236.131876864	-5.5343685E-6	0.0
236.133842944	2.4104893E-5	0.0
236.135825408	2.508957E-5	0.0
236.137791488	2.9453515E-5	0.0
236.139773952	-4.0989385E-6	0.0
236.141740032	1.8102133E-5	0.0
236.143706112	3.1591728E-5	6.172551358929468E-11
236.145688576	-3.418833E-6	1.4654499835842216E-10
236.147654656	5.0778704E-5	3.316749930259988E-10
236.14963712	-1.9204474E-5	7.156416570452961E-10
236.1516032	5.997751E-5	1.472038935190767E-9
236.15356928	1.9298519E-5	2.8865783097131725E-9
236.155551744	9.403325E-6	5.396205260410625E-9
236.157517824	2.6781645E-5	9.6169454621986E-9
236.159500288	4.442589E-5	1.6338921327019307E-8
236.161466368	-3.293184E-5	2.6463675695254096E-8
236.163432448	2.9774741E-5	4.086178506668148E-8
236.165414912	4.7117428E-5	6.014855102876027E-8
236.167380992	1.4410653E-5	8.440601106940449E-8
236.169363456	-7.619629E-5	1.1291810864122453E-7
236.171329536	-8.301326E-5	1.4401003056718764E-7
236.173295616	-1.2018551E-4	1.750905482822418E-7
236.17527808	-9.617532E-5	2.0294280034249823E-7
236.17724416	-7.1591865E-5	2.2424659107400657E-7
236.179226624	2.2401817E-5	2.3622149569746398E-7
236.181192704	8.901616E-5	2.3722172670659347E-7
236.183158784	2.0115696E-5	2.2710716507390316E-7
236.185141248	-1.8297816E-5	2.0727570415601804E-7
236.187107328	7.17847E-5	1.803463760552404E-7
236.189089792	1.1615343E-4	1.4959167060624168E-7
236.191055872	3.8042912E-5	1.1828988988327183E-7
236.193021952	1.0697565E-5	8.917211147263515E-8
236.195004416	1.5733736E-5	6.40841903987166E-8
236.196970496	5.8398073E-5	4.390482999383494E-8
236.19895296	3.3397766E-5	2.8675772867359228E-8
236.20091904	9.01141E-5	1.7854940637107575E-8
236.20288512	1.16064504E-4	1.0598412814033509E-8
236.204867584	3.323774E-5	5.997429219917194E-9
236.206833664	-1.00734605E-5	3.235418821745384E-9
236.208816128	-8.3922705E-6	1.6639271072094175E-9
236.210782208	-5.384993E-6	8.157942099629167E-10
236.212748288	7.502883E-5	3.8130115731505043E-10
236.214730752	5.7973316E-6	1.6990010787143461E-10
236.216696832	1.1315873E-6	7.217092201639019E-11
236.218679296	1.0620998E-4	0.0
236.220645376	4.364859E-7	0.0
236.222611456	7.868765E-5	0.0
236.22459392	5.63254E-5	0.0
236.22656	5.9134995E-6	0.0
236.228542464	-2.2685551E-6	0.0
236.230508544	9.854252E-6	0.0
236.232474624	-6.5538145E-5	0.0
236.234457088	2.7482007E-5	0.0
236.236423168	8.9440015E-5	0.0
236.238405632	5.739108E-5	0.0
236.240371712	-2.0893354E-5	0.0
236.242337792	4.015943E-5	0.0
236.244320256	-6.548106E-6	0.0
236.246286336	-1.3424577E-5	0.0
236.2482688	1.2862235E-5	0.0
236.25023488	8.288042E-5	0.0
236.25220096	5.163894E-6	0.0
236.254183424	-2.5474952E-5	0.0
236.256149504	7.715396E-5	0.0
236.258131968	3.6070895E-5	0.0
236.260098048	7.51466E-5	0.0
236.262064128	5.7034165E-5	0.0
236.264046592	8.186042E-5	0.0
236.266012672	2.4213043E-5	0.0
236.267995136	1.4590042E-5	0.0
236.269961216	8.192129E-5	0.0
236.271927296	6.2529056E-5	0.0
236.27390976	7.4806535E-6	0.0
236.27587584	3.872288E-6	0.0
236.277858304	9.283432E-5	0.0
236.279824384	6.6742476E-5	0.0
236.281790464	2.2093142E-5	0.0
236.283772928	-1.0229319E-5	0.0
236.285739008	-1.02232116E-4	0.0
236.287721472	-1.2742191E-4	0.0
236.289687552	-3.462226E-5	0.0
236.291653632	6.1383325E-5	0.0
236.293636096	5.8418053E-5	0.0
236.295602176	8.956468E-5	0.0
236.29758464	7.164171E-5	0.0
236.29955072	-5.2724485E-5	0.0
236.3015168	-5.97558E-5	0.0
236.303499264	2.3668845E-5	0.0
236.305465344	7.0054084E-5	0.0
236.307447808	4.3013293E-5	0.0
236.309413888	3.7669917E-5	0.0
236.311379968	1.4499127E-4	0.0
236.313362432	1.7493176E-4	0.0
236.315328512	6.3964326E-5	0.0
236.317310976	-6.06901E-7	0.0
236.319277056	-1.3897726E-5	0.0
236.321243136	-8.350339E-6	0.0
236.3232256	-2.2363804E-5	0.0
236.32519168	5.881478E-6	0.0
236.327174144	2.0651469E-5	0.0
236.329140224	4.0769184E-5	0.0
236.331106304	4.954262E-5	0.0
236.333088768	7.643062E-5	0.0
236.335054848	8.579824E-5	0.0
236.337037312	3.71113E-5	0.0
236.339003392	4.2245636E-5	0.0
236.340969472	5.8060556E-5	0.0
236.342951936	7.3983625E-5	0.0
236.344918016	6.481727E-5	0.0
236.34690048	3.7486854E-5	0.0
236.34886656	4.2776635E-5	0.0
236.35083264	4.937616E-5	0.0
236.352815104	1.996349E-5	0.0
236.354781184	-2.6706153E-5	0.0
236.356763648	-7.197213E-5	0.0
236.358729728	-1.093049E-4	0.0
236.360695808	-6.191624E-5	0.0
236.362678272	-1.07614605E-5	0.0
236.364644352	-4.9613795E-6	0.0
236.366626816	7.085412E-5	0.0
236.368592896	5.2604388E-5	0.0
236.370558976	4.5620676E-5	0.0
236.37254144	-1.36692315E-5	0.0
236.37450752	-5.106406E-5	0.0
236.376489984	-1.8759105E-5	0.0
236.378456064	-5.510492E-5	0.0
236.380422144	-6.0273146E-6	0.0
236.382404608	8.133314E-5	0.0
236.384370688	9.599178E-5	0.0
236.386353152	4.5208464E-5	0.0
236.388319232	1.1484161E-5	0.0
236.390301696	4.3341148E-5	0.0
236.392267776	6.163535E-5	0.0
236.394233856	5.4089644E-5	0.0
236.39621632	2.5874973E-5	0.0
236.3981824	6.764641E-5	0.0
236.400164864	-4.7023E-5	0.0
236.402130944	-8.5534644E-5	0.0
236.404097024	3.402411E-5	0.0
236.406079488	5.228765E-5	0.0
236.408045568	7.8578945E-5	0.0
236.410028032	1.1083207E-4	0.0
236.411994112	1.4728948E-4	0.0
236.413960192	2.6315744E-5	0.0
236.415942656	-8.872954E-5	0.0
236.417908736	-8.0784586E-5	0.0
236.4198912	-1.2746386E-4	0.0
236.42185728	-1.573598E-4	0.0
236.42382336	-7.0862894E-5	0.0
236.425805824	5.2926902E-5	0.0
236.427771904	3.737466E-5	0.0
236.429754368	-2.732509E-5	0.0
236.431720448	1.1261299E-5	0.0
236.433686528	1.3479964E-5	0.0
236.435668992	-6.8227026E-5	0.0
236.437635072	-7.409809E-5	0.0
236.439617536	-2.6831132E-5	0.0
236.441583616	1.131079E-5	0.0
236.443549696	-3.7779016E-6	0.0
236.44553216	-1.620822E-5	0.0
236.44749824	5.197589E-6	0.0
236.449480704	4.5703157E-5	0.0
236.451446784	9.167702E-5	0.0
236.453412864	-3.200183E-5	0.0
236.455395328	-5.5231165E-5	0.0
236.457361408	7.869587E-5	0.0
236.459343872	-3.442765E-5	0.0
236.461309952	-2.7043678E-5	0.0
236.463276032	-3.909199E-5	0.0
236.465258496	-1.4392993E-5	0.0
236.467224576	-7.66968E-5	0.0
236.46920704	-4.8992356E-6	0.0
236.47117312	2.2798436E-5	0.0
236.4731392	6.476855E-6	9.094265607245688E-8
236.475121664	4.2759434E-6	2.1172445485717617E-7
236.477087744	3.2562573E-5	4.699634814642195E-7
236.479070208	-1.8992263E-5	9.945769079422462E-7
236.481036288	4.2377767E-5	2.0066920569661306E-6
236.483002368	2.6602118E-5	3.859858225041535E-6
236.484984832	4.577152E-5	7.077346253936412E-6
236.486950912	4.332738E-5	1.2369040632620454E-5
236.488933376	3.810253E-5	2.060242695733905E-5
236.490899456	5.6797406E-5	3.270005981903523E-5
236.492865536	8.33449E-5	4.945159889757633E-5
236.494848	1.2872713E-4	7.124934927560389E-5
236.49681408	8.3169914E-5	9.780636173672974E-5
236.498796544	4.4508823E-5	1.279415300814435E-4
236.500762624	7.5751945E-5	1.5953363617882133E-4
236.502728704	2.3839531E-4	1.8970516975969076E-4
236.504711168	2.710267E-4	2.1523688337765634E-4
236.506677248	3.2309216E-4	2.3312099801842123E-4
236.508659712	2.5572046E-4	2.4112571554724127E-4
236.510625792	1.9627668E-4	2.38229229580611E-4
236.512591872	2.1048768E-4	2.2482096392195672E-4
236.514574336	1.9526847E-4	2.026236616075039E-4
236.516540416	1.412266E-4	1.7435289919376373E-4
236.51852288	7.4298194E-5	1.4319672482088208E-4
236.52048896	7.5676144E-5	1.1223769979551435E-4
236.52245504	8.228162E-5	8.39651984279044E-5
236.524437504	9.656561E-5	5.9982980019412935E-5
236.526403584	7.602906E-5	4.09585700253956E-5
236.528386048	6.4695574E-5	2.677488373592496E-5
236.530352128	2.9653771E-5	1.679433262324892E-5
236.532318208	1.5639593E-5	1.0139622645510826E-5
236.534300672	5.0650866E-5	5.917167527513811E-6
236.536266752	-1.2730866E-5	3.355152557560359E-6
236.538249216	-7.290146E-5	1.8597530697661568E-6
236.540215296	-1.8892786E-5	1.014097165352723E-6
236.542181376	-4.0845087E-5	5.469686357173487E-7
236.54416384	-7.436859E-5	2.9279564728312835E-7
236.54612992	-3.9188293E-5	1.5561047916889947E-7
236.548112384	7.674877E-6	5.93909277313287E-8
236.550078464	-7.244304E-5	3.388284497418681E-8
236.552044544	-1.00528334E-4	1.8430622361620408E-8
236.554027008	-1.2301613E-5	9.558755564853527E-9
236.555993088	1.1514808E-5	4.726779412322912E-9
236.557975552	-2.1639196E-6	2.2285839840208155E-9
236.559941632	2.538477E-5	1.0018285090396262E-9
236.561907712	2.4875708E-5	4.293974342761686E-10
236.563890176	-2.8663873E-5	0.0
236.565856256	-4.646207E-6	0.0
236.56783872	-6.6946945E-6	0.0
236.5698048	-3.1112784E-6	0.0
236.57177088	1.5779146E-5	0.0
236.573753344	1.1655627E-5	0.0
236.575719424	3.4461904E-5	0.0
236.577701888	1.1467666E-4	0.0
236.579667968	4.384479E-5	0.0
236.581634048	-2.495323E-5	0.0
236.583616512	-3.510065E-5	0.0
236.585582592	-2.0126781E-5	0.0
236.587565056	-1.8694764E-5	0.0
236.589531136	2.8569204E-6	0.0
236.591497216	9.6027885E-5	0.0
236.59347968	6.472539E-5	0.0
236.59544576	5.1129115E-5	0.0
236.597428224	5.2708288E-6	0.0
236.599394304	-5.7666915E-5	0.0
236.601360384	-1.3707809E-5	0.0
236.603342848	2.6398318E-5	0.0
236.605308928	-4.2062192E-7	0.0
236.607291392	-6.416755E-5	0.0
236.609257472	-4.310242E-5	0.0
236.611223552	3.4198354E-5	0.0
236.613206016	1.2116791E-5	0.0
236.615172096	-5.0669034E-5	0.0
236.61715456	-2.5504143E-5	0.0
236.61912064	1.3202757E-5	0.0
236.62108672	3.7721416E-5	3.3480634931137843E-10
236.623069184	1.6919295E-5	7.914020550003897E-10
236.625035264	-3.4378845E-5	1.783712511027602E-9
236.627017728	2.696596E-5	3.833302564260066E-9
236.628983808	6.2509454E-5	7.855057937433685E-9
236.630949888	2.361907E-5	1.5347929149811534E-8
236.632932352	-3.5044563E-5	2.8593946765909095E-8
236.634898432	1.2289212E-7	5.079517251260768E-8
236.636880896	-2.6463063E-5	8.603816326058222E-8
236.638846976	6.4183754E-5	1.3895883910208795E-7
236.640813056	2.8186298E-5	2.1399515048869944E-7
236.64279552	-2.32953E-5	3.142277762435697E-7
236.6447616	4.602145E-5	4.3995444798383687E-7
236.646744064	-3.472816E-5	5.873438340131543E-7
236.648710144	3.82618E-6	7.476566565856047E-7
236.650676224	3.3539647E-5	9.074785793927731E-7
236.652658688	-1.0774717E-5	1.050259811563592E-6
236.654624768	-6.383675E-5	1.159000703410129E-6
236.656607232	3.8548547E-5	1.2195483805044205E-6
236.658573312	1.759887E-5	1.2236152997502359E-6
236.660539392	-5.6089993E-5	1.1706415534717962E-6
236.662521856	-8.7235014E-5	1.0679257229639916E-6
236.664487936	-3.08317E-5	9.289828994951677E-7
236.6664704	9.491597E-6	7.706324254286301E-7
236.66843648	-1.44950745E-5	6.096935294408468E-7
236.67040256	1.044691E-4	4.6016279497962387E-7
236.672385024	1.447302E-4	3.3149569844681537E-7
236.674351104	2.1446367E-5	2.2819183698175038E-7
236.676333568	9.410037E-5	1.5044933832086826E-7
236.678299648	2.9126657E-5	9.546103285629215E-8
236.680265728	-1.1144809E-5	5.88476680718486E-8
236.682248192	-4.7625595E-5	3.5872854908802765E-8
236.684214272	-7.524885E-5	2.225922912657552E-8
236.686196736	1.1670899E-5	1.4591322816670527E-8
236.688162816	6.0696722E-5	1.0402023242761516E-8
236.690128896	4.9680384E-5	8.065516254873728E-9
236.69211136	3.7331454E-5	6.608451563749895E-9
236.69407744	1.497113E-7	5.5129021347966045E-9
236.696059904	-9.063462E-5	4.394786756733993E-9
236.698025984	-6.164876E-5	3.586907215691326E-9
236.700008448	-1.3678377E-5	2.7914615063906467E-9
236.701974528	6.418908E-5	2.071445459606025E-9
236.703940608	8.044498E-5	1.465700449898577E-9
236.705923072	7.3207716E-6	9.88887194353083E-10
236.707889152	2.182316E-5	6.361755566786087E-10
236.709871616	2.5902738E-5	3.902456136017918E-10
236.711837696	1.1482033E-4	2.2825948076121705E-10
236.713803776	1.1251551E-4	1.273062766316002E-10
236.71578624	8.33362E-5	6.770153188062622E-11
236.71775232	1.6291325E-4	3.43304169814207E-11
236.719734784	1.6656275E-4	1.6599275773354627E-11
236.721700864	8.877934E-5	7.652952056791396E-12
236.723666944	2.0576039E-5	3.3643157704155158E-12
236.725649408	4.7016874E-5	1.4102501718488147E-12
236.727615488	1.7241183E-4	0.0
236.729597952	1.5680552E-4	0.0
236.731564032	6.317806E-5	0.0
236.733530112	5.0930234E-5	0.0
236.735512576	8.5808744E-5	0.0
236.737478656	5.540189E-5	0.0
236.73946112	2.3383525E-5	0.0
236.7414272	5.5246564E-5	0.0
236.74339328	5.080519E-5	0.0
236.745375744	1.3357451E-5	0.0
236.747341824	4.101869E-5	0.0
236.749324288	9.524927E-5	0.0
236.751290368	1.03653874E-4	0.0
236.753256448	8.158745E-5	0.0
236.755238912	4.7105204E-5	1.1328728753701167E-11
236.757204992	2.3727001E-5	2.6590040932972236E-11
236.759187456	2.4954186E-5	5.951138193349692E-11
236.761153536	-2.2131497E-5	1.2700873686100067E-10
236.763119616	-6.7884124E-5	2.584701619401386E-10
236.76510208	-4.6805606E-5	5.015785009554463E-10
236.76706816	-4.7670943E-5	9.281436730290693E-10
236.769050624	-1.876582E-5	1.6377050826577033E-9
236.771016704	-3.8160056E-6	2.755542238830344E-9
236.772982784	3.2171316E-5	4.421029764500872E-9
236.774965248	5.473105E-5	6.763788196195719E-9
236.776931328	1.9194196E-5	9.867385131201445E-9
236.778913792	-6.338349E-5	1.3726628722565692E-8
236.780879872	-2.3254825E-5	1.820839479194092E-8
236.782845952	5.553542E-5	2.3031839546661104E-8
236.784828416	4.2050815E-5	2.7779998745813828E-8
236.786794496	-2.2404156E-5	3.1951003620633855E-8
236.78877696	7.5444054E-6	3.504164070022853E-8
236.79074304	3.511725E-5	3.664644054879318E-8
236.79270912	6.2061576E-5	3.654494307170353E-8
236.794691584	5.5027267E-5	3.475126320040545E-8
236.796657664	3.697464E-5	3.151095029352291E-8
236.798640128	-1.7635173E-5	2.724585534963353E-8
236.800606208	-8.305262E-5	2.24640039903079E-8
236.802572288	-2.1637401E-5	1.7661262674550926E-8
236.804554752	-3.934129E-5	1.3240486929078088E-8
236.806520832	-4.4045333E-5	9.465289885213224E-9
236.808503296	-6.9596485E-6	6.452257395039851E-9
236.810469376	7.5497184E-5	4.194083746966726E-9
236.812435456	3.612606E-5	2.599622517251987E-9
236.81441792	2.7033102E-5	1.5364951533314297E-9
236.816384	8.273285E-7	8.659643002673079E-10
236.818366464	6.5130735E-5	4.6538761733216916E-10
236.820332544	9.964636E-6	2.384946684585998E-10
236.822298624	1.2589966E-6	1.165442187200938E-10
236.824281088	4.9509792E-5	5.430628516323033E-11
236.826247168	5.9692422E-5	2.413001916334867E-11
236.828229632	3.990809E-5	1.022380530929512E-11
236.830195712	6.782642E-6	0.0
236.832161792	4.7558146E-6	0.0
236.834144256	1.5851764E-4	0.0
236.836110336	1.4612531E-4	0.0
236.8380928	5.3788986E-5	0.0
236.84005888	1.6529719E-5	0.0
236.84202496	3.5750345E-5	0.0
236.844007424	1.5966083E-6	0.0
236.845973504	-1.3984979E-5	0.0
236.847955968	7.281502E-5	0.0
236.849922048	9.581332E-5	0.0
236.851888128	5.187036E-5	0.0
236.853870592	6.1147075E-5	0.0
236.855836672	-1.1203351E-5	0.0
236.857819136	-2.43313E-6	0.0
236.859785216	-7.4976256E-6	1.1439817981795386E-9
236.861751296	-4.144917E-5	2.715708768974423E-9
236.86373376	-5.2143638E-5	6.1477649637708964E-9
236.86569984	-9.023636E-5	1.3271288068494869E-8
236.867682304	-3.7106933E-5	2.7319622120103304E-8
236.869648384	1.302447E-4	5.362919708318259E-8
236.871614464	5.6934412E-5	1.0039142495088527E-7
236.873596928	1.8648587E-5	1.7920581285579829E-7
236.875563008	8.809395E-5	3.0505006520797906E-7
236.877545472	1.3323947E-4	4.951704113409505E-7
236.879511552	8.7363806E-5	7.664723966627207E-7
236.881477632	4.9268856E-5	1.1313547929603374E-6
236.883460096	-5.5678306E-6	1.5924325680316542E-6
236.885426176	-5.5098266E-5	2.1373991785367252E-6
236.88740864	1.1508841E-5	2.7357186809240375E-6
236.88937472	1.7814646E-5	3.339050863360171E-6
236.8913408	-3.752575E-5	3.886379090545233E-6
236.893323264	-1.5980082E-5	4.313602403271943E-6
236.895289344	-5.8255424E-5	4.565752988128224E-6
236.897271808	-3.4179277E-5	4.608547897078097E-6
236.899237888	-1.7595072E-6	4.43604130850872E-6
236.901203968	4.3960812E-5	4.071976036357228E-6
236.903186432	1.6944121E-5	3.5644311537907925E-6
236.905152512	-1.5276344E-5	2.9754050956398714E-6
236.907134976	-5.2449068E-5	2.3684763164055767E-6
236.909101056	-4.1364918E-5	1.7978620689973468E-6
236.911067136	1.2444879E-5	1.3013810757911415E-6
236.9130496	4.7874462E-5	8.982835879578488E-7
236.91501568	2.4955838E-5	5.912640403948899E-7
236.916998144	-1.4878678E-5	3.7111735196049267E-7
236.918964224	-2.8810025E-5	2.2212702788237948E-7
236.920930304	-1.4642343E-6	1.2678090399731445E-7
236.922912768	-9.529328E-6	6.90036259243243E-8
236.924878848	-2.1543735E-6	3.5813968679576647E-8
236.926861312	-1.6774122E-5	1.7725557910353018E-8
236.928827392	-1.5053461E-5	8.365872439242139E-9
236.930793472	4.616563E-5	3.765218803408743E-9
236.932775936	8.5413965E-5	1.6159695803708019E-9
236.934742016	5.720921E-5	0.0
236.93672448	-5.5345874E-5	0.0
236.93869056	-6.253208E-5	0.0
236.94065664	-1.1229268E-5	0.0
236.942639104	-1.7249027E-6	0.0
236.944605184	9.48216E-6	0.0
236.946587648	2.697648E-5	0.0
236.948553728	4.5961E-6	0.0
236.950519808	-5.0725416E-6	0.0
236.952502272	-8.016168E-5	0.0
236.954468352	-4.901507E-5	0.0
236.956450816	5.7750512E-5	0.0
236.958416896	1.02694976E-4	0.0
236.960382976	8.3317354E-5	0.0
236.96236544	-1.6271484E-5	0.0
236.96433152	-7.152976E-5	0.0
236.966313984	-4.954125E-5	0.0
236.968280064	1.9310735E-5	0.0
236.970246144	7.6517055E-5	0.0
236.972228608	9.829918E-5	0.0
236.974194688	9.163514E-5	0.0
236.976177152	1.8766807E-5	0.0
236.978143232	-2.0820667E-5	0.0
236.980109312	2.1800131E-5	0.0
236.982091776	6.781219E-5	0.0
236.984057856	4.8417103E-5	0.0
236.98604032	1.932823E-6	0.0
236.9880064	2.2912254E-5	0.0
236.98997248	1.10161986E-4	0.0
236.991954944	7.819409E-5	0.0
236.993921024	2.5611816E-5	0.0
236.995903488	-1.704168E-5	0.0
236.997869568	-3.418105E-5	0.0
236.999852032	-3.72097E-5	0.0
237.001818112	-8.802661E-5	0.0
237.003784192	-7.124702E-5	0.0
237.005766656	-2.9015491E-5	0.0
237.007732736	-2.0258192E-5	0.0
237.0097152	1.38404075E-5	0.0
237.01168128	3.772683E-5	0.0
237.01364736	3.529244E-5	0.0
237.015629824	2.5246636E-5	0.0
237.017595904	4.8617527E-5	0.0
237.019578368	6.317765E-5	0.0
237.021544448	-4.0824965E-5	0.0
237.023510528	-6.437084E-5	0.0
237.025492992	7.1339396E-6	0.0
237.027459072	6.2645966E-5	0.0
237.029441536	6.68641E-5	0.0
237.031407616	-9.34863E-6	0.0
237.033373696	-7.0683825E-5	0.0
237.03535616	-7.389602E-5	0.0
237.03732224	-7.1576535E-5	0.0
237.039304704	-5.4363714E-5	0.0
237.041270784	-1.0108694E-6	0.0
237.043236864	-5.8140563E-6	0.0
237.045219328	5.3307333E-5	0.0
237.047185408	5.2575633E-5	2.0413213341896608E-9
237.049167872	6.983525E-5	4.692582766807618E-9
237.051133952	5.0301955E-5	1.0287420693089189E-8
237.053100032	-5.2991586E-6	3.349883570535894E-8
237.055082496	1.8726083E-5	7.110554633982247E-8
237.057048576	-9.4945635E-6	1.4488790611721925E-7
237.05903104	7.8055755E-6	2.8346008207336126E-7
237.06099712	5.5767872E-5	5.325065330907819E-7
237.0629632	6.6376975E-5	9.605639661458554E-7
237.064945664	1.3422863E-4	1.663607804403E-6
237.066911744	1.08371896E-4	2.765730869214167E-6
237.068894208	1.0685065E-4	4.412512225826504E-6
237.070860288	3.260294E-5	6.753468369424809E-6
237.072826368	-1.745804E-5	9.912005225487519E-6
237.074808832	2.4665978E-5	1.3944597412773874E-5
237.076774912	-2.3465638E-5	1.8796597942127846E-5
237.078757376	5.722606E-5	2.4266211767098866E-5
237.080723456	2.4635645E-5	2.9992290365044028E-5
237.082689536	6.106969E-5	3.547741289366968E-5
237.084672	7.139225E-5	4.01509678340517E-5
237.08663808	5.7463694E-5	4.346272544353269E-5
237.088620544	9.8288045E-5	4.49879007646814E-5
237.090586624	1.3834018E-4	4.451570566743612E-5
237.092552704	9.9996396E-5	4.209662074572407E-5
237.094535168	2.3293303E-5	3.80339624825865E-5
237.096501248	3.737076E-5	3.2821706554386765E-5
237.098483712	1.1350248E-4	2.7045511160395108E-5
237.100449792	9.947254E-5	2.1274836399243213E-5
237.102415872	1.15316434E-4	1.5972802430042066E-5
237.104398336	-4.8256975E-6	1.1443738912930712E-5
237.106364416	-4.385814E-5	7.822953193681315E-6
237.10834688	1.1322351E-5	5.102137947687879E-6
237.11031296	5.8944584E-6	3.174585117449169E-6
237.11227904	-2.124367E-5	1.8843968518922338E-6
237.114261504	2.8800978E-5	1.0671885775082046E-6
237.116227584	-2.494492E-5	5.768503683611925E-7
237.118210048	-7.341498E-5	2.9802379231114173E-7
237.120176128	-3.4836546E-6	1.4698306927130034E-7
237.122142208	8.695942E-5	7.135598423246847E-8
237.124124672	1.2045467E-4	3.569612871956451E-8
237.126090752	7.4340365E-5	2.0886467666514363E-8
237.128073216	4.737098E-5	1.1307091263290658E-8
237.130039296	-4.9796035E-5	1.543001637571706E-8
237.132005376	-5.2321146E-5	2.008118293872485E-8
237.13398784	-4.0944018E-5	2.4924258212877248E-8
237.13595392	-1.8983808E-5	2.9502842835427145E-8
237.137936384	4.3262567E-5	3.330535491841147E-8
237.139902464	4.488208E-5	3.585689611895759E-8
237.141868544	4.3561275E-5	3.6816341975054456E-8
237.143851008	-1.04060155E-5	3.605099863079886E-8
237.145817088	-2.6339598E-5	3.366687195693885E-8
237.147799552	-7.227678E-5	2.9984526861426275E-8
237.149765632	-7.396477E-5	2.546830835115088E-8
237.151731712	-5.9715287E-5	2.0630615438221866E-8
237.153714176	-2.031675E-5	1.5937947850375167E-8
237.155680256	3.3471573E-5	1.1742540273473878E-8
237.15766272	-9.394803E-6	8.250865768388849E-9
237.1596288	-7.395591E-5	5.529001256832089E-9
237.16159488	-4.1101583E-5	3.5334697390254632E-9
237.163577344	5.8342994E-5	2.1536052940973605E-9
237.165543424	9.561749E-5	1.2518087677548806E-9
237.167525888	4.9405557E-5	6.939370744696305E-10
237.169491968	-4.922839E-6	3.668675085943818E-10
237.171458048	-2.1217753E-5	1.8497323117649955E-10
237.173440512	1.8335946E-5	8.894423392247219E-11
237.175406592	8.234869E-5	4.078805002083463E-11
237.177389056	7.320769E-5	1.783852753012294E-11
237.179355136	9.628957E-5	0.0
237.181321216	1.1692004E-4	0.0
237.18330368	1.986135E-5	0.0
237.18526976	1.8652657E-6	0.0
237.187252224	3.5762E-5	0.0
237.189218304	-2.7959675E-6	0.0
237.191184384	9.048105E-6	0.0
237.193166848	3.2398326E-5	0.0
237.195132928	9.256052E-6	0.0
237.197115392	5.895119E-5	0.0
237.199081472	1.0985586E-4	0.0
237.201047552	1.0490169E-4	0.0
237.203030016	1.0195012E-4	0.0
237.204996096	1.5471896E-5	0.0
237.20697856	-7.79265E-5	0.0
237.20894464	-6.677037E-5	0.0
237.21091072	-4.3099903E-5	0.0
237.212893184	3.7618505E-5	0.0
237.214859264	3.5801902E-5	0.0
237.216841728	-2.6382904E-5	0.0
237.218807808	-4.672505E-5	0.0
237.220773888	-8.080307E-5	0.0
237.222756352	-6.704979E-5	0.0
237.224722432	-9.24745E-6	0.0
237.226704896	-4.3076056E-6	0.0
237.228670976	2.8192164E-6	0.0
237.230637056	2.1557624E-5	3.013920363281741E-11
237.23261952	-3.060753E-5	6.950242464887069E-11
237.2345856	-2.7885433E-5	1.528614596013611E-10
237.236568064	1.8821398E-5	3.2064631505512864E-10
237.238534144	5.4017596E-6	6.414825892697706E-10
237.240500224	-1.4531243E-5	1.2239782520850895E-9
237.242482688	3.979802E-5	2.2273720645671347E-9
237.244448768	-2.0455589E-5	3.865824549365016E-9
237.246431232	-5.0018793E-5	6.399143881452574E-9
237.248397312	-2.1117155E-5	1.0102565894953841E-8
237.250363392	-4.590335E-6	1.52114871809772E-8
237.252345856	-5.4777655E-7	2.1844400066584058E-8
237.254311936	-2.803117E-5	2.9918567179265665E-8
237.2562944	-7.901708E-5	3.908153445308926E-8
237.25826048	-6.644774E-6	4.868921621437039E-8
237.26022656	-5.00312E-5	5.7852776791378346E-8
237.262209024	-6.3796186E-5	6.556106058042133E-8
237.264175104	3.4297394E-5	7.085952802299289E-8
237.266157568	5.6255798E-5	7.304339533220627E-8
237.268123648	8.416049E-5	7.181155581292842E-8
237.270089728	7.8315396E-5	6.733457524887854E-8
237.272072192	6.110653E-5	6.02160810103669E-8
237.274038272	1.5061189E-4	5.135906633313425E-8
237.276020736	7.3809264E-5	4.177843138108983E-8
237.277986816	8.473809E-5	3.241286705701896E-8
237.279952896	8.126495E-5	2.3983570685004452E-8
237.28193536	-3.195986E-5	1.6925428170111445E-8
237.28390144	-1.8982244E-5	1.1391886545197849E-8
237.285883904	-2.0273385E-5	7.312769501055527E-9
237.287849984	5.160633E-5	4.477116011258886E-9
237.289816064	6.6756795E-5	2.6142374931481527E-9
237.291798528	8.0974714E-5	1.4558725336399903E-9
237.293764608	1.2919494E-6	7.732690598949432E-10
237.295747072	-1.874456E-5	4.4989628689151573E-10
237.297713152	5.656299E-5	3.260501313384623E-10
237.299679232	1.0807421E-4	3.939797099672404E-10
237.301661696	8.7062773E-7	6.9446048911459E-10
237.303627776	-5.384678E-5	1.3545338184428601E-9
237.30561024	4.4171422E-5	2.6041475642557543E-9
237.30757632	7.178291E-5	4.832446443003846E-9
237.309558784	-1.6294871E-4	8.552773600456476E-9
237.311524864	-3.732876E-5	1.4437381068432842E-8
237.313490944	6.946396E-5	2.3244046687409536E-8
237.315473408	1.16319614E-4	3.569247297718903E-8
237.317439488	-2.2587576E-5	5.227392207984849E-8
237.319421952	-3.1174644E-5	7.30185050201726E-8
237.321388032	5.9608647E-5	9.727978067530785E-8
237.323354112	3.8388956E-5	1.2361006440642086E-7
237.325336576	-2.0049326E-6	1.4980552975885075E-7
237.327302656	-2.3611126E-6	1.7315814204721391E-7
237.32928512	-1.3815715E-4	1.9089743830136285E-7
237.3312512	-1.313478E-4	2.0072418749350618E-7
237.33321728	-2.6366264E-5	2.0129904498844553E-7
237.335199744	5.9930302E-5	1.9254218841524562E-7
237.337165824	8.2837694E-5	1.756518059892187E-7
237.339148288	-7.3238596E-8	1.5283438870028476E-7
237.341114368	6.0017933E-6	1.268329157255721E-7
237.343080448	6.615801E-5	1.0038853304195072E-7
237.345062912	1.7309629E-5	7.578415761599899E-8
237.347028992	8.826003E-5	5.456493568090082E-8
237.349011456	4.4510758E-5	3.7470641700565466E-8
237.350977536	9.590527E-5	2.4541959575685723E-8
237.352943616	9.82874E-7	1.5330977376493138E-8
237.35492608	2.2739137E-5	9.134207168415287E-9
237.35689216	8.136248E-5	5.1905661990758745E-9
237.358874624	7.150498E-5	2.813189015071771E-9
237.360840704	-8.13015E-5	1.45420708808075E-9
237.362806784	-4.472808E-5	7.169580484855942E-10
237.364789248	7.870316E-5	3.371355694614664E-10
237.366755328	7.687374E-5	1.5120128760148788E-10
237.368737792	1.04237144E-4	6.467699986689723E-11
237.370703872	1.3207585E-4	9.799445283009689E-11
237.372669952	1.2428156E-4	2.2372861896435836E-10
237.374652416	4.295814E-5	4.871874570433476E-10
237.376618496	-6.9573485E-5	1.011871031408873E-9
237.37860096	-5.0767332E-5	2.0045118898082137E-9
237.38056704	5.5075375E-6	3.787447244718578E-9
237.38253312	6.291909E-5	6.825574327962158E-9
237.384515584	1.0770012E-4	1.1732370630568312E-8
237.386481664	4.7612295E-5	1.9234649428767625E-8
237.388464128	1.6504042E-5	3.007736282256701E-8
237.390430208	5.0751783E-5	4.4858992964691424E-8
237.392396288	8.104445E-5	7.862137607617115E-8
237.394378752	6.642498E-5	1.2099803825549316E-7
237.396344832	-1.11552645E-5	1.8833898707271146E-7
237.398327296	-3.3001616E-5	2.996074215388944E-7
237.400293376	-3.3507018E-5	4.881144377577584E-7
237.402259456	-1.0051465E-4	8.085101512733672E-7
237.40424192	-1.1211392E-4	1.3436359722618363E-6
237.406208	5.670992E-6	2.208362502642558E-6
237.408190464	1.3929967E-5	3.546315156199853E-6
237.410156544	-2.1960213E-5	5.5149371291918214E-6
237.412122624	-2.719063E-5	8.25629376777215E-6
237.414105088	-3.46214E-5	1.1854461263283156E-5
237.416071168	-3.6109992E-5	1.6286869140458293E-5
237.418053632	-2.1541788E-5	2.1382980776252225E-5
237.420019712	2.7062526E-5	2.6806379537447356E-5
237.421985792	1.7055785E-5	3.207531335647218E-5
237.423968256	5.6827805E-5	3.662522794911638E-5
237.425934336	8.164502E-5	3.9905244193505496E-5
237.4279168	1.21372796E-4	4.1486408008495346E-5
237.42988288	9.138268E-5	4.115260162507184E-5
237.43184896	4.8630638E-5	3.894818655680865E-5
237.433831424	4.458154E-5	3.5168144677300006E-5
237.435797504	-2.0289064E-5	3.0293496820377186E-5
237.437779968	-6.165401E-5	2.4891622160794213E-5
237.439746048	-5.7179273E-5	1.9509017874952406E-5
237.441712128	3.220685E-5	1.458457609260222E-5
237.443694592	7.376466E-5	1.0401071449450683E-5
237.445660672	3.707125E-5	7.078634098434122E-6
237.447643136	3.883951E-6	4.601626187650254E-6
237.449609216	3.4489625E-5	2.8639176434808178E-6
237.451575296	7.9155085E-5	1.715831217552477E-6
237.45355776	4.7921072E-5	1.0022679362009512E-6
237.45552384	8.1549355E-5	5.866961600986542E-7
237.457506304	1.0766697E-4	3.6183803331368836E-7
237.459472384	8.496457E-5	2.505462077806442E-7
237.461438464	1.13719225E-5	2.01288642642794E-7
237.463420928	4.51666E-5	1.8184704231316573E-7
237.465387008	4.3810593E-5	1.7339944236027804E-7
237.467369472	2.149412E-5	1.6146714187925681E-7
237.469335552	1.6342494E-5	1.5320220825287834E-7
237.471301632	3.977881E-5	1.3871074600046995E-7
237.473284096	4.4253407E-5	1.1984477055193565E-7
237.475250176	3.9809267E-5	9.880775309056844E-8
237.47723264	-9.866845E-6	7.773648746933759E-8
237.47919872	-4.077468E-5	5.836066563347231E-8
237.4811648	-6.709186E-5	4.180956381105716E-8
237.483147264	-7.333235E-5	2.858181424869599E-8
237.485113344	3.322128E-5	1.8644952248791924E-8
237.487095808	4.594092E-6	1.1606156924415245E-8
237.489061888	-3.9402126E-5	6.893969395349586E-9
237.491027968	-7.1486124E-6	3.907533852043343E-9
237.493010432	-2.5506806E-5	2.113428987371435E-9
237.494976512	-3.8476264E-5	1.0907362790746333E-9
237.496958976	2.2828624E-5	5.371524891550905E-10
237.498925056	-1.0774507E-4	2.524167819206724E-10
237.500891136	2.4458614E-5	1.1318290055184477E-10
237.5028736	5.2026284E-5	3.3389693787633234E-11
237.50483968	-3.0472283E-5	0.0
237.506822144	-9.894909E-5	0.0
237.508788224	-3.0668685E-5	0.0
237.510754304	9.611359E-6	0.0
237.512736768	4.4679662E-5	0.0
237.514702848	5.5750395E-5	0.0
237.516685312	2.5469011E-5	0.0
237.518651392	-3.269607E-5	0.0
237.520617472	-2.5106658E-5	0.0
237.522599936	7.8669956E-7	0.0
237.524566016	-4.2392458E-5	0.0
237.52654848	-8.384078E-5	0.0
237.52851456	2.3458912E-5	0.0
237.53048064	-3.1605566E-8	0.0
237.532463104	-1.5573814E-5	0.0
237.534429184	8.817246E-6	0.0
237.536411648	9.080447E-6	0.0
237.538377728	1.0616431E-5	0.0
237.540343808	3.1428746E-5	0.0
237.542326272	-8.757931E-6	0.0
237.544292352	-3.1407678E-6	0.0
237.546274816	-4.372864E-5	0.0
237.548240896	-7.579226E-5	0.0
237.550206976	-2.7041422E-5	0.0
237.55218944	9.098935E-6	0.0
237.55415552	-1.00739046E-4	0.0
237.556137984	-9.444997E-5	0.0
237.558104064	-1.9909921E-5	0.0
237.560070144	-5.72784E-7	0.0
237.562052608	-6.8606954E-5	0.0
237.564018688	-8.612428E-5	0.0
237.566001152	-6.132406E-5	0.0
237.567967232	1.1463148E-5	0.0
237.569933312	5.1520154E-5	0.0
237.571915776	8.486697E-5	0.0
237.573881856	4.6499772E-5	0.0
237.57586432	-2.612492E-5	0.0
237.5778304	-3.4711138E-5	0.0
237.57979648	3.848059E-5	0.0
237.581778944	1.03768136E-4	0.0
237.583745024	1.10388006E-4	0.0
237.585727488	6.376224E-5	0.0
237.587693568	-1.8001881E-5	0.0
237.589659648	-5.7430498E-5	0.0
237.591642112	1.1591329E-5	0.0
237.593608192	5.2190502E-5	0.0
237.595590656	-5.080036E-6	0.0
237.597556736	-2.1602105E-5	0.0
237.599522816	1.9965011E-5	0.0
237.60150528	-9.4855085E-7	0.0
237.60347136	4.6559303E-6	0.0
237.605453824	3.4473866E-5	0.0
237.607419904	-1.7240576E-5	0.0
237.609385984	-5.4985478E-5	0.0
237.611368448	-3.1182684E-5	0.0
237.613334528	7.3548246E-5	0.0
237.615316992	1.2493979E-4	0.0
237.617283072	5.4774413E-5	0.0
237.619265536	4.1834748E-5	0.0
237.621231616	1.9672081E-5	0.0
237.623197696	-2.3315724E-5	0.0
237.62518016	-1.9762314E-5	0.0
237.62714624	-2.5853576E-6	0.0
237.629128704	-1.1757583E-5	0.0
237.631094784	-1.2030082E-5	0.0
237.633060864	2.1090515E-5	0.0
237.635043328	4.8245463E-5	0.0
237.637009408	9.432545E-6	0.0
237.638991872	-2.8192675E-5	0.0
237.640957952	-3.193628E-5	2.2675905597679957E-10
237.642924032	-4.31411E-5	5.323795293499245E-10
237.644906496	-1.1896328E-5	1.192295262519849E-9
237.646872576	-4.1871266E-5	2.5471114106778714E-9
237.64885504	-4.752546E-5	5.19054976777511E-9
237.65082112	1.5201092E-5	1.0089652668909821E-8
237.6527872	1.2364363E-5	1.870870214304432E-8
237.654769664	-9.088252E-6	3.309119733785337E-8
237.656735744	4.851466E-5	5.583182272062004E-8
237.658718208	-1.102931E-5	8.985647781400985E-8
237.660684288	3.8287994E-6	1.3794945630252187E-7
237.662650368	6.0300285E-5	2.0201842687583849E-7
237.664632832	-1.2091127E-5	2.822033877691865E-7
237.666598912	3.9311955E-5	3.7603859937007655E-7
237.668581376	-4.9528303E-6	4.779749929184618E-7
237.670547456	-1.5360461E-5	5.795343440695433E-7
237.672513536	5.2213886E-6	6.704408974655962E-7
237.674496	-1.4243516E-5	7.39882580091944E-7
237.67646208	-2.484412E-5	7.791875873408571E-7
237.678444544	-5.664608E-6	7.833310178284592E-7
237.680410624	1.1597339E-5	7.524463967456541E-7
237.682376704	4.270373E-5	6.919482871126093E-7
237.684359168	9.4280156E-5	6.116887334428611E-7
237.686325248	3.9609542E-5	5.24286576819577E-7
237.688307712	2.5436531E-5	4.431058755471895E-7
237.690273792	-3.5006993E-5	3.803634172072634E-7
237.692239872	-7.5773846E-6	3.456505623944395E-7
237.694222336	-1.1585277E-6	3.449547136824549E-7
237.696188416	4.4420434E-5	3.8008880665074685E-7
237.69817088	8.5582345E-5	4.484357418732543E-7
237.70013696	-3.3363514E-5	5.42978625617252E-7
237.70210304	-4.6890716E-5	6.527640152853564E-7
237.704085504	5.3845142E-5	7.639573027518054E-7
237.706051584	5.96787E-5	8.615748470219842E-7
237.708034048	-1.7292548E-5	9.317272429143486E-7
237.710000128	-7.293486E-5	9.639669542593765E-7
237.711966208	-2.478469E-5	9.531578371024807E-7
237.713948672	4.1436753E-5	9.003303489407699E-7
237.715914752	-4.7561287E-5	8.121528480842244E-7
237.717897216	8.558636E-5	6.998311619099695E-7
237.719863296	-2.4404157E-5	5.759225700785464E-7
237.721829376	2.3926416E-6	4.5265733206178993E-7
237.72381184	9.214274E-6	3.398072578875144E-7
237.72577792	4.217979E-5	2.436601960198459E-7
237.727760384	1.3610938E-5	1.6690755444415117E-7
237.729726464	2.2618844E-5	1.0925077731371857E-7
237.731692544	7.1232294E-5	6.838149602117483E-8
237.733675008	6.622629E-5	4.100974493326248E-8
237.735641088	1.8773413E-5	2.3700490459077628E-8
237.737623552	1.2925703E-5	1.3411682431296867E-8
237.739589632	-3.791951E-5	7.741905783120728E-9
237.741555712	-5.8124824E-5	4.958028210211296E-9
237.743538176	2.675869E-5	4.119429686255671E-9
237.745504256	1.4537594E-6	4.335384051756819E-9
237.74748672	1.0575329E-5	5.263049551729182E-9
237.7494528	8.196694E-5	7.326708573174301E-9
237.75141888	6.98307E-5	1.0592215105020841E-8
237.753401344	7.877384E-5	1.5977295930724722E-8
237.755367424	2.1095673E-5	2.4794184483312165E-8
237.757349888	-2.1398044E-5	3.902873402239493E-8
237.759315968	2.3054732E-5	6.125530660483491E-8
237.761282048	2.8428936E-5	9.441955484135178E-8
237.763264512	-4.814773E-5	1.413635573044303E-7
237.765230592	-1.1262214E-5	2.0408235457125556E-7
237.767213056	3.0509344E-5	2.8282693165238015E-7
237.769179136	-6.4248147E-6	3.7525225593526557E-7
237.771145216	-1.631001E-5	4.7592567398169194E-7
237.77312768	-4.9025693E-5	5.764802608609898E-7
237.77509376	-8.134628E-5	6.668486207672686E-7
237.777076224	-8.685668E-5	7.361613256762212E-7
237.779042304	-4.7398485E-6	7.75817682097113E-7
237.781008384	2.997846E-5	7.809010185155785E-7
237.782990848	5.375198E-5	7.51583513647347E-7
237.784956928	8.560543E-6	6.933565259714669E-7
237.786939392	-1.8435027E-5	6.16165038991312E-7
237.788905472	-9.476403E-6	5.326720042830857E-7
237.790871552	-2.3292092E-5	4.56129981785125E-7
237.792854016	-4.5785623E-6	3.9831985532146064E-7
237.794820096	2.4761679E-5	3.679029703107517E-7
237.79680256	9.764657E-5	3.693403982651944E-7
237.79876864	5.7530444E-5	4.023798680918844E-7
237.80073472	3.329369E-5	4.6209453330448014E-7
237.802717184	-4.415377E-6	5.394607569542131E-7
237.804683264	-6.752856E-5	6.22505979208654E-7
237.806665728	-1.8020763E-5	6.980026796554739E-7
237.808631808	6.1776896E-6	7.535360850852157E-7
237.810597888	4.06358E-5	7.795949841238325E-7
237.812580352	3.4256314E-5	7.712085903222032E-7
237.814546432	1.32826035E-5	7.287023890967248E-7
237.816528896	2.1682365E-6	6.573491759809258E-7
237.818494976	-2.8557739E-5	5.659050543727062E-7
237.820461056	-2.5721542E-5	4.6514173845935147E-7
237.82244352	2.7723083E-6	3.649116138149111E-7
237.8244096	4.3197477E-5	2.732762993673532E-7
237.826392064	6.803061E-5	1.9538464357538032E-7
237.828358144	7.4002775E-5	1.3339160886971513E-7
237.830324224	3.14902E-5	8.697778497435138E-8
237.832306688	7.504031E-6	5.417965454057594E-8
237.834272768	9.728145E-6	3.22509556838213E-8
237.836255232	3.7045626E-5	1.8351899555568707E-8
237.838221312	5.7981393E-5	9.986885096679998E-9
237.840187392	4.8022965E-5	5.19993870184976E-9
237.842169856	-1.1287098E-5	2.591936887341717E-9
237.844135936	1.0024219E-5	1.2375923619245555E-9
237.8461184	3.02399E-5	5.66445890193279E-10
237.84808448	-1.5785494E-5	2.48709025596483E-10
237.85005056	-1.8110562E-5	2.328841459953157E-11
237.852033024	-2.708263E-6	1.1014296245892563E-11
237.853999104	-4.7064227E-6	4.969349150923952E-12
237.855981568	1.2922233E-5	2.1387908805126088E-12
237.857947648	9.505086E-6	5.525313540033494E-11
237.859913728	-3.6070862E-5	1.295302337611659E-10
237.861896192	-5.069795E-5	2.8968066834167416E-10
237.863862272	-4.8719983E-5	6.180314038317647E-10
237.865844736	-5.145893E-5	1.2578726948930807E-9
237.867810816	3.355772E-5	2.4423358890857116E-9
237.869776896	1.1704855E-4	4.523861285576913E-9
237.87175936	-7.079076E-6	7.993778083914549E-9
237.87372544	-4.033918E-5	1.347523692629693E-8
237.875707904	-3.1434556E-5	2.1669899652465574E-8
237.877673984	-6.7978224E-5	3.3244372588114857E-8
237.879640064	6.4832784E-5	4.865369618300974E-8
237.881622528	1.2155593E-4	6.792879503336735E-8
237.883588608	1.0752099E-4	9.047506921433524E-8
237.885571072	6.146787E-5	1.1495898633029356E-7
237.887537152	2.9529701E-5	1.393467385923941E-7
237.889503232	2.9028308E-5	1.6113457945721166E-7
237.891485696	-2.2985228E-5	1.7775441563117056E-7
237.893451776	-5.375498E-5	1.870643302481767E-7
237.89543424	-2.2262173E-5	1.878023425661013E-7
237.89740032	6.8980255E-5	1.798665323349269E-7
237.8993664	5.301548E-5	1.6433840244189923E-7
237.901348864	5.1273877E-5	1.4324081121230847E-7
237.903314944	-4.4166532E-5	1.1910598374242909E-7
237.905297408	-9.994004E-5	9.447997939560082E-8
237.907263488	-2.3946717E-5	7.149638747705467E-8
237.909229568	3.2504235E-5	5.161395577601979E-8
237.911212032	-4.623504E-5	3.55458240619555E-8
237.913178112	-7.5342825E-5	2.3353317502028403E-8
237.915160576	1.7990746E-5	1.463683574343122E-8
237.917126656	3.824447E-5	8.751539049001167E-9
237.919092736	-2.8462526E-5	4.991850488522687E-9
237.9210752	-8.354063E-5	2.716292080151561E-9
237.92304128	2.3209732E-5	1.410034644599989E-9
237.925023744	7.757789E-5	6.982674438660297E-10
237.926989824	5.3268304E-5	3.2987737541567697E-10
237.928972288	-7.168588E-5	2.718134606283229E-9
237.930938368	-9.302081E-5	6.013725517561852E-9
237.932904448	1.1302106E-4	1.314368791582865E-8
237.934886912	7.2970244E-5	2.7699895710497913E-8
237.936852992	6.307315E-5	5.56915438210126E-8
237.938835456	-5.3499593E-6	1.0682025219921343E-7
237.940801536	1.05748855E-4	1.954622206312706E-7
237.942767616	2.1917597E-6	3.412083060538862E-7
237.94475008	4.2164524E-5	5.68230859698815E-7
237.94671616	3.376213E-5	9.027583018905716E-7
237.948698624	-9.524555E-6	1.3682360986422282E-6
237.950664704	6.3437736E-5	1.9783096831815783E-6
237.952630784	8.090492E-5	2.7287749162496766E-6
237.954613248	5.5407203E-5	3.5907496567233466E-6
237.956579328	1.602161E-4	4.507660378294531E-6
237.958561792	7.078846E-5	5.398445409809938E-6
237.960527872	4.5675566E-5	6.1680079852521885E-6
237.962493952	-6.551244E-5	6.723352726112353E-6
237.964476416	-3.5748755E-5	6.991915597609477E-6
237.966442496	1.31327915E-5	6.937097623449517E-6
237.96842496	1.2044299E-4	6.566446245415136E-6
237.97039104	7.010138E-5	5.932604835834354E-6
237.97235712	1.1809211E-4	5.115107796882512E-6
237.974339584	1.0880032E-4	4.2127676351810805E-6
237.976305664	1.2426115E-4	3.321159283586894E-6
237.978288128	-1.4783857E-5	2.5200654363288777E-6
237.980254208	-4.3660806E-5	1.8665730294742389E-6
237.982220288	-5.763437E-5	1.395080744259758E-6
237.984202752	-4.2360734E-5	1.1223972933294135E-6
237.986168832	-3.524422E-5	1.0545503528192057E-6
237.988151296	-9.281713E-6	1.1920564020329039E-6
237.990117376	1.5355474E-5	1.5314234360630508E-6
237.992083456	3.34519E-5	2.0622292140615173E-6
237.99406592	2.0002984E-5	2.761117002592073E-6
237.996032	-8.544076E-6	3.585434797059861E-6
237.998014464	2.4597533E-5	4.469834493647795E-6
237.999980544	1.0728516E-4	5.328844963514712E-6
238.001946624	1.09315675E-4	6.066347395972116E-6
238.003929088	4.4207816E-5	6.590013981622178E-6
238.005895168	-6.9175426E-6	6.83217194819008E-6
238.007877632	9.925979E-6	6.757862593076425E-6
238.009843712	7.4990545E-5	6.377304998750333E-6
238.011809792	3.1931937E-5	5.741686891269637E-6
238.013792256	1.860851E-5	4.934129265166121E-6
238.015758336	6.244599E-5	4.046800768264802E-6
238.0177408	9.506877E-5	3.1713600492366822E-6
238.01970688	1.3107079E-4	2.381417743890779E-6
238.02167296	7.11692E-5	1.7269999261770863E-6
238.023655424	4.306776E-5	1.2350508313829778E-6
238.025621504	3.415339E-5	9.152491315944644E-7
238.027603968	2.014421E-5	7.680781095587008E-7
238.029570048	3.986289E-5	7.919947506707103E-7
238.031536128	8.648427E-5	9.873274393612519E-7
238.033518592	5.7479352E-5	1.3555968507716898E-6
238.035484672	4.8757283E-5	1.8945648889712174E-6
238.037467136	4.7422305E-5	2.5905046641128138E-6
238.039433216	1.1997048E-6	3.410455292396364E-6
238.041399296	1.4124417E-5	4.29758529207902E-6
238.04338176	-2.1713521E-7	5.172574674361385E-6
238.04534784	-3.1371696E-5	5.94136963627534E-6
238.047330304	NaN	6.51318441668991E-6
238.049296384	NaN	6.812134870415321E-6
238.051262464	NaN	6.797644800826674E-6
238.053244928	NaN	6.471710094047012E-6
238.055211008	NaN	5.878438514628215E-6
238.057193472	NaN	5.094279913464561E-6
238.059159552	NaN	4.2118704186577816E-6
238.061125632	NaN	3.322261136418092E-6
238.063108096	NaN	2.500075424904935E-6
238.065074176	NaN	1.7948633512787637E-6
238.06705664	NaN	1.2293210147618083E-6
238.06902272	NaN	8.0326174156653E-7
238.0709888	NaN	5.00731971442292E-7
238.072971264	NaN	2.977927806568914E-7
238.074937344	NaN	1.6895997134724894E-7
238.076919808	NaN	9.145647794639444E-8
238.078885888	NaN	4.7229168131934784E-8
238.080851968	NaN	2.3268487581162844E-8
