219.99607808	1.3642716E-5	0.0
219.99804416	4.0163057E-5	0.0
219.999993856	1.4982303E-4	0.0
220.001943552	1.5254866E-4	0.0
220.003909632	-3.2552427E-5	0.0
220.005859328	-1.2396739E-4	0.0
220.007809024	-3.64384E-5	0.0
220.009775104	3.713457E-5	0.0
220.0117248	1.773716E-4	0.0
220.013674496	-9.10053E-6	0.0
220.015624192	-8.222667E-5	0.0
220.017590272	8.077094E-5	0.0
220.019539968	6.0330498E-5	0.0
220.021489664	1.6701827E-4	0.0
220.023455744	2.2983161E-4	0.0
220.02540544	1.6663712E-4	0.0
220.027355136	8.436078E-5	0.0
220.029321216	1.03501785E-4	0.0
220.031270912	8.4042595E-6	7.657266110072669E-8
220.033220608	1.7008372E-4	1.7206960478688416E-7
220.035186688	1.0427717E-4	3.701607056427747E-7
220.037136384	1.8016959E-4	7.623079341101402E-7
220.03908608	2.5748176E-4	1.5028700772745651E-6
220.041035776	1.3451697E-4	2.836362000380177E-6
220.043001856	4.3855518E-5	5.124333711137297E-6
220.044951552	8.803461E-5	8.862210052029695E-6
220.046901248	1.3312732E-4	1.4671131793875247E-5
220.048867328	2.0366372E-4	2.3248119759955443E-5
220.050817024	1.0620815E-4	3.5261564335087314E-5
220.05276672	7.208647E-5	5.119116394780576E-5
220.0547328	1.2950442E-4	7.113215542631224E-5
220.056682496	2.9094145E-4	9.460737783228979E-5
220.058632192	2.4407118E-4	1.204459258588031E-4
220.060598272	6.84546E-5	1.4679317246191204E-4
220.062547968	1.0217651E-4	1.712827361188829E-4
220.064497664	2.1608261E-4	1.9136683840770274E-4
220.06644736	3.508138E-4	2.0474429766181856E-4
220.06841344	2.7823617E-4	2.0978879183530807E-4
220.070363136	1.741075E-4	2.0586888422258198E-4
220.072312832	2.3725105E-4	1.934760803123936E-4
220.074278912	2.5425397E-4	1.741249579936266E-4
220.076228608	2.1993055E-4	1.500535145169124E-4
220.078178304	1.7021509E-4	1.238032418768853E-4
220.080144384	1.7868774E-4	9.778448293218389E-5
220.08209408	2.9096293E-4	7.393015403067693E-5
220.084043776	9.8132594E-5	5.350090577849187E-5
220.086009856	1.5784375E-4	3.705777635332197E-5
220.087959552	1.8316926E-4	2.4568389562773518E-5
220.089909248	6.178133E-5	1.5590567272738554E-5
220.091858944	1.1408254E-4	9.469929864280857E-6
220.093825024	1.9222498E-4	5.5061491366359405E-6
220.09577472	3.6837886E-5	3.0646203867945587E-6
220.097724416	5.0456965E-5	1.632838348086807E-6
220.099690496	5.7151603E-5	8.328235026056063E-7
220.101640192	-7.509466E-5	4.0664465927875426E-7
220.103589888	-4.678976E-5	1.9007751461685984E-7
220.105555968	-1.7495153E-5	8.505541870817979E-8
220.107505664	9.494526E-5	0.0
220.10945536	1.46732245E-5	0.0
220.11142144	-5.44404E-5	0.0
220.113371136	5.17607E-5	0.0
220.115320832	4.2567965E-5	0.0
220.117270528	4.93608E-5	0.0
220.119236608	-1.348957E-4	0.0
220.121186304	8.5858985E-5	0.0
220.123136	4.951505E-5	0.0
220.12510208	2.2877217E-4	0.0
220.127051776	1.5227357E-4	0.0
220.129001472	6.7892724E-5	0.0
220.130967552	1.8083898E-4	0.0
220.132917248	3.1660264E-4	0.0
220.134866944	2.0368048E-4	0.0
220.136833024	1.1859515E-4	0.0
220.13878272	5.8510228E-5	0.0
220.140732416	-4.5297315E-5	0.0
220.142682112	3.8455884E-5	0.0
220.144648192	5.7339555E-5	0.0
220.146597888	1.19759825E-4	0.0
220.148547584	8.429401E-5	0.0
220.150513664	1.3787713E-4	0.0
220.15246336	-7.766246E-5	0.0
220.154413056	-2.1397526E-4	0.0
220.156379136	6.398734E-5	0.0
220.158328832	1.6799197E-4	0.0
220.160278528	3.2881104E-5	0.0
220.162244608	1.4622218E-4	0.0
220.164194304	1.5243114E-4	0.0
220.166144	1.805803E-4	0.0
220.168093696	2.1593965E-4	0.0
220.170059776	2.1016062E-4	0.0
220.172009472	1.6800157E-4	0.0
220.173959168	2.967012E-4	0.0
220.175925248	1.3960915E-4	0.0
220.177874944	7.7050245E-5	0.0
220.17982464	1.8240756E-4	0.0
220.18179072	1.887902E-4	0.0
220.183740416	7.702702E-5	0.0
220.185690112	9.935181E-5	0.0
220.187656192	2.667541E-5	0.0
220.189605888	1.2862962E-4	0.0
220.191555584	2.2315345E-4	0.0
220.19350528	1.4315126E-4	0.0
220.19547136	2.4251221E-4	0.0
220.197421056	1.7887692E-4	0.0
220.199370752	2.5202642E-4	0.0
220.201336832	2.94853E-4	0.0
220.203286528	3.5500905E-4	0.0
220.205236224	3.3871387E-4	0.0
220.207202304	2.5790394E-4	0.0
220.209152	2.4816778E-4	0.0
220.211101696	2.9298908E-4	0.0
220.213067776	2.8341968E-4	0.0
220.215017472	8.74349E-5	0.0
220.216967168	1.3723416E-4	0.0
220.218933248	1.0915526E-4	0.0
220.220882944	1.3234175E-4	0.0
220.22283264	-7.9618585E-5	0.0
220.224782336	2.0328564E-5	0.0
220.226748416	-7.241032E-5	0.0
220.228698112	5.028438E-5	0.0
220.230647808	2.9565595E-5	0.0
220.232613888	-5.8077127E-5	0.0
220.234563584	-4.9831022E-5	0.0
220.23651328	6.497501E-5	0.0
220.23847936	-2.29908E-5	0.0
220.240429056	-1.3546445E-4	0.0
220.242378752	-4.6705125E-5	0.0
220.244344832	6.124401E-5	0.0
220.246294528	-1.9173711E-4	0.0
220.248244224	-9.564464E-5	0.0
220.25019392	4.8301245E-5	0.0
220.25216	-5.1236708E-5	0.0
220.254109696	-2.9943722E-6	0.0
220.256059392	-6.775575E-5	0.0
220.258025472	1.2482579E-5	0.0
220.259975168	-6.0601855E-5	0.0
220.261924864	9.982968E-6	0.0
220.263890944	1.4754705E-4	0.0
220.26584064	1.13499416E-4	0.0
220.267790336	1.2645824E-4	0.0
220.269756416	-1.2161788E-5	0.0
220.271706112	-9.8916724E-5	0.0
220.273655808	1.0426976E-5	0.0
220.275605504	-1.457895E-4	0.0
220.277571584	1.0766963E-4	0.0
220.27952128	3.5956664E-6	0.0
220.281470976	1.12538815E-4	0.0
220.283437056	-1.555852E-4	0.0
220.285386752	6.4337226E-5	0.0
220.287336448	3.1161797E-4	0.0
220.289302528	8.757244E-5	0.0
220.291252224	7.568842E-5	0.0
220.29320192	7.601182E-5	0.0
220.295168	1.161871E-4	0.0
220.297117696	1.246751E-4	0.0
220.299067392	7.321337E-5	0.0
220.301017088	6.6363784E-5	0.0
220.302983168	2.1748443E-4	0.0
220.304932864	1.8378109E-4	0.0
220.30688256	2.1795079E-4	0.0
220.30884864	7.933187E-5	0.0
220.310798336	2.0482115E-5	0.0
220.312748032	-5.8998075E-6	0.0
220.314714112	-2.456459E-5	0.0
220.316663808	-7.883874E-6	0.0
220.318613504	-5.919681E-5	0.0
220.320579584	-2.289502E-5	0.0
220.32252928	8.475688E-5	0.0
220.324478976	-1.905375E-5	0.0
220.326428672	-1.1002493E-4	0.0
220.328394752	-6.7754554E-5	0.0
220.330344448	4.6214616E-5	0.0
220.332294144	-1.610399E-5	0.0
220.334260224	7.426239E-5	0.0
220.33620992	1.7065966E-5	0.0
220.338159616	7.1607596E-5	0.0
220.340125696	4.83839E-5	0.0
220.342075392	9.619444E-7	0.0
220.344025088	-1.77547E-5	0.0
220.345991168	7.557571E-6	0.0
220.347940864	1.6424285E-5	0.0
220.34989056	-5.2521962E-5	0.0
220.351840256	6.386394E-5	0.0
220.353806336	-3.015299E-5	0.0
220.355756032	-3.2302134E-5	0.0
220.357705728	1.7638615E-4	0.0
220.359671808	-1.3437815E-4	0.0
220.361621504	1.3293511E-6	0.0
220.3635712	2.6857218E-4	0.0
220.36553728	1.971586E-4	0.0
220.367486976	1.3647339E-4	5.0214548963367633E-8
220.369436672	2.2479513E-4	1.8731546447270375E-7
220.371402752	1.7318001E-4	4.1485014889985905E-7
220.373352448	2.0093413E-4	8.797991881692724E-7
220.375302144	2.8370164E-4	1.7866774442154565E-6
220.37725184	5.1881606E-4	3.4743413834803505E-6
220.37921792	7.468398E-4	6.469223535532365E-6
220.381167616	8.752581E-4	1.1533763426996302E-5
220.383117312	9.442981E-4	1.9688317479449324E-5
220.385083392	0.001218147	3.217671110178344E-5
220.387033088	0.0016054007	5.0343089242232963E-5
220.388982784	0.001589808	7.540192018495873E-5
220.390948864	0.0016132906	1.0810681851580739E-4
220.39289856	0.0016057935	1.4837170601822436E-4
220.394848256	0.0015918725	1.9493979925755411E-4
220.396814336	0.0014843914	2.452188928145915E-4
220.398764032	0.0015623643	2.9538446688093245E-4
220.400713728	0.0014391097	3.407963376957923E-4
220.402663424	0.0013523434	3.766823501791805E-4
220.404629504	0.0012090834	3.9894567453302443E-4
220.4065792	9.2055486E-4	4.0491725667379797E-4
220.408528896	8.498926E-4	3.938657755497843E-4
220.410494976	5.5193505E-4	3.6713978624902666E-4
220.412444672	4.8068305E-4	3.279059019405395E-4
220.414394368	3.7757895E-4	2.805504482239485E-4
220.416360448	2.8810807E-4	2.298884210176766E-4
220.418310144	3.121192E-4	1.8037563131656498E-4
220.42025984	1.5872127E-5	1.3549512368626893E-4
220.42222592	9.894552E-5	9.743426198838279E-5
220.424175616	1.3084546E-6	6.706957356072962E-5
220.426125312	-1.6191183E-4	4.4194697693455964E-5
220.428075008	-7.292654E-5	2.7878159016836435E-5
220.430041088	-1.2595655E-4	1.683584923739545E-5
220.431990784	-6.02443E-6	9.734344530443195E-6
220.43394048	-2.718018E-5	5.388962108554551E-6
220.43590656	1.0945996E-6	2.856578930732212E-6
220.437856256	4.5484343E-5	1.4499236158371787E-6
220.439805952	-7.6041084E-5	7.047116241665208E-7
220.441772032	-1.6372584E-4	3.2798016036394984E-7
220.443721728	-5.7208756E-5	1.461706915506511E-7
220.445671424	6.498455E-5	0.0
220.447637504	-2.7985832E-5	0.0
220.4495872	-3.2283246E-5	0.0
220.451536896	1.0479304E-5	0.0
220.453486592	1.4385086E-4	0.0
220.455452672	1.5225615E-5	0.0
220.457402368	-9.201521E-6	0.0
220.459352064	-1.3233158E-5	0.0
220.461318144	1.295266E-4	0.0
220.46326784	5.20777E-5	0.0
220.465217536	1.789979E-5	0.0
220.467183616	1.6069567E-5	0.0
220.469133312	-3.8821945E-5	0.0
220.471083008	-8.671736E-5	0.0
220.473049088	3.6545143E-6	0.0
220.474998784	1.548698E-4	0.0
220.47694848	-5.3365537E-5	0.0
220.478898176	-1.4213414E-4	0.0
220.480864256	-1.4581556E-6	0.0
220.482813952	8.100848E-5	0.0
220.484763648	-8.177764E-6	0.0
220.486729728	-5.22054E-5	0.0
220.488679424	-1.1127118E-4	0.0
220.49062912	-3.2728534E-5	0.0
220.4925952	8.052687E-5	0.0
220.494544896	2.5593505E-5	0.0
220.496494592	4.9102648E-5	0.0
220.498460672	-2.3251005E-6	0.0
220.500410368	1.8267838E-5	0.0
220.502360064	1.108948E-4	0.0
220.504326144	1.4942558E-4	0.0
220.50627584	1.16622316E-4	0.0
220.508225536	1.4635215E-5	0.0
220.510175232	-8.652187E-5	0.0
220.512141312	3.7229158E-5	0.0
220.514091008	-8.534121E-5	0.0
220.516040704	-4.5701858E-5	0.0
220.518006784	-1.6696253E-5	0.0
220.51995648	-1.7445647E-5	0.0
220.521906176	1.5504134E-4	0.0
220.523872256	1.7284462E-4	0.0
220.525821952	2.1090492E-4	0.0
220.527771648	5.4792272E-5	0.0
220.529737728	8.70555E-5	0.0
220.531687424	-3.4826762E-6	0.0
220.53363712	-8.561313E-5	0.0
220.535586816	1.261881E-4	0.0
220.537552896	1.3313367E-4	0.0
220.539502592	4.9789905E-5	0.0
220.541452288	1.9001936E-6	0.0
220.543418368	1.6026373E-4	0.0
220.545368064	1.8368883E-4	0.0
220.54731776	2.0692038E-4	0.0
220.54928384	2.4293037E-4	0.0
220.551233536	2.2244942E-4	0.0
220.553183232	1.8219813E-4	0.0
220.555149312	1.888239E-4	0.0
220.557099008	3.418628E-4	0.0
220.559048704	1.5795982E-4	0.0
220.5609984	1.9664946E-4	0.0
220.56296448	1.9830692E-4	0.0
220.564914176	2.2661156E-4	0.0
220.566863872	2.2475078E-4	0.0
220.568829952	2.686237E-4	0.0
220.570779648	3.31514E-4	0.0
220.572729344	3.9715413E-4	0.0
220.574695424	1.6431592E-4	0.0
220.57664512	2.2271625E-4	0.0
220.578594816	2.6628375E-4	0.0
220.580560896	3.8572768E-4	0.0
220.582510592	3.522231E-4	0.0
220.584460288	3.1293265E-4	0.0
220.586409984	4.2212976E-4	0.0
220.588376064	3.544535E-4	0.0
220.59032576	3.7156447E-4	0.0
220.592275456	3.0755793E-4	0.0
220.594241536	1.367075E-4	0.0
220.596191232	1.916812E-4	0.0
220.598140928	3.2199634E-4	0.0
220.600107008	2.1903083E-4	0.0
220.602056704	1.0939298E-4	0.0
220.6040064	1.6390975E-4	0.0
220.60597248	2.0620186E-4	0.0
220.607922176	8.306973E-5	0.0
220.609871872	-1.0793966E-5	0.0
220.611821568	9.192172E-5	0.0
220.613787648	1.7356873E-4	0.0
220.615737344	6.8369445E-5	0.0
220.61768704	9.819691E-5	0.0
220.61965312	9.624207E-5	0.0
220.621602816	-2.9379731E-5	0.0
220.623552512	6.640703E-5	0.0
220.625518592	8.802342E-6	0.0
220.627468288	9.348943E-5	0.0
220.629417984	2.1266489E-4	0.0
220.631384064	2.3104512E-4	0.0
220.63333376	7.48784E-5	0.0
220.635283456	2.2420014E-4	0.0
220.637233152	2.2254395E-4	0.0
220.639199232	2.8543448E-4	0.0
220.641148928	3.1107682E-4	0.0
220.643098624	1.6638573E-4	0.0
220.645064704	2.1775812E-4	0.0
220.6470144	1.6104785E-4	0.0
220.648964096	2.9606273E-4	0.0
220.650930176	1.8784142E-4	0.0
220.652879872	3.104129E-4	0.0
220.654829568	1.78597E-4	0.0
220.656795648	1.8721167E-4	0.0
220.658745344	1.3502344E-4	0.0
220.66069504	1.0320848E-4	7.793381939791288E-8
220.662644736	2.1413364E-4	1.7459471735037368E-7
220.664610816	1.919152E-4	3.745441006230976E-7
220.666560512	8.9783985E-5	7.693670340813696E-7
220.668510208	3.706896E-4	1.5133035731196287E-6
220.670476288	4.0260376E-4	2.850158807632397E-6
220.672425984	4.4070516E-4	5.139986114954809E-6
220.67437568	3.7399417E-4	8.875417734088842E-6
220.67634176	3.0536397E-4	1.4673819350718986E-5
220.678291456	1.9997108E-4	2.3227687051985413E-5
220.680241152	2.0772865E-4	3.520192694850266E-5
220.682207232	3.3971498E-4	5.107601100462489E-5
220.684156928	3.5480392E-4	7.094981265254319E-5
220.686106624	3.7218997E-4	9.435861284146085E-5
220.68805632	3.9215683E-4	1.2015108222840354E-4
220.6900224	5.473698E-4	1.464968954678625E-4
220.691972096	4.2246666E-4	1.710522046778351E-4
220.693921792	3.378301E-4	1.91285100299865E-4
220.695887872	4.5636325E-4	2.0489507005549967E-4
220.697837568	4.0051044E-4	2.1023921726737171E-4
220.699787264	4.4627022E-4	2.0665276679210365E-4
220.701753344	4.9065973E-4	1.9458301539998502E-4
220.70370304	6.492423E-4	1.7549908079672605E-4
220.705652736	5.3515134E-4	1.5160258044488728E-4
220.707618816	4.891058E-4	1.254147500731051E-4
220.709568512	5.782668E-4	9.934655099641532E-5
220.711518208	5.713167E-4	7.534947508247569E-5
220.713467904	6.2284374E-4	5.471490658237599E-5
220.715433984	5.1500497E-4	3.803796789725311E-5
220.71738368	5.8120396E-4	2.531720201659482E-5
220.719333376	5.2630797E-4	1.613278618606273E-5
220.721299456	5.053375E-4	9.842632607615087E-6
220.723249152	3.3752114E-4	5.7495644796290435E-6
220.725198848	3.3167936E-4	3.2158445719687734E-6
220.727164928	4.4573512E-4	1.722259526104608E-6
220.729114624	4.7555286E-4	8.831918307805608E-7
220.73106432	4.1545567E-4	4.3367964508433943E-7
220.7330304	5.5122084E-4	2.039129185504862E-7
220.734980096	4.7691038E-4	9.180856608281829E-8
220.736929792	5.321518E-4	0.0
220.738879488	5.343099E-4	0.0
220.740845568	5.589833E-4	0.0
220.742795264	5.2942487E-4	0.0
220.74474496	5.202114E-4	0.0
220.74671104	4.4330902E-4	0.0
220.748660736	4.2435597E-4	0.0
220.750610432	2.8870336E-4	0.0
220.752576512	3.5925186E-4	0.0
220.754526208	3.2402057E-4	0.0
220.756475904	3.143255E-4	0.0
220.758441984	2.962806E-4	0.0
220.76039168	3.5057415E-4	0.0
220.762341376	2.1317892E-4	0.0
220.764291072	8.32429E-5	0.0
220.766257152	1.2261391E-4	0.0
220.768206848	1.4444732E-4	0.0
220.770156544	1.4594448E-4	0.0
220.772122624	1.7576304E-4	0.0
220.77407232	3.2094253E-5	0.0
220.776022016	2.8964369E-5	0.0
220.777988096	9.310902E-6	0.0
220.779937792	-3.239707E-5	0.0
220.781887488	-4.366398E-5	0.0
220.783853568	-1.5979454E-5	0.0
220.785803264	9.289984E-5	0.0
220.78775296	1.7917139E-4	0.0
220.789702656	2.5849486E-6	0.0
220.791668736	-7.91696E-5	0.0
220.793618432	-5.412238E-5	0.0
220.795568128	9.8974975E-5	0.0
220.797534208	-1.0626428E-4	0.0
220.799483904	-1.14432296E-4	0.0
220.8014336	-3.682743E-5	0.0
220.80339968	1.8297233E-5	0.0
220.805349376	-3.391926E-5	0.0
220.807299072	-1.1964638E-5	0.0
220.809265152	-1.0552024E-4	0.0
220.811214848	-7.901278E-6	0.0
220.813164544	2.5514051E-5	0.0
220.815130624	1.2362021E-4	0.0
220.81708032	1.5472807E-4	0.0
220.819030016	9.9404606E-5	0.0
220.820979712	1.229046E-4	0.0
220.822945792	5.588355E-5	0.0
220.824895488	5.0514125E-5	0.0
220.826845184	-1.6238802E-4	0.0
220.828811264	-9.43416E-5	0.0
220.83076096	5.6891124E-5	0.0
220.832710656	-9.838138E-6	0.0
220.834676736	1.61367E-4	0.0
220.836626432	1.496143E-4	0.0
220.838576128	-7.384161E-6	0.0
220.840542208	5.562045E-5	0.0
220.842491904	3.0125262E-5	0.0
220.8444416	-2.9456332E-5	0.0
220.846391296	1.5957927E-4	0.0
220.848357376	5.1242578E-6	0.0
220.850307072	-1.3048926E-4	0.0
220.852256768	-5.923933E-5	0.0
220.854222848	1.7493776E-6	0.0
220.856172544	-3.1641506E-5	0.0
220.85812224	-3.7306887E-5	0.0
220.86008832	-7.193279E-5	0.0
220.862038016	7.8802994E-5	0.0
220.863987712	9.1401984E-5	0.0
220.865953792	1.0681246E-4	0.0
220.867903488	1.07877255E-4	0.0
220.869853184	1.4745153E-4	0.0
220.87180288	-3.3280663E-5	0.0
220.87376896	2.9838298E-5	0.0
220.875718656	-8.668718E-5	0.0
220.877668352	1.2768262E-5	0.0
220.879634432	3.5680718E-5	0.0
220.881584128	1.3223517E-4	0.0
220.883533824	2.6332238E-4	0.0
220.885499904	1.3888266E-4	0.0
220.8874496	6.8846224E-5	0.0
220.889399296	1.6667764E-4	0.0
220.891365376	1.2758031E-4	0.0
220.893315072	-1.2546948E-5	0.0
220.895264768	2.2811819E-5	0.0
220.897214464	4.7072597E-5	0.0
220.899180544	-1.15005874E-4	0.0
220.90113024	-2.572021E-4	0.0
220.903079936	-7.0123955E-5	0.0
220.905046016	7.407601E-5	0.0
220.906995712	-1.0352577E-5	0.0
220.908945408	-2.8117993E-5	0.0
220.910911488	-9.876454E-5	0.0
220.912861184	-1.3056148E-5	0.0
220.91481088	-8.4980384E-5	0.0
220.91677696	-8.351253E-5	0.0
220.918726656	-4.3001575E-5	0.0
220.920676352	1.3614818E-4	4.917270501891835E-8
220.922626048	2.0383316E-4	1.091844765710448E-7
220.924592128	7.660071E-5	2.3217201317038416E-7
220.926541824	1.46011E-4	4.7278408032980224E-7
220.92849152	1.3472792E-4	9.219804724125424E-7
220.9304576	1.2650201E-4	1.7218147831954411E-6
220.932407296	1.00299374E-4	3.0792646157351555E-6
220.934356992	1.7497857E-4	5.273525403026724E-6
220.936323072	7.1270166E-5	8.648517905385233E-6
220.938272768	1.10393456E-4	1.358199369860813E-5
220.940222464	1.3342837E-4	2.042467167484574E-5
220.942188544	3.662566E-5	2.945833512058016E-5
220.94413824	6.4231346E-5	4.0659386286279187E-5
220.946087936	5.523529E-5	5.377054549171589E-5
220.948037632	1.6882399E-4	6.816041423007846E-5
220.950003712	1.8460775E-4	8.287000673590228E-5
220.951953408	1.2950628E-4	9.673160093370825E-5
220.953903104	1.9694923E-4	1.0856902372324839E-4
220.955869184	1.5971414E-4	1.174420103779994E-4
220.95781888	2.3876067E-4	1.2286963465157896E-4
220.959768576	-2.3714263E-5	1.2496637646108866E-4
220.961734656	-5.0917584E-5	1.2443921878002584E-4
220.963684352	1.3183162E-4	1.224291045218706E-4
220.965634048	7.178123E-5	1.2022782175336033E-4
220.967600128	1.3321842E-4	1.1894094495801255E-4
220.969549824	2.725431E-4	1.1919000098714605E-4
220.97149952	5.756604E-5	1.2094125850126147E-4
220.973449216	1.6750157E-4	1.2351266923360527E-4
220.975415296	1.5576446E-4	1.257564581464976E-4
220.977364992	1.6681885E-4	1.263634185306728E-4
220.979314688	2.2132206E-4	1.2420151324477047E-4
220.981280768	1.06828644E-4	1.1862991959787905E-4
220.983230464	-4.422545E-5	1.0955167817883193E-4
220.98518016	9.119515E-6	9.753403719514608E-5
220.98714624	1.6500306E-4	8.36019025882706E-5
220.989095936	1.0537246E-4	6.903471512487158E-5
220.991045632	1.4419667E-4	5.5134274589363486E-5
220.993011712	1.3621873E-4	4.304055619286373E-5
220.994961408	2.2742164E-4	3.362725328770466E-5
220.996911104	2.2169237E-4	2.7459660486783832E-5
220.9988608	-1.8716046E-6	2.4913651941460557E-5
221.00082688	-1.1133258E-5	2.606724046927411E-5
221.002776576	7.371215E-5	3.085110438405536E-5
221.004726272	4.4079734E-5	3.899235525750555E-5
221.006692352	2.1239572E-5	4.9970254622166976E-5
221.008642048	2.220961E-4	6.296957872109488E-5
221.010591744	3.0357565E-4	7.687137258471921E-5
221.012557824	1.2321986E-4	9.031300578499213E-5
221.01450752	7.8327146E-5	1.0183193808188662E-4
221.016457216	1.3723935E-4	1.1007131251972169E-4
221.018423296	1.03698585E-4	1.1398492642911151E-4
221.020372992	1.784002E-4	1.131159660872072E-4
221.022322688	1.6571995E-4	1.0752637899713591E-4
221.024272384	1.8798024E-4	9.790541662368923E-5
221.026238464	2.4661608E-4	8.538401016267017E-5
221.02818816	-7.786667E-6	7.131769234547392E-5
221.030137856	1.3645005E-4	5.7048153394134715E-5
221.032103936	3.552449E-4	4.370067108538933E-5
221.034053632	2.5710918E-4	3.205685061402619E-5
221.036003328	1.6374857E-4	2.2518073819810525E-5
221.037969408	1.1368644E-4	1.51467520481674E-5
221.039919104	-9.387431E-5	9.756362487678416E-6
221.0418688	-3.7969756E-5	6.017896339471918E-6
221.04383488	-4.6642523E-5	3.5546497656469E-6
221.045784576	6.0250986E-5	2.0107108866795897E-6
221.047734272	5.403528E-5	1.0892094906012062E-6
221.049683968	-2.8954437E-5	5.650490493280813E-7
221.051650048	5.6487104E-5	3.5044467949774116E-7
221.053599744	1.4976994E-4	2.908237206611375E-7
221.05554944	-4.0086406E-6	4.005517553196114E-7
221.05751552	-7.0925795E-5	7.292812824744033E-7
221.059465216	3.1200532E-5	1.392209355799423E-6
221.061414912	2.4288608E-4	2.6414772946736775E-6
221.063380992	3.478722E-4	4.7995631575759035E-6
221.065330688	3.7711172E-4	8.351436008524615E-6
221.067280384	2.470471E-4	1.3915957424615044E-5
221.069246464	3.1050068E-4	2.2204607375897467E-5
221.07119616	3.2781455E-4	3.392643702682108E-5
221.073145856	2.4885306E-4	4.9634563765721396E-5
221.075095552	3.112735E-4	6.953132833587006E-5
221.077061632	3.2873423E-4	9.326751023763791E-5
221.079011328	1.4875567E-4	1.1980008275713772E-4
221.080961024	1.4784763E-4	1.4736465527676046E-4
221.082927104	9.1270085E-5	1.7361527716275305E-4
221.0848768	1.8644723E-4	1.959261717274785E-4
221.086826496	1.4940568E-4	2.1181555348448455E-4
221.088792576	1.49425E-4	2.1939288126304746E-4
221.090742272	1.4318468E-4	2.1772367472294718E-4
221.092691968	2.1851505E-4	2.0701561879832298E-4
221.094658048	1.2963009E-4	1.8857659597415477E-4
221.096607744	-2.39349E-5	1.6455689910799265E-4
221.09855744	-2.0175266E-5	1.3754217070527375E-4
221.10052352	2.445188E-4	1.10102046164684E-4
221.102473216	1.3277738E-4	8.440172678092495E-5
221.104422912	1.833812E-4	6.195463356561959E-5
221.106372608	2.499615E-4	4.354593329480849E-5
221.108338688	2.1522434E-4	2.9306935175554827E-5
221.110288384	1.897933E-4	1.888641418190673E-5
221.11223808	2.5419053E-4	1.1654603440547362E-5
221.11420416	2.53684E-4	6.886970368213952E-6
221.116153856	1.7661648E-4	3.8972289075900335E-6
221.118103552	1.09262655E-4	2.111995172526804E-6
221.120069632	8.277718E-5	1.096090841201658E-6
221.122019328	1.9682408E-4	5.447831199489883E-7
221.123969024	2.1725317E-4	2.59314845152403E-7
221.125935104	2.9546727E-4	1.1821184386917594E-7
221.1278848	2.257424E-4	5.160893579159165E-8
221.129834496	1.9084587E-4	0.0
221.131784192	3.1919804E-5	0.0
221.133750272	3.5623558E-5	0.0
221.135699968	8.169516E-5	0.0
221.137649664	2.0187185E-4	0.0
221.139615744	1.3442273E-4	0.0
221.14156544	1.1320838E-4	0.0
221.143515136	1.1245057E-4	0.0
221.145481216	1.1463377E-4	0.0
221.147430912	6.538252E-5	0.0
221.149380608	3.7061345E-5	0.0
221.151346688	-4.975116E-5	0.0
221.153296384	5.8696027E-5	0.0
221.15524608	1.1259778E-4	0.0
221.157195776	4.8341117E-5	0.0
221.159161856	-2.8047503E-5	0.0
221.161111552	5.5056942E-5	0.0
221.163061248	-6.900241E-5	0.0
221.165027328	6.595656E-5	0.0
221.166977024	1.6993511E-4	0.0
221.16892672	6.252912E-5	0.0
221.1708928	3.377855E-5	0.0
221.172842496	1.4892896E-4	0.0
221.174792192	1.0478963E-4	0.0
221.176758272	1.1725647E-5	0.0
221.178707968	1.1190063E-4	0.0
221.180657664	1.4507369E-4	0.0
221.18260736	-9.654609E-6	0.0
221.18457344	5.748129E-5	0.0
221.186523136	5.0853534E-5	0.0
221.188472832	6.9663285E-5	0.0
221.190438912	1.2346328E-4	0.0
221.192388608	1.4820613E-4	0.0
221.194338304	6.877364E-5	0.0
221.196304384	-1.295472E-4	0.0
221.19825408	-1.1023506E-4	0.0
221.200203776	3.6847823E-6	0.0
221.202169856	1.6728579E-4	0.0
221.204119552	5.6758352E-5	0.0
221.206069248	2.0419259E-4	0.0
221.208018944	2.3597304E-4	0.0
221.209985024	5.0647013E-5	0.0
221.21193472	6.428274E-5	0.0
221.213884416	8.7269045E-6	0.0
221.215850496	4.431693E-5	0.0
221.217800192	-5.578328E-5	0.0
221.219749888	8.43801E-5	0.0
221.221715968	1.509182E-4	0.0
221.223665664	9.579096E-5	0.0
221.22561536	6.0504597E-5	0.0
221.22758144	2.1050085E-4	0.0
221.229531136	1.4068984E-4	0.0
221.231480832	5.9154296E-5	0.0
221.233430528	1.4252617E-4	0.0
221.235396608	2.573767E-4	0.0
221.237346304	2.3082388E-4	0.0
221.239296	2.8771494E-4	0.0
221.24126208	2.6868103E-4	0.0
221.243211776	1.16395364E-4	0.0
221.245161472	1.4064263E-4	0.0
221.247127552	2.6190374E-4	0.0
221.249077248	3.707509E-4	0.0
221.251026944	2.2553536E-4	0.0
221.252993024	3.3320376E-4	0.0
221.25494272	2.9244897E-4	0.0
221.256892416	3.328877E-4	0.0
221.258842112	1.5306438E-4	0.0
221.260808192	1.5727698E-4	0.0
221.262757888	2.6481954E-4	0.0
221.264707584	1.8640026E-4	0.0
221.266673664	1.1105359E-4	0.0
221.26862336	1.2578617E-4	0.0
221.270573056	9.597658E-5	0.0
221.272539136	1.7058098E-4	0.0
221.274488832	2.94614E-4	0.0
221.276438528	2.878973E-4	0.0
221.278404608	2.713246E-4	0.0
221.280354304	9.127573E-5	0.0
221.282304	1.20210294E-4	0.0
221.284253696	7.108786E-5	0.0
221.286219776	-1.7438563E-7	0.0
221.288169472	3.2005253E-5	0.0
221.290119168	8.7075176E-5	0.0
221.292085248	1.5093642E-4	0.0
221.294034944	1.6596651E-4	0.0
221.29598464	9.477337E-5	0.0
221.29795072	1.1575995E-5	0.0
221.299900416	1.3870308E-5	0.0
221.301850112	1.3719453E-4	0.0
221.303816192	2.3554463E-4	0.0
221.305765888	-4.034099E-5	0.0
221.307715584	9.7819786E-5	0.0
221.30966528	1.7456134E-4	0.0
221.31163136	-1.1586289E-5	0.0
221.313581056	1.0635891E-4	0.0
221.315530752	2.1314516E-4	0.0
221.317496832	2.1489865E-5	0.0
221.319446528	5.89437E-5	0.0
221.321396224	2.9150691E-5	0.0
221.323362304	-7.726189E-6	0.0
221.325312	3.4495493E-5	0.0
221.327261696	1.2224208E-4	0.0
221.329227776	1.3774208E-4	0.0
221.331177472	8.82657E-5	0.0
221.333127168	6.091304E-5	0.0
221.335076864	8.171873E-5	0.0
221.337042944	1.3041566E-4	0.0
221.33899264	1.2702006E-4	0.0
221.340942336	1.2133021E-4	0.0
221.342908416	5.5260145E-5	0.0
221.344858112	3.2316024E-5	0.0
221.346807808	1.5621108E-4	0.0
221.348773888	2.3784448E-4	0.0
221.350723584	2.179881E-4	0.0
221.35267328	2.0419009E-4	0.0
221.35463936	2.1957618E-4	0.0
221.356589056	3.3081265E-4	0.0
221.358538752	2.4414074E-4	0.0
221.360488448	8.949388E-5	0.0
221.362454528	1.1385227E-4	0.0
221.364404224	2.2985943E-4	0.0
221.36635392	1.8603931E-4	0.0
221.36832	2.7865852E-4	0.0
221.370269696	2.0031014E-4	0.0
221.372219392	2.594926E-4	0.0
221.374185472	3.3434737E-4	0.0
221.376135168	2.9442966E-4	0.0
221.378084864	2.1070096E-4	0.0
221.380050944	2.0515488E-4	0.0
221.38200064	4.0077127E-4	0.0
221.383950336	1.9798859E-4	0.0
221.385916416	1.1239452E-4	0.0
221.387866112	2.199547E-4	0.0
221.389815808	2.4966686E-4	0.0
221.391765504	8.337724E-5	0.0
221.393731584	1.00863E-4	0.0
221.39568128	1.1630303E-5	0.0
221.397630976	-4.960768E-5	0.0
221.399597056	1.0316721E-4	0.0
221.401546752	8.9869376E-5	0.0
221.403496448	3.6784102E-5	0.0
221.405462528	1.2171985E-4	0.0
221.407412224	9.753969E-5	0.0
221.40936192	8.6341934E-5	0.0
221.411328	2.0559764E-5	0.0
221.413277696	1.7932447E-4	0.0
221.415227392	1.1931902E-4	0.0
221.417177088	1.14461705E-4	0.0
221.419143168	1.2518541E-4	0.0
221.421092864	2.0323641E-4	0.0
221.42304256	6.820332E-5	0.0
221.42500864	9.6155454E-5	0.0
221.426958336	1.7625518E-4	0.0
221.428908032	1.0735269E-4	0.0
221.430874112	-3.3393673E-5	0.0
221.432823808	-1.281779E-4	0.0
221.434773504	-9.174793E-5	0.0
221.436739584	4.7190875E-5	0.0
221.43868928	1.4683604E-4	0.0
221.440638976	1.1015748E-4	0.0
221.442588672	1.2718438E-4	0.0
221.444554752	1.1353929E-4	0.0
221.446504448	2.1355582E-4	0.0
221.448454144	8.967275E-5	0.0
221.450420224	1.3083743E-4	0.0
221.45236992	6.944751E-5	0.0
221.454319616	1.4247623E-4	0.0
221.456285696	9.859843E-5	0.0
221.458235392	-2.4809528E-5	0.0
221.460185088	1.4565105E-4	0.0
221.462151168	1.7815664E-6	0.0
221.464100864	1.3357964E-5	0.0
221.46605056	2.0627677E-4	0.0
221.468000256	8.417824E-5	0.0
221.469966336	1.0443049E-4	0.0
221.471916032	9.896124E-5	0.0
221.473865728	1.9698291E-5	0.0
221.475831808	6.513036E-5	0.0
221.477781504	1.9736832E-4	0.0
221.4797312	6.999233E-5	0.0
221.48169728	2.166926E-5	0.0
221.483646976	-2.1806303E-5	0.0
221.485596672	4.8727965E-5	0.0
221.487562752	1.7629226E-4	0.0
221.489512448	1.6777363E-4	0.0
221.491462144	9.622466E-5	0.0
221.49341184	-2.9327839E-5	0.0
221.49537792	4.7246813E-5	0.0
221.497327616	2.1834095E-4	0.0
221.499277312	2.1058694E-4	0.0
221.501243392	2.5162477E-5	0.0
221.503193088	-2.282322E-5	0.0
221.505142784	7.234119E-5	0.0
221.507108864	1.2736686E-4	0.0
221.50905856	5.0645034E-5	0.0
221.511008256	5.3890984E-5	0.0
221.512974336	1.2483045E-5	0.0
221.514924032	4.1285824E-5	0.0
221.516873728	1.4964205E-5	0.0
221.518823424	9.884189E-6	0.0
221.520789504	6.2851825E-5	0.0
221.5227392	1.3146672E-4	0.0
221.524688896	6.373821E-5	0.0
221.526654976	6.268692E-5	0.0
221.528604672	4.0971096E-5	0.0
221.530554368	2.8332583E-5	0.0
221.532520448	-9.365161E-8	0.0
221.534470144	5.6348803E-5	0.0
221.53641984	1.8558934E-5	0.0
221.53838592	2.9983876E-5	0.0
221.540335616	1.7057351E-5	0.0
221.542285312	-2.305317E-5	0.0
221.544235008	-7.236862E-5	0.0
221.546201088	-9.634799E-5	0.0
221.548150784	1.1382375E-4	0.0
221.55010048	2.11263E-5	0.0
221.55206656	3.742625E-5	0.0
221.554016256	-1.1505729E-5	0.0
221.555965952	6.42966E-5	0.0
221.557932032	-3.3143613E-5	0.0
221.559881728	8.281775E-5	0.0
221.561831424	1.7793826E-4	0.0
221.563797504	-3.3743036E-5	0.0
221.5657472	3.3209744E-5	0.0
221.567696896	1.5685399E-4	0.0
221.569646592	7.416157E-5	0.0
221.571612672	1.11629786E-4	0.0
221.573562368	7.765721E-6	0.0
221.575512064	4.3465527E-5	0.0
221.577478144	4.4339806E-5	0.0
221.57942784	-4.0961397E-5	0.0
221.581377536	-9.175986E-5	0.0
221.583343616	-4.408603E-7	0.0
221.585293312	-5.56384E-5	0.0
221.587243008	5.648476E-6	0.0
221.589209088	-6.820665E-5	0.0
221.591158784	6.1418286E-5	0.0
221.59310848	7.1188035E-5	0.0
221.595058176	-6.7995476E-5	0.0
221.597024256	4.8996884E-5	0.0
221.598973952	5.0569073E-5	0.0
221.600923648	-7.2858484E-6	0.0
221.602889728	4.3085955E-5	0.0
221.604839424	4.4120537E-5	0.0
221.60678912	3.351708E-5	0.0
221.6087552	-2.0775358E-5	0.0
221.610704896	3.597461E-5	0.0
221.612654592	1.7384478E-5	0.0
221.614620672	1.9645031E-5	0.0
221.616570368	2.4993791E-5	0.0
221.618520064	9.103947E-5	0.0
221.62046976	4.0323128E-5	0.0
221.62243584	5.6769702E-5	0.0
221.624385536	8.3312574E-5	0.0
221.626335232	3.0556E-5	0.0
221.628301312	7.335342E-5	0.0
221.630251008	6.173796E-5	0.0
221.632200704	1.4637416E-4	0.0
221.634166784	2.1150481E-4	0.0
221.63611648	1.6096077E-4	0.0
221.638066176	8.189423E-5	0.0
221.640032256	1.280246E-4	0.0
221.641981952	2.628245E-5	0.0
221.643931648	2.114091E-5	0.0
221.645881344	-8.958854E-5	0.0
221.647847424	9.480469E-5	0.0
221.64979712	2.0935829E-4	0.0
221.651746816	3.789651E-5	0.0
221.653712896	5.3935222E-5	0.0
221.655662592	-7.4291915E-5	0.0
221.657612288	2.6847007E-5	0.0
221.659578368	3.703521E-5	0.0
221.661528064	-1.4638582E-5	0.0
221.66347776	-1.0908147E-4	0.0
221.66544384	2.3535049E-5	0.0
221.667393536	1.4012859E-5	0.0
221.669343232	7.883454E-5	0.0
221.671309312	1.666084E-5	0.0
221.673259008	9.8422526E-5	0.0
221.675208704	3.147789E-5	0.0
221.6771584	4.595961E-5	0.0
221.67912448	1.8879717E-5	0.0
221.681074176	2.6727332E-5	0.0
221.683023872	4.262425E-5	0.0
221.684989952	-6.647637E-5	0.0
221.686939648	-1.9434039E-4	0.0
221.688889344	5.8674665E-5	0.0
221.690855424	1.8720469E-4	0.0
221.69280512	1.284029E-4	0.0
221.694754816	1.0576868E-4	0.0
221.696720896	8.744002E-5	0.0
221.698670592	7.136621E-5	0.0
221.700620288	4.0857707E-5	0.0
221.702569984	1.1276134E-4	0.0
221.704536064	6.4022555E-5	0.0
221.70648576	-3.1989443E-5	0.0
221.708435456	5.02356E-5	0.0
221.710401536	7.272303E-5	0.0
221.712351232	3.041729E-5	0.0
221.714300928	1.882994E-4	0.0
221.716267008	1.4110311E-4	0.0
221.718216704	6.744918E-5	0.0
221.7201664	4.10268E-5	0.0
221.72213248	6.764939E-7	0.0
221.724082176	1.3008981E-4	0.0
221.726031872	1.2330915E-4	0.0
221.727981568	1.0494039E-4	0.0
221.729947648	-5.5016422E-5	0.0
221.731897344	1.4073687E-4	0.0
221.73384704	1.298397E-4	0.0
221.73581312	1.8731534E-4	0.0
221.737762816	2.0708703E-4	0.0
221.739712512	3.979699E-5	0.0
221.741678592	3.6159185E-5	0.0
221.743628288	1.4568347E-4	0.0
221.745577984	1.8113322E-4	0.0
221.747544064	1.4936848E-4	0.0
221.74949376	8.840155E-5	0.0
221.751443456	1.2341986E-4	0.0
221.753393152	5.56896E-5	0.0
221.755359232	4.6729156E-6	0.0
221.757308928	1.3786438E-4	0.0
221.759258624	2.5466608E-4	0.0
221.761224704	2.495568E-4	0.0
221.7631744	2.8365746E-4	0.0
221.765124096	1.6476033E-4	0.0
221.767090176	2.0365766E-4	0.0
221.769039872	2.0064291E-4	0.0
221.770989568	1.7913763E-4	0.0
221.772955648	1.3318396E-4	0.0
221.774905344	1.8374389E-4	0.0
221.77685504	2.2317533E-4	0.0
221.778804736	1.7168006E-4	0.0
221.780770816	1.6743608E-4	0.0
221.782720512	1.8605706E-4	0.0
221.784670208	3.4376432E-4	0.0
221.786636288	1.9595638E-4	0.0
221.788585984	9.161223E-5	0.0
221.79053568	7.422997E-5	0.0
221.79250176	1.8857E-4	0.0
221.794451456	7.998892E-5	0.0
221.796401152	3.3167353E-6	0.0
221.798367232	3.9881856E-5	0.0
221.800316928	1.0517188E-4	0.0
221.802266624	2.3146166E-4	0.0
221.80421632	1.6022252E-4	0.0
221.8061824	-4.3423668E-5	0.0
221.808132096	7.4623335E-5	0.0
221.810081792	6.574125E-5	0.0
221.812047872	1.7853174E-4	0.0
221.813997568	1.6321923E-4	0.0
221.815947264	1.0811835E-4	0.0
221.817913344	1.3115845E-4	0.0
221.81986304	1.3644237E-4	0.0
221.821812736	8.739392E-5	0.0
221.823778816	7.71354E-5	0.0
221.825728512	9.597524E-5	0.0
221.827678208	2.2692286E-4	0.0
221.829627904	8.777658E-5	0.0
221.831593984	1.4272565E-4	0.0
221.83354368	8.983806E-5	0.0
221.835493376	1.17232565E-4	0.0
221.837459456	1.7421128E-4	0.0
221.839409152	5.1197176E-6	0.0
221.841358848	-6.3761654E-5	0.0
221.843324928	-1.072142E-4	0.0
221.845274624	5.552016E-5	0.0
221.84722432	1.0277029E-4	0.0
221.8491904	3.9648967E-5	0.0
221.851140096	6.821898E-5	0.0
221.853089792	1.221876E-4	0.0
221.855039488	2.6101192E-5	0.0
221.857005568	3.9899318E-5	0.0
221.858955264	-5.6220622E-5	0.0
221.86090496	-3.3439163E-5	0.0
221.86287104	-2.1245356E-5	0.0
221.864820736	9.804418E-5	0.0
221.866770432	9.193614E-6	0.0
