220.033335296	2.5971649E-5	4.460409400053322E-6
220.0313856	-1.2168455E-5	2.4433784346911125E-6
220.029435904	-2.8348961E-4	1.2911596058984287E-6
220.027469824	-8.061915E-5	6.581814773198857E-7
220.025520128	-7.565148E-5	3.2366128266403393E-7
220.023570432	1.1079092E-4	1.5353877813595318E-7
220.021604352	5.9136277E-5	0.0
220.019654656	-1.496298E-4	1.2886096101283329E-7
220.01770496	1.21323945E-4	1.9726324751445645E-7
220.01573888	1.2693924E-4	2.985116225318052E-7
220.013789184	-4.9750365E-6	4.4654552766587585E-7
220.011839488	-1.7537459E-4	6.603259521398286E-7
220.009889792	2.360148E-4	9.652483186073368E-7
220.007923712	-2.2491804E-4	1.3947844763606554E-6
220.005974016	-1.5135264E-4	1.992320221688715E-6
220.00402432	3.8411905E-5	2.8131539693276864E-6
220.00205824	3.6272997E-4	3.926526460418245E-6
220.000108544	3.8210288E-4	5.417520696937572E-6
219.998158848	1.7392598E-4	7.388657650153618E-6
219.996192768	-1.5935968E-4	9.96092421701178E-6
219.994243072	-3.1711967E-4	1.3273861441120971E-5
219.992293376	-1.0139917E-4	1.7484488125774078E-5
219.99034368	-1.48297095E-5	2.276456871186383E-5
219.9883776	1.4184936E-4	2.929612855950836E-5
219.986427904	2.9611666E-4	3.726477734744549E-5
219.984478208	2.3275471E-4	4.6850811486365274E-5
219.982512128	8.674277E-5	5.821833838126622E-5
219.980562432	3.190612E-4	7.15025162207894E-5
219.978612736	2.7204907E-4	8.679564780322835E-5
219.976646656	7.929464E-5	1.0413273412268609E-4
219.97469696	-8.6101045E-6	1.2347818119451404E-4
219.972747264	-5.9519458E-5	1.4471408212557435E-4
219.970797568	-2.4324776E-5	1.6763171879574656E-4
219.968831488	8.2769984E-5	1.919275091495365E-4
219.966881792	3.8439603E-4	2.1720441873185337E-4
219.964932096	2.2823326E-4	2.4297878553625196E-4
219.962966016	2.973538E-4	2.68693984253332E-4
219.96101632	2.92705E-4	2.9373823781497777E-4
219.959066624	4.178992E-4	3.1746900640428066E-4
219.957100544	1.0575677E-4	3.3923942828550935E-4
219.955150848	1.6521229E-4	3.584267105907202E-4
219.953201152	5.376068E-4	3.744610585272312E-4
219.951251456	3.5123512E-4	3.868523344863206E-4
219.949285376	5.6554226E-4	3.9521383587270975E-4
219.94733568	2.950872E-4	3.9928077603690326E-4
219.945385984	4.1505354E-4	3.9892311906442046E-4
219.943419904	2.8992104E-4	3.9415256469510496E-4
219.941470208	6.7981274E-4	3.8512106402777135E-4
219.939520512	4.8801894E-4	3.721141838468611E-4
219.937554432	5.4060307E-4	3.555368457455188E-4
219.935604736	1.9979567E-4	3.3589356462471187E-4
219.93365504	4.4436925E-4	3.137645253445953E-4
219.931705344	2.4448332E-4	2.897783706430346E-4
219.929739264	-8.584096E-5	2.6458330103196204E-4
219.927789568	-2.4423263E-5	2.3881856759544462E-4
219.925839872	3.652457E-4	2.1308832219801843E-4
219.923873792	9.06534E-5	1.879388582892716E-4
219.921924096	1.3586899E-4	1.638404792174697E-4
219.9199744	1.4503507E-4	1.411755511071533E-4
219.91800832	4.2106112E-5	1.2023229646729305E-4
219.916058624	2.1180042E-4	1.0120445949723944E-4
219.914108928	5.030575E-4	8.419600635534152E-5
219.912159232	1.3816924E-4	6.923034379724413E-5
219.910193152	-4.799271E-5	5.626208076137118E-5
219.908243456	-1.04712235E-4	4.519138019531965E-5
219.90629376	-2.6093484E-4	3.587735409382731E-5
219.90432768	4.2173982E-5	2.815248262777459E-5
219.902377984	1.6425198E-4	2.1834919607499614E-5
219.900428288	2.3885976E-4	1.6739089915063232E-5
219.898462208	-1.3305484E-5	1.2684249668382108E-5
219.896512512	1.3388295E-4	9.500709893472958E-6
219.894562816	4.088806E-5	7.034151167317759E-6
219.892596736	2.2543766E-4	5.147985120856902E-6
219.89064704	5.8080623E-5	3.7242296002659714E-6
219.888697344	1.01793645E-4	2.66325764641806E-6
219.886747648	2.888633E-4	1.8826560790330404E-6
219.884781568	-8.539102E-5	1.3155628266758868E-6
219.882831872	-8.811387E-6	9.087350463232724E-7
219.880882176	-5.5051787E-5	6.205086720001418E-7
219.878916096	-5.5127923E-5	4.1884027268679347E-7
219.8769664	-2.9268003E-5	2.794714077936078E-7
219.875016704	1.5745612E-4	1.843383472532878E-7
219.873050624	2.2755002E-4	1.2019444284305791E-7
219.871100928	2.5692975E-4	0.0
219.869151232	9.665688E-7	0.0
219.867201536	1.6082866E-5	0.0
219.865235456	8.982429E-5	0.0
219.86328576	-1.6446566E-4	0.0
219.861336064	2.6786207E-5	0.0
219.859369984	7.4442796E-5	0.0
219.857420288	3.2742633E-4	0.0
219.855470592	3.1507047E-4	0.0
219.853504512	1.9084822E-4	0.0
219.851554816	-6.17856E-5	0.0
219.84960512	4.289877E-6	0.0
219.847655424	-1.9377892E-4	0.0
219.845689344	-1.584229E-5	0.0
219.843739648	3.622446E-5	0.0
219.841789952	1.6945598E-4	0.0
219.839823872	2.0897723E-4	0.0
219.837874176	-4.220431E-5	0.0
219.83592448	5.0825503E-5	0.0
219.8339584	1.5102743E-4	1.0222905189039011E-7
219.832008704	-4.6707835E-5	2.2592389825604187E-7
219.830059008	-2.7600306E-4	4.79523066587717E-7
219.828109312	-1.6071592E-4	9.77479317043617E-7
219.826143232	-4.9627066E-5	1.913565483846469E-6
219.824193536	-1.383012E-4	3.5974437651020708E-6
219.82224384	-1.9197867E-4	6.494204171758611E-6
219.82027776	-2.3082857E-5	1.1256221114308573E-5
219.818328064	8.04454E-5	1.8729682778939605E-5
219.816378368	-1.16662966E-4	2.991343535541091E-5
219.814412288	3.276122E-5	4.584817725117318E-5
219.812462592	1.2232651E-4	6.742600817233324E-5
219.810512896	3.538429E-5	9.513467375654727E-5
219.8085632	2.2641821E-5	1.2878318375442177E-4
219.80659712	1.7846722E-4	1.6728523769415915E-4
219.804647424	1.5545342E-4	2.0858278730884194E-4
219.802697728	2.8369212E-4	2.497689856681973E-4
219.800731648	3.041804E-4	2.8741208370774984E-4
219.798781952	4.1299904E-4	3.180261410307139E-4
219.796832256	6.613505E-5	3.3858511596918106E-4
219.794866176	2.2116522E-4	3.469791845418513E-4
219.79291648	5.443237E-4	3.423315938562155E-4
219.790966784	4.7840094E-4	3.251287853345275E-4
219.789017088	2.3655113E-4	2.9714839183725417E-4
219.787051008	2.2880975E-4	2.611931413412094E-4
219.785101312	2.4160612E-4	2.2066816745791584E-4
219.783151616	6.0052582E-5	1.7907297296915203E-4
219.781185536	-6.950289E-5	1.3950785796623677E-4
219.77923584	1.5512896E-5	1.0429877147544175E-4
219.777286144	-1.1186782E-4	7.519924838561565E-5
219.775320064	-1.01706275E-4	5.2284834964666516E-5
219.773370368	3.664833E-5	3.5615932574728504E-5
219.771420672	1.7425985E-4	2.4673541702213697E-5
219.769454592	1.7336893E-4	1.897150832519401E-5
219.767504896	3.131176E-4	1.822563717723824E-5
219.7655552	1.525477E-4	2.2674812498735264E-5
219.763605504	1.0567365E-4	3.3151092793559656E-5
219.761639424	1.2494632E-4	5.111361315357499E-5
219.759689728	9.433096E-5	7.855111471144482E-5
219.757740032	3.2737278E-4	1.177458034362644E-4
219.755773952	1.2870642E-4	1.708867639536038E-4
219.753824256	2.9530804E-4	2.3949459136929363E-4
219.75187456	4.102081E-4	3.2408908009529114E-4
219.74990848	6.378087E-4	4.231811035424471E-4
219.747958784	6.6328037E-4	5.332736764103174E-4
219.746009088	5.4614793E-4	6.486788624897599E-4
219.744059392	8.0336735E-4	7.620888063684106E-4
219.742093312	5.8564974E-4	8.646842907182872E-4
219.740143616	7.7987264E-4	9.480085573159158E-4
219.73819392	9.6492993E-4	0.0010047132382169366
219.73622784	7.500519E-4	0.001029794686473906
219.734278144	7.7602745E-4	0.0010214599315077066
219.732328448	0.0011330311	9.815695229917765E-4
219.730362368	8.859922E-4	9.15571756195277E-4
219.728412672	7.730344E-4	8.319245534949005E-4
219.726462976	7.0152816E-4	7.410672260448337E-4
219.72451328	7.314397E-4	6.541082402691245E-4
219.7225472	2.5143413E-4	5.813923780806363E-4
219.720597504	3.909367E-4	5.311876884661615E-4
219.718647808	5.715013E-4	5.086439778096974E-4
219.716681728	7.365473E-4	5.151887889951468E-4
219.714732032	6.087561E-4	5.484099383465946E-4
219.712782336	9.5844374E-4	6.024473696015775E-4
219.710816256	8.121439E-4	6.691446178592741E-4
219.70886656	7.5310457E-4	7.382415933534503E-4
219.706916864	8.420291E-4	7.999293738976121E-4
219.704967168	9.035381E-4	8.454827475361526E-4
219.703001088	7.8113086E-4	8.685653447173536E-4
219.701051392	5.331483E-4	8.660492021590471E-4
219.699101696	5.6279835E-4	8.384166285395622E-4
219.697135616	6.8162323E-4	7.896889001131058E-4
219.69518592	7.3473935E-4	7.268838817253709E-4
219.693236224	6.997051E-4	6.589286495000124E-4
219.691270144	5.9885194E-4	5.959829431958497E-4
219.689320448	6.2492106E-4	5.469874013215303E-4
219.687370752	6.531571E-4	5.192124517634511E-4
219.685421056	6.784842E-4	5.167937488295138E-4
219.683454976	4.5744827E-4	5.402001552283764E-4
219.68150528	5.9695647E-4	5.861264653503895E-4
219.679555584	6.4527954E-4	6.479753064922988E-4
219.677589504	4.2060934E-4	7.16825423296541E-4
219.675639808	3.698185E-4	7.827113731764257E-4
219.673690112	7.6768E-4	8.360117790289223E-4
219.671724032	7.1831385E-4	8.687308873049915E-4
219.669774336	9.4732165E-4	8.754903683438897E-4
219.66782464	7.2422985E-4	8.541085990145802E-4
219.665874944	7.143024E-4	8.05707008112222E-4
219.663908864	7.7815575E-4	7.343509932979941E-4
219.661959168	5.466732E-4	6.462935707531869E-4
219.660009472	5.085961E-4	5.48957206774503E-4
219.658043392	4.4540325E-4	4.497478948906064E-4
219.656093696	4.0473192E-4	3.554524155333638E-4
219.654144	2.2004239E-4	2.7085922192782164E-4
219.65217792	4.7325445E-4	1.989788142964244E-4
219.650228224	4.0088347E-4	1.4091432967688888E-4
219.648278528	7.6214505E-6	9.620536729926243E-5
219.646328832	2.0623949E-4	6.332386692520231E-5
219.644362752	1.16648356E-4	4.0188009734265506E-5
219.642413056	2.733762E-4	2.4593769921921194E-5
219.64046336	1.7022385E-4	1.45140302265645E-5
219.63849728	-1.0845534E-4	8.260642971436027E-6
219.636547584	-1.6339603E-4	4.534460458671674E-6
219.634597888	5.7581434E-5	2.4007028969208477E-6
219.632631808	1.3187966E-5	1.2259253026059014E-6
219.630682112	1.8019413E-4	6.038218316462007E-7
219.628732416	3.980015E-4	2.8686432074209733E-7
219.626766336	2.9189893E-4	0.0
219.62481664	3.532484E-4	0.0
219.622866944	2.8941987E-4	0.0
219.620917248	9.78843E-5	0.0
219.618951168	3.4011327E-4	0.0
219.617001472	2.7959896E-4	0.0
219.615051776	6.322886E-5	0.0
219.613085696	3.6043357E-4	0.0
219.611136	2.9264456E-5	0.0
219.609186304	3.1794756E-4	0.0
219.607220224	4.2222845E-4	0.0
219.605270528	2.126598E-4	0.0
219.603320832	1.0386082E-5	0.0
219.601371136	-9.496629E-5	0.0
219.599405056	-2.4312633E-4	0.0
219.59745536	-3.7300333E-4	0.0
219.595505664	-1.656482E-4	0.0
219.593539584	-1.7634375E-4	0.0
219.591589888	9.42029E-5	0.0
219.589640192	4.4739194E-5	3.2397585414400965E-7
219.587674112	-8.6875894E-5	8.50795686346828E-7
219.585724416	8.848388E-5	2.1055641354905674E-6
219.58377472	-3.0921915E-4	4.910360075882636E-6
219.581825024	-3.9454113E-5	1.0789944099087734E-5
219.579858944	3.6869635E-5	2.233634950243868E-5
219.577909248	9.968036E-5	4.354855991550721E-5
219.575959552	2.4302883E-4	7.993623876245692E-5
219.573993472	2.4991875E-4	1.380783796776086E-4
219.572043776	2.3957374E-4	2.2434719721786678E-4
219.57009408	4.5039327E-4	3.427918709348887E-4
219.568128	7.5606385E-4	4.924579989165068E-4
219.566178304	5.7454745E-4	6.655294564552605E-4
219.564228608	6.7886047E-4	8.469544118270278E-4
219.562278912	8.390342E-4	0.001016472582705319
219.560312832	0.0010854419	0.0011524730361998081
219.558363136	0.0012919399	0.00123645702842623
219.55641344	0.0012853149	0.0012567794183269143
219.55444736	0.0012579415	0.0012110606767237186
219.552497664	0.0012569436	0.0011061811819672585
219.550547968	9.882E-4	9.576395386829972E-4
219.548581888	6.7682506E-4	7.862474303692579E-4
219.546632192	6.9906947E-4	6.140046752989292E-4
219.544682496	4.6906862E-4	4.5970038627274334E-4
219.5427328	2.4295817E-4	3.357407113071531E-4
219.54076672	2.7634212E-4	2.471316256560385E-4
219.538817024	1.5966906E-4	1.9264819275122136E-4
219.536867328	-1.7844458E-4	1.6725801106076688E-4
219.534901248	1.9706293E-5	1.645003358135E-4
219.532951552	-2.4752486E-5	1.783639454515651E-4
219.531001856	2.3044619E-5	2.0414630125742406E-4
219.529035776	1.9887762E-4	2.3811098071746528E-4
219.52708608	2.0882845E-4	2.775841858237982E-4
219.525136384	2.8875293E-4	3.201856161467731E-4
219.523186688	4.2924084E-4	3.6331420415081084E-4
219.521220608	4.359352E-4	4.050216230098158E-4
219.519270912	5.124778E-4	4.4228488695807755E-4
219.517321216	4.6509024E-4	4.729295033030212E-4
219.515355136	5.8050675E-4	4.95454587507993E-4
219.51340544	5.4341706E-4	5.094478256069124E-4
219.511455744	5.3805683E-4	5.157964187674224E-4
219.509489664	3.0580544E-4	5.166298360563815E-4
219.507539968	2.8635943E-4	5.149599746800959E-4
219.505590272	2.2167232E-4	5.140737630426884E-4
219.503624192	5.1970256E-4	5.168027128092945E-4
219.501674496	5.538479E-4	5.248418892733753E-4
219.4997248	2.7760267E-4	5.382933304645121E-4
219.497775104	5.1027664E-4	5.555596435442567E-4
219.495809024	3.4072608E-4	5.736176390200853E-4
219.493859328	2.2039606E-4	5.88598835747689E-4
219.491909632	3.9499262E-4	5.965399323031306E-4
219.489943552	4.4971923E-4	5.941171548329294E-4
219.487993856	2.8856026E-4	5.79224550165236E-4
219.48604416	4.1209775E-4	5.512773641385138E-4
219.48407808	3.0135593E-4	5.112869548611343E-4
219.482128384	1.2358718E-4	4.615294747054577E-4
219.480178688	4.4215922E-4	4.051944997627288E-4
219.478228992	1.2471313E-5	3.4584981040097773E-4
219.476262912	-7.861809E-5	2.869420568458736E-4
219.474313216	1.3120272E-4	2.3149744083639234E-4
219.47236352	5.6134857E-5	1.816009171307087E-4
219.47039744	2.5759553E-4	1.3859359023626894E-4
219.468447744	-2.0810081E-5	1.0322481102775782E-4
219.466498048	-7.898119E-5	7.537142664659768E-5
219.464531968	-1.632596E-4	5.4657142754876986E-5
219.462582272	-1.6059229E-4	4.0554135921411216E-5
219.460632576	-1.3087053E-4	3.259179356973618E-5
219.45868288	-1.2163588E-4	3.0510578653775156E-5
219.4567168	-5.4504868E-5	3.4342778235441074E-5
219.454767104	-2.3692175E-5	4.4406962842913345E-5
219.452817408	-7.933579E-5	6.119532190496102E-5
219.450851328	1.7777723E-4	8.524712029611692E-5
219.448901632	6.7166024E-5	1.1687857477227226E-4
219.446951936	2.0337264E-5	1.5562132466584444E-4
219.444985856	-4.295903E-5	2.006667637033388E-4
219.44303616	1.6328596E-4	2.499046386219561E-4
219.441086464	2.035007E-4	3.0051564681343734E-4
219.439136768	1.707036E-4	3.4906138898804784E-4
219.437170688	5.891266E-4	3.919554583262652E-4
219.435220992	3.4085996E-4	4.259890702087432E-4
219.433271296	3.4565208E-4	4.489457933232188E-4
219.431305216	3.5172337E-4	4.6008219942450523E-4
219.42935552	6.506223E-4	4.603583656717092E-4
219.427405824	7.264762E-4	4.5236997539177537E-4
219.425439744	3.7714848E-4	4.399530007503927E-4
219.423490048	4.7469194E-4	4.2751390719786286E-4
219.421540352	3.9667854E-4	4.1920202784240246E-4
219.419590656	3.0225303E-4	4.1810510447248816E-4
219.417624576	3.5797185E-4	4.256352549418807E-4
219.41567488	5.834274E-4	4.412502748891711E-4
219.413725184	2.7853422E-4	4.6257820213213563E-4
219.411759104	2.3579362E-4	4.8589016660116613E-4
219.409809408	6.430653E-4	5.068161408416927E-4
219.407859712	5.9400324E-4	5.211267853155732E-4
219.405893632	5.8474566E-4	5.254308343864977E-4
219.403943936	7.0716476E-4	5.176590639166534E-4
219.40199424	7.3641713E-4	4.972803290002048E-4
219.400044544	4.8739914E-4	4.652441421058029E-4
219.398078464	3.760842E-4	4.2369693983346224E-4
219.396128768	3.2238275E-4	3.755581274162978E-4
219.394179072	2.3846884E-4	3.2404379453510046E-4
219.392212992	2.765023E-4	2.7223301003687084E-4
219.390263296	3.6029666E-4	2.2273841022979468E-4
219.3883136	1.2799187E-4	1.774670963641256E-4
219.38634752	2.0589979E-4	1.3779292930848897E-4
219.384397824	1.4530992E-4	1.0419873433420435E-4
219.382448128	1.2270335E-4	7.67180317780003E-5
219.380482048	1.8516087E-4	5.4970169003354385E-5
219.378532352	1.3581986E-4	3.830782588920556E-5
219.376582656	1.11870206E-4	2.59463231486734E-5
219.37463296	1.5929548E-4	1.7067241060431115E-5
219.37266688	4.7476584E-5	1.0894642400671728E-5
219.370717184	1.184202E-4	6.743755420757225E-6
219.368767488	1.4414566E-4	4.044997695018537E-6
219.366801408	7.010749E-5	2.349507212784374E-6
219.364851712	5.9743383E-5	1.3207346682975185E-6
219.362902016	2.4983284E-4	6.692341116831813E-7
219.360935936	1.7434728E-4	3.56207408458431E-7
219.35898624	2.2449969E-5	1.828421147820336E-7
219.357036544	2.1775495E-4	9.050980054325919E-8
219.355086848	2.2336046E-4	4.320842705851646E-8
219.353120768	-4.3950306E-5	0.0
219.351171072	1.8842607E-5	0.0
219.349221376	1.2260044E-4	0.0
219.347255296	-5.271079E-5	0.0
219.3453056	2.641135E-5	0.0
219.343355904	-1.5233786E-4	0.0
219.341389824	-2.477855E-4	0.0
219.339440128	-3.7728265E-4	0.0
219.337490432	-4.300839E-5	0.0
219.335540736	2.2150549E-5	0.0
219.333574656	-5.128226E-5	0.0
219.33162496	-5.0715083E-5	0.0
219.329675264	-2.01116E-4	0.0
219.327709184	-6.931592E-5	0.0
219.325759488	1.1178405E-5	0.0
219.323809792	1.2403188E-4	0.0
219.321843712	1.2516158E-4	0.0
219.319894016	-1.10836496E-4	0.0
219.31794432	9.120497E-5	0.0
219.315994624	3.630735E-5	0.0
219.314028544	1.5597647E-5	4.989491486639963E-8
219.312078848	4.1008665E-5	1.0600087563261695E-7
219.310129152	6.3565996E-5	2.1716743958677398E-7
219.308163072	9.36093E-5	4.290515960292396E-7
219.306213376	1.4940379E-4	8.174321806109219E-7
219.30426368	2.9921994E-4	1.5018185877124779E-6
219.3022976	1.5217354E-4	2.6607297058944823E-6
219.300347904	1.8700873E-4	4.545619049167726E-6
219.298398208	-5.5448065E-5	7.488281880796421E-6
219.296448512	-2.2433026E-4	1.1894797353306785E-5
219.294482432	-7.0154636E-7	1.821800287871156E-5
219.292532736	6.733366E-5	2.690286419237964E-5
219.29058304	2.7197154E-4	3.830346395261586E-5
219.28861696	-1.0131081E-4	5.2579162002075464E-5
219.286667264	-1.270996E-4	6.958722951821983E-5
219.284717568	1.0645794E-4	8.879796951077878E-5
219.282751488	1.4497139E-4	1.092611564672552E-4
219.280801792	3.080859E-4	1.2964705820195377E-4
219.278852096	9.40703E-5	1.48370600072667E-4
219.2769024	2.17983E-4	1.6378640430048108E-4
219.27493632	1.6846621E-4	1.7442296666558832E-4
219.272986624	9.33909E-5	1.79210226633586E-4
219.271036928	2.9064118E-4	1.776529534254223E-4
219.269070848	2.4785716E-4	1.69913109857589E-4
219.267121152	-1.1650022E-4	1.5678284398745745E-4
219.265171456	-2.3310333E-5	1.395540457451716E-4
219.263205376	1.6406327E-4	1.1981293209828436E-4
219.26125568	2.8074459E-5	9.920328739099205E-5
219.259305984	1.318168E-4	7.920622010715306E-5
219.257356288	3.2580196E-5	6.0976784880040213E-5
219.255390208	-1.2794734E-4	4.526026896201074E-5
219.253440512	8.852776E-6	3.238980207243003E-5
219.251490816	6.9584653E-6	2.242513255623635E-5
219.249524736	2.122947E-5	1.5030494978418574E-5
219.24757504	5.5907498E-5	9.870960639091209E-6
219.245625344	8.50693E-5	6.617714916501427E-6
219.243659264	2.9446473E-4	4.9733775995264295E-6
219.241709568	2.1688707E-4	4.740397343994118E-6
219.239759872	1.9498818E-4	6.021789431542857E-6
219.237793792	1.5264409E-4	9.136406333709601E-6
219.235844096	5.739936E-5	1.4680785170639865E-5
219.2338944	-1.1214547E-4	2.3537759261671454E-5
219.231944704	1.0090528E-4	3.685193587443791E-5
219.229978624	-6.6456065E-5	5.592014713329263E-5
219.228028928	7.069865E-5	8.22056463221088E-5
219.226079232	2.5904932E-4	1.1685277422657236E-4
219.224113152	4.9882766E-4	1.6063227667473257E-4
219.222163456	2.5556594E-4	2.1357186778914183E-4
219.22021376	2.8148943E-4	2.7468983898870647E-4
219.21824768	4.5902337E-4	3.418323758523911E-4
219.216297984	3.7693963E-4	4.1167138260789216E-4
219.214348288	5.089076E-4	4.799100279342383E-4
219.212398592	4.4952435E-4	5.416821804828942E-4
219.210432512	3.095645E-4	5.924966535530984E-4
219.208482816	-6.779088E-5	6.27731264103204E-4
219.20653312	5.5868033E-5	6.446637562476099E-4
219.20456704	3.1508374E-4	6.422383012250066E-4
219.202617344	1.5088762E-4	6.213343585841358E-4
219.200667648	3.230519E-4	5.851296591572464E-4
219.198701568	5.181226E-4	5.388057907111943E-4
219.196751872	5.4532185E-4	4.892341676168144E-4
219.194802176	2.4977032E-4	4.444606020115316E-4
219.19285248	3.1279432E-4	4.130485176574439E-4
219.1908864	5.283725E-4	4.033173609059304E-4
219.188936704	3.6114696E-4	4.224917502142489E-4
219.186987008	4.8877497E-4	4.7578560770489275E-4
219.185020928	3.9008175E-4	5.654943524859846E-4
219.183071232	7.799595E-4	6.902339519001544E-4
219.181121536	0.0010692071	8.444967679679394E-4
219.179155456	5.923576E-4	0.0010187342995777726
219.17720576	5.1301473E-4	0.001200072350911796
219.175256064	6.1329675E-4	0.0013736881082877517
219.173306368	0.0012381173	0.001524345832876861
219.171340288	0.0013757598	0.0016383671900257468
219.169390592	0.0013603108	0.0017052602488547564
219.167440896	0.0013046506	0.0017188244964927435
219.165474816	0.0010888249	0.0016780529404059052
219.16352512	8.254539E-4	0.001586860977113247
219.161575424	6.6040934E-4	0.001453851000405848
219.159609344	8.98935E-4	0.001291315769776702
219.157659648	4.7078016E-4	0.0011135950917378068
219.155709952	4.490722E-4	9.353278437629342E-4
219.153760256	2.824211E-4	7.697963737882674E-4
219.151794176	2.6119172E-4	6.274132756516337E-4
219.14984448	3.5401023E-4	5.148047348484397E-4
219.147894784	4.4579743E-4	4.345514462329447E-4
219.145928704	4.490254E-4	3.855106479022652E-4
219.143979008	1.4735755E-4	3.635731991380453E-4
219.142029312	3.336904E-4	3.62630991730839E-4
219.140063232	5.6459906E-4	3.7558545591309667E-4
219.138113536	6.065412E-4	3.952540864702314E-4
219.13616384	3.8934857E-4	4.1512117604725063E-4
219.134214144	4.0862695E-4	4.2988883797079325E-4
219.132248064	4.4474387E-4	4.35824622400105E-4
219.130298368	3.6088386E-4	4.308974021114409E-4
219.128348672	3.012409E-4	4.147126746829599E-4
219.126382592	5.249897E-4	3.882721939589828E-4
219.124432896	8.563287E-5	3.5346264485269785E-4
219.1224832	3.5617393E-4	3.13377968268469E-4
219.12051712	-9.2157075E-5	2.70425429334864E-4
219.118567424	1.8507821E-4	2.274638827657327E-4
219.116617728	2.1726379E-4	1.866723468992859E-4
219.114651648	1.9082343E-4	1.4979571278672665E-4
219.112701952	2.5484906E-4	1.1803539382526651E-4
219.110752256	-6.4809254E-5	9.212667646352202E-5
219.10880256	1.8996215E-7	7.246425229823217E-5
219.10683648	1.8347943E-6	5.923451317357831E-5
219.104886784	1.2648173E-4	5.252629489405081E-5
219.102937088	4.5877154E-5	5.239004531176761E-5
219.100971008	-3.281099E-5	5.883282210561447E-5
219.099021312	2.8871812E-4	7.174416532507166E-5
219.097071616	1.4354914E-4	9.076992864720523E-5
219.095105536	-5.4403486E-6	1.1516400991240516E-4
219.09315584	7.6657016E-5	1.4366680989041924E-4
219.091206144	-7.487103E-5	1.7440914234612137E-4
219.089256448	2.2231051E-4	2.05192671273835E-4
219.087290368	2.6406776E-4	2.3330455587711185E-4
219.085340672	2.1482978E-4	2.5612031458877027E-4
219.083390976	2.0942822E-4	2.713601861614734E-4
219.081424896	4.0666512E-4	2.774290041998029E-4
219.0794752	4.795935E-4	2.736361639108509E-4
219.077525504	2.995991E-4	2.604352484922856E-4
219.075559424	5.85711E-4	2.39117318415083E-4
219.073609728	3.8154246E-4	2.1177266899030656E-4
219.071660032	3.0892642E-4	1.8089769582729787E-4
219.069710336	6.0559687E-5	1.4902443217579275E-4
219.067744256	1.900878E-4	1.1838669161079451E-4
219.06579456	5.2011193E-5	9.068618237506598E-5
219.063844864	4.2079817E-4	6.698139623040333E-5
219.061878784	3.9380495E-4	4.770204031956382E-5
219.059929088	3.7214457E-5	3.2812386052682996E-5
219.057979392	-2.7301516E-5	2.18080822378397E-5
219.056013312	3.9529026E-5	1.4092481251282152E-5
219.054063616	5.8095407E-5	9.010223038785625E-6
219.05211392	-9.953781E-5	5.985516509099398E-6
219.050164224	-3.396548E-5	4.594952315528644E-6
219.048198144	-1.360374E-5	4.604602054314455E-6
219.046248448	-3.3544188E-6	5.980573860142613E-6
219.044298752	8.065996E-5	8.878333574102726E-6
219.042332672	2.222587E-4	1.361210070172092E-5
219.040382976	-4.4106535E-5	2.0601666619768366E-5
219.03843328	-5.1381794E-5	3.0245661037042737E-5
219.0364672	4.9254013E-5	4.303149034967646E-5
219.034517504	1.9235393E-5	5.9032434364780784E-5
219.032567808	2.3283108E-4	7.808678492438048E-5
219.030618112	1.564284E-4	9.959935414372012E-5
219.028652032	2.7762642E-4	1.2250305735506117E-4
219.026702336	-3.9261562E-5	1.453027070965618E-4
219.02475264	-2.0948044E-4	1.662138820393011E-4
219.02278656	-5.3603E-5	1.833836577134207E-4
219.020836864	1.842427E-4	1.9515604071784765E-4
219.018887168	3.0667716E-4	2.0033294276800007E-4
219.016921088	2.5413543E-4	1.984348928090185E-4
219.014971392	4.3762237E-5	1.8962027388624847E-4
219.013021696	6.358765E-5	1.7487641889601946E-4
219.011072	-2.4740611E-5	1.5575562429148704E-4
219.00910592	-4.098895E-6	1.3418312300927937E-4
219.007156224	1.6624827E-4	1.122120302170515E-4
219.005206528	1.11188E-5	9.180561755783856E-5
219.003240448	-1.1891386E-4	7.468289550160989E-5
219.001290752	6.6382067E-6	6.224257231224328E-5
218.999341056	-1.5300643E-4	5.554401650442742E-5
218.997374976	1.7221607E-4	5.531199713004753E-5
218.99542528	2.747307E-4	6.192287401063368E-5
218.993475584	6.0698687E-5	7.534657925134525E-5
218.991525888	6.208624E-5	9.50503526837565E-5
218.989559808	2.1554864E-4	1.1989780614385381E-4
218.987610112	1.6650939E-4	1.4810659922659397E-4
218.985660416	9.917045E-6	1.773146796040237E-4
218.983694336	1.01862446E-4	2.047847374342382E-4
218.98174464	3.322124E-4	2.2772600641474128E-4
218.979794944	2.9523575E-4	2.436728245811537E-4
218.977828864	2.2961988E-4	2.508447505533695E-4
218.975879168	-1.9786498E-4	2.4837508681230247E-4
218.973929472	2.1647193E-4	2.3659865837544203E-4
218.971963392	3.2578837E-4	2.1670742717105895E-4
218.970013696	3.0328226E-4	1.9077632168773562E-4
218.968064	2.5626361E-5	1.613470958545804E-4
218.966114304	-6.6312525E-5	1.310335792368278E-4
218.964148224	1.167047E-4	1.0214478243142366E-4
218.962198528	8.985572E-5	7.640785042895004E-5
218.960248832	1.2165433E-4	5.483765198732726E-5
218.958282752	-8.442454E-5	3.775921504711732E-5
218.956333056	-3.4122964E-4	2.4945245968410745E-5
218.95438336	-2.4596507E-6	1.581323886057362E-5
218.95241728	1.1536662E-4	9.620051969250198E-6
218.950467584	6.0179358E-5	5.617109763988992E-6
218.948517888	1.387271E-4	3.148295945720747E-6
218.946568192	1.6526782E-4	1.7419707774024573E-6
218.944602112	1.3681021E-4	9.767205710886628E-7
218.942652416	5.2732852E-5	6.416940436793084E-7
218.94070272	-1.4087329E-5	6.15845692664152E-7
218.93873664	3.8536004E-5	8.718058097656467E-7
218.936786944	-1.5056264E-4	1.4239207075661398E-6
218.934837248	-8.194012E-5	2.5152021407848224E-6
218.932871168	-1.2604057E-4	4.284194346837467E-6
218.930921472	-9.581834E-5	7.03665000401088E-6
218.928971776	-2.6690276E-4	1.1442401046224404E-5
218.92702208	-1.6238136E-4	1.788442204997409E-5
218.925056	-1.5144041E-4	2.7396501536713913E-5
218.923106304	-2.1624766E-4	4.1440362110733986E-5
218.921156608	2.1241112E-5	6.236360059119761E-5
218.919190528	2.2442159E-4	9.383964061271399E-5
218.917240832	7.222427E-5	1.411420089425519E-4
218.915291136	6.994451E-5	2.107741602230817E-4
218.913325056	5.328724E-4	3.0888995388522744E-4
218.91137536	6.008822E-4	4.383331397548318E-4
218.909425664	4.6201525E-4	5.951664643362164E-4
218.907475968	8.086496E-4	7.666443125344813E-4
218.905509888	9.07211E-4	9.325102437287569E-4
218.903560192	8.4944407E-4	0.0010696056997403502
218.901610496	0.0011318073	0.001157581340521574
218.899644416	0.0013220435	0.0011831605806946754
218.89769472	0.0012544348	0.0011424437398090959
218.895745024	9.386925E-4	0.0010402145562693477
218.893778944	9.288698E-4	8.907299488782883E-4
218.891829248	6.8923144E-4	7.15162605047226E-4
218.889879552	5.1010784E-4	5.381812225095928E-4
218.887929856	3.4475475E-4	3.8156728260219097E-4
218.885963776	1.6951698E-4	2.605609770398587E-4
218.88401408	8.0654485E-5	1.8162951164413244E-4
218.882064384	3.1315009E-4	1.4447204011958092E-4
218.880098304	4.4253803E-4	1.4569990162272006E-4
218.878148608	3.0107851E-4	1.820686593418941E-4
218.876198912	3.1225354E-5	2.520426351111382E-4
218.874232832	2.8179373E-4	3.5565978032536805E-4
218.872283136	6.3398376E-4	4.932885058224201E-4
218.87033344	5.9501466E-4	6.63984683342278E-4
218.868383744	4.420612E-4	8.638972067274153E-4
218.866417664	7.9973124E-4	0.0010859462199732661
218.864467968	7.7170215E-4	0.0013187044532969594
218.862518272	0.0010684846	0.0015480357687920332
218.860552192	0.0011363296	0.0017583209555596113
218.858602496	0.0010392998	0.0019340652506798506
218.8566528	0.0011984938	0.0020618471316993237
218.85468672	0.0014198843	0.0021317487116903067
218.852737024	0.0010962543	0.002138382289558649
218.850787328	0.0012718459	0.0020814095623791218
218.848821248	0.0011527113	0.00196555582806468
218.846871552	0.0011611382	0.0018001121934503317
218.844921856	0.0010803713	0.0015979398740455508
218.84297216	9.166141E-4	0.0013740330468863249
218.84100608	7.9920294E-4	0.0011437837965786457
218.839056384	3.7303995E-4	9.212386794388294E-4
218.837106688	5.514483E-4	7.176408544182777E-4
218.835140608	4.3976362E-4	5.405525444075465E-4
218.833190912	2.5021736E-4	3.9364732219837606E-4
218.831241216	2.766426E-4	2.771437866613269E-4
218.829275136	1.2788697E-4	1.8864405865315348E-4
218.82732544	2.471476E-4	1.241507416125387E-4
218.825375744	1.9060177E-4	7.900319178588688E-5
218.823426048	2.319391E-4	4.8611989768687636E-5
218.821459968	8.469503E-5	2.8922750061610714E-5
218.819510272	8.1474514E-5	1.6638616216368973E-5
218.817560576	-2.2606252E-4	9.25419863051502E-6
218.815594496	2.2205613E-5	4.975808678864269E-6
218.8136448	5.6149758E-5	2.5860429104795912E-6
218.811695104	-5.9690472E-5	1.141355369327357E-6
218.809729024	1.642947E-4	5.622837306873407E-7
218.807779328	-8.622909E-5	2.672334460385173E-7
218.805829632	-1.5256504E-6	2.5271654990888237E-8
218.803879936	-2.030847E-4	0.0
218.801913856	1.3276442E-5	0.0
218.79996416	-1.0441724E-4	0.0
218.798014464	-1.63327E-4	0.0
218.796048384	-2.2941912E-4	0.0
218.794098688	-3.182716E-4	0.0
218.792148992	-1.07097E-4	0.0
218.790182912	8.3942985E-5	3.0254344807190137E-8
218.788233216	-7.690341E-5	6.327739754397044E-8
218.78628352	-8.2546874E-5	1.2853401187840063E-7
218.784333824	-6.328689E-5	2.510810190869961E-7
218.782367744	-6.3670246E-5	4.7381863055306894E-7
218.780418048	-2.0313337E-5	8.639521524855809E-7
218.778468352	-5.3468306E-5	1.521894205325225E-6
218.776502272	1.2705344E-4	2.5885033210215624E-6
218.774552576	1.8224432E-4	4.246605840307893E-6
218.77260288	2.3611585E-4	6.710976322210627E-6
218.7706368	1.4911251E-4	1.0201329132542014E-5
218.768687104	1.2739337E-4	1.489739770477172E-5
218.766737408	2.0353004E-4	2.0882947865175083E-5
218.764787712	4.3286098E-5	2.8094191293348558E-5
218.762821632	-1.2764559E-4	3.6289955460233614E-5
218.760871936	-1.3874056E-5	4.5055530790705234E-5
218.75892224	-5.3296244E-5	5.383932511904277E-5
218.75695616	-2.9617458E-4	6.20109130977653E-5
218.755006464	-2.3179993E-4	6.892815872561187E-5
218.753056768	-1.1155642E-5	7.400507456623018E-5
218.751090688	-1.1350521E-5	7.677903340663761E-5
218.749140992	-1.8844978E-4	7.69741673138924E-5
218.747191296	-1.5139792E-4	7.455074228346348E-5
218.7452416	-2.7901903E-4	6.972457777010277E-5
218.74327552	-1.3345588E-4	6.294486956903711E-5
218.741325824	-3.3655207E-4	5.482898268382996E-5
218.739376128	-2.600047E-4	4.6069020754657686E-5
218.737410048	-3.7834587E-4	3.7330577470129356E-5
218.735460352	7.6564116E-5	2.9168848413974047E-5
218.733510656	1.7038625E-4	2.1975531126372516E-5
218.731544576	6.5699074E-5	1.5962394172674976E-5
218.72959488	1.1161991E-4	1.1179056855326053E-5
218.727645184	2.1223383E-4	7.54821894588531E-6
218.725679104	1.7206112E-4	4.913837528874865E-6
218.723729408	1.9630554E-4	3.084187028434826E-6
218.721779712	1.9265778E-4	1.8663935179574764E-6
218.719830016	5.6851044E-5	1.088966996576346E-6
218.717863936	-3.140574E-5	9.455584972783981E-7
218.71591424	1.3661194E-5	1.0259135478918324E-6
218.713964544	9.006527E-5	1.5671329265387612E-6
218.711998464	-3.1376985E-5	2.786427103274036E-6
218.710048768	-3.8799626E-5	5.082796178612625E-6
218.708099072	-2.9864748E-5	9.095668247027788E-6
218.706132992	-7.3304196E-5	1.5756239008624107E-5
218.704183296	-1.4200169E-4	2.6372114007244818E-5
218.7022336	3.0922907E-5	4.25903890572954E-5
218.700283904	-1.2364404E-4	6.62650418234989E-5
218.698317824	3.1857294E-4	9.938632865669206E-5
218.696368128	3.283956E-4	1.4368860865943134E-4
218.694418432	5.394354E-4	2.0025121921207756E-4
218.692452352	4.5599797E-4	2.690369728952646E-4
218.690502656	3.2511828E-4	3.484951739665121E-4
218.68855296	4.9099734E-4	4.353484255261719E-4
218.68658688	7.4143626E-4	5.246730870567262E-4
218.684637184	7.937191E-4	6.103132618591189E-4
218.682687488	7.919177E-4	6.855977117083967E-4
218.680737792	8.152636E-4	7.442334899678826E-4
218.678771712	6.9908856E-4	7.812024559825659E-4
218.676822016	8.008961E-4	7.934896275401115E-4
218.67487232	5.9978117E-4	7.804979686625302E-4
218.67290624	8.652619E-4	7.440821500495076E-4
218.670956544	6.4338755E-4	6.881993031129241E-4
218.669006848	2.968154E-4	6.182586075738072E-4
218.667040768	2.6172676E-4	5.402852548286319E-4
218.665091072	2.9517486E-4	4.600910178851336E-4
218.663141376	3.7224693E-4	3.82580969016999E-4
218.66119168	1.7009952E-4	3.1133563606999815E-4
218.6592256	8.611355E-5	2.484973520040512E-4
218.657275904	4.3558844E-6	1.9491079729050398E-4
218.655326208	-1.296825E-4	1.504396932432428E-4
218.653360128	9.728348E-5	1.1432556493673474E-4
218.651410432	6.054304E-5	8.554949454264715E-5
218.649460736	1.2681968E-4	6.295792263699695E-5
218.647494656	8.0768805E-5	4.553078906610608E-5
218.64554496	2.0124806E-5	3.236554766772315E-5
218.643595264	2.6624739E-5	2.2707756215822883E-5
218.641645568	1.6836353E-4	1.5947116480674595E-5
218.639679488	1.02572696E-4	1.1612411071837414E-5
218.637729792	1.17218315E-5	9.369991857965942E-6
218.635780096	-1.5304054E-4	9.021286132337991E-6
218.633814016	-1.529502E-4	1.0403479791420978E-5
218.63186432	-4.70643E-5	1.3768974895356223E-5
218.629914624	1.6825131E-4	1.9026800146093592E-5
218.627948544	-5.825123E-5	2.625295746838674E-5
218.625998848	9.572305E-5	3.542191188898869E-5
218.624049152	1.7418314E-4	4.6373890654649585E-5
218.622099456	2.2085066E-4	5.872946712770499E-5
218.620133376	1.9465791E-4	7.176376675488427E-5
218.61818368	2.1322952E-5	8.468478335998952E-5
218.616233984	1.5789383E-5	9.661773219704628E-5
218.614267904	-3.1982578E-5	1.0672202915884554E-4
218.612318208	6.923308E-6	1.1444123083492741E-4
218.610368512	-1.8822323E-4	1.1968553735641763E-4
218.608402432	-1.5050804E-4	1.2286547280382365E-4
218.606452736	1.0830161E-4	1.250423229066655E-4
218.60450304	-2.8776032E-5	1.2779109238181263E-4
218.602553344	8.9457E-5	1.3302658044267446E-4
218.600587264	3.1746677E-4	1.4271499821916223E-4
218.598637568	1.3782314E-4	1.5852533397264779E-4
218.596687872	5.4639153E-5	1.8147689115721732E-4
218.594721792	5.6771983E-6	2.1164871577639133E-4
218.592772096	-1.4946241E-5	2.48017895501107E-4
218.5908224	4.357382E-4	2.884726563934237E-4
218.58885632	4.8367967E-4	3.300179378129542E-4
218.586906624	2.9099462E-4	3.691484744194895E-4
218.584956928	2.3981262E-4	4.023297515232116E-4
218.582990848	2.098883E-4	4.2649326496757567E-4
218.581041152	3.857043E-4	4.3945564539171755E-4
218.579091456	4.8043006E-4	4.4018024345859885E-4
218.57714176	4.0023876E-4	4.288424679543823E-4
218.57517568	2.3745056E-4	4.067009431309998E-4
218.573225984	1.6781941E-4	3.758211387321353E-4
218.571276288	2.3060999E-4	3.3872362109832466E-4
218.569310208	3.304935E-5	2.9803081997670233E-4
218.567360512	7.2754425E-5	2.561632718425244E-4
218.565410816	3.1910962E-4	2.1521739836316556E-4
218.563444736	2.747583E-4	1.767478242982179E-4
218.56149504	2.6137868E-4	1.4185826876200736E-4
218.559545344	1.1957387E-4	1.1120844283141196E-4
218.557595648	5.8165955E-5	8.508200698997825E-5
218.555629568	1.2517601E-4	6.351259798975661E-5
218.553679872	-2.8167296E-5	4.6200464566936716E-5
218.551730176	-6.719367E-5	3.277888390584849E-5
218.549764096	3.9236358E-5	2.2771640942664817E-5
218.5478144	5.5481534E-5	1.5683628589613363E-5
218.545864704	7.8795216E-5	1.1061401892220601E-5
218.543898624	2.3391769E-5	8.54284553497564E-6
218.541948928	-1.2605198E-4	7.89112709753681E-6
218.539999232	-7.270908E-5	8.994444215204567E-6
218.538049536	-2.4596955E-5	1.187134603242157E-5
218.536083456	-2.0977603E-5	1.6722891814424656E-5
218.53413376	1.09313725E-4	2.3613596567884088E-5
218.532184064	-1.1574259E-4	3.2636246032780036E-5
218.530217984	-2.2379056E-4	4.373176852823235E-5
218.528268288	-1.6794741E-4	5.6610562751302496E-5
218.526318592	7.352335E-5	7.068399281706661E-5
218.524352512	1.7323587E-4	8.51468721521087E-5
218.522402816	4.3796463E-5	9.893090464174747E-5
218.52045312	2.7188888E-5	1.108241340261884E-4
218.518503424	-2.3585875E-4	1.1974403605563566E-4
218.516537344	6.72319E-6	1.2483062164392322E-4
218.514587648	-1.7497949E-5	1.2561804032884538E-4
218.512637952	5.128255E-5	1.221307902596891E-4
218.510671872	-1.3661353E-4	1.149008676293306E-4
218.508722176	-1.4236677E-4	1.0490122076589614E-4
218.50677248	-2.2548324E-4	9.340885299025103E-5
218.5048064	-6.988688E-7	8.18262342363596E-5
218.502856704	-6.6148627E-6	7.149167504394427E-5
218.500907008	-7.300163E-5	6.354461947921664E-5
218.498957312	-2.462444E-4	5.882226469111629E-5
218.496991232	-2.2022476E-4	5.757267354056239E-5
218.495041536	-1.1411929E-4	5.9818936279043555E-5
218.49309184	-7.469571E-5	6.519501039292663E-5
218.49112576	-1.1461365E-6	7.311987428693101E-5
218.489176064	9.057901E-5	8.29914934001863E-5
218.487226368	-8.774144E-5	9.433757804799825E-5
218.485260288	-1.753073E-4	1.0699205449782312E-4
218.483310592	-1.6861726E-4	1.2134060671087354E-4
218.481360896	-3.5361998E-5	1.3833299453835934E-4
218.4794112	-1.917796E-4	1.594728382769972E-4
218.47744512	-1.2677794E-4	1.866520324256271E-4
218.475495424	-1.6705508E-4	2.2183645342011005E-4
218.473545728	-5.6243298E-5	2.666226646397263E-4
218.471579648	-8.578054E-5	3.2171880593523383E-4
218.469629952	-2.958314E-5	3.865404869429767E-4
218.467680256	3.9802486E-5	4.588161245919764E-4
218.465714176	7.152671E-5	5.346700781956315E-4
218.46376448	-4.518687E-5	6.089233793318272E-4
218.461814784	-2.1881684E-5	6.757180672138929E-4
218.459848704	1.4382272E-4	7.293132366612554E-4
218.457899008	2.553494E-4	7.649495964869857E-4
218.455949312	3.9228643E-4	7.793493568897247E-4
218.453999616	6.1156007E-4	7.713286322541535E-4
218.452033536	1.5691979E-4	7.417777087539434E-4
218.45008384	1.2477915E-4	6.934826960787177E-4
218.448134144	4.525905E-4	6.306801806204021E-4
218.446168064	3.6057606E-4	5.584741593338549E-4
218.444218368	3.2966476E-4	4.8221295583061874E-4
218.442268672	3.5579232E-4	4.069397400598973E-4
218.440302592	4.7525307E-4	3.369697951711714E-4
218.438352896	3.521399E-4	2.7569124358706176E-4
218.4364032	1.8590127E-4	2.2527728287968785E-4
218.434453504	2.7043067E-4	1.8694235768634826E-4
218.432487424	1.5055874E-4	1.6073389269877225E-4
218.430537728	2.569315E-4	1.4592694060411304E-4
218.428588032	1.0236605E-5	1.4106275921221823E-4
218.426621952	1.21091114E-4	1.4420010847970843E-4
218.424672256	-1.3356606E-6	1.531737798359245E-4
218.42272256	1.8344466E-5	1.658756227698177E-4
218.42075648	4.982014E-5	1.805266656447202E-4
218.418806784	6.9446134E-5	1.9589622388593853E-4
218.416857088	1.9310074E-4	2.113910741172731E-4
218.414907392	4.94694E-4	2.2705373703502119E-4
218.412941312	3.2141883E-4	2.4362908152397722E-4
218.410991616	1.4837852E-4	2.6161535060964525E-4
218.40904192	3.3247154E-4	2.814873878378421E-4
218.40707584	3.679023E-4	3.0313601018860936E-4
218.405126144	3.3811326E-4	3.256340860389173E-4
218.403176448	2.6042524E-4	3.472863754723221E-4
218.401210368	3.1182167E-4	3.6574850673787296E-4
218.399260672	3.412751E-4	3.7842930760234594E-4
218.397310976	6.752246E-4	3.830082423519343E-4
218.39536128	5.0042535E-4	3.778675163630396E-4
218.3933952	2.732853E-4	3.624232194852084E-4
218.391445504	1.05201936E-4	3.3725827233865857E-4
218.389495808	2.866004E-4	3.0403686105273664E-4
218.387529728	1.8967348E-4	2.652276016306132E-4
218.385580032	1.23968075E-5	2.2370445367414504E-4
218.383630336	1.11069734E-4	1.8231540161650628E-4
218.381664256	1.5134117E-4	1.4350454148370773E-4
218.37971456	1.6724094E-4	1.0905935778282583E-4
218.377764864	1.8334363E-4	8.000541129149497E-5
218.375815168	-2.2271826E-4	5.685590804205276E-5
218.373849088	-1.574436E-4	3.912387910531834E-5
218.371899392	-2.2855731E-5	2.639508238644339E-5
218.369949696	-1.2448107E-4	1.7945545550901443E-5
218.367983616	-1.1728637E-4	1.3166378266760148E-5
218.36603392	1.4944709E-4	1.1672007531160489E-5
218.364084224	9.714413E-5	1.340305789199192E-5
218.362118144	2.3308149E-4	1.8675280443858355E-5
218.360168448	9.633586E-5	2.9288565201568417E-5
218.358218752	9.407029E-6	4.5204062189441174E-5
218.356269056	1.7170174E-4	6.859217683086172E-5
218.354302976	1.2443374E-5	1.0137267236132175E-4
218.35235328	1.9738423E-5	1.4571956126019359E-4
218.350403584	-3.660019E-5	2.0374450832605362E-4
218.348437504	4.0989806E-5	2.776586334221065E-4
218.346487808	1.4476452E-4	3.6952568916603923E-4
218.344538112	1.663527E-4	4.8139074351638556E-4
218.342572032	1.9126639E-4	6.151936831884086E-4
218.340622336	5.1375653E-4	7.725901086814702E-4
218.33867264	3.9094905E-4	9.545176872052252E-4
218.336722944	6.0392136E-4	0.001160488580353558
218.334756864	7.627035E-4	0.001387681346386671
218.332807168	8.942798E-4	0.0016300745774060488
218.330857472	8.771607E-4	0.0018779715755954385
218.328891392	8.8147155E-4	0.0021181991323828697
218.326941696	5.3174596E-4	0.002335104625672102
218.324992	5.999572E-4	0.0025122477672994137
218.32302592	5.294996E-4	0.0026344030629843473
218.321076224	4.738817E-4	0.0026895434129983187
218.319126528	5.23968E-4	0.002670436864718795
218.317160448	8.143679E-4	0.002575726481154561
218.315210752	5.724238E-4	0.0024103932082653046
218.313261056	4.7336132E-4	0.0021855130326002836
218.31131136	4.5811836E-4	0.00191723951138556
218.30934528	4.918651E-4	0.001624994445592165
218.307395584	5.393679E-4	0.0013290297938510776
218.305445888	2.7084685E-4	0.0010478119365870953
218.303479808	2.685075E-4	7.957534398883581E-4
218.301530112	2.6839433E-4	5.818774807266891E-4
218.299580416	1.8561454E-4	4.09608765039593E-4
218.297614336	1.883411E-4	2.775925677269697E-4
218.29566464	2.5992127E-4	1.8114232807420194E-4
218.293714944	3.5960166E-4	1.1384469689801335E-4
218.291765248	3.9819986E-4	6.887170457048342E-5
218.289799168	1.089228E-4	4.018807885586284E-5
218.287849472	-3.0004447E-5	2.2599422663915902E-5
218.285899776	-7.500444E-5	1.2249122846696991E-5
218.283933696	-2.5071195E-4	6.3999000303738285E-6
218.281984	-7.443459E-5	3.223514113415149E-6
218.280034304	1.2554784E-4	1.5652900628992938E-6
218.278068224	-2.8753698E-6	7.32790226720681E-7
218.276118528	-1.4094115E-4	0.0
218.274168832	-1.6255587E-4	0.0
218.272219136	-1.3391048E-4	0.0
218.270253056	-6.0538558E-5	0.0
218.26830336	-1.0551912E-5	0.0
218.266353664	5.60536E-5	0.0
218.264387584	5.9857353E-5	0.0
218.262437888	-1.2648504E-4	0.0
218.260488192	-4.9978058E-5	0.0
218.258522112	-4.2167056E-5	0.0
218.256572416	-9.888181E-5	0.0
218.25462272	-2.5755566E-4	0.0
218.252673024	-2.6432532E-4	0.0
218.250706944	2.2900846E-5	0.0
218.248757248	-1.4715493E-4	1.631742629903954E-9
218.246807552	-1.7147572E-4	5.336350916707033E-9
218.244841472	1.3207932E-4	1.5941360231863655E-8
218.242891776	4.3009844E-5	4.350055959889687E-8
218.24094208	9.253048E-5	1.084305623066939E-7
218.238976	3.696265E-5	2.4688466737643466E-7
218.237026304	-7.168847E-5	5.134755269864399E-7
218.235076608	-1.11203786E-4	9.75494572230673E-7
218.233126912	-1.6581258E-4	1.6928047443798278E-6
218.231160832	-1.9947605E-4	2.683271304704249E-6
218.229211136	-1.5492228E-4	3.885092155542225E-6
218.22726144	-2.6495932E-4	5.138362212164793E-6
218.22529536	-3.7833527E-4	6.207920705492143E-6
218.223345664	-3.7819627E-4	6.85137320033391E-6
218.221395968	-3.8884816E-4	6.90759679855546E-6
218.219429888	-4.6314826E-4	6.362018666550284E-6
218.217480192	-6.1241747E-4	5.352716470952146E-6
218.215530496	-3.6148916E-4	4.113911472813925E-6
218.2135808	-3.3209837E-4	2.888169319703593E-6
218.21161472	-3.506027E-4	1.8521332094678655E-6
218.209665024	-1.7440252E-4	1.0849148566194344E-6
218.207715328	-3.523899E-4	5.804947136311966E-7
218.205749248	-3.631709E-4	2.837111026110506E-7
218.203799552	-3.9816488E-4	1.2666041016018426E-7
218.201849856	-4.893589E-4	5.1651916521677776E-8
218.199883776	-4.3552593E-4	1.924082404514138E-8
218.19793408	-4.0063277E-4	6.547110409371726E-9
218.195984384	-8.580371E-5	2.0349748552916935E-9
218.194018304	-2.1104972E-4	0.0
218.192068608	-7.3732255E-5	0.0
218.190118912	-1.1059668E-4	0.0
218.188169216	1.2558963E-4	0.0
218.186203136	9.6784875E-5	0.0
218.18425344	-5.599964E-5	0.0
218.182303744	3.5741555E-6	0.0
218.180337664	-2.2374108E-4	0.0
218.178387968	-2.4503007E-4	0.0
218.176438272	-2.6382043E-4	0.0
218.174472192	-2.5498416E-4	0.0
218.172522496	-2.1360585E-4	0.0
218.1705728	-1.4907881E-4	0.0
218.168623104	-5.7425146E-5	0.0
218.166657024	-1.5570715E-4	0.0
218.164707328	-1.0290361E-4	0.0
218.162757632	-1.9296948E-4	0.0
218.160791552	1.3275976E-5	0.0
