219.99607808	1.8732984E-5	0.0
219.99804416	4.935203E-5	0.0
219.999993856	-3.4637505E-6	0.0
220.001943552	-1.8033936E-5	0.0
220.003909632	7.090873E-5	0.0
220.005859328	2.7430344E-5	0.0
220.007809024	2.9958592E-6	0.0
220.009775104	-3.4186367E-5	0.0
220.0117248	-5.0871266E-5	0.0
220.013674496	-5.0480503E-5	0.0
220.015624192	5.5623615E-5	0.0
220.017590272	-1.1601436E-5	0.0
220.019539968	1.7246972E-5	0.0
220.021489664	-2.2987342E-5	0.0
220.023455744	-8.923396E-6	0.0
220.02540544	1.7653392E-5	0.0
220.027355136	-5.7390014E-5	0.0
220.029321216	-2.140544E-5	0.0
220.031270912	1.0043995E-4	0.0
220.033220608	7.636356E-5	0.0
220.035186688	-5.333206E-6	0.0
220.037136384	4.022002E-5	1.5031071942672725E-9
220.03908608	1.1788732E-4	4.014776955330035E-9
220.041035776	1.4024799E-5	1.0010804629700942E-8
220.043001856	-5.3069034E-5	2.3302566987126738E-8
220.044951552	-6.26158E-5	5.063717978259774E-8
220.046901248	3.835621E-6	1.027227085614868E-7
220.048867328	-6.54468E-5	1.9453295863058884E-7
220.050817024	-3.7779082E-5	3.4391308645354E-7
220.05276672	3.5459085E-5	5.675866532328655E-7
220.0547328	3.4212146E-5	8.744663659854268E-7
220.056682496	4.3529562E-5	1.25771839520894E-6
220.058632192	4.3689648E-5	1.6886951925698668E-6
220.060598272	-1.8780522E-5	2.1166617898416007E-6
220.062547968	6.1895244E-6	2.4767807644821005E-6
220.064497664	7.810115E-5	2.7055980353907216E-6
220.06644736	5.250888E-5	2.7591868274612352E-6
220.06841344	-9.977697E-6	2.6268867259204853E-6
220.070363136	3.3675515E-5	2.3347631668002577E-6
220.072312832	2.9548026E-5	1.937235992954811E-6
220.074278912	1.2579518E-5	1.5005708746684832E-6
220.076228608	4.1418705E-5	1.0850769740500255E-6
220.078178304	2.7013988E-7	7.32476962639339E-7
220.080144384	1.0468114E-4	4.615882005509775E-7
220.08209408	8.3661683E-7	2.715458151669736E-7
220.084043776	2.017572E-5	1.491276577780809E-7
220.086009856	-3.867439E-5	7.645471811201787E-8
220.087959552	-3.491079E-6	3.6591512042605245E-8
220.089909248	6.120943E-5	1.6348858267178912E-8
220.091858944	3.6856345E-6	6.819051101558671E-9
220.093825024	2.4940031E-5	2.655184072608563E-9
220.09577472	4.4963726E-5	9.651545118671834E-10
220.097724416	2.5370811E-5	0.0
220.099690496	7.621497E-5	0.0
220.101640192	3.689399E-5	0.0
220.103589888	-1.247184E-4	0.0
220.105555968	2.103223E-5	0.0
220.107505664	-6.168019E-5	0.0
220.10945536	2.4090461E-5	0.0
220.11142144	9.240897E-5	0.0
220.113371136	1.0949162E-4	0.0
220.115320832	1.4836782E-5	0.0
220.117270528	-2.0809633E-5	0.0
220.119236608	-2.1322603E-5	0.0
220.121186304	2.0634428E-7	0.0
220.123136	-6.4447464E-5	0.0
220.12510208	-1.2716647E-4	0.0
220.127051776	-7.840768E-5	0.0
220.129001472	5.5425637E-5	0.0
220.130967552	-7.069106E-5	0.0
220.132917248	-5.0514438E-5	0.0
220.134866944	1.4050353E-5	0.0
220.136833024	-1.0867262E-4	0.0
220.13878272	5.0381623E-6	0.0
220.140732416	7.144897E-5	0.0
220.142682112	4.4749595E-5	0.0
220.144648192	-3.67676E-5	0.0
220.146597888	-4.5385987E-5	0.0
220.148547584	7.3172832E-6	0.0
220.150513664	1.4096104E-5	0.0
220.15246336	1.3780982E-5	0.0
220.154413056	-2.119208E-5	0.0
220.156379136	-1.3189006E-4	0.0
220.158328832	-7.788868E-5	0.0
220.160278528	-9.980862E-6	0.0
220.162244608	8.628375E-5	0.0
220.164194304	1.0782597E-4	0.0
220.166144	5.696824E-5	0.0
220.168093696	5.562056E-5	0.0
220.170059776	3.942345E-5	0.0
220.172009472	6.580079E-5	3.322051256304803E-8
220.173959168	-4.4898192E-5	7.910875865491107E-8
220.175925248	-1.6956352E-5	1.7879541758247797E-7
220.177874944	8.795706E-5	3.835362178961077E-7
220.17982464	6.652504E-5	7.808448003743251E-7
220.18179072	7.653255E-5	1.5087566680449527E-6
220.183740416	6.4778185E-5	2.7667067570291692E-6
220.185690112	-4.3325887E-5	4.8147749112104066E-6
220.187656192	1.2416024E-4	7.951259249239229E-6
220.189605888	8.640827E-5	1.246030478796456E-5
220.191555584	-6.7303936E-6	1.8528462533140555E-5
220.19350528	6.7208835E-5	2.6143765353481285E-5
220.19547136	4.058414E-5	3.5005239624297246E-5
220.197421056	-4.6314624E-5	4.4481392251327634E-5
220.199370752	1.2766394E-4	5.364924800232984E-5
220.201336832	1.1816528E-4	6.142719212220982E-5
220.203286528	4.9037026E-6	6.677909550489858E-5
220.205236224	4.836416E-5	6.893734098412097E-5
220.207202304	1.128164E-4	6.758097879355773E-5
220.209152	1.0694716E-4	6.291247700573877E-5
220.211101696	4.8122365E-5	5.560901990975253E-5
220.213067776	4.599767E-5	4.66641467937734E-5
220.215017472	3.0080582E-5	3.716868377523497E-5
220.216967168	-6.038463E-5	2.809721445373725E-5
220.218933248	-4.97682E-5	2.015554673562292E-5
220.220882944	4.305827E-5	1.3719737580686342E-5
220.22283264	1.1976549E-4	8.86165344127221E-6
220.224782336	2.0447796E-5	5.431368663266767E-6
220.226748416	-7.144232E-5	3.159000470986939E-6
220.228698112	-3.561613E-5	1.7436337884646491E-6
220.230647808	-8.446957E-5	9.1335971319495E-7
220.232613888	-6.2946856E-5	4.540742963854427E-7
220.234563584	3.4019376E-5	2.142479900157923E-7
220.23651328	-1.0864928E-4	9.594489824849006E-8
220.23847936	-8.711499E-5	4.0779482901598385E-8
220.240429056	3.3672997E-5	1.645062752686499E-8
220.242378752	5.7618523E-5	0.0
220.244344832	3.7772723E-5	0.0
220.246294528	-6.1729606E-6	0.0
220.248244224	6.64508E-5	0.0
220.25019392	4.4057317E-5	0.0
220.25216	-9.11879E-5	0.0
220.254109696	-3.4814595E-5	0.0
220.256059392	6.804628E-5	0.0
220.258025472	-7.3427527E-6	0.0
220.259975168	-1.4904259E-7	0.0
220.261924864	-3.6893518E-5	0.0
220.263890944	-3.8212343E-5	0.0
220.26584064	5.629187E-5	0.0
220.267790336	3.926252E-5	0.0
220.269756416	1.3853649E-4	0.0
220.271706112	1.055756E-4	0.0
220.273655808	3.6025605E-5	0.0
220.275605504	1.0123533E-5	0.0
220.277571584	-8.706148E-5	0.0
220.27952128	1.270366E-5	0.0
220.281470976	6.485059E-6	0.0
220.283437056	5.2025553E-5	0.0
220.285386752	6.7567526E-5	0.0
220.287336448	1.6429146E-4	0.0
220.289302528	1.2194806E-4	0.0
220.291252224	5.9405455E-5	0.0
220.29320192	6.3669446E-5	0.0
220.295168	-1.4460604E-5	0.0
220.297117696	-9.842207E-7	0.0
220.299067392	1.16157156E-4	0.0
220.301017088	-1.4888794E-5	0.0
220.302983168	-7.32704E-5	0.0
220.304932864	1.6412667E-5	0.0
220.30688256	2.2503356E-5	0.0
220.30884864	8.023691E-6	0.0
220.310798336	-9.1006805E-5	0.0
220.312748032	-2.8320437E-5	0.0
220.314714112	-3.680978E-5	0.0
220.316663808	1.3872281E-5	0.0
220.318613504	4.7560967E-5	0.0
220.320579584	-6.142225E-5	0.0
220.32252928	-4.797822E-5	0.0
220.324478976	-2.3467708E-5	0.0
220.326428672	-1.01725804E-4	0.0
220.328394752	-1.0014532E-4	0.0
220.330344448	-7.333767E-6	0.0
220.332294144	-7.131712E-5	0.0
220.334260224	-1.4397623E-4	0.0
220.33620992	-6.256394E-5	0.0
220.338159616	-4.6672507E-5	0.0
220.340125696	-1.1414757E-5	0.0
220.342075392	-1.406034E-4	0.0
220.344025088	-1.0398142E-4	0.0
220.345991168	-2.4707022E-5	0.0
220.347940864	-5.9594528E-5	0.0
220.34989056	2.1463913E-5	0.0
220.351840256	9.646788E-5	0.0
220.353806336	2.1040467E-5	0.0
220.355756032	-2.8204146E-5	0.0
220.357705728	2.2963037E-5	0.0
220.359671808	9.073193E-5	0.0
220.361621504	1.6858698E-5	0.0
220.3635712	-1.8747907E-6	0.0
220.36553728	-5.8781396E-5	0.0
220.367486976	2.644432E-5	0.0
220.369436672	6.670048E-5	8.929333716878318E-7
220.371402752	6.1418425E-5	2.72050215244235E-6
220.373352448	6.356729E-5	7.582412763440516E-6
220.375302144	-4.0333744E-5	1.9320252249599434E-5
220.37725184	9.796437E-5	4.496224573813379E-5
220.37921792	1.6994365E-4	9.543113264953718E-5
220.381167616	2.925301E-4	1.843653153628111E-4
220.383117312	4.8584954E-4	3.235581680200994E-4
220.385083392	6.698972E-4	5.152757512405515E-4
220.387033088	7.687871E-4	7.453956641256809E-4
220.388982784	0.0010854863	9.832652285695076E-4
220.390948864	0.0011698569	0.0011903035920113325
220.39289856	0.0012402104	0.0013320025755092502
220.394848256	0.0012665598	0.0013859572354704142
220.396814336	0.0012809773	0.0013441357295960188
220.398764032	0.0011694478	0.001212799339555204
220.400713728	9.8347E-4	0.001012628199532628
220.402663424	8.86624E-4	7.769552175886929E-4
220.404629504	6.6433137E-4	5.444415146484971E-4
220.4065792	4.6315047E-4	3.47208435414359E-4
220.408528896	3.0024027E-4	2.0148068142589182E-4
220.410494976	2.447671E-4	1.066814802470617E-4
220.412444672	1.4248704E-4	5.180719381314702E-5
220.414394368	-4.868155E-5	2.3246095224749297E-5
220.416360448	-6.243925E-5	9.738094377098605E-6
220.418310144	-1.828409E-4	3.8649700400128495E-6
220.42025984	-8.670175E-5	1.482335505897936E-6
220.42222592	-1.4925817E-4	2.5394632530151284E-7
220.424175616	-1.4241389E-4	1.290208331283793E-7
220.426125312	-1.3642335E-4	6.122876783365427E-8
220.428075008	-7.641611E-5	2.714115687751928E-8
220.430041088	-1.657396E-4	1.1237792030271976E-8
220.431990784	-1.361639E-4	4.346183857251162E-9
220.43394048	-2.078865E-5	1.5700480915370463E-9
220.43590656	-2.5110241E-5	0.0
220.437856256	2.818486E-5	0.0
220.439805952	-1.21227735E-4	0.0
220.441772032	-1.9279304E-4	0.0
220.443721728	-1.7129026E-4	0.0
220.445671424	-2.2388017E-4	0.0
220.447637504	-6.534023E-5	0.0
220.4495872	-7.238619E-5	0.0
220.451536896	-1.2851412E-4	0.0
220.453486592	-7.512992E-5	0.0
220.455452672	1.8401928E-5	0.0
220.457402368	3.3791348E-5	0.0
220.459352064	5.802848E-5	0.0
220.461318144	-2.4813142E-5	0.0
220.46326784	4.018997E-5	0.0
220.465217536	-5.04561E-5	0.0
220.467183616	-2.1933107E-5	0.0
220.469133312	-2.8929537E-5	0.0
220.471083008	-6.675205E-5	0.0
220.473049088	-3.548997E-5	0.0
220.474998784	-3.5463843E-5	0.0
220.47694848	-9.388405E-5	0.0
220.478898176	-3.3461434E-5	0.0
220.480864256	5.1014864E-5	0.0
220.482813952	-1.027469E-6	0.0
220.484763648	-1.8851986E-5	0.0
220.486729728	8.876856E-6	0.0
220.488679424	1.3884208E-4	0.0
220.49062912	2.2610546E-5	0.0
220.4925952	1.1032562E-5	0.0
220.494544896	-6.978708E-5	0.0
220.496494592	-7.727284E-5	0.0
220.498460672	-1.0647454E-4	0.0
220.500410368	-1.7186323E-5	0.0
220.502360064	-2.2716145E-5	0.0
220.504326144	-1.1534839E-5	0.0
220.50627584	5.2272993E-5	0.0
220.508225536	-1.0207024E-6	0.0
220.510175232	-7.169043E-5	0.0
220.512141312	5.635751E-6	0.0
220.514091008	5.617602E-5	0.0
220.516040704	5.7191322E-5	0.0
220.518006784	3.5047804E-5	0.0
220.51995648	4.818929E-5	5.989012397122906E-9
220.521906176	-6.589752E-5	9.261800215654148E-9
220.523872256	-9.605306E-6	1.4152324645522185E-8
220.525821952	1.8703196E-5	2.1367613456391155E-8
220.527771648	-3.9601804E-5	3.1877043227268587E-8
220.529737728	2.09907E-5	4.6988549939896984E-8
220.531687424	-1.3074257E-5	6.84386307625573E-8
220.53363712	-3.5947985E-5	9.849264870354091E-8
220.535586816	2.7660177E-5	1.4005520654336578E-7
220.537552896	-8.034482E-5	1.9678219587149215E-7
220.539502592	-3.879346E-6	2.7319069317854883E-7
220.541452288	2.0419828E-5	3.747463779291138E-7
220.543418368	6.799855E-5	5.079252787254518E-7
220.545368064	-4.5340592E-5	6.802222856094886E-7
220.54731776	-8.0973085E-5	9.001030321087455E-7
220.54928384	-1.1390605E-4	1.176852265416528E-6
220.551233536	3.0361243E-6	1.5277828424586914E-6
220.553183232	8.057026E-5	1.958213715624879E-6
220.555149312	1.078466E-4	2.4871953883121023E-6
220.557099008	4.2559997E-5	3.1353590657090535E-6
220.559048704	5.59476E-5	3.930731054424541E-6
220.5609984	2.7431595E-5	4.912503300147364E-6
220.56296448	3.230797E-5	6.135275270935381E-6
220.564914176	5.5874563E-5	7.672190804441925E-6
220.566863872	6.8161375E-5	9.614797818358056E-6
220.568829952	7.166699E-5	1.2066366252838634E-5
220.570779648	3.275646E-5	1.5126064681680873E-5
220.572729344	-3.0630774E-5	1.886277641460765E-5
220.574695424	-5.691263E-6	2.3281423636944965E-5
220.57664512	9.178197E-6	2.828872311511077E-5
220.578594816	3.738311E-5	3.3669428376015276E-5
220.580560896	4.9008388E-5	3.908480721293017E-5
220.582510592	-9.210127E-6	4.41016600234434E-5
220.584460288	9.816539E-5	4.8251691623590887E-5
220.586409984	1.4871561E-5	5.111083737574518E-5
220.588376064	4.8816244E-5	5.237985897110775E-5
220.59032576	3.217632E-5	5.194393088459037E-5
220.592275456	-8.846511E-6	4.989494482288137E-5
220.594241536	3.719657E-5	4.650931805372238E-5
220.596191232	8.363863E-5	4.2188490624539554E-5
220.598140928	1.3292285E-5	3.738624582183547E-5
220.600107008	1.9867743E-5	3.251310408813879E-5
220.602056704	-7.4268773E-6	2.790216967696324E-5
220.6040064	-7.7366254E-5	2.377110649831593E-5
220.60597248	7.9732956E-5	2.0230087102390826E-5
220.607922176	6.899091E-5	1.7309237591689453E-5
220.609871872	-1.2164013E-5	1.4995975107012782E-5
220.611821568	-4.9776736E-6	1.327025984210195E-5
220.613787648	9.315985E-5	1.2128783055231906E-5
220.615737344	4.9629958E-5	1.1593374438234605E-5
220.61768704	-4.543067E-5	1.1702550182235427E-5
220.61965312	1.9435201E-5	1.2488813808886334E-5
220.621602816	1.441757E-5	1.3946746548754163E-5
220.623552512	7.085288E-5	1.600117320776917E-5
220.625518592	7.159919E-5	1.848477404564619E-5
220.627468288	4.2799507E-5	2.113324990205001E-5
220.629417984	5.770096E-5	2.362180566706229E-5
220.631384064	4.829971E-5	2.558979940658901E-5
220.63333376	4.970247E-5	2.672314985829871E-5
220.635283456	4.08453E-5	2.6809902919922024E-5
220.637233152	-2.1144735E-5	2.579873034846969E-5
220.639199232	-5.241545E-5	2.3772641725372523E-5
220.641148928	-1.7059387E-5	2.0977966414648108E-5
220.643098624	4.879299E-5	1.7749758626450785E-5
220.645064704	8.0194135E-5	1.4458696568908636E-5
220.6470144	3.672449E-5	1.1456627362349536E-5
220.648964096	-2.6321026E-5	9.039899850904476E-6
220.650930176	-2.0003843E-5	7.434563030983554E-6
220.652879872	-2.2160299E-5	6.7986852627655026E-6
220.654829568	1.2924343E-4	7.230917617562227E-6
220.656795648	-3.0290776E-6	8.773144145379774E-6
220.658745344	5.4271146E-5	1.140045696956804E-5
220.66069504	8.9699606E-5	1.4998802726040594E-5
220.662644736	6.8334135E-5	1.9340970538905822E-5
220.664610816	1.0668313E-5	2.4074784960248508E-5
220.666560512	-4.5040648E-5	2.8769562050001696E-5
220.668510208	4.5180914E-6	3.2890206057345495E-5
220.670476288	1.8941659E-5	3.5970675526186824E-5
220.672425984	-3.6054425E-6	3.766268491744995E-5
220.67437568	6.327014E-5	3.785849912674166E-5
220.67634176	1.2983957E-4	3.670751175377518E-5
220.678291456	8.3112274E-5	3.465913323452696E-5
220.680241152	5.302361E-5	3.2405707315774634E-5
220.682207232	4.3373566E-6	3.0788127332925797E-5
220.684156928	-1.35467435E-5	3.066616045543924E-5
220.686106624	1.5948199E-5	3.277094947407022E-5
220.68805632	4.8042315E-5	3.758236198336817E-5
220.6900224	1.0549642E-5	4.5149183279136196E-5
220.691972096	4.1029965E-5	5.5097974836826324E-5
220.693921792	1.17440635E-4	6.65978150209412E-5
220.695887872	5.5305904E-5	7.846706284908578E-5
220.697837568	5.7587542E-5	8.935579535318539E-5
220.699787264	9.366429E-5	9.800225961953402E-5
220.701753344	9.28083E-5	1.0344110341975465E-4
220.70370304	1.4460144E-4	1.0525666584726423E-4
220.705652736	1.17512536E-4	1.0368563380325213E-4
220.707618816	1.339506E-4	9.949591185431927E-5
220.709568512	1.579493E-4	9.39349556574598E-5
220.711518208	1.8256211E-4	8.840206282911822E-5
220.713467904	9.6375545E-5	8.42024601297453E-5
220.715433984	1.4680302E-4	8.227524085668847E-5
220.71738368	9.193942E-5	8.310663542943075E-5
220.719333376	7.312263E-5	8.672666444908828E-5
220.721299456	1.1298258E-4	9.28181252675131E-5
220.723249152	7.3202886E-5	1.0086513793794438E-4
220.725198848	9.0024434E-5	1.1027129221474752E-4
220.727164928	1.1028336E-4	1.2040924775647E-4
220.729114624	4.6285535E-5	1.30599903059192E-4
220.73106432	9.821732E-5	1.4005818229634315E-4
220.7330304	2.4237791E-4	1.478688936913386E-4
220.734980096	1.8366678E-4	1.530346053186804E-4
220.736929792	2.0833539E-4	1.5461079601664096E-4
220.738879488	1.2853502E-4	1.5189466648735106E-4
220.740845568	4.397402E-5	1.4459523663390428E-4
220.742795264	1.005903E-4	1.3301883882377297E-4
220.74474496	1.6275638E-4	1.1794210877269506E-4
220.74671104	1.3507663E-4	1.0059258056571707E-4
220.748660736	5.7892958E-5	8.239859016612172E-5
220.750610432	1.1115316E-4	6.474358087871224E-5
220.752576512	3.688309E-5	4.8751579015515745E-5
220.754526208	-7.882681E-5	3.515575735946186E-5
220.756475904	3.8954397E-5	2.426637183816638E-5
220.758441984	6.82019E-6	1.6027388483053073E-5
220.76039168	-7.84932E-5	1.0126664164999966E-5
220.762341376	-5.7796376E-5	6.111109087214572E-6
220.764291072	-1.1040365E-5	3.5335090160515392E-6
220.766257152	-3.6651098E-5	1.953440232682624E-6
220.768206848	5.748744E-5	1.0324826007490628E-6
220.770156544	4.282432E-5	5.217254965828033E-7
220.772122624	-1.552635E-5	2.520423834084795E-7
220.77407232	2.3677376E-5	1.164139504794548E-7
220.776022016	5.169537E-5	4.503606376715652E-8
220.777988096	5.60304E-5	1.926156123488454E-8
220.779937792	4.1343734E-5	6.449025341526138E-11
220.781887488	2.6871812E-5	4.4965319662138015E-11
220.783853568	9.290625E-6	2.843894217341436E-11
220.785803264	2.6426596E-5	1.6315452461279634E-11
220.78775296	-2.8874458E-5	8.490578032316343E-12
220.789702656	-3.995012E-6	4.007974507835854E-12
220.791668736	-5.0051447E-5	1.7161828598857842E-12
220.793618432	-5.4843446E-7	6.665845176181961E-13
220.795568128	-3.6163152E-7	2.348527459745259E-13
220.797534208	-3.0601823E-6	7.505666010584888E-14
220.799483904	4.3085438E-5	0.0
220.8014336	7.479613E-5	0.0
220.80339968	4.413367E-5	0.0
220.805349376	-5.613128E-5	0.0
220.807299072	-4.1402967E-5	0.0
220.809265152	-7.557008E-5	0.0
220.811214848	-6.1039136E-5	0.0
220.813164544	2.8765771E-6	0.0
220.815130624	2.0478225E-5	0.0
220.81708032	2.2309714E-5	0.0
220.819030016	1.19162156E-4	0.0
220.820979712	3.39043E-5	0.0
220.822945792	-3.559153E-6	0.0
220.824895488	2.1927683E-5	0.0
220.826845184	5.8488597E-5	0.0
220.828811264	-4.2129683E-5	0.0
220.83076096	2.6168038E-5	0.0
220.832710656	-4.416538E-5	0.0
220.834676736	7.3732645E-6	0.0
220.836626432	-1.009126E-5	0.0
220.838576128	5.7424168E-5	0.0
220.840542208	-1.8941568E-5	0.0
220.842491904	-3.939337E-5	0.0
220.8444416	-5.3557505E-5	0.0
220.846391296	-3.9665178E-5	0.0
220.848357376	1.3005534E-4	0.0
220.850307072	5.8106798E-5	0.0
220.852256768	6.0834293E-5	0.0
220.854222848	1.4299869E-4	0.0
220.856172544	3.9692775E-5	0.0
220.85812224	6.715789E-5	0.0
220.86008832	4.1184463E-5	0.0
220.862038016	-4.7388272E-5	0.0
220.863987712	-7.333893E-7	0.0
220.865953792	-6.276159E-5	0.0
220.867903488	-5.135458E-5	0.0
220.869853184	-1.2689075E-5	0.0
220.87180288	1.08579825E-5	0.0
220.87376896	6.066696E-5	0.0
220.875718656	3.3177388E-5	0.0
220.877668352	1.0640373E-5	0.0
220.879634432	-2.6701304E-5	0.0
220.881584128	-2.124721E-5	0.0
220.883533824	8.864152E-6	0.0
220.885499904	2.6902473E-5	0.0
220.8874496	-8.4381845E-6	0.0
220.889399296	1.10937235E-5	0.0
220.891365376	-1.0557575E-4	0.0
220.893315072	-5.3109867E-5	0.0
220.895264768	-3.2574175E-5	0.0
220.897214464	4.238028E-5	0.0
220.899180544	1.9058642E-5	0.0
220.90113024	3.4384324E-5	0.0
220.903079936	6.304913E-5	0.0
220.905046016	-1.2447637E-5	0.0
220.906995712	-2.1783144E-6	0.0
220.908945408	1.5084426E-5	0.0
220.910911488	-1.3002538E-5	0.0
220.912861184	1.00491725E-5	0.0
220.91481088	5.079526E-5	0.0
220.91677696	7.870079E-5	0.0
220.918726656	6.3322495E-6	0.0
220.920676352	-6.280202E-5	0.0
220.922626048	1.4552117E-5	0.0
220.924592128	-1.297959E-5	1.2623010969825543E-10
220.926541824	-3.3929424E-5	3.5493175065681726E-10
220.92849152	4.886118E-5	9.321792227012793E-10
220.9304576	-5.2805164E-5	2.2868098525918867E-9
220.932407296	2.7234271E-5	5.239964462333546E-9
220.934356992	4.99985E-8	1.1214976503026719E-8
220.936323072	4.549189E-6	2.2420252321353473E-8
220.938272768	-1.0982345E-4	4.1865590105771844E-8
220.940222464	2.1718542E-5	7.302003979248184E-8
220.942188544	1.0030967E-4	1.1895924956206727E-7
220.94413824	9.6402146E-5	1.8102042531609186E-7
220.946087936	9.2491086E-5	2.574120401277469E-7
220.948037632	3.8057955E-5	3.419224867684534E-7
220.950003712	-3.4215434E-5	4.2447899772923847E-7
220.951953408	2.5504543E-5	4.928386374558613E-7
220.953903104	-6.824327E-5	5.358983230507874E-7
220.955869184	-4.8161255E-5	5.473513624565385E-7
220.95781888	3.1310406E-5	5.282930715111434E-7
220.959768576	1.2261212E-4	4.876134198639193E-7
220.961734656	6.483354E-5	4.398202406719065E-7
220.963684352	2.6614707E-6	4.009344536370918E-7
220.965634048	9.560416E-5	3.837990902866295E-7
220.967600128	1.0396137E-4	3.9428141462849453E-7
220.969549824	1.0490582E-4	4.295157509659475E-7
220.97149952	3.9800678E-5	4.787003717865446E-7
220.973449216	5.1035848E-5	5.262351123747067E-7
220.975415296	1.1134097E-4	5.562812930293148E-7
220.977364992	8.5059855E-6	5.573211865339545E-7
220.979314688	-1.4133688E-5	5.252390451460087E-7
220.981280768	-1.3924201E-4	4.6392472086154157E-7
220.983230464	-9.569116E-6	3.833602875147335E-7
220.98518016	9.1695965E-6	2.9612226626341E-7
220.98714624	5.8482266E-5	2.139113490784439E-7
220.989095936	-5.0172308E-5	1.4474537124442577E-7
220.991045632	-1.02783924E-4	9.24029706084184E-8
220.993011712	-8.884921E-6	5.724940876916662E-8
220.994961408	9.956509E-5	3.779110357982063E-8
220.996911104	6.6110035E-5	3.238060841681545E-8
220.9988608	-1.1932827E-5	4.040053269704913E-8
221.00082688	-4.2054362E-5	6.261821994257843E-8
221.002776576	-7.471455E-5	1.006379690693393E-7
221.004726272	5.9482973E-6	1.555859228119516E-7
221.006692352	6.222709E-5	2.2639169117155689E-7
221.008642048	2.5114232E-5	3.0823119345768646E-7
221.010591744	4.3788514E-5	3.9233117377079907E-7
221.012557824	3.9969917E-5	4.6646241003145406E-7
221.01450752	5.0753424E-6	5.180483526601165E-7
221.016457216	-6.17753E-6	5.374206466512987E-7
221.018423296	-2.8703313E-5	5.207733693168848E-7
221.020372992	-1.02443755E-5	4.7138263425949845E-7
221.022322688	2.210312E-5	3.985550165452878E-7
221.024272384	3.941079E-6	3.1476861295232084E-7
221.026238464	7.062999E-5	2.3221136302709056E-7
221.02818816	4.52442E-5	1.6001607150428754E-7
221.030137856	-1.7129876E-5	1.0299831387783343E-7
221.032103936	-6.69264E-5	8.809447393787195E-8
221.034053632	-8.5917294E-5	9.809154022377697E-8
221.036003328	-8.415019E-5	1.6369629918244755E-7
221.037969408	-3.2218395E-5	3.262159680161858E-7
221.039919104	-1.2071951E-5	6.612091851820878E-7
221.0418688	-2.096504E-5	1.2939528915012488E-6
221.04383488	-3.729748E-5	2.4132741600624286E-6
221.045784576	5.359102E-5	4.276675099390559E-6
221.047734272	-1.4915147E-5	7.196304522949504E-6
221.049683968	5.2565967E-5	1.1495901162561495E-5
221.051650048	9.670852E-6	1.743282155075576E-5
221.053599744	-2.908303E-5	2.509419937268831E-5
221.05554944	2.2823993E-5	3.429050775594078E-5
221.05751552	-3.890035E-5	4.448463369044475E-5
221.059465216	2.7417771E-5	5.479409810504876E-5
221.061414912	3.7971284E-5	6.4095453126356E-5
221.063380992	-3.5294403E-7	7.121543603716418E-5
221.065330688	4.1836476E-5	7.517171616200358E-5
221.067280384	9.745077E-5	7.539301441283897E-5
221.069246464	1.2755465E-4	7.185406138887629E-5
221.07119616	1.11895264E-4	6.508256046799943E-5
221.073145856	7.076918E-5	5.6035387387964875E-5
221.075095552	8.243293E-5	4.5882436097599566E-5
221.077061632	2.8535911E-5	3.576276503736153E-5
221.079011328	-4.8253645E-5	2.6582491045701317E-5
221.080961024	-5.253514E-5	1.8901102521340363E-5
221.082927104	3.4642897E-5	1.2920238987135235E-5
221.0848768	-1.4644125E-5	8.553608495276421E-6
221.086826496	-3.683096E-5	5.538463483389933E-6
221.088792576	2.0792866E-5	3.5467367069941247E-6
221.090742272	-4.2247088E-5	2.2682040707877604E-6
221.092691968	5.4638844E-5	1.4552703078152263E-6
221.094658048	3.5215093E-5	9.340277529190644E-7
221.096607744	-6.442572E-5	5.94011567045527E-7
221.09855744	3.252434E-5	3.6956117810404976E-7
221.10052352	7.731801E-5	2.2210652161902544E-7
221.102473216	3.5933273E-5	1.1624918272445939E-7
221.104422912	-2.6901102E-5	6.530748208888326E-8
221.106372608	-5.1508217E-5	3.4272218840669666E-8
221.108338688	-5.6220295E-5	1.6800729696342387E-8
221.110288384	5.909138E-6	7.69344499218505E-9
221.11223808	-4.7779777E-6	3.2909455160989864E-9
221.11420416	2.6470063E-5	1.3150021072050322E-9
221.116153856	-4.616257E-5	4.908392581270959E-10
221.118103552	-8.067779E-5	0.0
221.120069632	-5.576239E-5	0.0
221.122019328	1.2836225E-6	0.0
221.123969024	-3.154259E-5	0.0
221.125935104	-1.6817694E-5	0.0
221.1278848	4.0876457E-6	0.0
221.129834496	-2.3770024E-5	0.0
221.131784192	-8.445388E-6	0.0
221.133750272	6.421204E-5	0.0
221.135699968	7.195036E-5	0.0
221.137649664	7.420454E-5	0.0
221.139615744	6.191459E-5	0.0
221.14156544	-2.099517E-5	0.0
221.143515136	-8.459438E-5	0.0
221.145481216	-2.5015908E-5	0.0
221.147430912	2.0410762E-5	0.0
221.149380608	3.2890584E-5	0.0
221.151346688	-3.090339E-5	0.0
221.153296384	3.2143722E-5	0.0
221.15524608	-2.8796876E-6	0.0
221.157195776	2.5862651E-5	0.0
221.159161856	3.219381E-5	0.0
221.161111552	-8.711183E-5	0.0
221.163061248	-1.332224E-4	0.0
221.165027328	-3.9065137E-5	0.0
221.166977024	-2.5755226E-5	0.0
221.16892672	-5.0837483E-5	0.0
221.1708928	4.6765137E-5	0.0
221.172842496	6.606901E-5	0.0
221.174792192	4.7979567E-5	0.0
221.176758272	3.372687E-5	0.0
221.178707968	7.439111E-5	0.0
221.180657664	7.0715876E-5	0.0
221.18260736	3.6632042E-5	0.0
221.18457344	-5.5435015E-5	0.0
221.186523136	2.806015E-6	0.0
221.188472832	3.2374413E-5	0.0
221.190438912	1.3040837E-4	0.0
221.192388608	1.4097297E-4	0.0
221.194338304	7.226017E-5	0.0
221.196304384	-1.6810061E-5	0.0
221.19825408	1.7550027E-6	0.0
221.200203776	3.154513E-5	0.0
221.202169856	3.1523577E-5	0.0
221.204119552	9.920579E-5	0.0
221.206069248	-1.5264262E-5	0.0
221.208018944	2.0901292E-5	0.0
221.209985024	-1.7961322E-5	0.0
221.21193472	3.9616087E-5	0.0
221.213884416	4.736127E-5	0.0
221.215850496	6.932988E-5	0.0
221.217800192	2.2915903E-5	0.0
221.219749888	-2.6591779E-5	0.0
221.221715968	-6.779909E-5	0.0
221.223665664	2.7276457E-5	0.0
221.22561536	5.3316016E-5	0.0
221.22758144	-5.63569E-5	0.0
221.229531136	-5.188782E-5	0.0
221.231480832	4.697585E-5	0.0
221.233430528	9.952795E-6	0.0
221.235396608	3.2843887E-5	0.0
221.237346304	2.3384198E-5	0.0
221.239296	1.3137188E-4	0.0
221.24126208	5.695887E-5	0.0
221.243211776	7.411023E-5	0.0
221.245161472	5.9959824E-5	0.0
221.247127552	5.47544E-5	0.0
221.249077248	1.5254698E-5	0.0
221.251026944	1.4009244E-4	0.0
221.252993024	6.352867E-5	0.0
221.25494272	4.7093574E-5	0.0
221.256892416	5.8278205E-5	0.0
221.258842112	1.3429772E-4	0.0
221.260808192	6.903033E-5	0.0
221.262757888	-4.8317776E-5	0.0
221.264707584	-4.6297402E-5	0.0
221.266673664	2.5733038E-5	0.0
221.26862336	7.6864875E-5	0.0
221.270573056	-1.1861868E-6	0.0
221.272539136	1.7869022E-5	0.0
221.274488832	1.6665448E-5	0.0
221.276438528	-1.8812805E-5	0.0
221.278404608	-5.3059575E-6	0.0
221.280354304	1.5315525E-5	0.0
221.282304	-1.43525E-6	0.0
221.284253696	-1.5514192E-5	0.0
221.286219776	-2.9107674E-5	0.0
221.288169472	-2.3155912E-5	0.0
221.290119168	7.4015534E-6	0.0
221.292085248	4.7931153E-5	0.0
221.294034944	-4.738373E-5	0.0
221.29598464	-3.428524E-5	0.0
221.29795072	1.4972478E-5	0.0
221.299900416	4.2455646E-5	0.0
221.301850112	7.640736E-5	0.0
221.303816192	4.1222123E-5	0.0
221.305765888	4.234358E-6	0.0
221.307715584	6.610846E-6	0.0
221.30966528	1.7579276E-6	0.0
221.31163136	-1.4955449E-5	0.0
221.313581056	6.544778E-5	0.0
221.315530752	7.046432E-5	0.0
221.317496832	5.3103267E-5	0.0
221.319446528	1.2391897E-4	0.0
221.321396224	5.2771804E-5	0.0
221.323362304	1.0972188E-4	0.0
221.325312	2.3579325E-5	0.0
221.327261696	9.791924E-5	0.0
221.329227776	3.769484E-5	0.0
221.331177472	-4.6160098E-5	0.0
221.333127168	-3.722811E-5	0.0
221.335076864	-1.8083325E-5	0.0
221.337042944	1.0063901E-4	0.0
221.33899264	3.747831E-5	0.0
221.340942336	1.0452897E-4	0.0
221.342908416	5.8774687E-5	0.0
221.344858112	7.420336E-5	0.0
221.346807808	-2.4096635E-5	0.0
221.348773888	2.7490967E-5	0.0
221.350723584	-6.3757925E-6	0.0
221.35267328	7.790048E-5	0.0
221.35463936	2.3573286E-5	0.0
221.356589056	1.3588868E-5	0.0
221.358538752	5.1752704E-5	0.0
221.360488448	3.7371614E-5	0.0
221.362454528	-8.779987E-6	0.0
221.364404224	2.3589439E-5	0.0
221.36635392	-2.5459467E-6	0.0
221.36832	3.3531873E-5	0.0
221.370269696	1.13646194E-4	0.0
221.372219392	7.117989E-5	0.0
221.374185472	-7.2539933E-6	0.0
221.376135168	-2.4401941E-5	0.0
221.378084864	3.5074536E-5	0.0
221.380050944	3.775078E-5	0.0
221.38200064	-2.9395162E-5	0.0
221.383950336	-2.3984374E-5	0.0
221.385916416	-1.3106999E-5	0.0
221.387866112	3.0088397E-5	0.0
221.389815808	-8.270816E-6	0.0
221.391765504	-6.249155E-5	0.0
221.393731584	-1.2614082E-5	0.0
221.39568128	-9.789868E-6	0.0
221.397630976	-7.305527E-5	0.0
221.399597056	3.3808083E-5	0.0
221.401546752	2.2532167E-6	0.0
221.403496448	4.6994795E-5	0.0
221.405462528	4.9802602E-5	0.0
221.407412224	7.144142E-5	0.0
221.40936192	-1.3326078E-5	0.0
221.411328	2.32094E-5	0.0
221.413277696	-5.254133E-7	0.0
221.415227392	4.1892792E-5	0.0
221.417177088	3.267165E-5	0.0
221.419143168	-1.8582983E-7	0.0
221.421092864	2.6580947E-6	0.0
221.42304256	4.2080308E-5	0.0
221.42500864	-3.473491E-5	0.0
221.426958336	-2.9291414E-5	0.0
221.428908032	5.330107E-5	0.0
221.430874112	-1.5165891E-5	0.0
221.432823808	7.392411E-5	0.0
221.434773504	6.202029E-5	0.0
221.436739584	5.600649E-5	0.0
221.43868928	-3.36958E-5	0.0
221.440638976	-1.2396922E-4	0.0
221.442588672	-4.402592E-5	0.0
221.444554752	1.2130577E-5	0.0
221.446504448	-4.7907004E-5	0.0
221.448454144	4.0547875E-6	0.0
221.450420224	1.1640046E-5	0.0
221.45236992	6.631855E-5	0.0
221.454319616	4.2501906E-6	0.0
221.456285696	3.3097105E-5	0.0
221.458235392	-4.2084623E-5	0.0
221.460185088	4.4376775E-5	0.0
221.462151168	3.8776936E-5	0.0
221.464100864	1.46144575E-5	0.0
221.46605056	-5.6943496E-5	0.0
221.468000256	3.46088E-5	0.0
221.469966336	-2.4449715E-5	0.0
221.471916032	-6.2593776E-5	0.0
221.473865728	-1.7899025E-5	0.0
221.475831808	-2.883484E-5	0.0
221.477781504	-3.243623E-5	0.0
221.4797312	6.6843815E-5	0.0
221.48169728	3.0094334E-5	0.0
221.483646976	-6.8354366E-6	0.0
221.485596672	5.1094667E-5	0.0
221.487562752	1.8190227E-5	0.0
221.489512448	4.6891288E-5	0.0
221.491462144	3.601274E-5	0.0
221.49341184	6.542633E-5	0.0
221.49537792	1.1578142E-5	0.0
221.497327616	9.564346E-6	0.0
221.499277312	5.0279803E-5	0.0
221.501243392	4.7363133E-5	0.0
221.503193088	1.2467113E-4	0.0
221.505142784	3.9592862E-5	0.0
221.507108864	-1.3810555E-5	0.0
221.50905856	5.4229396E-5	0.0
221.511008256	-2.6829966E-6	0.0
221.512974336	-6.300393E-5	0.0
221.514924032	-2.9625722E-5	0.0
221.516873728	-4.080687E-5	0.0
221.518823424	4.3457007E-5	0.0
221.520789504	4.6027966E-5	0.0
221.5227392	5.7026493E-5	0.0
221.524688896	1.4007282E-4	0.0
221.526654976	1.0287494E-4	0.0
221.528604672	5.4684813E-5	0.0
221.530554368	4.3229764E-5	0.0
221.532520448	1.1341164E-5	0.0
221.534470144	9.145161E-5	0.0
221.53641984	-5.0772036E-5	0.0
221.53838592	-1.10456E-4	0.0
221.540335616	-7.4803225E-5	0.0
221.542285312	-1.7973676E-5	0.0
221.544235008	-2.8048644E-5	0.0
221.546201088	-6.6427645E-5	0.0
221.548150784	-3.98014E-6	0.0
221.55010048	-1.2290586E-5	0.0
221.55206656	6.5288E-5	0.0
221.554016256	1.0997971E-4	0.0
221.555965952	8.6415224E-5	0.0
221.557932032	4.8875485E-5	0.0
221.559881728	-4.506541E-6	0.0
221.561831424	2.6453692E-5	0.0
221.563797504	5.089644E-5	0.0
221.5657472	-1.3778017E-5	0.0
221.567696896	-7.0811875E-5	0.0
221.569646592	-2.1198126E-5	0.0
221.571612672	5.7862515E-5	0.0
221.573562368	9.107707E-6	0.0
221.575512064	1.9784244E-5	0.0
221.577478144	1.4155403E-4	0.0
221.57942784	7.556348E-5	0.0
221.581377536	3.9276983E-5	0.0
221.583343616	-2.3549512E-5	0.0
221.585293312	1.0014979E-4	0.0
221.587243008	1.3599165E-4	0.0
221.589209088	5.0195067E-6	0.0
221.591158784	2.7795159E-6	0.0
221.59310848	-2.0416113E-5	0.0
221.595058176	-7.506252E-5	0.0
221.597024256	-4.5302277E-5	0.0
221.598973952	-9.836143E-6	0.0
221.600923648	-8.137658E-6	0.0
221.602889728	8.7657E-5	0.0
221.604839424	6.7112516E-5	0.0
221.60678912	1.8986013E-5	0.0
221.6087552	5.6521032E-5	0.0
221.610704896	2.4606763E-5	0.0
221.612654592	5.5865177E-5	0.0
221.614620672	3.79698E-5	0.0
221.616570368	-4.463296E-5	0.0
221.618520064	6.822169E-6	0.0
221.62046976	-4.5394972E-5	0.0
221.62243584	1.87487E-5	0.0
221.624385536	5.092921E-6	0.0
221.626335232	-4.116043E-5	0.0
221.628301312	4.0493407E-5	0.0
221.630251008	2.8270091E-5	0.0
221.632200704	-3.2118154E-5	0.0
221.634166784	3.5983812E-6	0.0
221.63611648	9.955111E-5	0.0
221.638066176	7.3393414E-5	0.0
221.640032256	5.1976396E-5	0.0
221.641981952	2.705115E-5	0.0
221.643931648	-4.186649E-5	0.0
221.645881344	1.0786154E-5	0.0
221.647847424	9.319777E-5	0.0
221.64979712	1.3575698E-5	0.0
221.651746816	3.4414534E-6	0.0
221.653712896	-2.7910342E-5	0.0
221.655662592	-8.070644E-5	0.0
221.657612288	-9.617843E-6	0.0
221.659578368	5.943562E-5	0.0
221.661528064	2.3900806E-5	0.0
221.66347776	1.1410567E-4	0.0
221.66544384	5.2012965E-5	0.0
221.667393536	-3.1595915E-5	0.0
221.669343232	-3.7154834E-5	0.0
221.671309312	1.0069883E-4	0.0
221.673259008	3.0650215E-5	0.0
221.675208704	-3.6407084E-5	0.0
221.6771584	-3.3749147E-5	0.0
221.67912448	-3.2014923E-5	0.0
221.681074176	-4.1821742E-5	0.0
221.683023872	-2.413041E-5	0.0
221.684989952	-4.1948257E-5	0.0
221.686939648	-5.41515E-5	0.0
221.688889344	4.6898578E-5	0.0
221.690855424	4.8542115E-5	0.0
221.69280512	5.451649E-5	0.0
221.694754816	7.100555E-5	0.0
221.696720896	3.8466806E-5	0.0
221.698670592	-1.2450806E-7	0.0
221.700620288	4.3426564E-5	0.0
221.702569984	3.6263107E-5	0.0
221.704536064	1.5316427E-5	0.0
221.70648576	-3.3091015E-5	0.0
221.708435456	-9.0730886E-5	0.0
221.710401536	-8.7251996E-5	0.0
221.712351232	2.2914883E-6	0.0
221.714300928	2.4847814E-6	0.0
221.716267008	-1.29501805E-5	0.0
221.718216704	1.2942326E-5	0.0
221.7201664	-3.899763E-5	0.0
221.72213248	1.7964687E-5	0.0
221.724082176	5.4932254E-5	0.0
221.726031872	1.727075E-5	0.0
221.727981568	6.023864E-5	0.0
221.729947648	4.2610463E-6	0.0
221.731897344	1.13394155E-4	0.0
221.73384704	8.643005E-5	0.0
221.73581312	6.570296E-5	0.0
221.737762816	-3.940207E-5	0.0
221.739712512	5.370077E-6	0.0
221.741678592	5.273685E-6	0.0
221.743628288	1.1471404E-5	0.0
221.745577984	-6.72852E-5	0.0
221.747544064	3.6843807E-7	0.0
221.74949376	2.9976347E-5	0.0
221.751443456	5.8897753E-5	0.0
221.753393152	9.945195E-5	0.0
221.755359232	8.205965E-5	0.0
221.757308928	6.868866E-6	0.0
221.759258624	3.1474974E-5	0.0
221.761224704	1.5233511E-5	0.0
221.7631744	-9.562407E-6	0.0
221.765124096	6.290643E-5	0.0
221.767090176	6.9716814E-5	0.0
221.769039872	-7.067518E-6	0.0
221.770989568	9.936017E-6	0.0
221.772955648	-2.7455246E-5	0.0
221.774905344	-4.1769057E-5	0.0
221.77685504	-2.8696852E-5	0.0
221.778804736	1.1651583E-4	0.0
221.780770816	-1.2094797E-5	0.0
221.782720512	6.191828E-5	0.0
221.784670208	7.0148775E-7	0.0
221.786636288	1.2720671E-5	0.0
221.788585984	-3.0679297E-5	0.0
221.79053568	3.8499184E-5	0.0
221.79250176	1.2964565E-4	0.0
221.794451456	1.3790697E-4	0.0
221.796401152	8.527741E-5	0.0
221.798367232	-5.7072048E-6	0.0
221.800316928	2.3530809E-5	0.0
221.802266624	-7.745654E-5	0.0
221.80421632	-5.4058004E-5	0.0
221.8061824	-7.3722373E-7	0.0
221.808132096	4.2375013E-5	0.0
221.810081792	1.1267066E-5	0.0
221.812047872	-8.46748E-5	0.0
221.813997568	-2.4239418E-5	0.0
221.815947264	-7.1953065E-5	0.0
221.817913344	-5.289393E-5	0.0
221.81986304	1.615261E-5	0.0
221.821812736	-8.18551E-5	0.0
221.823778816	-2.8248878E-5	0.0
221.825728512	3.8682756E-6	0.0
221.827678208	3.341233E-5	0.0
221.829627904	5.724691E-5	0.0
221.831593984	1.6872667E-5	0.0
221.83354368	-1.5921849E-5	0.0
221.835493376	4.382517E-5	0.0
221.837459456	1.4128307E-5	0.0
221.839409152	-2.5057388E-5	0.0
221.841358848	-6.572184E-5	0.0
221.843324928	-3.2428678E-5	0.0
221.845274624	6.505083E-5	0.0
221.84722432	-1.4299405E-5	0.0
221.8491904	-4.302793E-5	0.0
221.851140096	4.6350573E-7	0.0
221.853089792	1.5522235E-5	0.0
221.855039488	-5.019297E-5	0.0
221.857005568	-5.6791334E-5	0.0
221.858955264	4.6376063E-6	0.0
221.86090496	7.977838E-6	0.0
221.86287104	2.9016284E-5	0.0
221.864820736	4.4531476E-5	0.0
221.866770432	3.392588E-5	0.0
