220.033335296	2.6388874E-4	1.197501262595324E-7
220.0313856	5.6084442E-5	5.408111292126705E-8
220.029435904	1.7644669E-4	2.3381826252943938E-8
220.027469824	2.2405147E-4	0.0
220.025520128	3.1959423E-4	0.0
220.023570432	1.6166472E-5	0.0
220.021604352	4.6366644E-5	0.0
220.019654656	2.5484344E-4	0.0
220.01770496	1.3614702E-4	0.0
220.01573888	-3.9329992E-5	0.0
220.013789184	-8.066069E-5	0.0
220.011839488	1.5996566E-6	0.0
220.009889792	-2.5613619E-5	0.0
220.007923712	1.9021821E-4	0.0
220.005974016	7.876421E-5	0.0
220.00402432	4.2776745E-5	0.0
220.00205824	-3.394759E-5	0.0
220.000108544	-2.4086323E-4	0.0
219.998158848	-1.0482362E-4	0.0
219.996192768	1.889168E-4	0.0
219.994243072	1.0713422E-4	0.0
219.992293376	1.0186701E-4	0.0
219.99034368	1.413782E-4	0.0
219.9883776	-1.1151517E-5	0.0
219.986427904	-1.9058301E-5	0.0
219.984478208	6.2064146E-6	0.0
219.982512128	8.2410865E-5	0.0
219.980562432	3.1480005E-5	0.0
219.978612736	-1.02058875E-4	0.0
219.976646656	-2.2495842E-5	0.0
219.97469696	1.4190614E-5	0.0
219.972747264	1.7548545E-4	0.0
219.970797568	-3.9405284E-5	0.0
219.968831488	1.7633691E-4	0.0
219.966881792	2.1559157E-4	0.0
219.964932096	1.4697277E-4	0.0
219.962966016	3.2142567E-4	0.0
219.96101632	3.2696017E-4	0.0
219.959066624	3.6397157E-4	0.0
219.957100544	6.097043E-4	0.0
219.955150848	7.537997E-4	0.0
219.953201152	8.170863E-4	0.0
219.951251456	9.0051314E-4	0.0
219.949285376	9.608454E-4	0.0
219.94733568	9.560598E-4	0.0
219.945385984	9.6750003E-4	0.0
219.943419904	9.862359E-4	0.0
219.941470208	7.983099E-4	0.0
219.939520512	8.075966E-4	0.0
219.937554432	7.1121193E-4	0.0
219.935604736	6.8867183E-4	0.0
219.93365504	3.4781796E-4	0.0
219.931705344	2.0740286E-4	0.0
219.929739264	3.022062E-4	0.0
219.927789568	3.1727034E-4	0.0
219.925839872	4.0746923E-4	0.0
219.923873792	1.1357414E-4	0.0
219.921924096	5.2945536E-5	0.0
219.9199744	1.9659218E-4	0.0
219.91800832	2.348178E-4	0.0
219.916058624	2.4393084E-4	0.0
219.914108928	2.724653E-4	0.0
219.912159232	1.0242394E-4	0.0
219.910193152	1.12256144E-4	0.0
219.908243456	2.691968E-4	0.0
219.90629376	9.851736E-5	0.0
219.90432768	1.0210531E-4	0.0
219.902377984	1.2908078E-4	0.0
219.900428288	8.546467E-5	0.0
219.898462208	1.2923568E-4	0.0
219.896512512	-5.3517673E-5	0.0
219.894562816	5.4117198E-5	0.0
219.892596736	-1.4859802E-4	0.0
219.89064704	5.6539364E-5	0.0
219.888697344	-1.0742897E-4	0.0
219.886747648	-6.325724E-6	0.0
219.884781568	-5.448098E-6	0.0
219.882831872	7.774532E-5	0.0
219.880882176	-5.916568E-5	0.0
219.878916096	-1.2530677E-4	0.0
219.8769664	-6.901145E-5	0.0
219.875016704	2.4708515E-7	0.0
219.873050624	-9.8562195E-5	0.0
219.871100928	-1.23994605E-5	0.0
219.869151232	2.1681743E-4	0.0
219.867201536	8.865419E-5	0.0
219.865235456	7.47315E-5	0.0
219.86328576	3.5988916E-5	0.0
219.861336064	8.160344E-5	0.0
219.859369984	-3.352564E-5	0.0
219.857420288	-1.1762928E-4	0.0
219.855470592	1.9416033E-4	0.0
219.853504512	1.3072725E-4	0.0
219.851554816	1.297057E-4	0.0
219.84960512	-2.5961352E-5	0.0
219.847655424	9.272506E-5	0.0
219.845689344	-6.3856925E-5	0.0
219.843739648	-2.1486958E-5	0.0
219.841789952	-1.1772029E-4	0.0
219.839823872	1.1136458E-5	0.0
219.837874176	9.180331E-5	0.0
219.83592448	1.1046323E-5	0.0
219.8339584	-1.6992261E-4	0.0
219.832008704	-1.3344223E-4	0.0
219.830059008	4.7585425E-5	0.0
219.828109312	-1.1366557E-4	0.0
219.826143232	-6.9574606E-5	0.0
219.824193536	-2.4201894E-4	0.0
219.82224384	-1.9424428E-5	0.0
219.82027776	-1.241453E-4	0.0
219.818328064	7.819526E-5	0.0
219.816378368	2.7947615E-5	0.0
219.814412288	-2.8442946E-6	0.0
219.812462592	1.5879469E-4	0.0
219.810512896	1.5228067E-4	0.0
219.8085632	2.9122568E-4	0.0
219.80659712	1.95108E-4	0.0
219.804647424	2.1980598E-4	0.0
219.802697728	3.5373477E-4	0.0
219.800731648	2.4432398E-4	0.0
219.798781952	3.717456E-4	0.0
219.796832256	1.6723422E-4	0.0
219.794866176	1.7823582E-4	0.0
219.79291648	1.7886772E-4	0.0
219.790966784	2.2419041E-4	0.0
219.789017088	2.0522415E-4	0.0
219.787051008	1.5587977E-4	0.0
219.785101312	2.0521606E-4	0.0
219.783151616	2.7403625E-4	0.0
219.781185536	8.32529E-5	0.0
219.77923584	1.8019968E-4	0.0
219.777286144	-8.118968E-5	7.730417195261907E-8
219.775320064	-1.8523494E-4	1.754684859633926E-7
219.773370368	6.457298E-5	3.8123991430438764E-7
219.771420672	-8.2820225E-5	7.928592253847455E-7
219.769454592	6.396064E-5	1.5782914033479756E-6
219.767504896	5.7175923E-5	3.00722263091302E-6
219.7655552	5.2909245E-6	5.484297616931144E-6
219.763605504	4.277433E-5	9.572810085956007E-6
219.761639424	1.0294263E-4	1.5992007320164703E-5
219.759689728	7.231969E-5	2.5567651391611435E-5
219.757740032	9.8265235E-5	3.911851308657788E-5
219.755773952	6.948911E-5	5.727449388359673E-5
219.753824256	-1.9956766E-5	8.02457143436186E-5
219.75187456	9.682154E-5	1.075906038749963E-4
219.74990848	2.772247E-4	1.3805397611577064E-4
219.747958784	3.8849522E-4	1.695504761300981E-4
219.746009088	2.5780272E-4	1.9933943985961378E-4
219.744059392	2.769921E-4	2.2439280292019248E-4
219.742093312	2.821696E-4	2.419902157271281E-4
219.740143616	3.3792754E-4	2.4995673447847366E-4
219.73819392	4.9600104E-4	2.474278735462576E-4
219.73622784	4.898389E-4	2.3486743157263845E-4
219.734278144	3.6957866E-4	2.1406874293461442E-4
219.732328448	1.9748812E-4	1.8787688168231398E-4
219.730362368	2.99696E-4	1.5974287816789E-4
219.728412672	3.2176083E-4	1.3322442828211933E-4
219.726462976	3.6035775E-4	1.1152643128298223E-4
219.72451328	2.2611103E-4	9.716088243294507E-5
219.7225472	1.9417005E-4	9.173188300337642E-5
219.720597504	2.4122279E-4	9.583413338987157E-5
219.718647808	2.8464128E-4	1.0901945643126965E-4
219.716681728	1.9196956E-4	1.2982095358893275E-4
219.714732032	3.2017514E-4	1.5584431821480393E-4
219.712782336	4.091991E-4	1.8396314408164471E-4
219.710816256	3.5647163E-4	2.107099280692637E-4
219.70886656	2.9835018E-4	2.3253880499396473E-4
219.706916864	2.9567466E-4	2.4656657478772104E-4
219.704967168	2.8880028E-4	2.5091919815167785E-4
219.703001088	2.0415348E-4	2.4509348440915346E-4
219.701051392	1.3909524E-4	2.3001722001936287E-4
219.699101696	2.517932E-4	2.081264537991956E-4
219.697135616	1.5580072E-4	1.826075604185462E-4
219.69518592	1.523199E-4	1.5720636292826384E-4
219.693236224	-4.7105692E-5	1.3556859630625695E-4
219.691270144	9.441433E-5	1.2074391997884959E-4
219.689320448	2.628347E-4	1.1480061220936477E-4
219.687370752	2.4234474E-4	1.1858536163344979E-4
219.685421056	2.266413E-4	1.3162718096282333E-4
219.683454976	1.951335E-4	1.5218502085190266E-4
219.68150528	2.2541982E-4	1.7744286742527038E-4
219.679555584	2.4165364E-4	2.038520178757608E-4
219.677589504	2.59838E-4	2.2760451247449964E-4
219.675639808	4.3815363E-4	2.4518108693882823E-4
219.673690112	5.227865E-4	2.5388511130586267E-4
219.671724032	4.122969E-4	2.52255005761981E-4
219.669774336	2.8241525E-4	2.402631362201646E-4
219.66782464	3.9104716E-4	2.192525425925851E-4
219.665874944	2.0953448E-4	1.915892498800531E-4
219.663908864	1.4316698E-4	1.6034212603699416E-4
219.661959168	1.6070309E-4	1.2844869343098253E-4
219.660009472	1.7759763E-4	9.848099580267444E-5
219.658043392	1.2766774E-4	7.225551962619647E-5
219.656093696	-2.7268463E-5	5.0729653594316915E-5
219.654144	8.594494E-5	3.408172415220179E-5
219.65217792	4.0736508E-5	2.191091698477976E-5
219.650228224	5.8632513E-6	1.348023670288967E-5
219.648278528	1.4290318E-4	7.936960173537955E-6
219.646328832	-1.704293E-4	4.472502951102797E-6
219.644362752	-1.4713313E-4	2.4121470687532565E-6
219.642413056	-5.2836876E-5	1.2451623661036137E-6
219.64046336	4.4527078E-5	6.152148444016348E-7
219.63849728	-1.21688216E-4	2.9094556452946563E-7
219.636547584	-3.3289958E-5	1.3169952239877603E-7
219.634597888	3.2937147E-5	5.706190009391321E-8
219.632631808	-2.7908485E-5	0.0
219.630682112	-4.212626E-5	0.0
219.628732416	6.430662E-5	0.0
219.626766336	3.0637275E-5	0.0
219.62481664	-5.204953E-5	0.0
219.622866944	-5.5779883E-6	0.0
219.620917248	-5.829719E-5	0.0
219.618951168	-1.1026546E-4	0.0
219.617001472	-7.204663E-5	0.0
219.615051776	1.7151854E-4	0.0
219.613085696	1.5703437E-4	0.0
219.611136	1.0991998E-4	0.0
219.609186304	4.5495857E-5	0.0
219.607220224	-3.0184638E-5	0.0
219.605270528	-9.721073E-5	0.0
219.603320832	-1.19477954E-4	0.0
219.601371136	6.659768E-5	0.0
219.599405056	-1.5430432E-4	0.0
219.59745536	-6.885478E-5	0.0
219.595505664	3.8624967E-5	0.0
219.593539584	-1.7347986E-5	0.0
219.591589888	3.530486E-5	0.0
219.589640192	-3.5223762E-5	0.0
219.587674112	-1.1697563E-5	0.0
219.585724416	1.3928243E-5	0.0
219.58377472	-5.184329E-7	0.0
219.581825024	1.0228564E-5	0.0
219.579858944	-1.929197E-4	0.0
219.577909248	-1.07154374E-4	0.0
219.575959552	-2.9380375E-4	0.0
219.573993472	9.1389746E-5	0.0
219.572043776	2.854496E-4	0.0
219.57009408	2.3499457E-4	0.0
219.568128	5.596126E-4	0.0
219.566178304	7.029468E-4	0.0
219.564228608	9.4541337E-4	0.0
219.562278912	0.0010870056	0.0
219.560312832	0.0011528534	0.0
219.558363136	0.0013675259	0.0
219.55641344	0.0014592942	0.0
219.55444736	0.0012447585	2.4541241927522606E-8
219.552497664	0.0012204201	5.611455122789266E-8
219.550547968	9.206347E-4	1.2280489158911223E-7
219.548581888	9.716891E-4	2.5722869168021134E-7
219.546632192	8.9054403E-4	5.156865086064499E-7
219.544682496	5.695002E-4	9.89486466096423E-7
219.5427328	1.9238924E-4	1.817152678995626E-6
219.54076672	8.413253E-5	3.193906877640984E-6
219.538817024	2.4824473E-4	5.372763553168625E-6
219.536867328	4.675943E-5	8.649914889247157E-6
219.534901248	-1.0682201E-4	1.3327669876161963E-5
219.532951552	2.7030293E-4	1.9652652554214E-5
219.531001856	2.7882028E-4	2.7752470487030223E-5
219.529035776	1.4696305E-4	3.749916504602879E-5
219.52708608	-2.4689543E-5	4.85093223687727E-5
219.525136384	4.7630216E-5	6.00945895712357E-5
219.523186688	1.4019228E-4	7.132779865060002E-5
219.521220608	1.0953051E-4	8.117688412312418E-5
219.519270912	1.5614653E-4	8.869617886375636E-5
219.517321216	1.5509495E-4	9.323372069047764E-5
219.515355136	-1.4750817E-5	9.459961438551545E-5
219.51340544	-1.1725486E-4	9.31451577343978E-5
219.511455744	-1.0175174E-4	8.972048090072349E-5
219.509489664	2.4033058E-4	8.551006612833589E-5
219.507539968	1.7195771E-4	8.17780673969537E-5
219.505590272	2.489693E-4	7.958319474710152E-5
219.503624192	-7.999922E-6	7.953338354127482E-5
219.501674496	-5.775621E-5	8.164278551703319E-5
219.4997248	2.5760476E-4	8.532815263606608E-5
219.497775104	2.257473E-4	8.954609802458435E-5
219.495809024	1.4647626E-4	9.303543629357591E-5
219.493859328	1.6674853E-4	9.460176079301164E-5
219.491909632	2.3561734E-4	9.337525261798874E-5
219.489943552	8.05837E-5	8.898005035007372E-5
219.487993856	-5.5292017E-5	8.158263517543674E-5
219.48604416	1.19460856E-4	7.181740511441603E-5
219.48407808	6.626336E-5	6.0621565353358164E-5
219.482128384	-3.6436926E-5	4.9028163630282506E-5
219.480178688	-1.2624724E-4	3.7972964491927996E-5
219.478228992	-1.9613538E-4	2.8157113774796017E-5
219.476262912	6.6128787E-6	1.9977145711891353E-5
219.474313216	7.873281E-5	1.3573654541687574E-5
219.47236352	-2.6616595E-5	8.856465683493298E-6
219.47039744	6.921114E-5	5.561033049161779E-6
219.468447744	9.882831E-5	3.4193556075479137E-6
219.466498048	1.10456014E-4	2.171595497202361E-6
219.464531968	7.453083E-5	1.6263345514744287E-6
219.462582272	-5.3392934E-5	1.6879688473636634E-6
219.460632576	-1.0678714E-4	2.3682141545577906E-6
219.45868288	-3.1290467E-5	3.7850395528948866E-6
219.4567168	-7.3683485E-5	6.1483938225137535E-6
219.454767104	8.5403204E-5	9.729210432851687E-6
219.452817408	4.958419E-5	1.4796399227634538E-5
219.450851328	5.3934746E-5	2.1591271433862858E-5
219.448901632	7.539731E-5	3.0151404644129798E-5
219.446951936	1.02818005E-4	4.032611832371913E-5
219.444985856	1.2377469E-4	5.160687578609213E-5
219.44303616	1.6933709E-6	6.323670822894201E-5
219.441086464	-7.1528695E-5	7.422431372106075E-5
219.439136768	1.1456891E-5	8.35084865684621E-5
219.437170688	-7.9258525E-6	9.015879186335951E-5
219.435220992	1.170925E-5	9.358210809295997E-5
219.433271296	1.5359413E-4	9.368074825033545E-5
219.431305216	4.6524474E-5	9.091469837585464E-5
219.42935552	6.498058E-5	8.624232577858493E-5
219.427405824	-6.0178754E-5	8.094396616797894E-5
219.425439744	7.5253476E-5	7.636434020241722E-5
219.423490048	2.0338652E-5	7.362979522440583E-5
219.421540352	1.4203333E-4	7.340542651945725E-5
219.419590656	1.5797697E-5	7.5751100666821E-5
219.417624576	1.3828038E-5	8.010769670363516E-5
219.41567488	2.5066774E-4	8.54179379530251E-5
219.413725184	7.743152E-5	9.035489347297698E-5
219.411759104	1.7369387E-4	9.360149124404415E-5
219.409809408	9.220026E-5	9.411908831680194E-5
219.407859712	2.321116E-4	9.134301944868639E-5
219.405893632	1.5318772E-4	8.526624151272699E-5
219.403943936	1.1327367E-4	7.639887917321175E-5
219.40199424	1.4853303E-4	6.56253396300599E-5
219.400044544	1.5745539E-4	5.400226291385479E-5
219.398078464	2.6789407E-4	4.255133535480127E-5
219.396128768	3.000548E-4	3.2080872188089415E-5
219.394179072	1.1895323E-4	2.316670179425273E-5
219.392212992	1.5852047E-4	1.6009813407436013E-5
219.390263296	1.6080687E-4	1.0587884389678948E-5
219.3883136	1.6258942E-4	6.700999165332178E-6
219.38634752	4.9987626E-5	4.05868058805936E-6
219.384397824	-2.8545015E-5	2.3526263248641044E-6
219.382448128	-3.627828E-6	1.3051296718913363E-6
219.380482048	1.10973306E-4	6.929249707354757E-7
219.378532352	-3.9018698E-5	3.5209376392231206E-7
219.376582656	-1.0979351E-4	1.7122702899996511E-7
219.37463296	-9.478993E-5	7.969548931896497E-8
219.37266688	-7.7823795E-5	3.550066551838427E-8
219.370717184	-7.979648E-5	0.0
219.368767488	1.6073982E-4	0.0
219.366801408	2.0779378E-4	0.0
219.364851712	4.0825915E-5	0.0
219.362902016	-3.173401E-5	0.0
219.360935936	-1.4106924E-5	0.0
219.35898624	6.089871E-5	0.0
219.357036544	3.237265E-5	0.0
219.355086848	8.648805E-5	0.0
219.353120768	1.7431047E-4	0.0
219.351171072	2.521149E-4	0.0
219.349221376	5.426816E-5	0.0
219.347255296	-5.7176956E-5	0.0
219.3453056	1.402726E-4	0.0
219.343355904	1.01103615E-4	0.0
219.341389824	1.1887396E-6	0.0
219.339440128	-4.2558713E-5	0.0
219.337490432	-8.6628694E-5	0.0
219.335540736	-5.7995327E-5	0.0
219.333574656	-1.7409046E-5	0.0
219.33162496	-7.8997175E-5	0.0
219.329675264	-5.8957354E-5	0.0
219.327709184	-6.328058E-5	0.0
219.325759488	-1.1928011E-4	0.0
219.323809792	-7.446923E-5	0.0
219.321843712	2.2127431E-5	0.0
219.319894016	1.1327932E-5	0.0
219.31794432	-1.8568222E-5	0.0
219.315994624	1.14281655E-4	0.0
219.314028544	7.8090634E-5	0.0
219.312078848	-1.5403118E-4	0.0
219.310129152	2.5464664E-4	0.0
219.308163072	-9.918534E-6	0.0
219.306213376	-2.2004424E-5	0.0
219.30426368	5.8461002E-5	0.0
219.3022976	-7.535308E-6	0.0
219.300347904	-1.4404336E-5	0.0
219.298398208	-2.02123E-4	0.0
219.296448512	7.467559E-5	0.0
219.294482432	-2.2937638E-5	0.0
219.292532736	2.2867891E-5	0.0
219.29058304	2.5141977E-5	0.0
219.28861696	4.778208E-5	0.0
219.286667264	2.8516071E-5	0.0
219.284717568	2.8718721E-5	0.0
219.282751488	-2.6120491E-5	0.0
219.280801792	-6.6666753E-6	0.0
219.278852096	3.4390854E-5	0.0
219.2769024	-5.25156E-5	0.0
219.27493632	6.28753E-5	0.0
219.272986624	1.2376683E-4	0.0
219.271036928	-8.036185E-6	0.0
219.269070848	3.213877E-5	0.0
219.267121152	6.852142E-7	0.0
219.265171456	-4.543461E-5	0.0
219.263205376	1.830479E-6	0.0
219.26125568	3.8539314E-5	0.0
219.259305984	7.8111065E-5	0.0
219.257356288	-4.0219842E-5	0.0
219.255390208	5.590004E-5	0.0
219.253440512	-1.0230824E-4	0.0
219.251490816	2.127525E-4	0.0
219.249524736	8.81642E-5	2.0466888628334345E-8
219.24757504	-2.9467898E-5	4.569422173972271E-8
219.245625344	-2.8349088E-5	9.76296377075414E-8
219.243659264	-6.166331E-5	2.2073383831866522E-7
219.241709568	-4.495454E-5	4.3826216256093176E-7
219.239759872	9.968885E-5	8.344009643224126E-7
219.237793792	1.1236313E-4	1.5236854551403667E-6
219.235844096	-1.2210326E-4	2.669327159310342E-6
219.2338944	-1.19257114E-4	4.487529622565489E-6
219.231944704	-1.6917045E-5	7.241567345772637E-6
219.229978624	2.4708417E-5	1.122014600696275E-5
219.228028928	1.9057322E-4	1.6696723832865246E-5
219.226079232	1.4818471E-4	2.3870270524639636E-5
219.224113152	-2.3754816E-5	3.27946909237653E-5
219.222163456	-9.5342904E-5	4.331085074227303E-5
219.22021376	-9.9236735E-5	5.499938197317533E-5
219.21824768	1.5023473E-4	6.717425276292488E-5
219.216297984	1.5620125E-4	7.892855501268059E-5
219.214348288	1.0167341E-4	8.923558198148385E-5
219.212398592	-1.5840697E-6	9.709050209494308E-5
219.210432512	-7.622809E-5	1.0166798165300861E-4
219.208482816	4.1408195E-5	1.0269317863276228E-4
219.20653312	-1.1214248E-4	9.989424142986536E-5
219.20456704	-5.689194E-6	9.385497833136469E-5
219.202617344	-4.1034342E-5	8.557448018109426E-5
219.200667648	-6.324871E-5	7.645380537724122E-5
219.198701568	-8.695693E-5	6.829507765360177E-5
219.196751872	8.635499E-5	6.318136001937091E-5
219.194802176	-1.059663E-4	6.340470281429589E-5
219.19285248	-4.6863694E-5	7.135594933060929E-5
219.1908864	-2.624647E-7	8.934325887821615E-5
219.188936704	2.3464207E-4	1.1929315951419994E-4
219.186987008	2.5369268E-4	1.6232553753070533E-4
219.185020928	3.327371E-4	2.182523749070242E-4
219.183071232	4.5068428E-4	2.851333993021399E-4
219.181121536	5.99134E-4	3.5905279219150543E-4
219.179155456	5.04036E-4	4.3427900527603924E-4
219.17720576	5.419849E-4	5.0386629300192E-4
219.175256064	6.8598066E-4	5.606203339993954E-4
219.173306368	5.656269E-4	5.982586881145835E-4
219.171340288	7.271727E-4	6.124346982687712E-4
219.169390592	6.601366E-4	6.01516047026962E-4
219.167440896	7.092797E-4	5.668498342856765E-4
219.165474816	6.489365E-4	5.125200259499252E-4
219.16352512	2.833673E-4	4.4460833305492997E-4
219.161575424	4.4447853E-4	3.7015276029706E-4
219.159609344	3.397169E-4	2.9602882568724453E-4
219.157659648	2.2089388E-4	2.2796566190663725E-4
219.155709952	1.7524313E-4	1.6992783639580011E-4
219.153760256	1.0038271E-4	1.239185658050701E-4
219.151794176	2.027888E-4	9.016843978315592E-5
219.14984448	3.6680768E-4	6.756547372788191E-5
219.147894784	3.4959038E-4	5.416913700173609E-5
219.145928704	1.582313E-4	4.767394420923665E-5
219.143979008	2.8468634E-4	4.576499850372784E-5
219.142029312	3.0825287E-4	4.635389632312581E-5
219.140063232	3.84197E-4	4.77203939226456E-5
219.138113536	4.289379E-4	4.858665124629624E-5
219.13616384	1.6163307E-4	4.814363273908384E-5
219.134214144	1.5150406E-4	4.603465276886709E-5
219.132248064	1.1283851E-4	4.221571725793183E-5
219.130298368	1.3099925E-4	3.723208646988496E-5
219.128348672	-1.529247E-5	3.1436858989764005E-5
219.126382592	-4.600414E-5	2.5401015591342002E-5
219.124432896	1.7928379E-4	1.9648936358862557E-5
219.1224832	-5.5827613E-6	1.455474557587877E-5
219.12051712	1.3228477E-4	1.0325730727345217E-5
219.118567424	4.4527515E-5	7.034437658148818E-6
219.116617728	1.2724742E-4	4.637907295546029E-6
219.114651648	5.737121E-5	3.0315929961943766E-6
219.112701952	-2.6559928E-6	2.098340928569087E-6
219.110752256	8.040247E-5	1.747336227708729E-6
219.10880256	2.1531094E-5	1.9394010450923815E-6
219.10683648	4.3497646E-5	2.696911678867764E-6
219.104886784	1.7540774E-4	4.098436420463258E-6
219.102937088	2.0704966E-4	6.257974291656865E-6
219.100971008	1.2265547E-4	9.289670742873568E-6
219.099021312	-1.21117315E-4	1.3260903870104812E-5
219.097071616	-1.0222299E-4	1.813608832890168E-5
219.095105536	1.19725235E-4	2.375746589677874E-5
219.09315584	1.728962E-4	2.978078009618912E-5
219.091206144	2.6884204E-4	3.5724297049455345E-5
219.089256448	-3.859422E-5	4.101065132999793E-5
219.087290368	-1.2440817E-5	4.5055752707412466E-5
219.085340672	7.199693E-5	4.73735635750927E-5
219.083390976	-1.9847366E-4	4.767184145748615E-5
219.081424896	-1.1947653E-4	4.59122566098813E-5
219.0794752	1.4155631E-5	4.23185047111474E-5
219.077525504	2.6375048E-5	3.732984259841032E-5
219.075559424	8.911281E-5	3.151322016492486E-5
219.073609728	3.7682963E-5	2.545797178754583E-5
219.071660032	-6.0779894E-5	1.968053766177036E-5
219.069710336	5.4187425E-5	1.455876827094471E-5
219.067744256	-5.115421E-5	1.0305721843906213E-5
219.06579456	-2.9004186E-5	6.980688340263441E-6
219.063844864	-1.4636539E-4	4.524657015281264E-6
219.061878784	-4.9355156E-5	2.806378688546829E-6
219.059929088	8.3746E-5	1.6656344996590633E-6
219.057979392	-4.8621214E-6	9.589733735992922E-7
219.056013312	-9.333285E-6	5.431164709079894E-7
219.054063616	-4.0561696E-5	3.293170891538466E-7
219.05211392	-8.519399E-5	2.596968045054382E-7
219.050164224	-4.588659E-5	3.1114635135054414E-7
219.048198144	1.5392539E-4	4.928390353597933E-7
219.046248448	2.0881294E-4	8.439449175057234E-7
219.044298752	1.0611727E-4	1.4254945881475578E-6
219.042332672	1.8403435E-4	2.33894252232858E-6
219.040382976	9.9377816E-5	3.6723172343045007E-6
219.03843328	2.0129379E-4	5.517314093594905E-6
219.0364672	1.0321114E-4	7.931921572890133E-6
219.034517504	2.393056E-4	1.0911749086517375E-5
219.032567808	1.15149356E-4	1.4364045455295127E-5
219.030618112	7.154888E-5	1.8093811377184466E-5
219.028652032	2.3190449E-5	2.1810348698636517E-5
219.026702336	9.481442E-5	2.515837513783481E-5
219.02475264	1.336044E-4	2.7771484383265488E-5
219.02278656	7.69323E-5	2.9337314117583446E-5
219.020836864	-4.11055E-5	2.9658620405825786E-5
219.018887168	4.7415342E-5	2.869406307581812E-5
219.016921088	6.702271E-5	2.6566905944491737E-5
219.014971392	-1.0265347E-4	2.353912714170292E-5
219.013021696	-5.712579E-5	1.9958684788434766E-5
219.011072	6.43242E-5	1.6194080671994016E-5
219.00910592	-2.2785648E-4	1.2573477761179674E-5
219.007156224	-8.6149004E-5	9.341641089122277E-6
219.005206528	-7.098882E-5	6.64137041894719E-6
219.003240448	-9.5242205E-5	4.518087280303007E-6
219.001290752	-2.6688336E-5	2.9411442028504098E-6
218.999341056	-7.2362025E-5	1.832080670283176E-6
218.997374976	-1.474368E-4	1.0920487056864658E-6
218.99542528	-2.898553E-5	6.228937081687036E-7
218.993475584	8.2576145E-5	3.3998273352153774E-7
218.991525888	1.4795229E-4	1.7757223247372167E-7
218.989559808	-8.920961E-8	8.875028356669645E-8
218.987610112	1.8210587E-4	4.244647655582412E-8
218.985660416	2.5120174E-4	1.942635563523254E-8
218.983694336	8.4121704E-5	8.50792147844004E-9
218.98174464	5.985496E-5	0.0
218.979794944	4.0481267E-5	0.0
218.977828864	8.3088256E-5	0.0
218.975879168	5.203968E-5	0.0
218.973929472	1.0506034E-4	0.0
218.971963392	-4.022505E-5	0.0
218.970013696	-6.226634E-5	0.0
218.968064	7.657112E-5	0.0
218.966114304	1.12581234E-4	0.0
218.964148224	3.0094932E-4	0.0
218.962198528	1.4578376E-4	0.0
218.960248832	-8.118316E-6	0.0
218.958282752	-1.8684723E-6	0.0
218.956333056	4.0718347E-5	0.0
218.95438336	-9.734787E-5	0.0
218.95241728	1.1042994E-4	0.0
218.950467584	4.2728665E-5	0.0
218.948517888	-9.576849E-5	0.0
218.946568192	7.826683E-6	0.0
218.944602112	4.0043982E-5	9.940650080864089E-9
218.942652416	-3.6987192E-5	2.2151642298240404E-8
218.94070272	-9.2911134E-5	4.7234085087666244E-8
218.93873664	-1.0111713E-4	9.637508924242866E-8
218.936786944	8.8554305E-5	1.8816110980424128E-7
218.934837248	6.842627E-5	3.515212085858366E-7
218.932871168	1.099584E-4	6.283925699790416E-7
218.930921472	-3.9203158E-5	1.0748873364718747E-6
218.928971776	1.2274913E-4	1.7593329175724648E-6
218.92702208	4.3793225E-5	2.7553944619285176E-6
218.925056	-1.3517382E-4	4.129237822780851E-6
218.923106304	4.4627166E-5	5.9211079133092426E-6
218.921156608	3.0630903E-4	8.124276973831002E-6
218.919190528	1.1595542E-5	1.0666369234968442E-5
218.917240832	1.0408868E-4	1.3399937415670138E-5
218.915291136	1.4126062E-4	1.6108226191136055E-5
218.913325056	2.8984173E-4	1.8529277440393344E-5
218.91137536	4.532314E-4	2.0395844330778345E-5
218.909425664	4.9400574E-4	2.1483405362232588E-5
218.907475968	6.8119145E-4	2.1654388547176495E-5
218.905509888	6.181273E-4	2.0886740458081476E-5
218.903560192	5.075916E-4	1.9278577383374795E-5
218.901610496	5.452086E-4	1.7027627109200694E-5
218.899644416	6.424285E-4	1.4391350305231754E-5
218.89769472	4.9500423E-4	1.1638858268270269E-5
218.895745024	5.6746945E-4	9.215626050718129E-6
218.893778944	4.374173E-4	7.141355126805138E-6
218.891829248	2.4524034E-4	5.746313945564907E-6
218.889879552	2.6341184E-4	5.375211912905797E-6
218.887929856	2.4551357E-4	6.3962029344111215E-6
218.885963776	5.0451163E-5	9.509747542324476E-6
218.88401408	2.4407526E-4	1.5746507415315136E-5
218.882064384	1.4982326E-4	2.657362347235903E-5
218.880098304	8.986296E-5	4.390089452499524E-5
218.878148608	-5.500619E-5	6.99575393809937E-5
218.876198912	2.3430526E-5	1.0699482663767412E-4
218.874232832	6.337952E-5	1.5680657816119492E-4
218.872283136	3.5842275E-4	2.201194001827389E-4
218.87033344	4.288127E-4	2.9598691617138684E-4
218.868383744	4.3677288E-4	3.813680959865451E-4
218.866417664	6.2621E-4	4.71088889753446E-4
218.864467968	5.300148E-4	5.582476733252406E-4
218.862518272	5.688901E-4	6.350948824547231E-4
218.860552192	8.4316323E-4	6.941670435480773E-4
218.858602496	7.2402717E-4	7.29452061932534E-4
218.8566528	6.6151517E-4	7.373380940407515E-4
218.85468672	7.1790896E-4	7.171631441451609E-4
218.852737024	6.499399E-4	6.712803151458502E-4
218.850787328	4.1584717E-4	6.04641274549067E-4
218.848821248	4.583373E-4	5.239800084382296E-4
218.846871552	5.9400836E-4	4.3675812776200473E-4
218.844921856	2.3338525E-4	3.5007481346838176E-4
218.84297216	2.1630625E-4	2.697603777050972E-4
218.84100608	2.1266018E-4	1.998132502194494E-4
218.839056384	1.236152E-4	1.4225287304725498E-4
218.837106688	-5.9338003E-5	9.733498154673725E-5
218.835140608	2.0593702E-4	6.400888378266245E-5
218.833190912	5.1433446E-5	4.04538368456997E-5
218.831241216	2.9910057E-5	2.4569999368395656E-5
218.829275136	7.2029006E-6	1.433926445315592E-5
218.82732544	8.517078E-5	8.040151442401111E-6
218.825375744	1.16131145E-4	4.330413958086865E-6
218.823426048	2.1363422E-4	2.239898094558157E-6
218.821459968	1.351593E-4	1.1123626109110774E-6
218.819510272	1.12871574E-4	4.4285710032454517E-7
218.817560576	1.0769441E-4	2.0716457527214516E-7
218.815594496	1.8935523E-4	9.272927314896151E-8
218.8136448	1.5515927E-4	0.0
218.811695104	1.2844626E-4	0.0
218.809729024	-1.994261E-4	0.0
218.807779328	-1.5384534E-4	0.0
218.805829632	6.3538166E-5	0.0
218.803879936	-1.5712138E-4	0.0
218.801913856	-1.9670575E-4	0.0
218.79996416	2.1665386E-4	0.0
218.798014464	1.9231043E-4	0.0
218.796048384	6.4206826E-5	0.0
218.794098688	1.4686951E-5	0.0
218.792148992	1.1429644E-4	0.0
218.790182912	2.0687432E-5	0.0
218.788233216	-1.1624519E-4	0.0
218.78628352	1.061618E-4	0.0
218.784333824	-8.217665E-5	0.0
218.782367744	-5.6588593E-5	0.0
218.780418048	-2.1835709E-5	0.0
218.778468352	3.6521284E-5	0.0
218.776502272	2.0902218E-5	0.0
218.774552576	2.1647074E-6	0.0
218.77260288	9.033325E-5	0.0
218.7706368	1.2779818E-4	0.0
218.768687104	1.15878875E-5	0.0
218.766737408	8.098079E-5	0.0
218.764787712	1.1355039E-4	0.0
218.762821632	1.435969E-4	0.0
218.760871936	3.0752068E-4	0.0
218.75892224	2.451355E-4	0.0
218.75695616	1.4036277E-4	0.0
218.755006464	3.0716916E-4	0.0
218.753056768	4.2183476E-4	0.0
218.751090688	2.9428513E-4	0.0
218.749140992	5.0832727E-4	0.0
218.747191296	1.8177385E-4	0.0
218.7452416	3.972023E-5	0.0
218.74327552	-8.5027255E-5	0.0
218.741325824	1.374628E-4	0.0
218.739376128	1.86575E-4	0.0
218.737410048	2.3989164E-4	0.0
218.735460352	2.3909967E-4	0.0
218.733510656	2.1591946E-4	0.0
218.731544576	2.0539085E-4	0.0
218.72959488	1.2792449E-4	0.0
218.727645184	-6.6347775E-6	0.0
218.725679104	-4.8940456E-5	0.0
218.723729408	9.7756994E-5	0.0
218.721779712	1.5344919E-4	0.0
218.719830016	1.1768401E-4	0.0
218.717863936	-1.5821839E-5	6.276973607555192E-8
218.71591424	1.0129058E-5	1.4323565267204685E-7
218.713964544	8.938033E-5	3.1273094691641745E-7
218.711998464	-1.0651744E-4	6.532884526677663E-7
218.710048768	-2.4228102E-5	1.3057185697107343E-6
218.708099072	-1.15585055E-4	2.4968926481960807E-6
218.706132992	-7.794885E-6	4.568201347865397E-6
218.704183296	-1.5608071E-5	7.996080967132002E-6
218.7022336	-2.8776565E-5	1.3389946616371162E-5
218.700283904	1.2054096E-4	2.1450254280352965E-5
218.698317824	7.057547E-5	3.2871579605853185E-5
218.696368128	1.2259581E-4	4.8186895583057776E-5
218.694418432	6.37503E-5	6.757007940905169E-5
218.692452352	-1.0223222E-5	9.06369459698908E-5
218.690502656	1.6028847E-4	1.1630751396296546E-4
218.68855296	2.6779855E-4	1.42792850965634E-4
218.68658688	7.075516E-5	1.6774954565335065E-4
218.684637184	1.3394642E-4	1.885982055682689E-4
218.682687488	2.8100284E-4	2.0295340800657868E-4
218.680737792	1.386787E-4	2.0906572171952575E-4
218.678771712	3.4587276E-5	2.061659615719691E-4
218.676822016	1.8482248E-4	1.9462073396425694E-4
218.67487232	2.902596E-4	1.7585829482413828E-4
218.67290624	1.3224373E-4	1.5208323020488024E-4
218.670956544	1.6531895E-4	1.2585717195179313E-4
218.669006848	9.848849E-5	9.96534145087935E-5
218.667040768	1.0036554E-4	7.548680150648579E-5
218.665091072	2.5372911E-4	5.469957977766171E-5
218.663141376	-4.0162187E-5	3.791533163166605E-5
218.66119168	-1.9601348E-4	2.513980507501401E-5
218.6592256	-4.1685103E-5	1.594556488271337E-5
218.657275904	-8.2533115E-5	9.675227374827955E-6
218.655326208	6.379643E-5	5.616279850073624E-6
218.653360128	8.9499365E-5	3.119004077234422E-6
218.651410432	-3.5438024E-5	1.6571929108977201E-6
218.649460736	1.6810744E-5	8.424347583968483E-7
218.647494656	6.9438183E-6	4.09740096074529E-7
218.64554496	-4.1383035E-5	1.9067357470703428E-7
218.643595264	6.235437E-5	8.489704583780622E-8
218.641645568	-1.3696542E-4	0.0
218.639679488	-5.3790345E-6	0.0
218.637729792	-6.872364E-5	0.0
218.635780096	-1.0376445E-4	0.0
218.633814016	1.00490746E-4	0.0
218.63186432	-3.5255136E-5	0.0
218.629914624	-1.26287405E-5	0.0
218.627948544	-1.3024997E-4	0.0
218.625998848	-8.337729E-7	0.0
218.624049152	1.4323636E-4	0.0
218.622099456	-1.330101E-5	5.6070144083264495E-9
218.620133376	-9.2935E-5	1.2891301359729823E-8
218.61818368	-1.2025709E-5	2.8357243664345333E-8
218.616233984	5.6893907E-5	5.968047389615094E-8
218.614267904	7.044602E-5	1.201715207344023E-7
218.612318208	2.4304702E-4	2.3151092420903296E-7
218.610368512	2.1757494E-4	4.267182305284223E-7
218.608402432	1.8684386E-4	7.525057412749447E-7
218.606452736	1.4433952E-4	1.2696240219156607E-6
218.60450304	1.6844849E-4	2.0494373984547565E-6
218.602553344	-5.9951744E-5	3.1651120480091777E-6
218.600587264	6.152095E-5	4.676654953073012E-6
218.598637568	6.456687E-5	6.61108879285166E-6
218.596687872	-7.786716E-5	8.941338819568045E-6
218.594721792	1.0017014E-4	1.1569816706469283E-5
218.592772096	5.6118406E-5	1.4323502000479493E-5
218.5908224	1.2105074E-4	1.696588697086554E-5
218.58885632	3.169092E-5	1.9227161828894168E-5
218.586906624	4.623079E-6	2.0848343410762027E-5
218.584956928	3.7769198E-5	2.16297157749068E-5
218.582990848	9.883069E-5	2.1471152649610303E-5
218.581041152	1.305911E-4	2.039317405433394E-5
218.579091456	1.2164312E-4	1.853256981121376E-5
218.57714176	-1.2950716E-5	1.6113956007757224E-5
218.57517568	7.3994735E-5	1.3405337085714564E-5
218.573225984	1.6876397E-4	1.0669791663531214E-5
218.571276288	8.564168E-5	8.125143722281791E-6
218.569310208	8.922023E-5	5.9196986512688454E-6
218.567360512	1.8185237E-4	4.1262892409577034E-6
218.565410816	1.2526324E-4	2.751764668573742E-6
218.563444736	3.547247E-5	1.7557201772433473E-6
218.56149504	-4.4309338E-5	1.071749238690245E-6
218.559545344	-4.1531028E-5	6.259320457502326E-7
218.557595648	9.670329E-5	3.4975093399225443E-7
218.555629568	3.302446E-5	1.8697755876928568E-7
218.553679872	4.3077824E-5	9.56356487336052E-8
218.551730176	-2.6818661E-6	4.6800590070006365E-8
218.549764096	-6.1488017E-6	2.1912287095915417E-8
218.5478144	-4.983991E-5	9.815721568884328E-9
218.545864704	-2.138038E-5	0.0
218.543898624	-8.982511E-5	0.0
218.541948928	4.7091475E-5	0.0
218.539999232	-1.12623246E-4	0.0
218.538049536	-6.0711034E-5	0.0
218.536083456	-1.4893077E-5	0.0
218.53413376	-1.207043E-4	0.0
218.532184064	-1.3055763E-4	0.0
218.530217984	-6.7940106E-5	0.0
218.528268288	1.683589E-5	0.0
218.526318592	-2.1603306E-4	0.0
218.524352512	-1.748658E-4	0.0
218.522402816	-6.885891E-5	0.0
218.52045312	4.1867628E-5	0.0
218.518503424	3.7623475E-5	0.0
218.516537344	-4.6654524E-5	0.0
218.514587648	-1.2110914E-4	0.0
218.512637952	5.240528E-5	0.0
218.510671872	9.5508694E-5	0.0
218.508722176	-3.0047355E-5	0.0
218.50677248	-1.7509816E-4	0.0
218.5048064	2.2602541E-4	0.0
218.502856704	1.8910406E-4	0.0
218.500907008	-3.3391065E-5	0.0
218.498957312	-2.4407382E-5	0.0
218.496991232	-4.2219886E-5	4.086880522891079E-8
218.495041536	-1.4405151E-5	9.236683240487764E-8
218.49309184	7.4334115E-5	1.9971852793787548E-7
218.49112576	1.0201509E-4	4.131410094032617E-7
218.489176064	1.3583043E-4	8.176239134627394E-7
218.487226368	1.9413186E-4	1.5480295587622095E-6
218.485260288	2.0074146E-4	2.8039694370818324E-6
218.483310592	7.084858E-5	4.858778083871584E-6
218.481360896	1.8976221E-4	8.054394129430875E-6
218.4794112	2.0238024E-4	1.2772631635016296E-5
218.47744512	2.2821256E-4	1.9375813280930743E-5
218.475495424	2.3324933E-4	2.8116868634242564E-5
218.473545728	2.062234E-4	3.903009564965032E-5
218.471579648	3.896922E-4	5.182802487979643E-5
218.469629952	3.507185E-4	6.583835784113035E-5
218.467680256	3.411295E-4	8.00144043751061E-5
218.465714176	3.418313E-4	9.30392779991962E-5
218.46376448	3.2211526E-4	1.0351614764658734E-4
218.461814784	1.390056E-4	1.1021097452612594E-4
218.459848704	2.9806112E-4	1.1228910443605855E-4
218.457899008	5.91913E-4	1.094846666092053E-4
218.455949312	2.9723783E-4	1.0215569636784494E-4
218.453999616	2.523819E-4	9.121018229052424E-5
218.452033536	1.8554478E-4	7.792234828229994E-5
218.45008384	4.4595276E-4	6.369185575749725E-5
218.448134144	4.1396526E-4	4.980543235433288E-5
218.446168064	2.818422E-4	3.725764690898359E-5
218.444218368	2.399484E-4	2.666153886821121E-5
218.442268672	3.3401768E-4	1.8250724679091945E-5
218.440302592	2.844985E-4	1.195094137074193E-5
218.438352896	2.451954E-4	7.486145022994606E-6
218.4364032	7.245724E-5	4.486012585402932E-6
218.434453504	-2.2106113E-5	2.571658114902675E-6
218.432487424	1.376011E-5	1.4103518424235517E-6
218.430537728	1.4411646E-4	7.399614787573228E-7
218.428588032	2.667078E-4	3.7141825259823236E-7
218.426621952	8.069249E-5	1.7835813537203649E-7
218.424672256	2.5383715E-4	8.194079725853953E-8
218.42272256	1.3948372E-4	3.6015226356767016E-8
218.42075648	2.2811168E-5	0.0
218.418806784	4.1848274E-5	0.0
218.416857088	1.4282588E-4	0.0
218.414907392	1.08480155E-4	0.0
218.412941312	2.389514E-5	0.0
218.410991616	3.708261E-5	0.0
218.40904192	7.435906E-5	0.0
218.40707584	2.0461675E-4	0.0
218.405126144	2.4499826E-4	0.0
218.403176448	2.468659E-4	0.0
218.401210368	1.2428273E-4	0.0
218.399260672	1.3260188E-4	0.0
218.397310976	1.6603252E-4	0.0
218.39536128	2.194639E-4	0.0
218.3933952	1.9425439E-4	0.0
218.391445504	2.7966656E-4	0.0
218.389495808	1.6307499E-4	0.0
218.387529728	1.9970168E-5	0.0
218.385580032	-3.80622E-5	0.0
218.383630336	1.8860235E-5	0.0
218.381664256	-3.990526E-5	0.0
218.37971456	-4.3736136E-6	0.0
218.377764864	-7.579206E-5	0.0
218.375815168	7.578794E-5	3.235916778976389E-8
218.373849088	1.116314E-4	7.406696767020549E-8
218.371899392	1.1816702E-5	1.6218518794630654E-7
218.369949696	3.4453456E-5	3.3974578173001646E-7
218.367983616	4.4335487E-5	6.808474495301198E-7
218.36603392	-2.0349042E-4	1.305264959228225E-6
218.364084224	8.848588E-5	2.3938368940434884E-6
218.362118144	1.1374847E-5	4.1998227970907465E-6
218.360168448	1.3655756E-4	7.423116585414391E-6
218.358218752	3.4509714E-5	1.2175239135103766E-5
218.356269056	-9.416973E-5	1.926321601786185E-5
218.354302976	-1.2142948E-4	2.948353358078748E-5
218.35235328	-6.6369603E-6	4.380774771561846E-5
218.350403584	7.35358E-5	6.344378198264167E-5
218.348437504	1.6700366E-4	8.993461960926652E-5
218.346487808	-8.2209364E-5	1.2527099170256406E-4
218.344538112	1.4702487E-4	1.7194802057929337E-4
218.342572032	2.1601934E-4	2.3285606584977359E-4
218.340622336	1.4970079E-4	3.1088467221707106E-4
218.33867264	2.7334713E-4	4.081662045791745E-4
218.336722944	5.147225E-4	5.250376416370273E-4
218.334756864	5.567717E-4	6.589621189050376E-4
218.332807168	6.133248E-4	8.03803326562047E-4
218.330857472	5.9764367E-4	9.498498402535915E-4
218.328891392	6.2026165E-4	0.0010847551748156548
218.326941696	8.773019E-4	0.0011952666100114584
218.324992	0.0011619164	0.0012693414464592934
218.32302592	0.0011703629	0.0012981388717889786
218.321076224	0.0011143183	0.0012775097275152802
218.319126528	0.0011262839	0.0012087322538718581
218.317160448	8.635742E-4	0.001098414184525609
218.315210752	8.013586E-4	9.575518779456615E-4
218.313261056	8.015651E-4	7.998227374628186E-4
218.31131136	9.4577146E-4	6.39410805888474E-4
218.30934528	5.39473E-4	4.888038383796811E-4
218.307395584	4.0892366E-4	3.5710344673134387E-4
218.305445888	2.2730074E-4	2.4924526223912835E-4
218.303479808	1.2993533E-4	1.6619102098047733E-4
218.301530112	9.4558454E-5	1.058739799191244E-4
218.299580416	1.08344475E-5	6.443789607146755E-5
218.297614336	1.379514E-4	3.750291944015771E-5
218.29566464	4.7872796E-5	2.086809945467394E-5
218.293714944	-1.2717035E-4	1.1104210898338351E-5
218.291765248	-2.6071568E-5	5.6512017181375995E-6
218.289799168	-1.1659013E-4	2.750971589193796E-6
218.287849472	-4.987355E-6	1.2810062344215112E-6
218.285899776	1.4683284E-4	5.706239107894362E-7
218.283933696	-2.2779546E-5	0.0
218.281984	-8.704837E-5	0.0
218.280034304	-5.495418E-5	0.0
218.278068224	-4.63799E-5	0.0
218.276118528	-1.276978E-4	0.0
218.274168832	-1.1243746E-6	0.0
218.272219136	2.335861E-5	0.0
218.270253056	-1.2745697E-4	0.0
218.26830336	8.556281E-5	0.0
218.266353664	-6.285036E-7	0.0
218.264387584	-1.2782763E-4	0.0
218.262437888	-7.238534E-5	0.0
218.260488192	-8.484926E-5	0.0
218.258522112	9.318321E-5	0.0
218.256572416	-3.6843623E-5	0.0
218.25462272	2.224865E-6	0.0
218.252673024	-5.8185606E-6	0.0
218.250706944	5.932131E-5	0.0
218.248757248	9.852513E-5	0.0
218.246807552	-4.2121428E-5	0.0
218.244841472	2.0625761E-5	0.0
218.242891776	1.32640935E-5	0.0
218.24094208	-1.0514516E-4	0.0
218.238976	-5.5595803E-5	0.0
218.237026304	3.9345054E-5	0.0
218.235076608	-6.0610713E-5	0.0
218.233126912	9.636196E-5	0.0
218.231160832	2.0205777E-4	0.0
218.229211136	2.2788026E-4	0.0
218.22726144	2.4773146E-4	0.0
218.22529536	2.5042956E-4	0.0
218.223345664	2.2423355E-4	0.0
218.221395968	2.979735E-4	0.0
218.219429888	4.761566E-4	0.0
218.217480192	5.886061E-4	0.0
218.215530496	2.697113E-4	0.0
218.2135808	3.783597E-4	0.0
218.21161472	4.0650548E-4	0.0
218.209665024	3.4683646E-4	0.0
218.207715328	2.0856631E-4	0.0
218.205749248	1.300862E-4	0.0
218.203799552	1.8868712E-4	0.0
218.201849856	1.7497956E-4	0.0
218.199883776	-8.18476E-6	0.0
218.19793408	7.232976E-5	0.0
218.195984384	5.626928E-5	0.0
218.194018304	1.6136596E-4	0.0
218.192068608	1.4412758E-4	0.0
218.190118912	3.076894E-5	0.0
218.188169216	-1.3997872E-5	0.0
218.186203136	1.696773E-5	0.0
218.18425344	5.586302E-5	0.0
218.182303744	6.4910964E-5	0.0
218.180337664	-1.4748906E-4	0.0
218.178387968	-1.0009335E-4	0.0
218.176438272	1.24997105E-5	0.0
218.174472192	7.3740746E-5	0.0
218.172522496	1.1117645E-4	0.0
218.1705728	7.707465E-5	0.0
218.168623104	-8.501433E-5	0.0
218.166657024	-9.434741E-5	0.0
218.164707328	-1.5241362E-5	0.0
218.162757632	-2.0464326E-4	0.0
218.160791552	1.07022635E-4	0.0
