219.99607808	6.056231E-5	0.0
219.99804416	-5.9005422E-5	0.0
219.999993856	6.82197E-6	0.0
220.001943552	2.0412294E-6	0.0
220.003909632	-5.1085193E-5	0.0
220.005859328	-4.954854E-5	0.0
220.007809024	-2.9885556E-5	0.0
220.009775104	-7.9847145E-5	0.0
220.0117248	7.891373E-5	0.0
220.013674496	-3.0298976E-5	0.0
220.015624192	-1.5652618E-5	0.0
220.017590272	8.215767E-5	0.0
220.019539968	1.1848568E-4	0.0
220.021489664	1.2141897E-4	0.0
220.023455744	1.0764442E-4	0.0
220.02540544	1.1979224E-4	0.0
220.027355136	6.314088E-5	0.0
220.029321216	9.625929E-5	0.0
220.031270912	-6.221581E-6	4.3879666122847993E-8
220.033220608	1.5720696E-4	9.741320639022888E-8
220.035186688	3.1845764E-5	2.0702752578927175E-7
220.037136384	8.171328E-5	4.2120447574234277E-7
220.03908608	2.0006055E-4	8.203709285226068E-7
220.041035776	2.7030012E-5	1.5296054698410444E-6
220.043001856	-1.2458341E-4	2.7301634872856084E-6
220.044951552	8.379758E-5	4.664811058319174E-6
220.046901248	1.657388E-4	7.629693755006883E-6
220.048867328	2.4283747E-4	1.1945337973884307E-5
220.050817024	1.3644667E-4	1.7901911633089185E-5
220.05276672	9.368977E-5	2.5680559701868333E-5
220.0547328	1.6275485E-4	3.5262590245110914E-5
220.056682496	1.3314944E-4	4.634879587683827E-5
220.058632192	1.05834624E-4	5.831664748257026E-5
220.060598272	-1.9682539E-5	7.024335354799405E-5
220.062547968	1.9009231E-4	8.10045821708627E-5
220.064497664	1.6904483E-4	8.944169530877843E-5
220.06644736	2.5898503E-4	9.456404222873971E-5
220.06841344	1.4246645E-4	9.573848365107551E-5
220.070363136	1.8854387E-4	9.28166409721598E-5
220.072312832	3.1933334E-4	8.616543345851824E-5
220.074278912	2.1180575E-4	7.659215043531731E-5
220.076228608	2.2427528E-4	6.518481677630916E-5
220.078178304	1.6961095E-4	5.311118366080336E-5
220.080144384	1.9486545E-4	4.142584293731488E-5
220.08209408	3.0002737E-4	3.092994666076265E-5
220.084043776	1.387214E-5	2.2105197786004283E-5
220.086009856	7.781084E-5	1.5122171134862583E-5
220.087959552	1.944147E-4	9.902384590532165E-6
220.089909248	-4.2573865E-5	6.206951184140053E-6
220.091858944	2.7398815E-5	3.724242333191796E-6
220.093825024	4.3470794E-5	2.1390958409028826E-6
220.09577472	-7.892345E-6	1.1761483165173559E-6
220.097724416	3.1095235E-5	6.190701355990313E-7
220.099690496	-8.5388456E-5	3.1193644645099994E-7
220.101640192	-6.5407396E-5	1.5046924772832426E-7
220.103589888	-6.40708E-5	6.948400255168963E-8
220.105555968	-1.121667E-4	3.0716982735157217E-8
220.107505664	4.473268E-5	0.0
220.10945536	4.2892967E-5	0.0
220.11142144	-2.7144528E-5	0.0
220.113371136	1.8373555E-7	0.0
220.115320832	-7.7864766E-5	0.0
220.117270528	-4.397114E-5	0.0
220.119236608	-1.1047513E-4	0.0
220.121186304	1.1792002E-5	0.0
220.123136	-2.4618286E-5	0.0
220.12510208	1.00086065E-4	0.0
220.127051776	4.7472484E-5	0.0
220.129001472	2.787801E-5	0.0
220.130967552	8.989146E-5	0.0
220.132917248	1.9097835E-4	0.0
220.134866944	1.6905864E-6	0.0
220.136833024	4.3467768E-5	0.0
220.13878272	7.39666E-5	0.0
220.140732416	-9.144246E-6	0.0
220.142682112	1.3691376E-5	0.0
220.144648192	1.4970024E-5	0.0
220.146597888	1.2097109E-4	0.0
220.148547584	1.1040608E-4	0.0
220.150513664	-1.3822076E-5	0.0
220.15246336	-4.6104014E-5	0.0
220.154413056	-9.586409E-5	0.0
220.156379136	8.422855E-5	0.0
220.158328832	1.5195401E-4	0.0
220.160278528	4.2848642E-5	0.0
220.162244608	5.3419764E-5	0.0
220.164194304	-9.541951E-7	0.0
220.166144	8.4305735E-5	0.0
220.168093696	2.0247209E-4	0.0
220.170059776	2.1495618E-4	0.0
220.172009472	1.3346563E-4	0.0
220.173959168	3.19666E-4	0.0
220.175925248	1.5379355E-4	0.0
220.177874944	1.1543668E-4	0.0
220.17982464	5.3127358E-5	0.0
220.18179072	1.2712259E-4	0.0
220.183740416	1.0852059E-4	0.0
220.185690112	1.0398909E-4	0.0
220.187656192	8.822483E-5	0.0
220.189605888	-9.5983385E-5	0.0
220.191555584	-5.7318797E-5	0.0
220.19350528	-2.2389951E-5	0.0
220.19547136	7.6927885E-5	0.0
220.197421056	5.624857E-5	0.0
220.199370752	1.3970991E-4	0.0
220.201336832	2.7922494E-4	0.0
220.203286528	2.3840088E-4	0.0
220.205236224	1.746866E-4	0.0
220.207202304	2.2231264E-4	0.0
220.209152	3.1119812E-4	0.0
220.211101696	3.1833327E-4	0.0
220.213067776	1.18529395E-4	0.0
220.215017472	-2.7014288E-5	0.0
220.216967168	-9.418593E-5	0.0
220.218933248	-5.6538378E-5	0.0
220.220882944	9.793838E-5	0.0
220.22283264	1.0946678E-4	0.0
220.224782336	5.5955115E-5	0.0
220.226748416	-4.4967248E-5	0.0
220.228698112	-2.9467043E-5	0.0
220.230647808	4.7133977E-5	0.0
220.232613888	8.695238E-6	0.0
220.234563584	8.356126E-5	0.0
220.23651328	1.1157186E-4	0.0
220.23847936	1.3296698E-6	0.0
220.240429056	-9.193411E-5	0.0
220.242378752	7.1099E-5	0.0
220.244344832	-6.3831653E-6	0.0
220.246294528	-1.4922772E-4	0.0
220.248244224	-5.280913E-5	0.0
220.25019392	-1.6757982E-5	0.0
220.25216	-1.1089405E-4	0.0
220.254109696	-1.3352835E-4	0.0
220.256059392	-1.6186488E-4	0.0
220.258025472	-4.237625E-5	0.0
220.259975168	2.4586716E-5	0.0
220.261924864	3.571701E-5	0.0
220.263890944	1.4885241E-4	0.0
220.26584064	7.575934E-6	0.0
220.267790336	1.27384E-5	0.0
220.269756416	-1.4618915E-4	0.0
220.271706112	-1.7822316E-4	0.0
220.273655808	-5.929253E-5	0.0
220.275605504	-1.794651E-4	0.0
220.277571584	3.388801E-5	0.0
220.27952128	-3.4532215E-5	0.0
220.281470976	6.0869967E-5	0.0
220.283437056	-8.790757E-5	0.0
220.285386752	9.398456E-5	0.0
220.287336448	2.909904E-4	0.0
220.289302528	1.0013854E-4	0.0
220.291252224	-2.8840437E-5	0.0
220.29320192	-9.712443E-5	0.0
220.295168	8.255485E-5	0.0
220.297117696	2.474881E-4	0.0
220.299067392	4.3814685E-5	0.0
220.301017088	-7.258632E-5	0.0
220.302983168	2.3395642E-5	0.0
220.304932864	-2.3194993E-5	0.0
220.30688256	9.773791E-5	0.0
220.30884864	7.677873E-5	0.0
220.310798336	1.0125406E-4	0.0
220.312748032	-1.6067096E-4	0.0
220.314714112	-2.1182903E-4	0.0
220.316663808	-8.276457E-6	0.0
220.318613504	4.6482866E-5	0.0
220.320579584	-7.019928E-5	0.0
220.32252928	2.3933306E-5	0.0
220.324478976	-3.8364666E-5	0.0
220.326428672	-6.98994E-5	0.0
220.328394752	-1.3979078E-4	0.0
220.330344448	1.2186081E-7	0.0
220.332294144	1.6088601E-5	0.0
220.334260224	9.017147E-5	0.0
220.33620992	-4.266176E-5	0.0
220.338159616	1.4805426E-7	0.0
220.340125696	-5.219213E-5	0.0
220.342075392	-5.1380044E-5	0.0
220.344025088	-1.3463131E-4	0.0
220.345991168	-3.8717375E-5	0.0
220.347940864	-5.4684464E-5	0.0
220.34989056	-5.2365354E-5	0.0
220.351840256	3.6250804E-5	0.0
220.353806336	2.5022458E-5	0.0
220.355756032	-1.6018427E-6	0.0
220.357705728	1.4524133E-4	0.0
220.359671808	-7.951484E-5	0.0
220.361621504	-3.6919806E-5	0.0
220.3635712	1.5100563E-4	0.0
220.36553728	-1.2198751E-5	0.0
220.367486976	-7.208885E-5	2.8780503313896588E-8
220.369436672	4.7927115E-5	1.0634804681330934E-7
220.371402752	4.2155418E-5	2.3270041538125952E-7
220.373352448	2.2682012E-4	4.875735726272978E-7
220.375302144	3.5403075E-4	9.782626193555188E-7
220.37725184	2.9272994E-4	1.8794816014633398E-6
220.37921792	6.574469E-4	3.457642833382124E-6
220.381167616	7.986267E-4	6.090759598009754E-6
220.383117312	9.13145E-4	1.0273012776451651E-5
220.385083392	0.0012013508	1.658987093833275E-5
220.387033088	0.0015374576	2.564991154940799E-5
220.388982784	0.0016236673	3.7967762182233855E-5
220.390948864	0.0016968183	5.380488437367603E-5
220.39289856	0.0016785259	7.299766002688557E-5
220.394848256	0.0015451763	9.48195593082346E-5
220.396814336	0.0014181157	1.1793138401117176E-4
220.398764032	0.0014109093	1.4046179421711713E-4
220.400713728	0.0013860594	1.6023172065615654E-4
220.402663424	0.0012693235	1.7509196186438203E-4
220.404629504	0.0010083517	1.833005080698058E-4
220.4065792	8.514372E-4	1.8385332077741623E-4
220.408528896	6.1950565E-4	1.7668178770691156E-4
220.410494976	3.2615196E-4	1.6266637248918414E-4
220.412444672	3.6146276E-4	1.4346269017551094E-4
220.414394368	2.3540092E-4	1.2118594167986885E-4
220.416360448	7.0908776E-5	9.80326731223613E-5
220.418310144	8.3993364E-5	7.593434565933421E-5
220.42025984	-1.1778086E-4	5.631350359180942E-5
220.42222592	-3.7850634E-5	3.9982525777304545E-5
220.424175616	-1.8954094E-4	2.717720235523302E-5
220.426125312	-2.4402203E-4	1.768570473359432E-5
220.428075008	-1.2917728E-4	1.1018874829460401E-5
220.430041088	-1.8506018E-4	6.573077371285763E-6
220.431990784	-1.6337476E-4	3.754322506210883E-6
220.43394048	-1.2159282E-4	2.05325591196015E-6
220.43590656	-1.7472313E-4	1.0752557955129305E-6
220.437856256	-1.1715788E-4	5.391972308643744E-7
220.439805952	-8.130091E-5	2.589146390619135E-7
220.441772032	-2.46714E-5	1.1905243013643485E-7
220.443721728	-9.262E-5	5.242014822215424E-8
220.445671424	2.7810373E-5	0.0
220.447637504	-4.0182054E-5	0.0
220.4495872	-9.895631E-5	0.0
220.451536896	-8.437454E-5	0.0
220.453486592	5.6805326E-5	0.0
220.455452672	-5.3196356E-5	0.0
220.457402368	-2.1860087E-5	0.0
220.459352064	2.6284051E-5	0.0
220.461318144	9.064743E-5	0.0
220.46326784	1.4790334E-4	0.0
220.465217536	4.7473036E-6	0.0
220.467183616	3.3352295E-5	0.0
220.469133312	-4.118308E-5	0.0
220.471083008	-1.892577E-4	0.0
220.473049088	-1.6291699E-4	0.0
220.474998784	1.6621318E-5	0.0
220.47694848	-1.05847226E-4	0.0
220.478898176	-8.568633E-5	0.0
220.480864256	-3.3853077E-5	0.0
220.482813952	7.576309E-5	0.0
220.484763648	-1.9065043E-5	0.0
220.486729728	-1.5369864E-4	0.0
220.488679424	-6.714382E-5	0.0
220.49062912	6.092439E-5	0.0
220.4925952	1.11258676E-4	0.0
220.494544896	-2.7680708E-5	0.0
220.496494592	7.48882E-5	0.0
220.498460672	1.1237856E-4	0.0
220.500410368	9.097028E-5	0.0
220.502360064	-3.3455112E-6	0.0
220.504326144	6.134453E-5	0.0
220.50627584	5.0658015E-5	0.0
220.508225536	-5.395614E-6	0.0
220.510175232	-6.229142E-5	0.0
220.512141312	-2.9887535E-5	0.0
220.514091008	-3.9078E-5	0.0
220.516040704	5.230861E-5	0.0
220.518006784	-2.8153383E-5	0.0
220.51995648	-3.7590213E-5	0.0
220.521906176	3.4560657E-5	0.0
220.523872256	8.436831E-5	0.0
220.525821952	6.9189206E-5	0.0
220.527771648	-4.4461423E-5	0.0
220.529737728	1.0353481E-4	0.0
220.531687424	-3.7758025E-5	0.0
220.53363712	-1.2920238E-4	0.0
220.535586816	1.6783341E-4	0.0
220.537552896	9.573225E-5	0.0
220.539502592	1.6399748E-6	0.0
220.541452288	7.743895E-5	0.0
220.543418368	1.2751631E-4	0.0
220.545368064	1.5114952E-4	0.0
220.54731776	2.0911713E-4	0.0
220.54928384	2.213111E-5	0.0
220.551233536	1.800799E-4	0.0
220.553183232	2.3374095E-4	0.0
220.555149312	2.3720326E-4	0.0
220.557099008	2.6775122E-4	0.0
220.559048704	1.2387233E-4	0.0
220.5609984	1.2692093E-4	0.0
220.56296448	2.061575E-4	0.0
220.564914176	1.2112758E-4	0.0
220.566863872	1.2039201E-4	0.0
220.568829952	2.2851076E-4	0.0
220.570779648	2.702432E-4	0.0
220.572729344	4.1407486E-4	0.0
220.574695424	3.0090398E-4	0.0
220.57664512	2.556271E-4	0.0
220.578594816	2.636012E-4	0.0
220.580560896	2.966487E-4	0.0
220.582510592	2.456304E-4	0.0
220.584460288	2.4667341E-4	0.0
220.586409984	4.3204776E-4	0.0
220.588376064	2.2553961E-4	0.0
220.59032576	1.1762499E-4	0.0
220.592275456	1.5493133E-4	0.0
220.594241536	9.1243826E-5	0.0
220.596191232	1.7357571E-4	0.0
220.598140928	1.8169638E-4	0.0
220.600107008	7.598288E-5	0.0
220.602056704	4.0759744E-5	0.0
220.6040064	3.5942098E-6	0.0
220.60597248	9.539016E-5	0.0
220.607922176	2.3382745E-4	0.0
220.609871872	1.6227044E-4	0.0
220.611821568	1.0048965E-4	0.0
220.613787648	2.1086194E-5	0.0
220.615737344	-1.8182178E-5	0.0
220.61768704	1.658519E-4	0.0
220.61965312	2.0215291E-5	0.0
220.621602816	-7.332943E-5	0.0
220.623552512	5.1755345E-5	0.0
220.625518592	-4.558806E-5	0.0
220.627468288	-8.151456E-6	0.0
220.629417984	1.1150667E-4	0.0
220.631384064	1.5131972E-4	0.0
220.63333376	4.1407187E-5	0.0
220.635283456	1.3286094E-4	0.0
220.637233152	1.2707163E-4	0.0
220.639199232	2.128664E-4	0.0
220.641148928	3.4174835E-4	0.0
220.643098624	2.4731352E-4	0.0
220.645064704	1.17641466E-4	0.0
220.6470144	2.6061145E-5	0.0
220.648964096	1.5533442E-4	0.0
220.650930176	1.6262638E-4	0.0
220.652879872	1.9474892E-4	0.0
220.654829568	1.8038932E-4	0.0
220.656795648	2.2084074E-4	0.0
220.658745344	1.2756788E-4	0.0
220.66069504	-2.435932E-5	4.463570490997881E-8
220.662644736	1.8086575E-4	9.879290274739105E-8
220.664610816	1.5121727E-4	2.093809285952375E-7
220.666560512	5.5879125E-5	4.249204437201115E-7
220.668510208	3.1464174E-4	8.257358672381088E-7
220.670476288	2.5604968E-4	1.5364857972599566E-6
220.672425984	4.3657445E-4	2.7375997433409793E-6
220.67437568	2.9212458E-4	4.67038535134634E-6
220.67634176	2.5295495E-4	7.629105766682187E-6
220.678291456	1.6780809E-4	1.1932138477277476E-5
220.680241152	1.3195275E-4	1.7868209397420287E-5
220.682207232	2.1454343E-4	2.5618746803957038E-5
220.684156928	1.7004798E-4	3.516782453516498E-5
220.686106624	3.2733672E-4	4.622274718713015E-5
220.68805632	2.7749926E-4	5.817060446133837E-5
220.6900224	3.0284765E-4	7.010001718299463E-5
220.691972096	2.2284855E-4	8.089662878774107E-5
220.693921792	2.880487E-4	8.940794941736385E-5
220.695887872	4.9769477E-4	9.464196045883E-5
220.697837568	3.342204E-4	9.595618030289188E-5
220.699787264	3.979223E-4	9.318556840298697E-5
220.701753344	3.620439E-4	8.667629299452528E-5
220.70370304	5.101493E-4	7.72155326558277E-5
220.705652736	4.539545E-4	6.58764474792406E-5
220.707618816	3.4069805E-4	5.381973096518777E-5
220.709568512	3.3774402E-4	4.2102514271391556E-5
220.711518208	4.3342984E-4	3.153595753246918E-5
220.713467904	4.1225366E-4	2.2616261048824526E-5
220.715433984	3.772903E-4	1.5529138181591406E-5
220.71738368	3.0738662E-4	1.0209102583758067E-5
220.719333376	3.9395114E-4	6.426108939194819E-6
220.721299456	3.6065863E-4	3.872918568958994E-6
220.723249152	2.8826314E-4	2.2349486243911088E-6
220.725198848	1.18700205E-4	1.2349370308584184E-6
220.727164928	3.876714E-4	6.533930445584701E-7
220.729114624	4.4310017E-4	3.310257170596742E-7
220.73106432	4.2008143E-4	1.6058694995990663E-7
220.7330304	4.3305598E-4	7.459714623792024E-8
220.734980096	4.2310066E-4	3.318165298082931E-8
220.736929792	4.2249792E-4	0.0
220.738879488	3.7056993E-4	0.0
220.740845568	4.104437E-4	0.0
220.742795264	4.1438098E-4	0.0
220.74474496	4.429138E-4	0.0
220.74671104	5.035883E-4	0.0
220.748660736	4.2177655E-4	0.0
220.750610432	2.5543227E-4	0.0
220.752576512	2.791718E-4	0.0
220.754526208	2.6030594E-4	0.0
220.756475904	1.2221519E-4	0.0
220.758441984	2.0625163E-4	0.0
220.76039168	1.9895629E-4	0.0
220.762341376	9.5286494E-5	0.0
220.764291072	1.6137612E-5	0.0
220.766257152	4.8362566E-5	0.0
220.768206848	6.499386E-5	0.0
220.770156544	7.387501E-5	0.0
220.772122624	-1.0690387E-5	0.0
220.77407232	-7.184956E-5	0.0
220.776022016	7.099475E-5	0.0
220.777988096	9.1970054E-5	0.0
220.779937792	4.568769E-5	0.0
220.781887488	-9.099068E-5	0.0
220.783853568	-1.02456805E-4	0.0
220.785803264	1.0109809E-4	0.0
220.78775296	1.83845E-4	0.0
220.789702656	-2.7060563E-5	0.0
220.791668736	-1.1393345E-4	0.0
220.793618432	2.3788252E-5	0.0
220.795568128	9.704559E-6	0.0
220.797534208	-1.5024045E-4	0.0
220.799483904	-1.7153747E-4	0.0
220.8014336	1.88335E-5	0.0
220.80339968	1.2211045E-4	0.0
220.805349376	1.0892347E-4	0.0
220.807299072	9.8778255E-5	0.0
220.809265152	-1.0738234E-5	0.0
220.811214848	-2.3814031E-5	0.0
220.813164544	-2.499681E-5	0.0
220.815130624	8.268413E-5	0.0
220.81708032	9.540733E-5	0.0
220.819030016	1.1655284E-4	0.0
220.820979712	1.2280853E-4	0.0
220.822945792	1.2722932E-4	0.0
220.824895488	-7.3528994E-5	0.0
220.826845184	-2.1947903E-4	0.0
220.828811264	-1.3342404E-4	0.0
220.83076096	9.041885E-5	0.0
220.832710656	9.321881E-5	0.0
220.834676736	1.07065134E-4	0.0
220.836626432	1.2623577E-4	0.0
220.838576128	-1.1465908E-4	0.0
220.840542208	3.0450468E-5	0.0
220.842491904	-3.1286323E-5	0.0
220.8444416	-3.27969E-5	0.0
220.846391296	1.1840035E-4	0.0
220.848357376	-1.6885486E-5	0.0
220.850307072	-2.4233272E-5	0.0
220.852256768	3.360125E-5	0.0
220.854222848	-1.0779765E-5	0.0
220.856172544	-2.8043865E-5	0.0
220.85812224	-9.2987786E-5	0.0
220.86008832	-1.0097644E-4	0.0
220.862038016	1.0946454E-4	0.0
220.863987712	4.0186398E-5	0.0
220.865953792	5.7736386E-5	0.0
220.867903488	3.198587E-5	0.0
220.869853184	7.194205E-5	0.0
220.87180288	-1.1804624E-4	0.0
220.87376896	-4.8430167E-5	0.0
220.875718656	-7.814911E-5	0.0
220.877668352	3.6218848E-5	0.0
220.879634432	1.1643965E-4	0.0
220.881584128	7.6817465E-5	0.0
220.883533824	1.3774534E-4	0.0
220.885499904	6.365776E-5	0.0
220.8874496	5.981178E-5	0.0
220.889399296	8.8545814E-5	0.0
220.891365376	9.8385644E-5	0.0
220.893315072	7.8723126E-5	0.0
220.895264768	-2.288658E-5	0.0
220.897214464	8.0018595E-5	0.0
220.899180544	-1.1444923E-4	0.0
220.90113024	-3.142596E-4	0.0
220.903079936	9.608603E-6	0.0
220.905046016	3.7448543E-5	0.0
220.906995712	-6.417133E-5	0.0
220.908945408	-6.077636E-5	0.0
220.910911488	-7.235931E-5	0.0
220.912861184	-3.399263E-5	0.0
220.91481088	-5.1840612E-5	0.0
220.91677696	-1.2055358E-4	0.0
220.918726656	-4.76636E-5	9.398773315183462E-9
220.920676352	1.3119786E-4	2.1529972471512338E-8
220.922626048	1.19989854E-4	4.7230791722085996E-8
220.924592128	1.3953194E-5	9.922476351675869E-8
220.926541824	9.789856E-5	1.9962709529863787E-7
220.92849152	1.6944885E-4	3.8461513440779527E-7
220.9304576	1.1255263E-4	7.096462582012464E-7
220.932407296	1.0294907E-4	1.2538860119093442E-6
220.934356992	1.2711773E-4	2.121654915754334E-6
220.936323072	1.3166183E-4	3.437860414123861E-6
220.938272768	2.6864353E-5	5.33453840034781E-6
220.940222464	-1.08989276E-4	7.935718713270035E-6
220.942188544	-7.787603E-5	1.1299845027679112E-5
220.94413824	-4.118922E-5	1.5414647350553423E-5
220.946087936	-6.864456E-5	2.01504062715685E-5
220.948037632	7.354922E-5	2.5253044441342354E-5
220.950003712	9.304736E-5	3.0361594326677732E-5
220.951953408	-1.7740207E-5	3.505827044136822E-5
220.953903104	1.1212495E-4	3.894461042364128E-5
220.955869184	1.1661273E-4	4.172806802671403E-5
220.95781888	1.7629785E-4	4.329458897700533E-5
220.959768576	5.400254E-5	4.374452691990882E-5
220.961734656	5.2483523E-5	4.3376330722821876E-5
220.963684352	1.6357517E-4	4.261653157300316E-5
220.965634048	1.8945579E-5	4.191179323242977E-5
220.967600128	9.039295E-5	4.1610986954765394E-5
220.969549824	1.652746E-4	4.187058948446065E-5
220.97149952	6.14638E-5	4.261112189851701E-5
220.973449216	6.4305E-5	4.353775875642896E-5
220.975415296	1.0908928E-4	4.4219039409654215E-5
220.977364992	1.126398E-4	4.420037294039503E-5
220.979314688	1.1766766E-4	4.3120562622789294E-5
220.981280768	9.129563E-5	4.0814938984112814E-5
220.983230464	5.6479188E-5	3.730944081326015E-5
220.98518016	-6.199896E-5	3.2859494240256026E-5
220.98714624	-6.371585E-5	2.7859876354341395E-5
220.989095936	4.2822885E-5	2.2770418581785634E-5
220.991045632	6.5677275E-5	1.8037055269815028E-5
220.993011712	1.3655869E-5	1.4034644664207008E-5
220.994961408	7.8500336E-5	1.1039228411391377E-5
220.996911104	5.949516E-5	9.221902473655064E-6
220.9988608	-2.4620936E-6	8.687105946592055E-6
221.00082688	7.4993004E-5	9.445634532312397E-6
221.002776576	5.7917092E-5	1.1454434570623562E-5
221.004726272	2.8624232E-5	1.459637041989481E-5
221.006692352	-8.2799845E-5	1.8662987713469192E-5
221.008642048	7.393441E-5	2.334002056159079E-5
221.010591744	1.8777733E-4	2.8209531592437997E-5
221.012557824	-8.119661E-8	3.277850555605255E-5
221.01450752	-1.0901486E-4	3.653634848888032E-5
221.016457216	1.0336767E-4	3.903097240254283E-5
221.018423296	2.31989E-5	3.994114376837388E-5
221.020372992	6.0178313E-6	3.916053174179979E-5
221.022322688	1.1106857E-4	3.677428685477935E-5
221.024272384	7.429856E-5	3.307489532744512E-5
221.026238464	9.3165785E-5	2.8490447220974602E-5
221.02818816	-7.906955E-6	2.3503482225351036E-5
221.030137856	9.9738856E-5	1.856877133832313E-5
221.032103936	7.683408E-5	1.4048918274056632E-5
221.034053632	-8.477128E-6	1.0178971933783032E-5
221.036003328	8.5180334E-5	7.0625596890749875E-6
221.037969408	1.378638E-4	4.692667062045075E-6
221.039919104	-7.930398E-5	2.9859131700504804E-6
221.0418688	8.569719E-5	1.8194497215517913E-6
221.04383488	-3.3523127E-5	1.0617236512189265E-6
221.045784576	-6.6484645E-5	5.933260354140657E-7
221.047734272	-7.2563967E-6	3.1753489793118206E-7
221.049683968	-7.796666E-5	1.6274449876618746E-7
221.051650048	-6.0680493E-5	1.1030189028815585E-7
221.053599744	1.4657853E-4	1.0533980798754783E-7
221.05554944	9.745333E-6	1.6157633808688843E-7
221.05751552	4.862846E-5	2.956893752070755E-7
221.059465216	2.2869997E-5	5.787705958937295E-7
221.061414912	2.6580255E-4	1.0849414593394613E-6
221.063380992	2.8969639E-4	1.947718374140095E-6
221.065330688	2.1921954E-4	3.3485971471236553E-6
221.067280384	2.0472542E-4	5.5132704801508226E-6
221.069246464	2.6182557E-4	8.6927720985841E-6
221.07119616	1.2732326E-4	1.3125140867487062E-5
221.073145856	1.5870406E-4	1.897746005852241E-5
221.075095552	2.8280646E-4	2.6276271455571987E-5
221.077061632	2.559331E-4	3.484037733869627E-5
221.079011328	1.4122413E-4	4.423956124810502E-5
221.080961024	1.5254656E-4	5.379784488468431E-5
221.082927104	1.1385858E-4	6.265741831157357E-5
221.0848768	3.8316302E-5	6.989714893279597E-5
221.086826496	2.0867159E-5	7.468799594789743E-5
221.088792576	1.6184615E-5	7.644759170943871E-5
221.090742272	3.307505E-5	7.495577301597223E-5
221.092691968	1.2701665E-4	7.039941556286067E-5
221.094658048	4.5462806E-5	6.333430064842105E-5
221.096607744	-1.5681082E-5	5.457464067148976E-5
221.09855744	-3.0466963E-5	4.5039931137580425E-5
221.10052352	1.0873511E-4	3.5598666727310047E-5
221.102473216	7.643696E-5	2.6945033823722042E-5
221.104422912	1.0051389E-4	1.953077662619762E-5
221.106372608	1.7062761E-4	1.3556576959672384E-5
221.108338688	1.371933E-4	9.010957910504658E-6
221.110288384	1.1570865E-4	5.735707418352831E-6
221.11223808	1.1107969E-4	3.4962690733664203E-6
221.11420416	8.007785E-5	2.0409454464243026E-6
221.116153856	-2.2240154E-5	1.1409687203922658E-6
221.118103552	6.1966275E-5	6.108555794526183E-7
221.120069632	1.4728779E-4	3.1320496418629773E-7
221.122019328	1.2302108E-4	1.537967051490341E-7
221.123969024	5.5759218E-5	7.232615928387531E-8
221.125935104	5.3542786E-5	3.25742774975879E-8
221.1278848	1.2871608E-4	0.0
221.129834496	1.3198273E-4	0.0
221.131784192	8.5444975E-5	0.0
221.133750272	6.410436E-5	0.0
221.135699968	6.681346E-5	0.0
221.137649664	2.736217E-4	0.0
221.139615744	1.8091948E-4	0.0
221.14156544	5.5221873E-5	0.0
221.143515136	3.5050998E-5	0.0
221.145481216	5.3837724E-5	0.0
221.147430912	5.822632E-6	0.0
221.149380608	-7.641208E-5	0.0
221.151346688	-1.8200207E-4	0.0
221.153296384	2.6505852E-5	0.0
221.15524608	-1.4083166E-5	0.0
221.157195776	-1.3190844E-4	0.0
221.159161856	-1.05561514E-4	0.0
221.161111552	-5.5007284E-5	0.0
221.163061248	-1.4489201E-4	0.0
221.165027328	-4.269482E-5	0.0
221.166977024	3.735285E-5	0.0
221.16892672	-6.140667E-5	0.0
221.1708928	-5.7422058E-5	0.0
221.172842496	2.007897E-5	0.0
221.174792192	7.805924E-5	0.0
221.176758272	-8.839967E-7	0.0
221.178707968	1.0904239E-4	0.0
221.180657664	1.9220202E-5	0.0
221.18260736	-1.1528985E-5	0.0
221.18457344	3.0359082E-5	0.0
221.186523136	1.2948035E-5	0.0
221.188472832	7.007242E-5	0.0
221.190438912	1.4023657E-4	0.0
221.192388608	9.05889E-5	0.0
221.194338304	-3.3520013E-5	0.0
221.196304384	-1.0784555E-4	0.0
221.19825408	-3.6051174E-6	0.0
221.200203776	3.182452E-5	0.0
221.202169856	2.0950567E-4	0.0
221.204119552	-5.7843772E-5	0.0
221.206069248	3.43053E-5	0.0
221.208018944	1.3062992E-4	0.0
221.209985024	7.3695296E-6	0.0
221.21193472	3.431767E-5	0.0
221.213884416	-6.7886984E-5	0.0
221.215850496	-6.537634E-5	0.0
221.217800192	-8.553412E-5	0.0
221.219749888	-4.7729114E-5	0.0
221.221715968	5.308286E-5	0.0
221.223665664	7.125299E-5	0.0
221.22561536	5.0007864E-5	0.0
221.22758144	1.6680476E-4	0.0
221.229531136	9.062537E-5	0.0
221.231480832	1.07506814E-4	0.0
221.233430528	1.710612E-4	0.0
221.235396608	1.2938748E-4	0.0
221.237346304	1.04314706E-4	0.0
221.239296	1.6125396E-4	0.0
221.24126208	1.6975566E-4	0.0
221.243211776	4.0088144E-5	0.0
221.245161472	1.6879739E-4	0.0
221.247127552	2.3783295E-4	0.0
221.249077248	3.0037138E-4	0.0
221.251026944	2.6329642E-4	0.0
221.252993024	2.1821476E-4	0.0
221.25494272	2.239127E-4	0.0
221.256892416	3.2988208E-4	0.0
221.258842112	8.7097666E-5	0.0
221.260808192	9.100282E-5	0.0
221.262757888	1.8443377E-4	0.0
221.264707584	1.9005721E-4	0.0
221.266673664	-9.1482625E-6	0.0
221.26862336	4.6320205E-5	0.0
221.270573056	-6.358855E-5	0.0
221.272539136	-2.4765843E-5	0.0
221.274488832	1.6368477E-4	0.0
221.276438528	1.4772569E-4	0.0
221.278404608	2.1433883E-4	0.0
221.280354304	1.655988E-5	0.0
221.282304	4.5788653E-5	0.0
221.284253696	6.108821E-5	0.0
221.286219776	6.293817E-5	0.0
221.288169472	1.7352522E-5	0.0
221.290119168	9.6142E-5	0.0
221.292085248	9.836652E-5	0.0
221.294034944	3.4971836E-5	0.0
221.29598464	3.6861955E-5	0.0
221.29795072	7.1875725E-6	0.0
221.299900416	-3.6066453E-5	0.0
221.301850112	1.203015E-4	0.0
221.303816192	1.8631079E-4	0.0
221.305765888	-1.3109078E-4	0.0
221.307715584	-7.196155E-5	0.0
221.30966528	1.11117464E-4	0.0
221.31163136	-9.1503374E-5	0.0
221.313581056	1.7780785E-5	0.0
221.315530752	4.4355522E-5	0.0
221.317496832	3.61593E-5	0.0
221.319446528	6.0439346E-5	0.0
221.321396224	8.931532E-5	0.0
221.323362304	1.01700425E-4	0.0
221.325312	5.137295E-5	0.0
221.327261696	-2.145697E-5	0.0
221.329227776	-6.0348507E-6	0.0
221.331177472	1.0356752E-4	0.0
221.333127168	9.2025526E-5	0.0
221.335076864	1.3270392E-4	0.0
221.337042944	1.3716408E-4	0.0
221.33899264	1.1396228E-4	0.0
221.340942336	1.0695608E-4	0.0
221.342908416	4.9652128E-5	0.0
221.344858112	-2.5667741E-5	0.0
221.346807808	-9.5157275E-6	0.0
221.348773888	1.7552462E-4	0.0
221.350723584	1.353366E-4	0.0
221.35267328	1.794105E-4	0.0
221.35463936	2.199029E-4	0.0
221.356589056	1.5627773E-4	0.0
221.358538752	1.0665602E-4	0.0
221.360488448	-3.7992748E-5	0.0
221.362454528	1.0650017E-4	0.0
221.364404224	1.5142869E-4	0.0
221.36635392	9.659509E-5	0.0
221.36832	7.943669E-5	0.0
221.370269696	4.1168216E-5	0.0
221.372219392	1.2109007E-4	0.0
221.374185472	1.9409868E-4	0.0
221.376135168	1.9478647E-4	0.0
221.378084864	6.8352616E-5	0.0
221.380050944	1.5149883E-4	0.0
221.38200064	3.143716E-4	0.0
221.383950336	2.043455E-4	0.0
221.385916416	2.9034712E-5	0.0
221.387866112	1.2046026E-4	0.0
221.389815808	2.6312296E-4	0.0
221.391765504	3.55056E-5	0.0
221.393731584	-2.855356E-5	0.0
221.39568128	-5.6293702E-5	0.0
221.397630976	-4.257433E-5	0.0
221.399597056	1.2382632E-4	0.0
221.401546752	2.2146884E-5	0.0
221.403496448	-1.3423974E-4	0.0
221.405462528	1.9641946E-5	0.0
221.407412224	3.2597778E-5	0.0
221.40936192	-5.2953223E-5	0.0
221.411328	8.068545E-6	0.0
221.413277696	-2.245823E-6	0.0
221.415227392	3.910845E-5	0.0
221.417177088	3.38594E-5	0.0
221.419143168	8.00242E-7	0.0
221.421092864	5.9564252E-5	0.0
221.42304256	8.838053E-5	0.0
221.42500864	1.3184154E-5	0.0
221.426958336	1.166212E-4	0.0
221.428908032	7.577121E-5	0.0
221.430874112	-1.9090688E-4	0.0
221.432823808	-1.9517189E-4	0.0
221.434773504	-1.7850613E-4	0.0
221.436739584	6.750488E-5	0.0
221.43868928	4.6278587E-5	0.0
221.440638976	4.7622223E-5	0.0
221.442588672	-1.1847934E-5	0.0
221.444554752	1.6203736E-5	0.0
221.446504448	9.005124E-5	0.0
221.448454144	8.812846E-6	0.0
221.450420224	-8.721979E-6	0.0
221.45236992	5.381214E-6	0.0
221.454319616	8.590281E-5	0.0
221.456285696	2.6289668E-5	0.0
221.458235392	-1.0758289E-4	0.0
221.460185088	5.45549E-5	0.0
221.462151168	-1.0658172E-4	0.0
221.464100864	-6.25104E-5	0.0
221.46605056	1.0765789E-4	0.0
221.468000256	4.800098E-6	0.0
221.469966336	5.2013438E-5	0.0
221.471916032	7.5951015E-5	0.0
221.473865728	6.63175E-5	0.0
221.475831808	3.617362E-5	0.0
221.477781504	1.6341195E-4	0.0
221.4797312	4.7505924E-5	0.0
221.48169728	2.4175188E-5	0.0
221.483646976	3.3010063E-5	0.0
221.485596672	4.6088247E-5	0.0
221.487562752	2.1869963E-4	0.0
221.489512448	2.4895915E-5	0.0
221.491462144	-1.2913803E-5	0.0
221.49341184	3.4971516E-5	0.0
221.49537792	4.764251E-5	0.0
221.497327616	2.5511067E-4	0.0
221.499277312	2.510734E-4	0.0
221.501243392	9.0338755E-5	0.0
221.503193088	6.135687E-5	0.0
221.505142784	6.8089605E-5	0.0
221.507108864	1.9892705E-5	0.0
221.50905856	-1.1472699E-6	0.0
221.511008256	-5.1397915E-6	0.0
221.512974336	4.8713413E-5	0.0
221.514924032	-2.0112897E-5	0.0
221.516873728	4.3183713E-6	0.0
221.518823424	-7.1589544E-5	0.0
221.520789504	1.024582E-4	0.0
221.5227392	2.090236E-4	0.0
221.524688896	4.3523676E-5	0.0
221.526654976	3.5919165E-5	0.0
221.528604672	6.165326E-5	0.0
221.530554368	-1.0934248E-5	0.0
221.532520448	-3.643479E-5	0.0
221.534470144	6.3805084E-5	0.0
221.53641984	1.2182811E-4	0.0
221.53838592	3.1609266E-5	0.0
221.540335616	-6.2181236E-5	0.0
221.542285312	-4.496332E-5	0.0
221.544235008	-1.0524696E-4	0.0
221.546201088	-1.7528384E-4	0.0
221.548150784	2.133378E-5	0.0
221.55010048	1.0952001E-4	0.0
221.55206656	1.2406308E-4	0.0
221.554016256	3.1348263E-5	0.0
221.555965952	8.070705E-5	0.0
221.557932032	-1.6596921E-5	0.0
221.559881728	-4.0818293E-5	0.0
221.561831424	-1.17390855E-5	0.0
221.563797504	-7.809512E-5	0.0
221.5657472	-4.6042343E-5	0.0
221.567696896	1.150528E-4	0.0
221.569646592	8.567577E-5	0.0
221.571612672	8.47069E-5	0.0
221.573562368	5.1357874E-5	0.0
221.575512064	1.1436251E-4	0.0
221.577478144	7.083692E-5	0.0
221.57942784	-2.96678E-5	0.0
221.581377536	-1.3052221E-5	0.0
221.583343616	1.2129918E-4	0.0
221.585293312	2.5269987E-5	0.0
221.587243008	-8.0978556E-5	0.0
221.589209088	-1.6665945E-4	0.0
221.591158784	1.7871327E-5	0.0
221.59310848	6.2510694E-6	0.0
221.595058176	-1.60374E-5	0.0
221.597024256	5.6056047E-5	0.0
221.598973952	-1.0925866E-5	0.0
221.600923648	7.534612E-5	0.0
221.602889728	-3.308331E-5	0.0
221.604839424	1.7341288E-5	0.0
221.60678912	1.9377683E-5	0.0
221.6087552	-6.975536E-5	0.0
221.610704896	1.18132475E-5	0.0
221.612654592	-1.0788205E-5	0.0
221.614620672	-5.560566E-5	0.0
221.616570368	-8.0716185E-5	0.0
221.618520064	1.00346224E-4	0.0
221.62046976	4.922078E-5	0.0
221.62243584	4.5816447E-5	0.0
221.624385536	1.595025E-4	0.0
221.626335232	1.0245817E-4	0.0
221.628301312	4.08231E-6	0.0
221.630251008	5.1072162E-5	0.0
221.632200704	6.999538E-5	0.0
221.634166784	8.9822424E-5	0.0
221.63611648	8.548418E-5	0.0
221.638066176	8.646099E-5	0.0
221.640032256	7.711907E-5	0.0
221.641981952	6.3637303E-6	0.0
221.643931648	9.2120055E-5	0.0
221.645881344	-1.054327E-4	0.0
221.647847424	-1.2030182E-5	0.0
221.64979712	1.3894157E-4	0.0
221.651746816	4.7649406E-5	0.0
221.653712896	7.876381E-5	0.0
221.655662592	-3.3981047E-5	0.0
221.657612288	3.9122856E-6	0.0
221.659578368	-4.6967787E-5	0.0
221.661528064	-5.56533E-5	0.0
221.66347776	5.547426E-6	0.0
221.66544384	8.9934096E-5	0.0
221.667393536	8.0902855E-6	0.0
221.669343232	-1.3462876E-5	0.0
221.671309312	1.6331007E-5	0.0
221.673259008	7.835339E-5	0.0
221.675208704	2.809716E-6	0.0
221.6771584	-6.500463E-5	0.0
221.67912448	-1.0701889E-4	0.0
221.681074176	3.3823137E-5	0.0
221.683023872	5.7854286E-5	0.0
221.684989952	6.94583E-5	0.0
221.686939648	3.4373752E-5	0.0
221.688889344	-2.7454018E-5	0.0
221.690855424	1.2372345E-7	0.0
221.69280512	-1.09646035E-5	0.0
221.694754816	4.377918E-6	0.0
221.696720896	-3.3954882E-5	0.0
221.698670592	-8.847733E-5	0.0
221.700620288	2.4897777E-6	0.0
221.702569984	1.8211464E-5	0.0
221.704536064	2.3153875E-6	0.0
221.70648576	2.9304679E-6	0.0
221.708435456	-9.562497E-6	0.0
221.710401536	-5.3313674E-5	0.0
221.712351232	-5.4653847E-5	0.0
221.714300928	6.054089E-5	0.0
221.716267008	5.7854868E-5	0.0
221.718216704	1.4354964E-4	0.0
221.7201664	5.5820743E-5	0.0
221.72213248	-7.643318E-5	0.0
221.724082176	1.646049E-5	0.0
221.726031872	7.6925266E-5	0.0
221.727981568	1.4689949E-4	0.0
221.729947648	-2.0789183E-5	0.0
221.731897344	4.6097764E-5	0.0
221.73384704	-3.4812136E-5	0.0
221.73581312	3.1053616E-5	0.0
221.737762816	9.949086E-5	0.0
221.739712512	1.0753266E-4	0.0
221.741678592	6.211334E-5	0.0
221.743628288	2.0575378E-4	0.0
221.745577984	1.2169845E-4	0.0
221.747544064	8.922248E-5	0.0
221.74949376	3.7102236E-5	0.0
221.751443456	4.8374557E-5	0.0
221.753393152	-1.545416E-5	0.0
221.755359232	-3.7694376E-6	0.0
221.757308928	1.2770726E-4	0.0
221.759258624	1.8298964E-4	0.0
221.761224704	1.829291E-4	0.0
221.7631744	2.2674096E-4	0.0
221.765124096	7.011494E-5	0.0
221.767090176	1.159551E-4	0.0
221.769039872	7.844492E-5	0.0
221.770989568	1.3312814E-4	0.0
221.772955648	6.516426E-5	0.0
221.774905344	7.585235E-5	0.0
221.77685504	1.425913E-4	0.0
221.778804736	3.182964E-5	0.0
221.780770816	1.4635955E-4	0.0
221.782720512	1.2582124E-4	0.0
221.784670208	2.0927982E-4	0.0
221.786636288	1.1862861E-4	0.0
221.788585984	6.449071E-5	0.0
221.79053568	1.09664135E-4	0.0
221.79250176	1.0544964E-4	0.0
221.794451456	-4.9638034E-5	0.0
221.796401152	-4.5754973E-6	0.0
221.798367232	-3.4736204E-5	0.0
221.800316928	-4.304561E-5	0.0
221.802266624	1.5016913E-4	0.0
221.80421632	9.380438E-5	0.0
221.8061824	8.68073E-5	0.0
221.808132096	1.1283383E-5	0.0
221.810081792	-6.2478034E-6	0.0
221.812047872	6.279393E-5	0.0
221.813997568	-4.790531E-5	0.0
221.815947264	6.240583E-5	0.0
221.817913344	1.2708377E-4	0.0
221.81986304	2.2840719E-5	0.0
221.821812736	4.7783866E-5	0.0
221.823778816	6.832901E-5	0.0
221.825728512	6.985702E-5	0.0
221.827678208	1.0425929E-4	0.0
221.829627904	2.0858079E-5	0.0
221.831593984	2.0808144E-4	0.0
221.83354368	1.3220211E-4	0.0
221.835493376	1.4837348E-4	0.0
221.837459456	1.404488E-4	0.0
221.839409152	4.2249307E-5	0.0
221.841358848	-6.367796E-5	0.0
221.843324928	-6.207093E-5	0.0
221.845274624	8.489605E-5	0.0
221.84722432	5.324744E-5	0.0
221.8491904	-1.1713707E-5	0.0
221.851140096	5.299994E-5	0.0
221.853089792	1.5158986E-4	0.0
221.855039488	1.04163715E-4	0.0
221.857005568	5.1272484E-5	0.0
221.858955264	-8.3348685E-5	0.0
221.86090496	1.3716027E-5	0.0
221.86287104	9.038276E-5	0.0
221.864820736	6.6561947E-6	0.0
221.866770432	-5.6350367E-5	0.0
