234.319003648	-1.0390737E-5	0.0
234.320986112	2.5777903E-5	0.0
234.322952192	-2.0825042E-5	0.0
234.324918272	3.6099926E-5	0.0
234.326900736	3.6720507E-5	0.0
234.328866816	2.5384945E-6	0.0
234.33084928	-3.081176E-5	0.0
234.33281536	3.2318145E-5	0.0
234.33478144	-8.139675E-5	0.0
234.336763904	-2.2809352E-4	0.0
234.338729984	-1.7973706E-4	0.0
234.340712448	-1.3145796E-4	0.0
234.342678528	-4.1966967E-5	0.0
234.344644608	9.522485E-5	0.0
234.346627072	1.0758758E-4	0.0
234.348593152	4.5524474E-5	0.0
234.350575616	-1.4576421E-5	0.0
234.352541696	6.641407E-5	0.0
234.354507776	7.932738E-5	0.0
234.35649024	7.5823045E-5	0.0
234.35845632	1.14802475E-4	0.0
234.360438784	6.573406E-5	0.0
234.362404864	-7.70193E-5	0.0
234.364370944	1.4261488E-5	0.0
234.366353408	4.496312E-5	0.0
234.368319488	8.1301085E-5	0.0
234.370301952	1.5347585E-5	0.0
234.372268032	5.9732032E-5	0.0
234.374234112	-4.374952E-5	0.0
234.376216576	-1.1927473E-4	0.0
234.378182656	-7.286825E-5	0.0
234.38016512	-3.0235385E-6	0.0
234.3821312	-1.2753211E-5	0.0
234.38409728	-6.001428E-5	0.0
234.386079744	-2.9407936E-5	0.0
234.388045824	-1.2739328E-6	0.0
234.390028288	-9.9901576E-5	0.0
234.391994368	-4.185553E-5	0.0
234.393960448	-3.573051E-5	0.0
234.395942912	-9.8479824E-5	0.0
234.397908992	-7.956335E-5	0.0
234.399891456	-1.0177537E-4	0.0
234.401857536	-7.1096E-5	0.0
234.403823616	-7.957246E-5	0.0
234.40580608	1.1281186E-4	0.0
234.40777216	4.547398E-5	0.0
234.409754624	-4.672329E-6	0.0
234.411720704	1.8111677E-4	0.0
234.413686784	1.915413E-4	0.0
234.415669248	1.3222048E-4	0.0
234.417635328	1.859848E-4	0.0
234.419617792	-3.202702E-5	0.0
234.421583872	3.5733043E-5	0.0
234.423549952	7.273583E-5	0.0
234.425532416	2.979947E-5	0.0
234.427498496	7.398258E-5	0.0
234.42948096	1.0511692E-5	0.0
234.43144704	2.9981456E-5	0.0
234.43341312	5.276932E-5	0.0
234.435395584	1.6446429E-5	0.0
234.437361664	-4.010307E-5	0.0
234.439344128	-2.1071348E-5	0.0
234.441310208	3.7275924E-5	0.0
234.443276288	4.229418E-5	0.0
234.445258752	1.2505453E-4	0.0
234.447224832	1.5751578E-4	0.0
234.449207296	4.0353392E-5	0.0
234.451173376	-2.5354384E-5	0.0
234.453139456	-3.8872182E-5	0.0
234.45512192	3.5245117E-5	0.0
234.457088	7.81843E-5	0.0
234.459070464	-5.6645396E-5	0.0
234.461036544	-4.6048022E-5	0.0
234.463002624	8.849456E-6	0.0
234.464985088	2.0191277E-5	0.0
234.466951168	-4.5425637E-5	0.0
234.468933632	8.923729E-6	0.0
234.470899712	3.8405386E-5	0.0
234.472865792	-5.9544836E-5	0.0
234.474848256	-2.7205417E-5	0.0
234.476814336	5.3330295E-5	0.0
234.4787968	1.0302811E-4	0.0
234.48076288	3.7237536E-5	0.0
234.48272896	-1.5845988E-5	0.0
234.484711424	-4.3584587E-5	0.0
234.486677504	-4.8926275E-5	0.0
234.488659968	2.8850918E-5	0.0
234.490626048	1.013467E-4	0.0
234.492592128	3.0929223E-5	0.0
234.494574592	-9.457354E-5	0.0
234.496540672	-5.134722E-5	0.0
234.498523136	4.916647E-5	0.0
234.500489216	4.616534E-5	0.0
234.502455296	5.5943383E-5	0.0
234.50443776	1.0300905E-4	0.0
234.50640384	1.3662016E-4	0.0
234.508386304	5.871948E-5	0.0
234.510352384	-8.6969376E-5	0.0
234.512318464	-9.0881134E-5	0.0
234.514300928	-4.0613726E-5	0.0
234.516267008	-1.6371661E-5	0.0
234.518249472	5.797844E-5	0.0
234.520215552	5.6642428E-5	0.0
234.522181632	6.2831736E-5	0.0
234.524164096	1.9939616E-5	0.0
234.526130176	4.5244116E-5	0.0
234.52811264	9.808797E-5	0.0
234.53007872	5.511631E-5	0.0
234.532061184	-7.405324E-6	0.0
234.534027264	3.517451E-5	0.0
234.535993344	6.2373E-5	0.0
234.537975808	8.667825E-5	0.0
234.539941888	1.1274216E-4	0.0
234.541924352	2.8825161E-5	0.0
234.543890432	8.368245E-5	0.0
234.545856512	8.066476E-5	0.0
234.547838976	5.7653524E-6	0.0
234.549805056	-2.8310023E-5	0.0
234.55178752	3.235828E-5	0.0
234.5537536	-5.6737772E-5	0.0
234.55571968	-5.21841E-5	0.0
234.557702144	-3.925129E-5	0.0
234.559668224	-1.2001685E-4	0.0
234.561650688	-1.2524652E-4	0.0
234.563616768	-2.496186E-5	0.0
234.565582848	3.442919E-5	0.0
234.567565312	6.015683E-5	0.0
234.569531392	2.8242619E-5	0.0
234.571513856	1.743206E-5	0.0
234.573479936	6.080058E-5	0.0
234.575446016	9.940384E-6	0.0
234.57742848	1.5925762E-5	0.0
234.57939456	5.910601E-5	0.0
234.581377024	1.6220057E-4	0.0
234.583343104	1.665524E-4	0.0
234.585309184	-1.2939796E-5	0.0
234.587291648	-1.74672E-4	0.0
234.589257728	-5.2475953E-5	0.0
234.591240192	5.8647158E-5	0.0
234.593206272	1.0065414E-5	0.0
234.595172352	-7.708219E-5	0.0
234.597154816	-6.0089777E-5	0.0
234.599120896	-2.910837E-5	0.0
234.60110336	-7.4073614E-6	0.0
234.60306944	4.9004564E-5	0.0
234.60503552	2.992127E-5	0.0
234.607017984	-6.754871E-5	0.0
234.608984064	-1.14107126E-4	0.0
234.610966528	-1.1955436E-4	0.0
234.612932608	1.1839988E-4	0.0
234.614898688	-1.3505691E-5	0.0
234.616881152	-1.2115315E-4	0.0
234.618847232	8.596576E-5	0.0
234.620829696	1.4713054E-4	0.0
234.622795776	6.8381894E-5	0.0
234.624761856	2.1733376E-4	0.0
234.62674432	3.62946E-5	0.0
234.6287104	2.0609007E-6	0.0
234.630692864	4.5440713E-5	0.0
234.632658944	2.6458496E-5	0.0
234.634625024	1.946697E-5	0.0
234.636607488	1.0061485E-4	0.0
234.638573568	1.3837707E-5	0.0
234.640556032	5.434084E-5	0.0
234.642522112	5.3585856E-5	0.0
234.644488192	-6.434362E-6	0.0
234.646470656	-8.530458E-5	0.0
234.648436736	-1.166295E-4	0.0
234.6504192	-1.4088585E-4	0.0
234.65238528	-3.642516E-5	0.0
234.65435136	3.1403615E-5	0.0
234.656333824	3.4345433E-6	0.0
234.658299904	-7.72574E-5	0.0
234.660282368	-5.096459E-5	0.0
234.662248448	-4.738089E-5	0.0
234.664214528	-2.9239513E-5	0.0
234.666196992	-3.6490936E-5	0.0
234.668163072	1.3210723E-5	0.0
234.670145536	-2.1831918E-5	0.0
234.672111616	-5.965185E-5	0.0
234.674077696	-4.9717113E-5	0.0
234.67606016	-6.5536704E-5	0.0
234.67802624	-2.804288E-5	0.0
234.680008704	-7.077941E-5	0.0
234.681974784	-1.5478629E-4	0.0
234.683940864	-9.875288E-5	0.0
234.685923328	-5.1133073E-5	0.0
234.687889408	5.5450946E-6	0.0
234.689871872	8.959725E-5	0.0
234.691837952	1.3715879E-5	0.0
234.693804032	-9.684765E-5	0.0
234.695786496	-1.3438752E-4	0.0
234.697752576	-8.77885E-5	0.0
234.69973504	-4.5858935E-5	0.0
234.70170112	-3.799019E-5	0.0
234.7036672	1.5167432E-5	0.0
234.705649664	1.0014122E-4	0.0
234.707615744	1.1273209E-4	0.0
234.709598208	1.6576584E-4	0.0
234.711564288	1.8253367E-4	0.0
234.713530368	1.8507446E-5	0.0
234.715512832	-5.333958E-5	0.0
234.717478912	-3.9640145E-5	0.0
234.719461376	-4.879973E-5	0.0
234.721427456	-4.6878034E-5	0.0
234.723393536	-8.094014E-5	0.0
234.725376	-1.2716952E-4	0.0
234.72734208	-6.66088E-5	0.0
234.729324544	7.904612E-5	0.0
234.731290624	6.082686E-5	0.0
234.733256704	-3.881211E-5	0.0
234.735239168	1.5124067E-5	0.0
234.737205248	6.321992E-5	0.0
234.739187712	2.7662521E-5	0.0
234.741153792	3.5020435E-5	0.0
234.743119872	7.26126E-6	0.0
234.745102336	-1.6457023E-5	0.0
234.747068416	-6.132445E-5	0.0
234.74905088	-7.4650714E-5	0.0
234.75101696	-1.0582045E-4	0.0
234.75298304	-7.86763E-5	0.0
234.754965504	2.8122682E-5	0.0
234.756931584	8.201803E-5	0.0
234.758914048	5.942583E-5	0.0
234.760880128	-1.5815749E-5	0.0
234.762846208	3.501796E-5	0.0
234.764828672	9.840782E-5	0.0
234.766794752	7.637113E-5	0.0
234.768777216	8.514759E-5	0.0
234.770743296	1.1480399E-4	0.0
234.772709376	1.0147324E-4	0.0
234.77469184	1.26411E-4	0.0
234.77665792	1.04353705E-4	0.0
234.778640384	2.879274E-5	0.0
234.780606464	5.3741882E-5	0.0
234.782572544	8.8793895E-5	0.0
234.784555008	3.4755853E-5	0.0
234.786521088	8.577321E-5	0.0
234.788503552	1.4596197E-4	0.0
234.790469632	6.0480583E-5	0.0
234.792435712	9.853236E-5	0.0
234.794418176	5.6805962E-5	0.0
234.796384256	6.020296E-5	0.0
234.79836672	8.0670014E-7	0.0
234.8003328	-8.552364E-5	0.0
234.80229888	-7.161748E-5	0.0
234.804281344	8.641119E-5	0.0
234.806247424	6.816807E-5	0.0
234.808229888	-2.0240055E-5	0.0
234.810195968	-2.8513605E-5	0.0
234.812162048	-6.5576605E-5	0.0
234.814144512	-3.4046825E-5	0.0
234.816110592	3.8475235E-5	0.0
234.818093056	1.7390325E-5	0.0
234.820059136	6.668325E-5	0.0
234.822025216	1.9151778E-6	0.0
234.82400768	2.2476277E-5	0.0
234.82597376	-6.385788E-6	0.0
234.827956224	-2.7948641E-5	0.0
234.829922304	-3.6083744E-5	0.0
234.831888384	6.336515E-6	0.0
234.833870848	3.4562137E-5	0.0
234.835836928	-2.274406E-6	0.0
234.837819392	-1.0428633E-4	0.0
234.839785472	4.293103E-5	0.0
234.841767936	-1.1029435E-4	0.0
234.843734016	-3.9725535E-5	0.0
234.845700096	1.29052205E-5	0.0
234.84768256	-5.318146E-5	0.0
234.84964864	-5.6206045E-5	0.0
234.851631104	8.2061655E-5	0.0
234.853597184	4.490168E-5	0.0
234.855563264	7.4990734E-5	0.0
234.857545728	-2.8640876E-5	0.0
234.859511808	-2.8183247E-5	0.0
234.861494272	2.3768604E-5	0.0
234.863460352	-4.477959E-5	0.0
234.865426432	-9.8521705E-6	0.0
234.867408896	1.3415556E-5	0.0
234.869374976	-2.766971E-5	0.0
234.87135744	-1.5192632E-4	0.0
234.87332352	-3.4881843E-5	0.0
234.8752896	-1.7716956E-6	0.0
234.877272064	8.7422755E-5	0.0
234.879238144	1.12050795E-4	0.0
234.881220608	1.2225908E-5	0.0
234.883186688	-2.7556001E-5	0.0
234.885152768	4.6940957E-5	0.0
234.887135232	1.5162348E-4	0.0
234.889101312	2.3851753E-5	0.0
234.891083776	-4.216979E-5	0.0
234.893049856	1.1226861E-5	0.0
234.895015936	-3.4062366E-5	0.0
234.8969984	-6.999407E-5	0.0
234.89896448	-7.122534E-5	0.0
234.900946944	-7.323382E-5	0.0
234.902913024	-6.0754537E-5	0.0
234.904879104	-2.4934704E-6	0.0
234.906861568	5.341682E-5	0.0
234.908827648	6.127168E-5	0.0
234.910810112	-3.6009003E-6	0.0
234.912776192	-4.1067833E-5	0.0
234.914742272	-2.3991452E-5	0.0
234.916724736	5.3398428E-5	0.0
234.918690816	6.5192E-6	0.0
234.92067328	4.0115556E-5	0.0
234.92263936	4.16229E-5	0.0
234.92460544	1.6311009E-5	0.0
234.926587904	1.07953645E-4	0.0
234.928553984	1.1888542E-4	0.0
234.930536448	1.1060506E-4	0.0
234.932502528	1.5226225E-4	0.0
234.934468608	3.0250842E-5	0.0
234.936451072	-9.854717E-5	0.0
234.938417152	-8.1476115E-5	0.0
234.940399616	-7.081209E-5	0.0
234.942365696	-9.422342E-5	0.0
234.944331776	-8.331612E-6	0.0
234.94631424	3.8707192E-5	0.0
234.94828032	-4.117578E-5	0.0
234.950262784	-7.52006E-5	0.0
234.952228864	-4.79561E-5	0.0
234.954194944	6.83798E-5	0.0
234.956177408	1.11678004E-4	0.0
234.958143488	9.462086E-5	0.0
234.960125952	1.506701E-4	0.0
234.962092032	1.1394729E-4	0.0
234.964058112	1.1501141E-4	0.0
234.966040576	9.5347E-5	0.0
234.968006656	4.9209455E-5	0.0
234.96998912	4.0369952E-5	0.0
234.9719552	2.9969931E-5	0.0
234.97392128	-8.146267E-5	0.0
234.975903744	-2.1578645E-4	0.0
234.977869824	-2.840436E-4	0.0
234.979852288	-1.5788007E-4	0.0
234.981818368	-6.8360096E-5	0.0
234.983784448	1.4360965E-5	0.0
234.985766912	-2.5751506E-5	0.0
234.987732992	-4.531379E-6	0.0
234.989715456	-3.4904222E-6	0.0
234.991681536	-7.077871E-5	0.0
234.993647616	-1.8782844E-4	0.0
234.99563008	-2.5838352E-5	0.0
234.99759616	2.0513837E-6	0.0
234.999578624	-4.1463354E-5	0.0
235.001544704	-3.350957E-5	0.0
235.003510784	1.769024E-5	0.0
235.005493248	-3.18572E-5	0.0
235.007459328	4.5037712E-5	0.0
235.009441792	-2.3083441E-5	0.0
235.011407872	-9.3383394E-5	0.0
235.013373952	-2.679904E-5	0.0
235.015356416	1.8569262E-5	0.0
235.017322496	4.255568E-5	0.0
235.01930496	9.6194824E-5	0.0
235.02127104	1.24511425E-5	0.0
235.02323712	3.325069E-5	0.0
235.025219584	-5.4614124E-5	0.0
235.027185664	-4.0096056E-5	0.0
235.029168128	4.0876563E-5	0.0
235.031134208	5.633873E-5	0.0
235.033100288	-3.2350188E-5	0.0
235.035082752	-2.2083585E-4	0.0
235.037048832	-5.4797943E-5	0.0
235.039031296	5.8542355E-5	0.0
235.040997376	-1.0579394E-4	0.0
235.042963456	-2.4325318E-4	0.0
235.04494592	5.0533563E-5	0.0
235.046912	1.12789916E-4	0.0
235.048894464	-9.4284274E-5	0.0
235.050860544	-1.2523963E-4	0.0
235.052826624	1.1979922E-5	0.0
235.054809088	1.2154959E-4	0.0
235.056775168	1.5352882E-5	0.0
235.058757632	1.6056874E-5	0.0
235.060723712	6.271369E-5	0.0
235.062689792	7.907572E-5	0.0
235.064672256	3.028533E-5	0.0
235.066638336	3.075431E-6	0.0
235.0686208	1.0059652E-5	0.0
235.07058688	-1.7679762E-5	0.0
235.07255296	-7.893248E-7	0.0
235.074535424	-4.0099258E-6	0.0
235.076501504	1.0120276E-6	0.0
235.078483968	-2.898305E-5	0.0
235.080450048	-7.9093035E-5	0.0
235.082416128	-7.492467E-5	0.0
235.084398592	-6.485361E-5	0.0
235.086364672	-9.945562E-5	0.0
235.088347136	-1.2474669E-4	0.0
235.090313216	2.4927693E-5	0.0
235.092279296	-6.5983855E-5	0.0
235.09426176	-1.2212043E-4	0.0
235.09622784	3.608252E-5	0.0
235.098210304	8.54299E-5	0.0
235.100176384	5.0206872E-5	0.0
235.102142464	-6.4089254E-6	0.0
235.104124928	1.2613513E-5	0.0
235.106091008	-2.4801848E-5	0.0
235.108073472	-3.913627E-5	0.0
235.110039552	9.882919E-5	0.0
235.112005632	1.8970508E-4	0.0
235.113988096	1.11448346E-4	0.0
235.115954176	1.1568391E-4	0.0
235.11793664	8.514011E-5	0.0
235.11990272	1.8582566E-4	0.0
235.1218688	1.0872766E-4	0.0
235.123851264	2.728068E-5	0.0
235.125817344	1.2399774E-5	0.0
235.127799808	6.531036E-5	0.0
235.129765888	8.684775E-5	0.0
235.131731968	4.1026826E-5	0.0
235.133714432	9.766547E-6	0.0
235.135680512	1.3624813E-5	0.0
235.137662976	3.948633E-6	0.0
235.139629056	4.8668648E-5	0.0
235.141595136	1.9288491E-4	0.0
235.1435776	2.446923E-4	0.0
235.14554368	2.0361747E-4	0.0
235.147526144	2.3440403E-4	0.0
235.149492224	2.9756114E-4	0.0
235.151474688	2.1811688E-4	0.0
235.153440768	1.679956E-4	0.0
235.155406848	2.163284E-4	0.0
235.157389312	1.5918832E-4	0.0
235.159355392	7.1047136E-5	0.0
235.161337856	7.388272E-5	0.0
235.163303936	1.3055882E-4	0.0
235.165270016	8.8724715E-5	0.0
235.16725248	-2.4726556E-5	0.0
235.16921856	-2.5490153E-5	0.0
235.171201024	2.7106146E-6	0.0
235.173167104	3.781289E-5	0.0
235.175133184	1.6599827E-4	0.0
235.177115648	1.1330706E-4	0.0
235.179081728	-7.948771E-5	0.0
235.181064192	-7.2201685E-5	0.0
235.183030272	-6.7575835E-5	0.0
235.184996352	-1.0651519E-4	0.0
235.186978816	-1.0990829E-5	0.0
235.188944896	-1.8374005E-5	0.0
235.19092736	-1.577445E-5	0.0
235.19289344	-1.7523824E-5	0.0
235.19485952	-5.911707E-5	0.0
235.196841984	-1.18325086E-4	0.0
235.198808064	-7.938495E-5	0.0
235.200790528	-7.972587E-6	0.0
235.202756608	3.3036633E-6	0.0
235.204722688	-2.9033545E-5	0.0
235.206705152	-4.7377165E-5	0.0
235.208671232	3.114081E-6	0.0
235.210653696	1.3152923E-5	0.0
235.212619776	3.6346115E-5	0.0
235.214585856	2.9797086E-6	0.0
235.21656832	-7.907589E-5	0.0
235.2185344	-2.6403228E-5	0.0
235.220516864	2.4923359E-6	0.0
235.222482944	6.222667E-5	0.0
235.224449024	-1.6322709E-5	0.0
235.226431488	-1.8742372E-5	0.0
235.228397568	-1.1784508E-4	0.0
235.230380032	-9.199756E-5	0.0
235.232346112	2.8214097E-5	0.0
235.234312192	1.1872151E-4	0.0
235.236294656	1.2818558E-4	0.0
235.238260736	2.466247E-5	0.0
235.2402432	-1.3554702E-5	0.0
235.24220928	1.6264908E-5	0.0
235.24417536	1.1195475E-4	0.0
235.246157824	9.7768585E-5	0.0
235.248123904	1.0657008E-5	0.0
235.250106368	7.092836E-5	0.0
235.252072448	1.01382524E-4	0.0
235.254038528	4.690193E-5	0.0
235.256020992	5.0840055E-5	0.0
235.257987072	1.5423779E-5	0.0
235.259969536	-1.6321923E-5	0.0
235.261935616	-3.063801E-5	0.0
235.263901696	4.14197E-5	0.0
235.26588416	8.480542E-5	0.0
235.26785024	2.7873873E-5	0.0
235.269832704	8.2892366E-5	0.0
235.271798784	1.2754314E-4	0.0
235.273764864	2.0274342E-4	0.0
235.275747328	1.16810465E-4	0.0
235.277713408	1.0274077E-4	0.0
235.279695872	8.304167E-5	0.0
235.281661952	-7.0808805E-5	0.0
235.283628032	-4.3263484E-5	0.0
235.285610496	1.3217941E-5	0.0
235.287576576	-5.697453E-6	0.0
235.28955904	-8.8768895E-5	0.0
235.29152512	-3.5326375E-5	0.0
235.2934912	-7.821189E-5	0.0
235.295473664	-1.2287193E-4	0.0
235.297439744	-2.156623E-5	0.0
235.299422208	6.780209E-5	0.0
235.301388288	7.1065646E-5	0.0
235.303354368	1.1257641E-4	0.0
235.305336832	1.0105426E-4	0.0
235.307302912	6.0743623E-5	0.0
235.309285376	7.632247E-6	0.0
235.311251456	-1.5175884E-4	0.0
235.313217536	1.4555524E-5	0.0
235.3152	4.8647868E-5	0.0
235.31716608	-5.008909E-5	0.0
235.319148544	-1.2013974E-5	0.0
235.321114624	5.5887795E-5	0.0
235.323080704	8.517195E-5	0.0
235.325063168	5.379939E-5	0.0
235.327029248	9.480133E-5	0.0
235.329011712	8.9483336E-5	0.0
235.330977792	2.7266506E-5	0.0
235.332943872	-5.545575E-5	0.0
235.334926336	-3.502902E-5	0.0
235.336892416	-1.3832176E-6	0.0
235.33887488	-3.563601E-5	0.0
235.34084096	6.101269E-6	0.0
235.34280704	4.6111003E-5	0.0
235.344789504	7.802053E-5	0.0
235.346755584	9.541988E-5	0.0
235.348738048	2.9018556E-5	0.0
235.350704128	-6.01988E-5	0.0
235.352670208	-1.5646893E-4	0.0
235.354652672	-1.3631297E-4	0.0
235.356618752	-1.7079496E-5	0.0
235.358601216	5.6702673E-5	0.0
235.360567296	4.1679392E-5	0.0
235.362533376	4.4743094E-5	0.0
235.36451584	4.2926113E-6	0.0
235.36648192	-5.331065E-5	0.0
235.368464384	-2.2612076E-5	0.0
235.370430464	-3.4080265E-5	0.0
235.372396544	-3.7441176E-5	0.0
235.374379008	-1.6620848E-5	0.0
235.376345088	2.8888666E-5	0.0
235.378327552	4.1597377E-5	0.0
235.380293632	3.620022E-6	0.0
235.382259712	-7.097711E-5	0.0
235.384242176	-7.698557E-5	0.0
235.386208256	-2.8288254E-5	0.0
235.38819072	-5.411639E-5	0.0
235.3901568	-7.016532E-5	0.0
235.39212288	-4.334675E-5	0.0
235.394105344	-3.1678937E-5	0.0
235.396071424	-2.4945473E-6	0.0
235.398053888	-3.591791E-5	0.0
235.400019968	2.804911E-6	0.0
235.401986048	-1.15976145E-5	0.0
235.403968512	-5.240616E-5	0.0
235.405934592	5.087146E-5	0.0
235.407917056	9.195556E-5	0.0
235.409883136	6.493085E-5	0.0
235.411849216	7.4920536E-5	0.0
235.41383168	-1.0699616E-5	0.0
235.41579776	-3.0838125E-6	0.0
235.417780224	5.12423E-5	0.0
235.419746304	-4.317815E-6	0.0
235.421712384	-3.765631E-5	0.0
235.423694848	-3.6003068E-5	0.0
235.425660928	-2.861349E-5	0.0
235.427643392	6.172535E-5	0.0
235.429609472	4.20695E-5	0.0
235.431575552	-1.4197518E-5	0.0
235.433558016	1.0736796E-4	0.0
235.435524096	6.57645E-5	0.0
235.43750656	1.3676647E-5	0.0
235.43947264	-9.945565E-6	0.0
235.44143872	3.0965282E-5	0.0
235.443421184	9.9493394E-5	0.0
235.445387264	9.719975E-5	0.0
235.447369728	6.6682987E-6	0.0
235.449335808	-8.325977E-5	0.0
235.451301888	-2.3623725E-5	0.0
235.453284352	1.1394499E-5	0.0
235.455250432	-8.6208835E-5	0.0
235.457232896	-4.488806E-5	0.0
235.459198976	3.963127E-6	0.0
235.46118144	8.533095E-5	0.0
235.46314752	-5.0105387E-5	0.0
235.4651136	-1.5817658E-4	0.0
235.467096064	-9.693496E-6	0.0
235.469062144	-1.824522E-5	0.0
235.471044608	-1.7853483E-5	0.0
235.473010688	1.0959277E-4	0.0
235.474976768	1.4663258E-4	0.0
235.476959232	1.0358039E-4	0.0
235.478925312	-3.867189E-5	0.0
235.480907776	-6.1564E-5	0.0
235.482873856	-4.8252026E-5	0.0
235.484839936	-1.057387E-4	0.0
235.4868224	-4.839088E-5	0.0
235.48878848	-7.029422E-5	0.0
235.490770944	-5.944341E-6	0.0
235.492737024	1.0040079E-4	0.0
235.494703104	8.394971E-5	0.0
235.496685568	-2.9153887E-6	0.0
235.498651648	-3.506933E-5	0.0
235.500634112	2.122269E-4	0.0
235.502600192	2.6174224E-4	0.0
235.504566272	1.8762928E-4	0.0
235.506548736	1.6888688E-4	0.0
235.508514816	2.1493612E-4	0.0
235.51049728	2.3091471E-4	0.0
235.51246336	2.4753818E-4	0.0
235.51442944	1.9972477E-4	0.0
235.516411904	5.825667E-5	0.0
235.518377984	1.611714E-4	0.0
235.520360448	1.2871795E-4	0.0
235.522326528	1.7225227E-4	0.0
235.524292608	8.343422E-5	0.0
235.526275072	8.3245104E-5	0.0
235.528241152	1.5605355E-4	0.0
235.530223616	3.0373523E-4	0.0
235.532189696	2.4666116E-4	0.0
235.534155776	1.6642359E-4	0.0
235.53613824	1.813123E-4	0.0
235.53810432	6.879741E-5	0.0
235.540086784	4.3782755E-5	0.0
235.542052864	9.190556E-5	0.0
235.544018944	6.807275E-5	0.0
235.546001408	9.911624E-5	0.0
235.547967488	6.9496804E-5	0.0
235.549949952	4.2648724E-5	0.0
235.551916032	5.183459E-5	0.0
235.553882112	5.0719304E-5	0.0
235.555864576	1.3307776E-4	0.0
235.557830656	1.5939507E-4	0.0
235.55981312	1.2767033E-4	0.0
235.5617792	2.0557482E-4	0.0
235.56374528	2.3462376E-4	0.0
235.565727744	5.7195924E-5	0.0
235.567693824	-1.9511644E-5	0.0
235.569676288	-1.7968792E-5	0.0
235.571642368	-3.373128E-5	0.0
235.573608448	3.7968362E-5	0.0
235.575590912	5.3791882E-5	0.0
235.577556992	-4.2332133E-5	0.0
235.579539456	-5.2245392E-5	0.0
235.581505536	-2.4281879E-5	0.0
235.583471616	1.6896229E-5	0.0
235.58545408	6.6177105E-5	0.0
235.58742016	-6.9706E-6	0.0
235.589402624	-7.814661E-5	0.0
235.591368704	-3.920868E-5	0.0
235.593334784	1.4292134E-5	0.0
235.595317248	-4.200061E-6	0.0
235.597283328	-5.7889556E-5	0.0
235.599265792	-1.0364805E-5	0.0
235.601231872	8.284405E-6	0.0
235.603197952	-9.837365E-5	0.0
235.605180416	-1.3131056E-4	0.0
235.607146496	-3.0639727E-5	0.0
235.60912896	2.6719877E-5	0.0
235.61109504	-4.3018517E-5	0.0
235.61306112	-3.0429626E-5	0.0
235.615043584	1.8956896E-5	0.0
235.617009664	8.240223E-5	0.0
235.618992128	2.7890463E-5	0.0
235.620958208	-3.1676318E-5	0.0
235.622924288	3.36566E-5	0.0
235.624906752	-3.2977056E-5	0.0
235.626872832	5.4934557E-5	0.0
235.628855296	1.4768829E-4	0.0
235.630821376	8.0678234E-5	0.0
235.632787456	8.3412684E-5	0.0
235.63476992	-2.4413195E-5	0.0
235.636736	-2.1569256E-5	0.0
235.638718464	6.299358E-5	0.0
235.640684544	7.661167E-5	0.0
235.642650624	-5.548072E-5	0.0
235.644633088	-1.6208057E-4	0.0
235.646599168	-1.18177864E-4	0.0
235.648581632	2.050598E-6	0.0
235.650547712	-5.7062338E-5	0.0
235.652513792	-1.4489662E-5	0.0
235.654496256	3.644012E-5	0.0
235.656462336	-2.9220595E-5	0.0
235.6584448	6.7102286E-5	0.0
235.66041088	-1.6649516E-5	0.0
235.66237696	-2.5301415E-5	0.0
235.664359424	3.097084E-5	0.0
235.666325504	1.0732215E-4	0.0
235.668307968	5.6547287E-6	0.0
235.670274048	1.0504099E-4	0.0
235.672240128	9.2163944E-5	0.0
235.674222592	1.01588696E-4	0.0
235.676188672	1.10197E-5	0.0
235.678171136	-5.4460455E-5	0.0
235.680137216	-1.1514014E-4	0.0
235.682103296	-3.3346878E-5	0.0
235.68408576	6.17576E-5	0.0
235.68605184	-4.535698E-5	0.0
235.688034304	5.4902688E-5	0.0
235.690000384	9.006754E-5	0.0
235.691966464	5.711775E-5	0.0
235.693948928	-6.7323563E-6	0.0
235.695915008	-7.837653E-5	0.0
235.697897472	-9.671744E-5	0.0
235.699863552	6.390241E-5	0.0
235.701829632	1.20733894E-4	0.0
235.703812096	1.12735055E-4	0.0
235.705778176	2.023991E-5	0.0
235.70776064	3.106895E-5	0.0
235.70972672	5.730198E-5	0.0
235.7116928	5.5744138E-5	0.0
235.713675264	5.8050995E-5	0.0
235.715641344	-8.30185E-5	0.0
235.717623808	-8.822884E-6	0.0
235.719589888	1.1257245E-5	0.0
235.721555968	3.2855198E-5	0.0
235.723538432	1.4020907E-4	0.0
235.725504512	2.6417343E-5	0.0
235.727486976	7.0192635E-7	0.0
235.729453056	-1.6538824E-4	0.0
235.731419136	-1.9402725E-4	0.0
235.7334016	-5.5969576E-5	0.0
235.73536768	4.945643E-6	0.0
235.737350144	-1.4134913E-4	0.0
235.739316224	-9.304445E-5	0.0
235.741282304	5.829308E-5	0.0
235.743264768	1.797383E-4	0.0
235.745230848	2.2966755E-4	0.0
235.747213312	8.293433E-5	0.0
235.749179392	6.760194E-5	0.0
235.751145472	7.5177784E-5	0.0
235.753127936	1.0973309E-6	0.0
235.755094016	7.084463E-5	0.0
235.75707648	2.2148044E-5	0.0
235.75904256	4.2575848E-5	0.0
235.76100864	-8.9979294E-5	0.0
235.762991104	-8.905615E-5	0.0
235.764957184	4.3168286E-5	0.0
235.766939648	8.07117E-5	0.0
235.768905728	-2.8327078E-5	0.0
235.770888192	-5.1283772E-5	0.0
235.772854272	4.4416956E-5	0.0
235.774820352	8.9237E-6	0.0
235.776802816	-5.848665E-5	0.0
235.778768896	-3.7810212E-5	0.0
235.78075136	7.431742E-5	0.0
235.78271744	8.536375E-5	0.0
235.78468352	2.683411E-5	0.0
235.786665984	4.651962E-5	0.0
235.788632064	4.442857E-5	0.0
235.790614528	-5.2372634E-5	0.0
235.792580608	-6.114578E-5	0.0
235.794546688	-1.2736417E-6	0.0
235.796529152	-4.0906743E-5	0.0
235.798495232	-1.000177E-4	0.0
235.800477696	2.6484602E-5	0.0
235.802443776	1.1687403E-4	0.0
235.804409856	1.1342738E-4	0.0
235.80639232	1.7174563E-4	0.0
235.8083584	1.2224735E-4	0.0
235.810340864	1.17855874E-4	0.0
235.812306944	1.1632967E-4	0.0
235.814273024	4.495037E-5	0.0
235.816255488	1.0710055E-4	0.0
235.818221568	4.5708846E-5	0.0
235.820204032	-1.2436387E-5	0.0
235.822170112	2.2793218E-5	0.0
235.824136192	2.9664952E-5	0.0
235.826118656	9.050069E-5	0.0
235.828084736	1.0563148E-4	0.0
235.8300672	1.1564512E-4	0.0
235.83203328	5.2379735E-5	0.0
235.83399936	4.0324987E-5	0.0
235.835981824	1.427237E-4	0.0
235.837947904	2.489568E-4	0.0
235.839930368	1.0901637E-4	0.0
235.841896448	1.5216685E-4	0.0
235.843862528	1.0000766E-4	0.0
235.845844992	-3.1006697E-5	0.0
235.847811072	-5.9004204E-5	0.0
235.849793536	1.7284503E-5	0.0
235.851759616	1.544703E-4	0.0
235.853725696	1.6265249E-4	0.0
235.85570816	4.1780993E-5	0.0
235.85767424	8.3174E-5	0.0
235.859656704	5.4237695E-5	0.0
235.861622784	5.777701E-5	0.0
235.863588864	1.6612819E-4	0.0
235.865571328	2.743147E-4	0.0
235.867537408	2.5637329E-4	0.0
235.869519872	2.0058945E-4	0.0
235.871485952	8.690427E-5	0.0
235.873452032	1.6444319E-4	0.0
235.875434496	4.5833245E-4	0.0
235.877400576	3.1491977E-4	0.0
235.87938304	1.8525476E-4	0.0
235.88134912	3.2089066E-4	0.0
235.8833152	1.618572E-4	0.0
235.885297664	-1.0808901E-5	0.0
235.887263744	6.0977705E-5	0.0
235.889246208	4.3396602E-4	0.0
235.891212288	2.8691572E-4	0.0
235.893178368	4.954709E-5	0.0
235.895160832	6.807281E-5	0.0
235.897126912	1.859189E-4	0.0
235.899109376	3.0841105E-4	0.0
235.901075456	2.2972788E-5	0.0
235.903041536	-8.841394E-6	0.0
235.905024	9.366014E-5	0.0
235.90699008	1.4592902E-4	0.0
235.908972544	3.0402935E-4	0.0
235.910938624	1.4913388E-4	0.0
235.912904704	2.470277E-4	0.0
235.914887168	3.2948176E-4	0.0
235.916853248	-1.0685815E-4	0.0
235.918835712	-1.8725696E-5	0.0
235.920801792	5.5852637E-5	0.0
235.922767872	1.0869029E-5	0.0
235.924750336	4.007388E-5	0.0
235.926716416	2.2118588E-4	0.0
235.92869888	9.3165465E-5	0.0
235.93066496	-1.15010625E-4	0.0
235.93263104	-1.3629411E-4	0.0
235.934613504	-4.3220207E-5	0.0
235.936579584	1.387528E-5	0.0
235.938562048	1.2388598E-4	0.0
235.940528128	3.433431E-4	0.0
235.942494208	2.233302E-4	0.0
235.944476672	1.1086429E-4	0.0
235.946442752	2.0343854E-4	0.0
235.948425216	2.007341E-4	0.0
235.950391296	1.0233134E-4	0.0
235.952357376	-1.981337E-4	0.0
235.95433984	-2.410879E-4	0.0
235.95630592	1.4216904E-4	0.0
235.958288384	3.006975E-4	0.0
235.960254464	2.8294444E-4	0.0
235.962220544	1.9287076E-4	0.0
235.964203008	2.0247672E-4	0.0
235.966169088	1.7160826E-4	0.0
235.968151552	1.1783355E-4	0.0
235.970117632	3.624425E-5	0.0
235.972083712	2.3115208E-4	0.0
235.974066176	2.4088225E-4	0.0
235.976032256	4.4817978E-5	0.0
235.97801472	1.04591454E-4	0.0
235.9799808	1.14185415E-4	0.0
235.98194688	8.710765E-5	0.0
235.983929344	9.315062E-5	0.0
235.985895424	7.187191E-6	0.0
235.987877888	-3.4965284E-5	0.0
235.989843968	4.9801893E-5	0.0
235.991810048	3.4345314E-5	0.0
235.993792512	3.0066236E-5	0.0
235.995758592	8.336734E-6	0.0
235.997741056	-4.279893E-6	0.0
235.999707136	-7.280891E-5	0.0
236.001673216	-7.258917E-5	0.0
236.00365568	-3.8631988E-5	0.0
236.00562176	-2.8754E-6	0.0
236.007604224	-4.14151E-5	0.0
236.009570304	-7.2260416E-5	0.0
236.011536384	7.596391E-6	0.0
236.013518848	1.044026E-4	0.0
236.015484928	1.1223601E-4	0.0
236.017467392	4.7177047E-5	0.0
236.019433472	1.217326E-6	0.0
236.021399552	-8.5146865E-5	0.0
236.023382016	-6.496333E-5	0.0
236.025348096	-1.4406395E-6	0.0
236.02733056	-4.7626585E-5	0.0
236.02929664	1.3100973E-5	0.0
236.03126272	1.03618804E-4	0.0
236.033245184	4.9537863E-5	0.0
236.035211264	-6.9932285E-5	0.0
236.037193728	-2.7809263E-5	0.0
236.039159808	4.8291375E-5	0.0
236.041125888	6.443277E-5	0.0
236.043108352	-1.0269898E-5	0.0
236.045074432	-7.573914E-5	0.0
236.047056896	-4.1930994E-5	0.0
236.049022976	3.494852E-5	0.0
236.050989056	-9.199313E-6	0.0
236.05297152	4.8228103E-5	0.0
236.0549376	1.9853876E-5	0.0
236.056920064	-8.259405E-6	0.0
236.058886144	4.0959567E-5	0.0
236.060852224	2.2985681E-5	0.0
236.062834688	-2.6345311E-5	0.0
236.064800768	-2.229033E-6	0.0
236.066783232	8.872457E-5	0.0
236.068749312	8.522096E-6	0.0
236.070715392	-1.744213E-5	0.0
236.072697856	-1.2814009E-5	0.0
236.074663936	6.4394844E-6	0.0
236.0766464	5.959117E-5	0.0
236.07861248	4.173172E-5	0.0
236.080594944	9.378797E-6	0.0
236.082561024	-3.67107E-5	0.0
236.084527104	-3.0220632E-5	0.0
236.086509568	-5.368507E-5	0.0
236.088475648	-5.2932883E-6	0.0
236.090458112	1.0765824E-4	0.0
236.092424192	8.602062E-5	0.0
236.094390272	-4.8632122E-5	0.0
236.096372736	-7.100048E-5	0.0
236.098338816	1.19568984E-4	0.0
236.10032128	1.773579E-4	0.0
236.10228736	1.4828084E-4	0.0
236.10425344	1.8245695E-4	0.0
236.106235904	1.3109317E-4	0.0
236.108201984	1.3491235E-4	0.0
236.110184448	1.0770047E-4	0.0
236.112150528	5.3969008E-5	0.0
236.114116608	-7.470109E-5	0.0
236.116099072	-1.7988203E-6	0.0
236.118065152	-6.432063E-6	0.0
236.120047616	8.818568E-5	0.0
236.122013696	1.7285798E-4	0.0
236.123979776	2.9627376E-4	0.0
236.12596224	2.3672852E-5	0.0
236.12792832	-9.0972084E-5	0.0
236.129910784	1.5714605E-4	0.0
236.131876864	-4.404952E-6	0.0
236.133842944	-7.606301E-5	0.0
236.135825408	4.8247282E-5	0.0
236.137791488	-3.894439E-5	0.0
236.139773952	3.2244134E-5	0.0
236.141740032	-1.9035593E-5	1.7886367942310244E-8
236.143706112	1.2305769E-5	3.832275652371209E-8
236.145688576	-6.0747436E-5	7.900343490518935E-8
236.147654656	-9.790316E-5	1.5670467234940588E-7
236.14963712	2.1968619E-5	2.9906613008279237E-7
236.1516032	-1.475632E-4	5.49163132745889E-7
236.15356928	5.250619E-5	9.702465604277677E-7
236.155551744	1.7591016E-4	1.6493264638484106E-6
236.157517824	7.150561E-5	2.697581749089295E-6
236.159500288	-3.821944E-6	4.244993760949001E-6
236.161466368	1.5461244E-4	6.427062544389628E-6
236.163432448	7.008083E-5	9.362190212414134E-6
236.165414912	1.031562E-5	1.3121090887580067E-5
236.167380992	7.6049764E-5	1.769254231476225E-5
236.169363456	-6.219634E-6	2.295319427503273E-5
236.171329536	-6.669655E-5	2.865057103917934E-5
236.173295616	-9.3730865E-5	3.440908403717913E-5
236.17527808	9.557823E-5	3.976274820161052E-5
236.17724416	1.1499165E-4	4.421377525432035E-5
236.179226624	1.2710571E-4	4.730751970782876E-5
236.181192704	7.006523E-5	4.870842894888483E-5
236.183158784	5.2456424E-5	4.8259600589517504E-5
236.185141248	2.2987256E-4	4.601163527695462E-5
236.187107328	2.1204675E-4	4.22132397943642E-5
236.189089792	1.2503119E-4	3.7266181607265025E-5
236.191055872	-1.5153608E-5	3.165568341501057E-5
236.193021952	1.3907175E-4	2.58729141933145E-5
236.195004416	6.202201E-6	2.0346185920061544E-5
236.196970496	5.901765E-5	1.5394109141197987E-5
236.19895296	2.4128353E-4	1.1206138879060745E-5
236.20091904	2.1942824E-4	7.84846724855015E-6
236.20288512	2.7823556E-4	5.28859982296126E-6
236.204867584	1.7098393E-4	3.4286938443983672E-6
236.206833664	2.0534979E-4	2.138709305654629E-6
236.208816128	1.8391575E-4	1.2835482721129665E-6
236.210782208	2.2207733E-4	7.411674687318737E-7
236.212748288	4.414878E-4	4.117809453418886E-7
236.214730752	2.9740206E-4	2.20121151528474E-7
236.216696832	1.6994125E-4	1.1321602499947403E-7
236.218679296	1.967847E-4	5.6027875672270966E-8
236.220645376	3.1325428E-4	2.6677788866891206E-8
236.222611456	1.85566E-4	1.2222159284647205E-8
236.22459392	1.3242188E-4	0.0
236.22656	1.1706143E-5	0.0
236.228542464	1.7977282E-4	0.0
236.230508544	1.734421E-4	0.0
236.232474624	4.6258618E-5	0.0
236.234457088	7.5919845E-5	0.0
236.236423168	7.490881E-5	0.0
236.238405632	5.517795E-6	0.0
236.240371712	1.959296E-5	0.0
236.242337792	-3.0108873E-5	0.0
236.244320256	8.171762E-5	0.0
236.246286336	5.4380595E-5	0.0
236.2482688	6.310118E-5	0.0
236.25023488	9.137497E-6	0.0
236.25220096	5.4266216E-5	0.0
236.254183424	2.595094E-4	0.0
236.256149504	1.7792886E-4	0.0
236.258131968	7.7942736E-5	0.0
236.260098048	5.4993696E-5	0.0
236.262064128	-2.0359497E-5	0.0
236.264046592	-1.4804464E-4	0.0
236.266012672	-1.3042863E-4	0.0
236.267995136	-2.836663E-5	0.0
236.269961216	-1.9115379E-7	0.0
236.271927296	8.730666E-5	0.0
236.27390976	-1.17174495E-4	0.0
236.27587584	-2.3631146E-5	0.0
236.277858304	1.3992199E-4	0.0
236.279824384	1.5363036E-4	0.0
236.281790464	7.0369686E-5	0.0
236.283772928	-7.0137554E-5	0.0
236.285739008	-5.238282E-6	0.0
236.287721472	7.8788056E-5	0.0
236.289687552	4.052918E-5	0.0
236.291653632	4.7253183E-5	0.0
236.293636096	2.3600383E-5	0.0
236.295602176	1.1943796E-4	0.0
236.29758464	1.5800187E-4	0.0
236.29955072	9.6854375E-5	0.0
236.3015168	3.5663836E-6	0.0
236.303499264	-9.900096E-5	0.0
236.305465344	-1.0022402E-4	0.0
236.307447808	-4.9846305E-5	0.0
236.309413888	-7.455988E-5	0.0
236.311379968	2.4637993E-5	0.0
236.313362432	1.3275104E-4	0.0
236.315328512	1.0209755E-4	0.0
236.317310976	2.221018E-5	0.0
236.319277056	3.5598176E-5	0.0
236.321243136	7.1993796E-5	0.0
236.3232256	1.8598804E-6	0.0
236.32519168	3.9668375E-5	0.0
236.327174144	7.253789E-5	0.0
236.329140224	8.628663E-5	0.0
236.331106304	1.239604E-4	0.0
236.333088768	1.5199094E-4	0.0
236.335054848	2.5417336E-5	0.0
236.337037312	-7.9505175E-5	0.0
236.339003392	-8.331292E-6	0.0
236.340969472	-9.5223164E-5	0.0
236.342951936	-1.0887932E-4	0.0
236.344918016	3.2778713E-5	0.0
236.34690048	-1.4195713E-5	0.0
236.34886656	-2.7004397E-5	0.0
236.35083264	3.5621488E-5	0.0
236.352815104	5.850452E-6	0.0
236.354781184	4.4018438E-5	0.0
236.356763648	5.636958E-5	0.0
236.358729728	3.3798075E-5	0.0
236.360695808	-3.0108204E-5	0.0
236.362678272	5.7304103E-5	0.0
236.364644352	4.6072557E-5	0.0
236.366626816	-7.862749E-5	0.0
236.368592896	-7.348397E-6	0.0
236.370558976	-2.532755E-5	0.0
236.37254144	-4.981956E-5	0.0
236.37450752	8.1318634E-5	0.0
236.376489984	6.3427724E-5	0.0
236.378456064	3.298986E-5	0.0
236.380422144	3.8212776E-5	0.0
236.382404608	9.1833266E-5	0.0
236.384370688	1.3841075E-4	0.0
236.386353152	-6.126161E-5	0.0
236.388319232	-2.6810446E-6	0.0
236.390301696	5.2413E-5	0.0
236.392267776	1.276134E-4	0.0
236.394233856	5.7046127E-6	0.0
236.39621632	5.323274E-5	0.0
236.3981824	7.5989694E-5	0.0
236.400164864	2.1738195E-4	0.0
236.402130944	1.4867118E-4	0.0
236.404097024	-1.0463758E-5	0.0
236.406079488	-2.7780858E-5	0.0
236.408045568	1.12803245E-5	0.0
236.410028032	-6.405491E-6	0.0
236.411994112	-1.9485012E-6	0.0
236.413960192	1.7492275E-5	0.0
236.415942656	-1.6249198E-4	0.0
236.417908736	5.6529214E-5	0.0
236.4198912	5.8208825E-6	0.0
236.42185728	-7.396989E-5	0.0
236.42382336	-1.5992267E-4	0.0
236.425805824	-6.0074643E-5	0.0
236.427771904	7.877819E-5	0.0
236.429754368	1.4147241E-4	0.0
236.431720448	-1.939846E-5	0.0
236.433686528	-3.5128818E-5	0.0
236.435668992	5.835871E-5	0.0
236.437635072	-1.683089E-5	0.0
236.439617536	1.5081893E-4	0.0
236.441583616	1.6138426E-4	0.0
236.443549696	1.3021068E-4	0.0
236.44553216	4.0581188E-5	0.0
236.44749824	1.7597942E-4	0.0
236.449480704	2.6727302E-4	0.0
236.451446784	1.0945025E-4	0.0
236.453412864	-1.9342202E-5	0.0
236.455395328	4.0328887E-6	0.0
236.457361408	3.3846503E-5	0.0
236.459343872	1.3224373E-5	0.0
236.461309952	-1.8817663E-6	0.0
236.463276032	-6.359664E-5	0.0
236.465258496	-4.514036E-5	0.0
236.467224576	1.3948788E-4	0.0
236.46920704	1.3312764E-4	2.93195398626267E-7
236.47117312	7.908969E-5	6.424979801522568E-7
236.4731392	8.71458E-5	1.354809000986279E-6
236.475121664	-1.7555285E-5	2.74889362117392E-6
236.477087744	-9.876111E-5	5.366616733226692E-6
236.479070208	-1.3116152E-4	1.0080454558192287E-5
236.481036288	-8.526698E-5	1.8216194803244434E-5
236.483002368	1.0494457E-4	3.1665047572460026E-5
236.484984832	9.658976E-5	5.293802314554341E-5
236.486950912	1.238783E-4	8.513581269653514E-5
236.488933376	2.3625736E-4	1.3158844376448542E-4
236.490899456	2.7259576E-4	1.9548836280591786E-4
236.492865536	4.0227085E-4	2.79096479061991E-4
236.494848	5.3078815E-4	3.829093184322119E-4
236.49681408	4.9998076E-4	5.049019819125533E-4
236.498796544	5.8945E-4	6.400975398719311E-4
236.500762624	7.927865E-4	7.806918583810329E-4
236.502728704	9.645971E-4	9.167885291390121E-4
236.504711168	0.0010990171	0.00103764608502388
236.506677248	0.0011683137	0.0011331336572766304
236.508659712	0.001161991	0.0011951111955568194
236.510625792	0.0010802567	0.0012184811057522893
236.512591872	0.0010584895	0.00120179308578372
236.514574336	9.649764E-4	0.0011473593767732382
236.516540416	9.0873055E-4	0.0010608911979943514
236.51852288	9.0482365E-4	9.506947826594114E-4
236.52048896	8.296162E-4	8.26497795060277E-4
236.52245504	7.3140196E-4	6.980980397202075E-4
236.524437504	5.875113E-4	5.740713095292449E-4
236.526403584	4.1342663E-4	4.6083246706984937E-4
236.528386048	4.4458543E-4	3.622284275479615E-4
236.530352128	3.995068E-4	2.7967029018327594E-4
236.532318208	2.55672E-4	2.1267951524350792E-4
236.534300672	1.7760109E-4	1.5959561278577894E-4
236.536266752	1.1347339E-4	1.1824641114799306E-4
236.538249216	9.126068E-5	8.643377077532932E-5
236.540215296	1.0491465E-4	6.220722571015358E-5
236.542181376	1.713415E-4	4.395788346300833E-5
236.54416384	1.1865326E-4	3.040052979486063E-5
236.54612992	-4.4023094E-5	2.0511324692051858E-5
236.548112384	-1.3711024E-4	1.346220506093232E-5
236.550078464	-7.0680195E-5	8.573812010581605E-6
236.552044544	-6.4088206E-5	5.038526524003828E-6
236.554027008	-2.0994048E-5	3.0446060463873437E-6
236.555993088	1.3341472E-4	1.7702707282296615E-6
236.557975552	9.0064685E-5	9.90450303106627E-7
236.559941632	-3.77424E-5	5.332324803930533E-7
236.561907712	-1.3549402E-4	2.762454016647098E-7
236.563890176	-1.05121115E-4	1.3771159501629882E-7
236.565856256	2.3405999E-5	6.606087765703705E-8
236.56783872	3.5129575E-5	3.049435903790254E-8
236.5698048	5.5388577E-5	0.0
236.57177088	1.0921594E-4	0.0
236.573753344	5.687459E-5	0.0
236.575719424	9.417732E-5	0.0
236.577701888	1.2798831E-4	0.0
236.579667968	1.054625E-4	0.0
236.581634048	7.188489E-5	0.0
236.583616512	3.3746476E-6	0.0
236.585582592	-3.309187E-5	0.0
236.587565056	-3.946887E-6	0.0
236.589531136	4.221982E-5	0.0
236.591497216	-4.530186E-5	0.0
236.59347968	-1.19743796E-4	0.0
236.59544576	-5.632572E-5	0.0
236.597428224	-1.0693344E-4	0.0
236.599394304	-5.6242745E-5	0.0
236.601360384	-7.0281705E-5	0.0
236.603342848	3.2205193E-5	0.0
236.605308928	1.1838853E-4	0.0
236.607291392	7.943821E-5	0.0
236.609257472	4.4699904E-5	0.0
236.611223552	8.620942E-5	0.0
236.613206016	7.6522905E-5	0.0
236.615172096	1.969299E-5	0.0
236.61715456	-6.474409E-5	0.0
236.61912064	-7.867403E-5	4.089848104626981E-8
236.62108672	-1.5495787E-4	8.730114586796844E-8
236.623069184	-9.847898E-5	1.7932889306848665E-7
236.625035264	-2.2085653E-4	3.5448405810711847E-7
236.627017728	-1.2370938E-4	6.743031804035127E-7
236.628983808	-1.687492E-4	1.23432221244002E-6
236.630949888	-8.006318E-6	2.1742534954682924E-6
236.632932352	4.9122405E-5	3.6854794416285586E-6
236.634898432	-9.7151205E-6	6.011358891555574E-6
236.636880896	1.9924395E-5	9.434877028979827E-6
236.638846976	-2.2197986E-5	1.4248868865252007E-5
236.640813056	1.0285905E-5	2.0705962015199475E-5
236.64279552	1.151211E-4	2.8951888452866115E-5
236.6447616	6.646293E-5	3.895162808476016E-5
236.646744064	4.784233E-6	5.0425296649336815E-5
236.648710144	8.092285E-5	6.281514652073383E-5
236.650676224	8.271192E-5	7.530017319368199E-5
236.652658688	2.2084714E-5	8.687061199452728E-5
236.654624768	7.262052E-5	9.645547834224999E-5
236.656607232	3.912463E-5	1.0308293713023886E-4
236.658573312	1.2750979E-4	1.060411159414798E-4
236.660539392	1.4899581E-4	1.0500230564502999E-4
236.662521856	6.522547E-5	1.0008221579482779E-4
236.664487936	-6.797153E-5	9.181904897559434E-5
236.6664704	-6.9495873E-6	8.107748726615682E-5
236.66843648	1.3378615E-4	6.890147778904065E-5
236.67040256	2.6668116E-4	5.6349086662521586E-5
236.672385024	1.6004255E-5	4.4345244532451034E-5
236.674351104	-1.03104365E-4	3.358073809067719E-5
236.676333568	-1.6077612E-4	2.4468250558129512E-5
236.678299648	1.1656823E-4	1.7154643501271494E-5
236.680265728	1.00631994E-4	1.1572567927942146E-5
236.682248192	1.108312E-4	7.511924195569009E-6
236.684214272	-1.2105155E-6	4.6919840315240435E-6
236.686196736	-1.2880396E-4	2.8200183805893175E-6
236.688162816	-7.671045E-5	1.6309722923324443E-6
236.690128896	5.232828E-5	9.077114668798458E-7
236.69211136	2.6032329E-5	4.861363436248212E-7
236.69407744	5.9665705E-5	2.505425698018371E-7
236.696059904	3.410512E-5	1.2425761042322847E-7
236.698025984	-3.4149794E-5	5.930337820814202E-8
236.700008448	1.4062098E-5	2.723678704796839E-8
236.701974528	9.040232E-6	0.0
236.703940608	5.8921287E-5	0.0
236.705923072	4.9501366E-5	0.0
236.707889152	-3.846624E-6	0.0
236.709871616	4.5004563E-5	0.0
236.711837696	5.76858E-5	0.0
236.713803776	1.6445099E-4	0.0
236.71578624	2.3772955E-4	0.0
236.71775232	2.2513387E-4	0.0
236.719734784	2.1111753E-4	0.0
236.721700864	2.645269E-4	0.0
236.723666944	3.7727584E-4	0.0
236.725649408	4.20207E-4	0.0
236.727615488	3.8625454E-4	0.0
236.729597952	3.2529145E-4	0.0
236.731564032	2.6299807E-4	0.0
236.733530112	2.4325369E-4	0.0
236.735512576	2.405053E-4	0.0
236.737478656	2.0258347E-4	0.0
236.73946112	7.2446215E-5	0.0
236.7414272	3.422558E-5	0.0
236.74339328	8.765957E-5	0.0
236.745375744	5.8954087E-5	0.0
236.747341824	1.0366316E-4	0.0
236.749324288	1.4821356E-4	0.0
236.751290368	7.9679274E-5	0.0
236.753256448	-1.4770543E-5	0.0
236.755238912	4.720059E-6	0.0
236.757204992	-1.2781819E-6	0.0
236.759187456	6.732106E-5	0.0
236.761153536	9.455523E-5	0.0
236.763119616	-1.4689693E-5	0.0
236.76510208	-9.495334E-5	0.0
236.76706816	-1.4532775E-4	0.0
236.769050624	-1.7469103E-4	0.0
236.771016704	-3.286428E-5	0.0
236.772982784	4.7234527E-5	0.0
236.774965248	6.219672E-5	0.0
236.776931328	-1.7760525E-5	0.0
236.778913792	-7.887799E-5	0.0
236.780879872	-7.799195E-5	0.0
236.782845952	-2.2694847E-5	0.0
236.784828416	-1.7992192E-5	0.0
236.786794496	-1.896263E-5	0.0
236.78877696	5.2830874E-5	0.0
236.79074304	7.419367E-5	0.0
236.79270912	-6.061347E-5	0.0
236.794691584	-6.770558E-5	0.0
236.796657664	-1.3686164E-5	0.0
236.798640128	3.2343174E-5	0.0
236.800606208	2.804966E-5	0.0
236.802572288	9.945303E-6	0.0
236.804554752	6.2456675E-5	0.0
236.806520832	1.3961308E-4	0.0
236.808503296	1.0518989E-4	0.0
236.810469376	7.496058E-5	0.0
236.812435456	1.5499681E-5	0.0
236.81441792	-7.5793185E-5	0.0
236.816384	-6.2729116E-5	0.0
236.818366464	8.869829E-6	0.0
236.820332544	8.832317E-5	0.0
236.822298624	-7.847935E-6	0.0
236.824281088	-9.968164E-5	0.0
236.826247168	1.1769612E-4	0.0
236.828229632	6.281311E-5	0.0
236.830195712	-1.31529E-4	0.0
236.832161792	-1.5167221E-4	0.0
236.834144256	-1.0787771E-4	0.0
236.836110336	1.8190505E-5	0.0
236.8380928	1.3685232E-5	0.0
236.84005888	7.466995E-6	0.0
236.84202496	-5.4614735E-5	0.0
236.844007424	-1.3595185E-5	0.0
236.845973504	-4.966749E-5	0.0
236.847955968	-4.9214228E-5	0.0
236.849922048	3.863359E-5	0.0
236.851888128	1.3223084E-4	0.0
236.853870592	4.1452906E-5	0.0
236.855836672	1.2803649E-6	0.0
236.857819136	-1.0071459E-4	7.048081585026011E-8
236.859785216	-1.7508416E-4	1.5095172045676009E-7
236.861751296	-9.820171E-5	3.1114021226130717E-7
236.86373376	8.202964E-5	6.172001008053485E-7
236.86569984	1.228429E-5	1.1782494766521268E-6
236.867682304	5.098508E-5	2.1646565073751844E-6
236.869648384	-6.3660176E-5	3.827136879408499E-6
236.871614464	-1.2849948E-4	6.511552783194929E-6
236.873596928	-5.408452E-5	1.0661097803676967E-5
236.875563008	-2.5776477E-5	1.6796318959677592E-5
236.877545472	-1.15684146E-4	2.546285031712614E-5
236.879511552	-1.3299154E-4	3.714169724844396E-5
236.881477632	7.145805E-5	5.212808900978416E-5
236.883460096	8.186296E-5	7.039425690891221E-5
236.885426176	1.12776645E-4	9.146878437604755E-5
236.88740864	1.1208639E-4	1.1436798376962543E-4
236.88937472	9.286677E-5	1.376184227410704E-4
236.8913408	8.3678984E-5	1.5938394062686712E-4
236.893323264	1.0421054E-4	1.7769112309906632E-4
236.895289344	1.4834807E-4	1.907199330162257E-4
236.897271808	1.2595684E-4	1.970958401216194E-4
236.899237888	1.2038447E-4	1.9612396135926247E-4
236.901203968	1.5184571E-4	1.8791118054650724E-4
236.903186432	1.2224432E-4	1.7334696894977242E-4
236.905152512	2.0355344E-4	1.5394845104310662E-4
236.907134976	2.2234677E-4	1.3160514936316758E-4
236.909101056	5.8459293E-5	1.0828067024704069E-4
236.911067136	1.7283918E-4	8.573466038797051E-5
236.9130496	1.4120105E-4	6.532068800879642E-5
236.91501568	1.8018574E-4	4.7885954700177535E-5
236.916998144	1.7682064E-4	3.377697794348933E-5
236.918964224	8.678314E-5	2.2923926735529676E-5
236.920930304	-8.801988E-6	1.4970104530220851E-5
236.922912768	-6.4525986E-5	9.406852768734097E-6
236.924878848	-6.652082E-5	5.688021701644175E-6
236.926861312	-2.3810132E-6	3.309734893264249E-6
236.928827392	4.1781313E-5	1.8533146430854686E-6
236.930793472	-4.37914E-5	9.98716359390528E-7
236.932775936	-3.091109E-5	5.179345521355572E-7
236.934742016	8.797852E-5	2.5849621465567907E-7
236.93672448	1.0856532E-4	1.241606071289425E-7
236.93869056	3.9817765E-5	5.739350683597877E-8
236.94065664	2.7426839E-5	0.0
236.942639104	1.4682504E-5	0.0
236.944605184	-3.4756956E-6	0.0
236.946587648	3.681166E-5	0.0
236.948553728	1.1684996E-4	0.0
236.950519808	3.755046E-5	0.0
236.952502272	3.062509E-6	0.0
236.954468352	8.834945E-5	0.0
236.956450816	1.7348924E-4	0.0
236.958416896	1.12686044E-4	0.0
236.960382976	9.069167E-5	0.0
236.96236544	7.928256E-5	0.0
236.96433152	1.9644707E-5	0.0
236.966313984	4.163524E-5	0.0
236.968280064	7.923163E-5	0.0
236.970246144	1.3155988E-4	0.0
236.972228608	1.2107793E-4	0.0
236.974194688	-1.1391238E-6	0.0
236.976177152	-7.327547E-5	0.0
236.978143232	-6.6829176E-5	0.0
236.980109312	-8.0837635E-6	0.0
236.982091776	1.2284165E-4	0.0
236.984057856	8.073816E-5	0.0
236.98604032	-2.6557243E-6	0.0
236.9880064	6.1897736E-6	0.0
236.98997248	-3.9442617E-5	0.0
236.991954944	-8.808711E-5	0.0
236.993921024	-1.0325175E-4	0.0
236.995903488	5.7777535E-5	0.0
236.997869568	1.5965509E-4	0.0
236.999852032	1.0813182E-4	0.0
237.001818112	8.976663E-5	0.0
237.003784192	9.5470954E-5	0.0
237.005766656	1.9427913E-5	0.0
237.007732736	-6.0016668E-5	0.0
237.0097152	-1.0989889E-4	0.0
237.01168128	-1.0996926E-4	0.0
237.01364736	-5.90111E-5	0.0
237.015629824	9.038602E-6	0.0
237.017595904	2.8723764E-5	0.0
237.019578368	1.150333E-4	0.0
237.021544448	1.3553278E-4	0.0
237.023510528	1.3009468E-4	0.0
237.025492992	9.8796445E-6	0.0
237.027459072	-3.448155E-5	0.0
237.029441536	-4.8341433E-5	0.0
237.031407616	-8.159227E-5	0.0
237.033373696	4.0079118E-5	0.0
237.03535616	3.962437E-5	0.0
237.03732224	-1.02832855E-5	0.0
237.039304704	-1.0712203E-4	0.0
237.041270784	4.471661E-5	0.0
237.043236864	4.372833E-5	5.417311044197959E-8
237.045219328	-9.546391E-5	1.1745430583687266E-7
237.047185408	-1.01164274E-4	2.450930765007797E-7
237.049167872	2.9009068E-5	4.922349035041407E-7
237.051133952	-1.5883154E-5	1.1767048135880032E-6
237.053100032	5.7414436E-5	2.248982582386816E-6
237.055082496	1.6979084E-4	4.1491912270430475E-6
237.057048576	2.0936926E-4	7.390686278085923E-6
237.05903104	2.7434682E-4	1.2712323950836435E-5
237.06099712	3.2191418E-4	2.11178539757384E-5
237.0629632	3.9005154E-4	3.3884985896293074E-5
237.064945664	4.4774803E-4	5.252084520179778E-5
237.066911744	4.766682E-4	7.863891369197518E-5
237.068894208	4.3834347E-4	1.137456129072234E-4
237.070860288	3.3731016E-4	1.58936862135306E-4
237.072826368	3.8969933E-4	2.145431499229744E-4
237.074808832	3.7917067E-4	2.797858905978501E-4
237.076774912	4.781616E-4	3.5253737587481737E-4
237.078757376	5.0113024E-4	4.2926400783471763E-4
237.080723456	5.224381E-4	5.052214255556464E-4
237.082689536	7.2999543E-4	5.74895238969475E-4
237.084672	7.297981E-4	6.326404982246459E-4
237.08663808	6.8275724E-4	6.733970949426293E-4
237.088620544	7.463504E-4	6.933766417205334E-4
237.090586624	8.3195895E-4	6.905942573212087E-4
237.092552704	7.096301E-4	6.65165251120925E-4
237.094535168	7.477957E-4	6.193160079419613E-4
237.096501248	6.4512284E-4	5.571024958044291E-4
237.098483712	5.898762E-4	4.8386494745500386E-4
237.100449792	4.1434096E-4	4.0550579433329403E-4
237.102415872	3.7225915E-4	3.277085779700428E-4
237.104398336	2.6264935E-4	2.5525252567604184E-4
237.106364416	2.4629294E-4	1.9154319306835532E-4
237.10834688	1.5852167E-4	1.384384377161041E-4
237.11031296	8.99178E-5	9.635294554755092E-5
237.11227904	-4.317437E-5	6.457397830672562E-5
237.114261504	-1.8407794E-5	4.166977305430919E-5
237.116227584	-3.967111E-5	2.5891707991831936E-5
237.118210048	3.8668426E-5	1.549103035358712E-5
237.120176128	1.1659402E-5	8.924560461309738E-6
237.122142208	1.1140021E-4	4.950823040417163E-6
237.124124672	1.0689045E-4	2.6445325147506082E-6
237.126090752	-1.2207184E-4	1.325597054346872E-6
237.128073216	-1.4406464E-4	6.585555638594087E-7
237.130039296	-1.4176127E-5	3.1487763862969587E-7
237.132005376	-2.1062149E-6	1.448998290243253E-7
237.13398784	3.936095E-5	0.0
237.13595392	1.2954857E-4	0.0
237.137936384	1.4185425E-4	0.0
237.139902464	2.4915731E-5	0.0
237.141868544	7.1752293E-6	0.0
237.143851008	2.3170724E-5	0.0
237.145817088	5.7870086E-5	0.0
237.147799552	2.8553972E-5	0.0
237.149765632	1.9334955E-5	0.0
237.151731712	2.6701397E-5	0.0
237.153714176	-2.3243017E-5	0.0
237.155680256	-3.456406E-5	0.0
237.15766272	-9.255856E-5	0.0
237.1596288	-3.7438847E-5	0.0
237.16159488	7.502391E-5	0.0
237.163577344	2.5844434E-5	0.0
237.165543424	4.6435656E-5	0.0
237.167525888	1.3646905E-4	0.0
237.169491968	1.5029366E-4	0.0
237.171458048	1.6226753E-5	0.0
237.173440512	-2.2006774E-5	0.0
237.175406592	1.1797267E-5	0.0
237.177389056	7.3144736E-5	0.0
237.179355136	2.3842396E-4	0.0
237.181321216	2.665233E-4	0.0
237.18330368	1.5516291E-4	0.0
237.18526976	2.2680326E-6	0.0
237.187252224	-6.223828E-5	0.0
237.189218304	3.998868E-7	0.0
237.191184384	-5.0982053E-6	0.0
237.193166848	1.3595185E-5	0.0
237.195132928	-1.3123441E-5	0.0
237.197115392	4.273391E-5	0.0
237.199081472	1.2990969E-4	0.0
237.201047552	3.164704E-5	0.0
237.203030016	-7.4579526E-5	0.0
237.204996096	-5.6962308E-5	0.0
237.20697856	9.593964E-5	0.0
237.20894464	2.8392999E-5	0.0
237.21091072	4.8933813E-5	0.0
237.212893184	1.2316578E-4	0.0
237.214859264	-5.845251E-5	0.0
237.216841728	-1.2553869E-4	0.0
237.218807808	3.917032E-5	0.0
237.220773888	-6.441283E-5	0.0
237.222756352	-6.19331E-5	0.0
237.224722432	-3.8500963E-5	0.0
237.226704896	2.9109127E-5	7.147603398038882E-9
237.228670976	4.0015002E-5	1.553435780010659E-8
237.230637056	1.473845E-4	3.24957980524232E-8
237.23261952	6.924471E-5	6.542872910131337E-8
237.2345856	-2.5262503E-5	1.26798440192033E-7
237.236568064	-4.9356342E-5	2.3651696778870246E-7
237.238534144	7.4318814E-5	4.246318496825552E-7
237.240500224	4.586851E-6	7.337770284721046E-7
237.242482688	1.9416679E-5	1.2204357062728377E-6
237.244448768	8.641838E-5	1.953721948666498E-6
237.246431232	5.3909782E-5	3.010272848769091E-6
237.248397312	-1.1491246E-4	4.464180619834224E-6
237.250363392	-2.5688903E-5	6.3718985074956436E-6
237.252345856	2.4093295E-4	8.75356636242941E-6
237.254311936	1.9959963E-4	1.1574296877370216E-5
237.2562944	1.552238E-4	1.4729866961715743E-5
237.25826048	1.2235707E-4	1.8042757801595144E-5
237.26022656	2.3303254E-4	2.127226980519481E-5
237.262209024	2.6159795E-4	2.414014124951791E-5
237.264175104	2.3025533E-4	2.6368717954028398E-5
237.266157568	-6.8126974E-5	2.7724781830329448E-5
237.268123648	-7.5147836E-6	2.8059617761755362E-5
237.270089728	9.517482E-5	2.7335740014677867E-5
237.272072192	2.0266775E-4	2.5633806217228994E-5
237.274038272	-1.3102086E-4	2.3137852622312494E-5
237.276020736	-6.057817E-6	2.0102646885789E-5
237.277986816	1.0059198E-4	1.6811072782729752E-5
237.279952896	2.5257206E-5	1.353138668491738E-5
237.28193536	1.0811156E-4	1.0483016012585722E-5
237.28390144	9.236834E-5	7.816703146090731E-6
237.285883904	6.283313E-5	5.609859272226458E-6
237.287849984	4.5546272E-5	3.874993126373738E-6
237.289816064	-9.871874E-6	2.5762126369954785E-6
237.291798528	-1.9613246E-5	1.648493594075262E-6
237.293764608	2.2324079E-4	1.033511239256768E-6
237.295747072	7.213102E-5	6.40578491584165E-7
237.297713152	1.0203244E-4	4.226030796417035E-7
237.299679232	8.2472165E-5	3.4451903729859623E-7
237.301661696	1.9526356E-4	3.9515742855655844E-7
237.303627776	1.5675157E-4	5.896025072615885E-7
237.30561024	-9.410057E-5	9.70808400779788E-7
237.30757632	-1.7442486E-4	1.6100383390948991E-6
237.309558784	1.7084152E-5	2.5992944756580982E-6
237.311524864	5.18655E-5	4.068579983140808E-6
237.313490944	3.187485E-4	6.12952408118872E-6
237.315473408	1.35507E-4	8.88800059328787E-6
237.317439488	5.615427E-5	1.2404371773300227E-5
237.319421952	2.975977E-4	1.666232492425479E-5
237.321388032	3.3253877E-4	2.1542295144172385E-5
237.323354112	2.4568816E-4	2.680716715985909E-5
237.325336576	-4.1693478E-5	3.210874638170935E-5
237.327302656	4.2484884E-4	3.70185989595484E-5
237.32928512	4.8021247E-4	4.108233770239167E-5
237.3312512	4.041974E-4	4.388751040096395E-5
237.33321728	3.3259604E-4	4.5132197556085885E-5
237.335199744	1.904924E-4	4.467817780096084E-5
237.337165824	2.347396E-4	4.257617183611728E-5
237.339148288	1.424301E-4	3.90564528061077E-5
237.341114368	3.0044818E-4	3.4487657103454694E-5
237.343080448	3.3018095E-4	2.9313367122085765E-5
237.345062912	2.6336676E-4	2.3982054699445143E-5
237.347028992	2.3878503E-4	1.8884837118093856E-5
237.349011456	3.0373197E-4	1.4313278370536864E-5
237.350977536	3.267138E-4	1.044136570271803E-5
237.352943616	4.0683258E-4	7.331081178563181E-6
237.35492608	2.1932556E-4	4.954157247993862E-6
237.35689216	1.0773906E-4	3.222312216166756E-6
237.358874624	5.4658012E-5	2.0172642507532146E-6
237.360840704	1.4844441E-4	1.2155163631177857E-6
237.362806784	2.5771998E-4	7.049572445794183E-7
237.364789248	1.232393E-4	3.9352684666482673E-7
237.366755328	-4.7108915E-5	2.2489062700969953E-7
237.368737792	-4.0628714E-5	1.3834015533120692E-7
237.370703872	1.0245421E-5	1.1458264026487086E-7
237.372669952	5.6620105E-5	1.4621195987274405E-7
237.374652416	-2.7307426E-5	2.429705716622266E-7
237.376618496	-1.1271809E-4	4.273414901945216E-7
237.37860096	-1.3425574E-4	7.611418482156296E-7
237.38056704	-6.165914E-5	1.3048903610979323E-6
237.38253312	9.132986E-6	2.153265313609154E-6
237.384515584	-2.8464361E-5	3.4200536447315244E-6
237.386481664	2.6110213E-6	5.228465397522086E-6
237.388464128	1.2766049E-4	7.81761536927661E-6
237.390430208	1.4727356E-4	1.1167515367560554E-5
237.392396288	1.5428106E-4	1.5424293451360427E-5
237.394378752	1.639869E-4	2.064464206341654E-5
237.396344832	1.0312133E-4	2.6864874598686583E-5
237.398327296	1.5350597E-4	3.414355160202831E-5
237.400293376	3.0966263E-4	4.263490336597897E-5
237.402259456	2.678083E-4	5.268359382171184E-5
237.40424192	2.03968E-4	6.491754174930975E-5
237.406208	2.9851645E-4	8.030148455873132E-5
237.408190464	2.5731607E-4	1.0010691767092794E-4
237.410156544	1.8973011E-4	1.2576012522913516E-4
237.412122624	3.2383957E-4	1.585577119840309E-4
237.414105088	4.3027484E-4	1.9927354878745973E-4
237.416071168	4.4421168E-4	2.477368980180472E-4
237.418053632	5.10517E-4	3.0249517294578254E-4
237.420019712	6.689447E-4	3.606791142374277E-4
237.421985792	7.2161097E-4	4.1816459270194173E-4
237.423968256	7.461716E-4	4.700289573520422E-4
237.425934336	6.606033E-4	5.112450453452766E-4
237.4279168	6.925529E-4	5.374403554014862E-4
237.42988288	7.3558104E-4	5.456054350361228E-4
237.43184896	7.3010265E-4	5.346037796698511E-4
237.433831424	6.750061E-4	5.053503555245697E-4
237.435797504	6.4262503E-4	4.606765869539231E-4
237.437779968	6.645217E-4	4.048891132697463E-4
237.439746048	6.2287436E-4	3.431093937251717E-4
237.441712128	4.4966288E-4	2.8052611742168665E-4
237.443694592	2.6582662E-4	2.2170826559886336E-4
237.445660672	2.7929977E-4	1.7010293959174305E-4
237.447643136	2.8431966E-4	1.2779718963429332E-4
237.449609216	1.996512E-4	9.553408017382026E-5
237.451575296	5.5597804E-5	7.296288822544739E-5
237.45355776	8.5572916E-5	5.8903038734570146E-5
237.45552384	2.4238628E-4	5.172090823180042E-5
237.457506304	2.7358215E-4	4.9595710152061656E-5
237.459472384	1.5802591E-4	5.0728525820886716E-5
237.461438464	3.2809505E-5	5.3482999646803364E-5
237.463420928	7.154833E-5	5.647782381856814E-5
237.465387008	2.299156E-5	5.8646102843340486E-5
237.467369472	1.251048E-4	5.9269528719596565E-5
237.469335552	1.8254088E-4	5.798722122563049E-5
237.471301632	1.256064E-4	5.4773765441495925E-5
237.473284096	1.8962505E-4	4.983012331649661E-5
237.475250176	2.2558981E-4	4.3751879275077954E-5
237.47723264	2.2799699E-4	3.698985528899357E-5
237.47919872	2.1329508E-4	3.011155604326632E-5
237.4811648	1.9876557E-4	2.3601171051268466E-5
237.483147264	1.9599745E-4	1.781037099135574E-5
237.485113344	1.4555428E-4	1.294032517762389E-5
237.487095808	1.5849512E-4	9.052064342540689E-6
237.489061888	2.3426386E-4	6.096501692809397E-6
237.491027968	2.7496103E-4	3.953193299821578E-6
237.493010432	1.183112E-4	2.468048933224054E-6
237.494976512	-2.7364964E-5	1.483542632740864E-6
237.496958976	9.7006676E-5	8.585994919485529E-7
237.498925056	6.160443E-5	4.784400289281621E-7
237.500891136	5.8863196E-5	2.566923740232596E-7
237.5028736	1.0135089E-5	1.3260110165447259E-7
237.50483968	-5.5604934E-5	6.595234935957706E-8
237.506822144	3.1879666E-5	3.158362460453645E-8
237.508788224	1.468242E-4	9.80783632087423E-9
237.510754304	-8.423699E-5	0.0
237.512736768	-7.181763E-5	0.0
237.514702848	-2.8333423E-5	0.0
237.516685312	1.11051195E-5	0.0
237.518651392	2.4092177E-4	0.0
237.520617472	1.05701474E-4	0.0
237.522599936	1.0717241E-4	0.0
237.524566016	6.0062797E-5	0.0
237.52654848	7.197799E-5	0.0
237.52851456	3.868324E-5	0.0
237.53048064	-1.1072788E-4	0.0
237.532463104	-6.608377E-5	0.0
237.534429184	5.5294135E-5	0.0
237.536411648	3.7451246E-5	0.0
237.538377728	3.78307E-5	0.0
237.540343808	-4.009949E-5	0.0
237.542326272	-2.3221888E-5	0.0
237.544292352	-3.225534E-5	0.0
237.546274816	7.691921E-5	0.0
237.548240896	6.1677216E-5	0.0
237.550206976	2.372585E-5	0.0
237.55218944	-4.2565807E-5	0.0
237.55415552	1.1390075E-5	0.0
237.556137984	3.2157608E-5	0.0
237.558104064	-4.712594E-5	0.0
237.560070144	2.4438836E-5	0.0
237.562052608	2.0714826E-5	0.0
237.564018688	-1.2543168E-6	0.0
237.566001152	-9.64303E-5	0.0
237.567967232	1.9632367E-5	0.0
237.569933312	1.604011E-5	0.0
237.571915776	2.6956171E-5	0.0
237.573881856	9.0397225E-5	0.0
237.57586432	8.714793E-5	0.0
237.5778304	6.41075E-5	0.0
237.57979648	1.6098187E-4	0.0
237.581778944	1.4717723E-4	0.0
237.583745024	6.0126593E-5	0.0
237.585727488	1.8300887E-4	0.0
237.587693568	1.592655E-4	0.0
237.589659648	8.9661684E-5	0.0
237.591642112	1.2670158E-4	0.0
237.593608192	8.0190046E-5	0.0
237.595590656	4.1971798E-5	0.0
237.597556736	9.5992E-6	0.0
237.599522816	5.337046E-5	0.0
237.60150528	2.2437307E-5	0.0
237.60347136	1.3237412E-5	0.0
237.605453824	-1.5539466E-5	0.0
237.607419904	-1.2323455E-4	0.0
237.609385984	-2.7270231E-5	0.0
237.611368448	8.329193E-5	0.0
237.613334528	-2.2946711E-5	0.0
237.615316992	-4.3261476E-5	0.0
237.617283072	5.8494392E-5	0.0
237.619265536	3.328841E-5	0.0
237.621231616	-5.6749006E-5	0.0
237.623197696	-9.4584946E-5	0.0
237.62518016	5.243934E-5	0.0
237.62714624	1.6934934E-4	0.0
237.629128704	1.2093087E-4	0.0
237.631094784	6.919974E-5	0.0
237.633060864	1.12165086E-4	0.0
237.635043328	7.0818816E-5	0.0
237.637009408	7.6821976E-5	0.0
237.638991872	1.3844224E-4	3.5249772878387375E-8
237.640957952	1.3818717E-4	7.480051067432214E-8
237.642924032	5.1729003E-5	1.5279512410870666E-7
237.644906496	-4.041096E-6	3.0045390531086014E-7
237.646872576	-7.9929305E-6	5.687284101441037E-7
237.64885504	7.9724705E-5	1.0363048659201013E-6
237.65082112	7.9366175E-5	1.8176910998590756E-6
237.6527872	-1.7965533E-5	3.0690493986185174E-6
237.654769664	-5.5143726E-5	4.988036380382255E-6
237.656735744	-1.7415907E-5	7.803530934324954E-6
237.658718208	-9.4377494E-5	1.1751119018299505E-5
237.660684288	-6.367278E-5	1.7033045878633857E-5
237.662650368	3.9842096E-5	2.3764276193105616E-5
237.664632832	6.154706E-5	3.191368523403071E-5
237.666598912	1.621746E-4	4.1252929804613814E-5
237.668581376	1.4017042E-4	5.133030208526179E-5
237.670547456	6.2893814E-5	6.15089011262171E-5
237.672513536	1.1066903E-4	7.095109322108328E-5
237.674496	2.5515418E-4	7.883548096287996E-5
237.67646208	3.400451E-4	8.438639633823186E-5
237.678444544	3.289264E-4	8.708461245987564E-5
237.680410624	2.3872216E-4	8.674293349031359E-5
237.682376704	1.2924013E-4	8.357375190826133E-5
237.684359168	2.3527711E-5	7.818449375918135E-5
237.686325248	6.426993E-5	7.150864985305816E-5
237.688307712	5.6822115E-5	6.468452920671552E-5
237.690273792	2.1524407E-5	5.8904290199279785E-5
237.692239872	1.7399757E-4	5.5255135521292686E-5
237.694222336	3.6237063E-5	5.4574898967985064E-5
237.696188416	-1.5638478E-5	5.7336485042469576E-5
237.69817088	2.2632632E-4	6.357393431244418E-5
237.70013696	1.9286477E-4	7.28559898561798E-5
237.70210304	2.0262148E-4	8.431588503299281E-5
237.704085504	2.2944857E-4	9.67390660662204E-5
237.706051584	9.5367985E-5	1.0870544792851433E-4
237.708034048	6.7067274E-5	1.1877179349539801E-4
237.710000128	2.450299E-4	1.2566930672619492E-4
237.711966208	3.9196384E-4	1.284837635466829E-4
237.713948672	3.3865232E-4	1.2678292114287615E-4
237.715914752	3.159993E-4	1.2066716590197757E-4
237.717897216	3.4430667E-4	1.1073202040279284E-4
237.719863296	2.8663964E-4	9.795179357752204E-5
237.721829376	1.7669043E-4	8.349889685632661E-5
237.72381184	1.5111107E-4	6.860613211756572E-5
237.72577792	1.9735095E-4	5.4315973102347925E-5
237.727760384	1.9059735E-4	4.143376281717792E-5
237.729726464	1.8753667E-4	3.0453211365966126E-5
237.731692544	2.463159E-5	2.1565560018643737E-5
237.733675008	-2.5760703E-5	1.4714310054841917E-5
237.735641088	4.871181E-5	9.673395652498584E-6
237.737623552	1.9426545E-5	6.127541837486206E-6
237.739589632	-1.3501383E-5	3.7399856864794856E-6
237.741555712	8.550845E-5	2.2343401724356227E-6
237.743538176	7.3378906E-6	1.3202890158936498E-6
237.745504256	-5.7426514E-6	8.313949706462154E-7
237.74748672	8.038868E-5	6.545335509144934E-7
237.7494528	1.5981027E-4	7.426155548273528E-7
237.75141888	1.2565724E-4	1.1110267905678484E-6
237.753401344	9.32705E-5	1.8205901142209768E-6
237.755367424	-5.6344725E-6	3.0408530165004777E-6
237.757349888	-2.3343484E-5	4.922332664136775E-6
237.759315968	-4.8701913E-5	7.702088623773307E-6
237.761282048	-8.188828E-5	1.1600778634601738E-5
237.763264512	1.7585495E-5	1.6819210941321217E-5
237.765230592	8.772712E-5	2.347233021282591E-5
237.767213056	5.4220603E-8	3.15313991450239E-5
237.769179136	6.08947E-5	4.0772894863039255E-5
237.771145216	9.244049E-5	5.0772057875292376E-5
237.77312768	3.2124924E-5	6.085841960157268E-5
237.77509376	-2.9399176E-5	7.02468678355217E-5
237.777076224	1.043962E-4	7.810223178239539E-5
237.779042304	2.367332E-4	8.367981354240328E-5
237.781008384	1.6329103E-4	8.646088099339977E-5
237.782990848	2.1879401E-4	8.626106136944145E-5
237.784956928	2.3392323E-4	8.32865625852719E-5
237.786939392	1.75046E-4	7.812445983290672E-5
237.788905472	1.4367883E-4	7.166570139816031E-5
237.790871552	2.3318871E-4	6.49750218144618E-5
237.792854016	1.3436403E-4	5.9130867157364264E-5
237.794820096	7.2801544E-5	5.5062871979316697E-5
237.79680256	1.2665972E-4	5.341292853699997E-5
237.79876864	1.5368967E-4	5.444045382319018E-5
237.80073472	1.711603E-4	5.798401252832264E-5
237.802717184	1.35573E-4	6.348526221700013E-5
237.804683264	1.7322708E-4	7.007126259850338E-5
237.806665728	1.2985597E-4	7.668464968446642E-5
237.808631808	4.3437496E-5	8.224265184253454E-5
237.810597888	3.364886E-5	8.580020221415907E-5
237.812580352	6.953176E-5	8.668949158163741E-5
237.814546432	2.7714967E-5	8.46108523546718E-5
237.816528896	-3.6547426E-5	7.965917029650882E-5
237.818494976	1.2637494E-5	7.228223694255576E-5
237.820461056	3.118787E-5	6.318264786386862E-5
237.82244352	3.2998156E-5	5.31866644450929E-5
237.8244096	6.044624E-5	4.309769792598672E-5
237.826392064	4.522354E-5	3.363299401826225E-5
237.828358144	1.3770725E-4	2.5265335352742113E-5
237.830324224	1.7627116E-4	1.826945663196966E-5
237.832306688	1.3160423E-4	1.2716378478216939E-5
237.834272768	1.0028461E-4	8.520045412296895E-6
237.836255232	8.2224346E-5	5.494985543919029E-6
237.838221312	5.2405696E-5	3.411490524740657E-6
237.840187392	6.827823E-5	2.038832008111058E-6
237.842169856	1.0895982E-4	1.1729631523849093E-6
237.844135936	7.787993E-5	6.496175046777353E-7
237.8461184	1.0649377E-4	3.463418920546246E-7
237.84808448	1.1016693E-4	1.7775792571228521E-7
237.85005056	1.5120619E-4	8.782767935144875E-8
237.852033024	2.1799494E-4	4.177463708288087E-8
237.853999104	1.2574918E-4	1.9128178152527653E-8
237.855981568	4.6072237E-6	1.737466881479577E-8
237.857947648	4.10238E-5	3.682124116721752E-8
237.859913728	4.703246E-5	7.512351629657132E-8
237.861896192	-7.891795E-5	1.4755059396520664E-7
237.863862272	-4.9557188E-5	2.789969926197955E-7
237.865844736	4.542261E-5	5.07859851950343E-7
237.867810816	1.0624784E-4	8.899773433768132E-7
237.869776896	1.03719445E-4	1.501400788583851E-6
237.87175936	1.2592005E-4	2.4383541585848434E-6
237.87372544	4.617017E-5	3.8122268506413093E-6
237.875707904	5.6267163E-5	5.737654191761976E-6
237.877673984	1.84592E-4	8.313138096127659E-6
237.879640064	2.1888499E-4	1.159484963864088E-5
237.881622528	1.8706263E-4	1.5568211892968975E-5
237.883588608	7.0594833E-6	2.0122675778111443E-5
237.885571072	-8.414686E-5	2.5038851163117215E-5
237.887537152	-1.6157777E-5	2.999403113790322E-5
237.889503232	4.941193E-5	3.459049912635237E-5
237.891485696	2.3361703E-5	3.8405589293688536E-5
237.893451776	7.914862E-5	4.1054208850255236E-5
237.89543424	3.527582E-5	4.2252824641764164E-5
237.89740032	7.162307E-5	4.186896330793388E-5
237.8993664	7.749107E-5	3.9945312892086804E-5
237.901348864	4.020121E-5	3.669192301458679E-5
237.903314944	6.155166E-5	3.244860636186786E-5
237.905297408	1.9748599E-4	2.7626829250948504E-5
237.907263488	2.0434367E-4	2.2644475393462926E-5
237.909229568	-1.0586635E-5	1.7868142094812356E-5
237.911212032	-2.7017377E-5	1.3572955140261911E-5
237.913178112	-9.098716E-5	9.925272934196983E-6
237.915160576	-1.20803E-4	6.986854714341462E-6
237.917126656	-5.6477147E-6	4.734705271403072E-6
237.919092736	9.976275E-5	3.088727908107103E-6
237.9210752	1.2074347E-4	1.9397364212636603E-6
237.92304128	7.306581E-5	1.172699853668746E-6
237.925023744	9.9114724E-5	7.381985938081925E-7
237.926989824	1.1940242E-4	5.037665005147574E-7
237.928972288	-1.8687242E-4	4.609063637417421E-7
237.930938368	-8.416042E-6	6.214809218363371E-7
237.932904448	1.4883085E-4	1.053837991094042E-6
237.934886912	4.416672E-5	1.898445134429494E-6
237.936852992	4.5480207E-5	3.386995331311482E-6
237.938835456	-1.18339085E-5	5.855651124875294E-6
237.940801536	1.8040216E-4	9.77970012172591E-6
237.942767616	-6.3568878E-6	1.5722389434813522E-5
237.94475008	-1.4330128E-4	2.4329749066964723E-5
237.94671616	-1.012148E-4	3.623759403126314E-5
237.948698624	-8.397718E-5	5.194823825149797E-5
237.950664704	1.367848E-5	7.167488365666941E-5
237.952630784	1.09770655E-4	9.5181014330592E-5
237.954613248	2.5653056E-4	1.216594610013999E-4
237.956579328	2.9485373E-4	1.4969106996431947E-4
237.958561792	2.9331117E-4	1.773192925611511E-4
237.960527872	2.2540262E-4	2.02253446332179E-4
237.962493952	1.943646E-4	2.2217025980353355E-4
237.964476416	3.3488436E-4	2.350646536797285E-4
237.966442496	3.671033E-4	2.396311319898814E-4
237.96842496	2.8807836E-4	2.3533623607363552E-4
237.97039104	3.9402934E-4	2.2270926274359226E-4
237.97235712	4.0319303E-4	2.0315739675424993E-4
237.974339584	1.901545E-4	1.7877832578960806E-4
237.976305664	2.906778E-4	1.520553487353027E-4
237.978288128	3.3304704E-4	1.2552912812680006E-4
237.980254208	2.9432218E-4	1.0151579044759274E-4
237.982220288	2.011728E-4	8.191358938347548E-5
237.984202752	1.8690046E-4	6.811697676312178E-5
237.986168832	1.4462546E-4	6.101293183746748E-5
237.988151296	2.1956468E-4	6.101859253249131E-5
237.990117376	1.8281685E-4	6.811653292970732E-5
237.992083456	4.0620973E-5	8.185509796021506E-5
237.99406592	2.850627E-5	1.0131818999070674E-4
237.996032	5.6357327E-5	1.250907953362912E-4
237.998014464	8.456214E-5	1.5126512153074145E-4
237.999980544	8.59666E-5	1.7753327847458422E-4
238.001946624	2.3347072E-4	2.0137948740739375E-4
238.003929088	3.9709287E-4	2.2036231530364603E-4
238.005895168	3.7522565E-4	2.324374218005687E-4
238.007877632	3.4255823E-4	2.3625450558029115E-4
238.009843712	3.3741942E-4	2.3138575488701463E-4
238.011809792	3.521871E-4	2.1836181986145675E-4
238.013792256	3.744303E-4	1.9855823484249413E-4
238.015758336	4.653583E-4	1.7402839148417115E-4
238.0177408	3.993186E-4	1.471613795729354E-4
238.01970688	2.8951708E-4	1.2035515828756616E-4
238.02167296	2.1134448E-4	9.574576688464731E-5
238.023655424	1.78455E-4	7.503512460971251E-5
238.025621504	2.0363249E-4	5.943676660535857E-5
238.027603968	2.1549457E-4	4.971646922058426E-5
238.029570048	1.1972798E-4	4.6279987145680934E-5
238.031536128	1.6425241E-5	4.9257203500019386E-5
238.033518592	-4.1470514E-5	5.853575930814259E-5
238.035484672	9.574316E-5	7.373193511739373E-5
238.037467136	1.9927902E-4	9.410960046807304E-5
238.039433216	1.6471298E-4	1.1849046859424561E-4
238.041399296	2.1520295E-4	1.452073483960703E-4
238.04338176	3.053828E-4	1.7215291154570878E-4
238.04534784	2.7226759E-4	1.9694051297847182E-4
238.047330304	NaN	2.1717071649618447E-4
238.049296384	NaN	2.3075468197930604E-4
238.051262464	NaN	2.3620457795914263E-4
238.053244928	NaN	2.3296910512726754E-4
238.055211008	NaN	2.2134666505735368E-4
238.057193472	NaN	2.0256987772881985E-4
238.059159552	NaN	1.785439671948552E-4
238.061125632	NaN	1.5153612184803933E-4
238.063108096	NaN	1.2382790737319738E-4
238.065074176	NaN	9.740795940160751E-5
238.06705664	NaN	7.375636050710455E-5
238.06902272	NaN	5.375389082473703E-5
238.0709888	NaN	3.770645707845688E-5
238.072971264	NaN	2.5457995434408076E-5
238.074937344	NaN	1.6544292520848103E-5
238.076919808	NaN	1.0349157491873484E-5
238.078885888	NaN	6.231834504433209E-6
238.080851968	NaN	3.6123926747677615E-6
