219.99607808	-5.4943375E-5	0.0
219.99804416	2.2314128E-4	0.0
219.999993856	2.656898E-4	0.0
220.001943552	2.9954326E-4	0.0
220.003909632	1.6679417E-4	0.0
220.005859328	-1.5315576E-4	0.0
220.007809024	-1.1690473E-4	0.0
220.009775104	1.9630766E-4	0.0
220.0117248	-1.09775574E-4	0.0
220.013674496	-1.1119316E-4	0.0
220.015624192	1.2723124E-4	0.0
220.017590272	1.3549475E-4	0.0
220.019539968	-1.2625486E-4	0.0
220.021489664	3.919762E-5	0.0
220.023455744	2.9679644E-4	1.2494197676460317E-7
220.02540544	1.2465566E-4	2.6394909014015866E-7
220.027355136	9.058369E-5	5.379093295232451E-7
220.029321216	5.303997E-6	1.0574884754532832E-6
220.031270912	-8.0973026E-5	2.0054751530551584E-6
220.033220608	1.3816402E-5	3.6688309137389297E-6
220.035186688	6.3864165E-5	6.474378551502014E-6
220.037136384	8.312252E-5	1.1020897545677144E-5
220.03908608	8.968916E-5	1.8095404811901972E-5
220.041035776	-5.260238E-5	2.8657268558163196E-5
220.043001856	7.462944E-5	4.377140066935681E-5
220.044951552	1.4675956E-4	6.44787069177255E-5
220.046901248	3.3150264E-4	9.160002082353458E-5
220.048867328	2.112044E-4	1.2549306848086417E-4
220.050817024	6.2721816E-4	1.658040564507246E-4
220.05276672	4.9444276E-4	2.1127410582266748E-4
220.0547328	2.4266704E-4	2.596673439256847E-4
220.056682496	4.9483357E-4	3.0787361902184784E-4
220.058632192	6.130574E-4	3.5219729761593044E-4
220.060598272	5.8054423E-4	3.8881110958755016E-4
220.062547968	5.5323855E-4	4.142883699387312E-4
220.064497664	5.0734647E-4	4.261196590960026E-4
220.06644736	4.71459E-4	4.231075872667134E-4
220.06841344	2.8562965E-4	4.0555864688940346E-4
220.070363136	2.3386301E-4	3.7523452192544937E-4
220.072312832	4.829464E-4	3.3507036278024316E-4
220.074278912	3.5609142E-4	2.8871968970634043E-4
220.076228608	2.7327705E-4	2.4001805286388844E-4
220.078178304	1.6508554E-4	1.924721000250429E-4
220.080144384	8.1841135E-5	1.4886457938700914E-4
220.08209408	2.6585183E-5	1.1103972792625427E-4
220.084043776	-4.218286E-5	7.987508433870971E-5
220.086009856	9.974453E-5	5.541046994039789E-5
220.087959552	1.4972303E-4	3.7070778489578515E-5
220.089909248	1.9336818E-4	2.391938687651418E-5
220.091858944	2.1042533E-5	1.4885646123730112E-5
220.093825024	4.2790314E-5	8.935266123444308E-6
220.09577472	1.3031275E-4	5.1735237320826855E-6
220.097724416	2.3994525E-4	2.8894783099531196E-6
220.099690496	3.0461058E-4	1.5567341051792027E-6
220.101640192	4.0050363E-5	8.090639198599092E-7
220.103589888	3.9208564E-5	4.056272473462741E-7
220.105555968	2.795877E-4	1.9617813507011306E-7
220.107505664	2.3804337E-4	9.152834223868922E-8
220.10945536	1.7058197E-4	0.0
220.11142144	-8.956879E-6	0.0
220.113371136	9.0258196E-5	0.0
220.115320832	2.7504587E-4	0.0
220.117270528	2.4672446E-4	0.0
220.119236608	4.4071335E-6	0.0
220.121186304	-2.2583909E-4	0.0
220.123136	1.1146371E-4	0.0
220.12510208	2.9613322E-4	0.0
220.127051776	7.631548E-5	0.0
220.129001472	1.47963865E-5	0.0
220.130967552	3.27148E-5	0.0
220.132917248	1.9058993E-4	0.0
220.134866944	9.9311466E-5	0.0
220.136833024	1.9693375E-4	0.0
220.13878272	-7.794472E-6	0.0
220.140732416	-1.5120162E-4	0.0
220.142682112	2.722942E-7	0.0
220.144648192	-2.9653545E-5	0.0
220.146597888	1.7019268E-4	0.0
220.148547584	1.7868285E-4	0.0
220.150513664	3.7094508E-4	0.0
220.15246336	2.0510715E-4	0.0
220.154413056	4.685612E-5	0.0
220.156379136	7.7478006E-5	0.0
220.158328832	2.1118321E-4	0.0
220.160278528	1.9593583E-4	0.0
220.162244608	1.09585584E-4	0.0
220.164194304	9.326148E-5	0.0
220.166144	2.9651704E-4	0.0
220.168093696	3.2947364E-4	0.0
220.170059776	3.6680757E-4	0.0
220.172009472	2.561867E-4	0.0
220.173959168	3.5660027E-4	0.0
220.175925248	5.7322124E-4	0.0
220.177874944	3.1724153E-4	0.0
220.17982464	1.5452795E-4	0.0
220.18179072	-7.0692855E-5	0.0
220.183740416	1.3757579E-4	0.0
220.185690112	3.3049483E-4	0.0
220.187656192	2.917779E-4	0.0
220.189605888	3.9231207E-4	0.0
220.191555584	6.1343063E-4	0.0
220.19350528	1.4512124E-4	0.0
220.19547136	1.9667915E-4	0.0
220.197421056	3.2120524E-4	0.0
220.199370752	1.0581326E-4	0.0
220.201336832	7.5322925E-5	0.0
220.203286528	1.601174E-4	0.0
220.205236224	2.4645042E-4	0.0
220.207202304	6.1058905E-5	0.0
220.209152	1.8067879E-4	0.0
220.211101696	1.826789E-5	0.0
220.213067776	2.9221678E-4	0.0
220.215017472	1.9743608E-4	0.0
220.216967168	2.712817E-4	0.0
220.218933248	3.2899063E-4	0.0
220.220882944	6.4807246E-5	0.0
220.22283264	-1.9005593E-4	0.0
220.224782336	-1.7501868E-4	0.0
220.226748416	-2.0741893E-4	0.0
220.228698112	-1.8945022E-4	0.0
220.230647808	-1.5057344E-4	0.0
220.232613888	-1.4172343E-4	0.0
220.234563584	-1.0523165E-4	0.0
220.23651328	5.7611498E-5	0.0
220.23847936	-4.4689397E-5	0.0
220.240429056	4.312268E-5	0.0
220.242378752	-4.8665795E-5	0.0
220.244344832	-5.3073047E-5	0.0
220.246294528	-2.1920947E-4	0.0
220.248244224	-1.5927397E-4	0.0
220.25019392	5.4705888E-5	0.0
220.25216	-2.7412434E-5	0.0
220.254109696	8.355825E-6	0.0
220.256059392	8.8649685E-5	0.0
220.258025472	-1.7595314E-4	0.0
220.259975168	-2.265987E-4	0.0
220.261924864	-1.3696321E-4	0.0
220.263890944	-2.6091016E-6	0.0
220.26584064	1.2912427E-4	0.0
220.267790336	1.5007926E-4	0.0
220.269756416	1.4869182E-4	0.0
220.271706112	1.2661004E-4	0.0
220.273655808	1.374915E-4	0.0
220.275605504	1.8215853E-5	0.0
220.277571584	2.5907392E-4	0.0
220.27952128	2.8636504E-4	0.0
220.281470976	2.2627064E-4	0.0
220.283437056	-1.6530861E-5	0.0
220.285386752	3.028265E-5	0.0
220.287336448	8.8100554E-5	0.0
220.289302528	1.2522982E-4	0.0
220.291252224	2.2602268E-4	0.0
220.29320192	1.9682758E-4	0.0
220.295168	8.516852E-5	0.0
220.297117696	4.8448564E-5	0.0
220.299067392	3.6754063E-5	0.0
220.301017088	1.2678093E-5	0.0
220.302983168	-1.0723213E-4	0.0
220.304932864	3.3778837E-5	0.0
220.30688256	1.7280492E-4	0.0
220.30884864	2.4368649E-4	0.0
220.310798336	7.945695E-5	0.0
220.312748032	5.3296797E-5	0.0
220.314714112	-1.7511078E-5	0.0
220.316663808	1.2187194E-4	0.0
220.318613504	1.2476859E-4	0.0
220.320579584	6.8314606E-5	0.0
220.32252928	4.4187414E-4	0.0
220.324478976	2.7078425E-4	0.0
220.326428672	1.3147923E-4	0.0
220.328394752	8.36266E-5	0.0
220.330344448	6.726221E-5	0.0
220.332294144	1.0425388E-4	0.0
220.334260224	1.9266712E-4	0.0
220.33620992	9.743986E-5	0.0
220.338159616	1.498626E-5	0.0
220.340125696	1.154762E-4	0.0
220.342075392	1.8091162E-4	0.0
220.344025088	1.2764055E-4	0.0
220.345991168	1.1646212E-4	0.0
220.347940864	-3.5642763E-5	0.0
220.34989056	-8.14005E-5	0.0
220.351840256	-1.306826E-4	0.0
220.353806336	-1.1878123E-4	0.0
220.355756032	-1.4702266E-4	0.0
220.357705728	1.0020693E-4	0.0
220.359671808	2.725505E-4	0.0
220.361621504	7.355667E-5	3.011274998243607E-7
220.3635712	9.068416E-5	6.28454074558249E-7
220.36553728	1.3438764E-4	1.2655185628318577E-6
220.367486976	-3.3432967E-5	2.4588096039224183E-6
220.369436672	1.1036568E-4	4.609312782122288E-6
220.371402752	3.5385892E-4	8.336617611348629E-6
220.373352448	4.6704477E-4	1.4546854799846187E-5
220.375302144	3.6075362E-4	2.4487710106768645E-5
220.37725184	5.136883E-4	3.976442530984059E-5
220.37921792	6.8122835E-4	6.228306301636621E-5
220.381167616	7.7990827E-4	9.408761980012059E-5
220.383117312	7.459767E-4	1.370700920233503E-4
220.385083392	0.0010181452	1.9256255473010242E-4
220.387033088	0.0012306987	2.6086060097441077E-4
220.388982784	0.0010042813	3.407807380426675E-4
220.390948864	8.346379E-4	4.293661913834512E-4
220.39289856	9.459617E-4	5.218685255385935E-4
220.394848256	9.020994E-4	6.120734033174813E-4
220.396814336	7.910166E-4	6.929559167474508E-4
220.398764032	0.0011033328	7.575629861094058E-4
220.400713728	0.0010249118	7.99971108790487E-4
220.402663424	7.648178E-4	8.161389268934727E-4
220.404629504	0.001167466	8.044958813115954E-4
220.4065792	8.126035E-4	7.66174343880266E-4
220.408528896	8.1442914E-4	7.048427942208946E-4
220.410494976	5.478043E-4	6.261691451072693E-4
220.412444672	3.7998077E-4	5.370011203922331E-4
220.414394368	1.9653293E-4	4.4441872159950435E-4
220.416360448	2.610447E-4	3.548207168933004E-4
220.418310144	2.2568309E-4	2.732276916503906E-4
220.42025984	1.5990355E-4	2.0289732492528856E-4
220.42222592	1.404481E-4	1.452907599741593E-4
220.424175616	-2.487656E-5	1.0032631689682603E-4
220.426125312	-1.09107816E-4	6.680878141196445E-5
220.428075008	-2.8925145E-4	4.2907380702672526E-5
220.430041088	-1.790314E-4	2.657993718457874E-5
220.431990784	-7.6981145E-5	1.5883135347394273E-5
220.43394048	-4.7784182E-5	9.156197847914882E-6
220.43590656	2.741441E-5	5.092301307740854E-6
220.437856256	2.3070455E-4	2.7324597340339096E-6
220.439805952	-1.9399333E-4	1.414646703778999E-6
220.441772032	-2.5672303E-4	7.066474267958256E-7
220.443721728	-1.21095334E-4	3.405857285088132E-7
220.445671424	-8.763164E-6	9.656108801436858E-8
220.447637504	-1.0664039E-4	0.0
220.4495872	2.7994274E-5	0.0
220.451536896	2.641708E-5	0.0
220.453486592	-4.5967987E-5	0.0
220.455452672	2.5908344E-5	0.0
220.457402368	2.1602375E-5	0.0
220.459352064	1.373397E-4	0.0
220.461318144	-4.200521E-5	0.0
220.46326784	-9.51133E-5	0.0
220.465217536	-3.2917014E-5	0.0
220.467183616	-1.3403781E-4	0.0
220.469133312	-1.5731738E-4	0.0
220.471083008	7.791909E-6	0.0
220.473049088	-4.5791618E-5	0.0
220.474998784	6.142014E-5	0.0
220.47694848	-3.955618E-5	0.0
220.478898176	-9.927002E-5	0.0
220.480864256	1.1118117E-4	0.0
220.482813952	4.285283E-5	0.0
220.484763648	-2.5431497E-4	0.0
220.486729728	5.0369184E-5	0.0
220.488679424	9.594717E-6	0.0
220.49062912	-1.20362616E-4	0.0
220.4925952	-1.051611E-4	0.0
220.494544896	-1.0759989E-4	0.0
220.496494592	-7.024489E-5	0.0
220.498460672	-5.416537E-5	0.0
220.500410368	-6.785302E-5	0.0
220.502360064	5.3395866E-5	0.0
220.504326144	1.4916656E-4	0.0
220.50627584	1.0026409E-4	0.0
220.508225536	7.875484E-7	0.0
220.510175232	7.1915216E-5	0.0
220.512141312	-1.905719E-5	0.0
220.514091008	4.030834E-5	0.0
220.516040704	1.4853547E-4	0.0
220.518006784	-1.03479135E-4	0.0
220.51995648	1.954356E-4	0.0
220.521906176	1.8283632E-4	0.0
220.523872256	1.3649731E-4	0.0
220.525821952	2.3831928E-4	0.0
220.527771648	3.325023E-4	0.0
220.529737728	-1.7431334E-5	0.0
220.531687424	8.409796E-5	0.0
220.53363712	9.517849E-5	0.0
220.535586816	1.0626053E-4	0.0
220.537552896	-9.981659E-5	0.0
220.539502592	2.3566417E-5	0.0
220.541452288	1.3506191E-4	0.0
220.543418368	2.877399E-4	0.0
220.545368064	2.8798066E-4	0.0
220.54731776	2.0043866E-4	0.0
220.54928384	3.219816E-4	0.0
220.551233536	3.499859E-4	0.0
220.553183232	2.2265804E-4	0.0
220.555149312	2.848925E-4	0.0
220.557099008	4.64514E-4	0.0
220.559048704	2.0093529E-4	0.0
220.5609984	1.9770884E-4	0.0
220.56296448	2.1739712E-4	0.0
220.564914176	2.2175943E-4	0.0
220.566863872	2.8970127E-4	0.0
220.568829952	4.216053E-4	0.0
220.570779648	3.2587152E-4	0.0
220.572729344	1.1705456E-4	0.0
220.574695424	2.2183545E-4	0.0
220.57664512	4.2412803E-4	0.0
220.578594816	3.8451562E-4	0.0
220.580560896	3.6148063E-4	0.0
220.582510592	6.272552E-4	0.0
220.584460288	3.9964437E-4	0.0
220.586409984	1.8813682E-4	0.0
220.588376064	2.324935E-4	0.0
220.59032576	5.7443965E-4	0.0
220.592275456	5.1620917E-4	0.0
220.594241536	1.5453913E-4	0.0
220.596191232	2.7417636E-4	0.0
220.598140928	3.2622437E-4	0.0
220.600107008	2.8164126E-4	0.0
220.602056704	3.4452707E-4	0.0
220.6040064	2.2790604E-4	0.0
220.60597248	1.5794416E-4	0.0
220.607922176	1.6327214E-4	0.0
220.609871872	6.537384E-5	0.0
220.611821568	-3.5862206E-5	0.0
220.613787648	2.1719316E-4	0.0
220.615737344	4.6724803E-5	0.0
220.61768704	-3.9368183E-6	0.0
220.61965312	-7.037469E-5	0.0
220.621602816	1.0970316E-4	0.0
220.623552512	1.19404634E-4	0.0
220.625518592	2.4013105E-4	0.0
220.627468288	2.3657724E-4	0.0
220.629417984	2.2954342E-4	0.0
220.631384064	1.6787043E-4	0.0
220.63333376	7.671176E-5	0.0
220.635283456	3.2982277E-4	0.0
220.637233152	3.7894212E-4	0.0
220.639199232	1.849255E-4	0.0
220.641148928	1.513894E-4	0.0
220.643098624	8.7691E-6	0.0
220.645064704	1.7191423E-4	0.0
220.6470144	2.2765796E-4	0.0
220.648964096	2.8728019E-4	0.0
220.650930176	3.1897088E-4	0.0
220.652879872	1.538397E-4	1.2812216709789936E-7
220.654829568	1.1726748E-4	2.6981484779753373E-7
220.656795648	4.9092574E-5	5.4824346307214E-7
220.658745344	1.0988674E-5	1.0748584600150934E-6
220.66069504	-7.733505E-5	2.0332417989266105E-6
220.662644736	-1.8600376E-5	3.7109468848939287E-6
220.664610816	1.4005997E-4	6.534802196256351E-6
220.666560512	2.7539325E-4	1.110234825318912E-5
220.668510208	2.8471625E-4	1.8197883036918938E-5
220.670476288	2.948126E-4	2.877574661397375E-5
220.672425984	1.9404362E-4	4.389500827528536E-5
220.67437568	1.8633157E-4	6.458938150899485E-5
220.67634176	2.438518E-4	9.167515963781625E-5
220.678291456	1.7835712E-4	1.25508988276124E-4
220.680241152	1.7191062E-4	1.6574433539062738E-4
220.682207232	2.7540082E-4	2.1113897673785686E-4
220.684156928	4.4993206E-4	2.5948096299543977E-4
220.686106624	4.3323368E-4	3.0769078875891864E-4
220.68805632	3.5180966E-4	3.521026228554547E-4
220.6900224	4.336962E-4	3.8891119766049087E-4
220.691972096	3.6342267E-4	4.146953288000077E-4
220.693921792	2.5681045E-4	4.2693305294960737E-4
220.695887872	4.6307396E-4	4.2439301614649594E-4
220.697837568	4.2739604E-4	4.073325253557414E-4
220.699787264	3.806554E-4	3.774557844735682E-4
220.701753344	5.2350934E-4	3.376431704964489E-4
220.70370304	5.0686055E-4	2.915069635491818E-4
220.705652736	3.78893E-4	2.4286231200676411E-4
220.707618816	4.2523572E-4	1.952175807673484E-4
220.709568512	4.424504E-4	1.5138018352445215E-4
220.711518208	2.5517796E-4	1.132330289692618E-4
220.713467904	2.2246724E-4	8.169846842065454E-5
220.715433984	2.5494094E-4	5.6857854360714555E-5
220.71738368	4.2595505E-4	3.816934258793481E-5
220.719333376	5.0954905E-4	2.4717548512853682E-5
220.721299456	4.263278E-4	1.5441299183294177E-5
220.723249152	2.9116927E-4	9.306182619184256E-6
220.725198848	3.2385916E-4	5.411129222920863E-6
220.727164928	1.1906226E-4	3.035599547729362E-6
220.729114624	2.1355762E-4	1.6430582263637916E-6
220.73106432	1.8403318E-4	8.580682333558798E-7
220.7330304	3.6900595E-4	4.3236991587036755E-7
220.734980096	4.7082803E-4	2.102117946378712E-7
220.736929792	3.3270835E-4	9.861161487378922E-8
220.738879488	1.3456203E-4	0.0
220.740845568	2.8399366E-4	0.0
220.742795264	2.1716568E-4	0.0
220.74474496	3.9632386E-4	0.0
220.74671104	1.1038757E-4	0.0
220.748660736	9.256031E-5	0.0
220.750610432	1.0283233E-4	0.0
220.752576512	2.3785327E-4	0.0
220.754526208	3.6076992E-4	0.0
220.756475904	3.2394682E-4	0.0
220.758441984	2.6077917E-4	0.0
220.76039168	1.6733527E-4	0.0
220.762341376	1.4729821E-4	0.0
220.764291072	9.451492E-5	0.0
220.766257152	1.9351987E-4	0.0
220.768206848	4.3794513E-5	0.0
220.770156544	-5.0293747E-5	0.0
220.772122624	2.8136664E-4	0.0
220.77407232	3.516539E-4	0.0
220.776022016	1.775797E-4	0.0
220.777988096	4.32831E-5	0.0
220.779937792	5.688914E-5	0.0
220.781887488	5.2682008E-5	0.0
220.783853568	5.332334E-5	0.0
220.785803264	-1.7828704E-4	0.0
220.78775296	-1.3788592E-4	0.0
220.789702656	3.7930557E-5	0.0
220.791668736	1.2846908E-4	0.0
220.793618432	2.085755E-5	0.0
220.795568128	9.198382E-5	0.0
220.797534208	-7.429125E-5	0.0
220.799483904	3.5263714E-5	0.0
220.8014336	5.708472E-5	0.0
220.80339968	-9.106856E-5	0.0
220.805349376	-3.2469037E-4	0.0
220.807299072	-6.883824E-5	0.0
220.809265152	2.9175308E-5	0.0
220.811214848	3.7624966E-5	0.0
220.813164544	1.0201789E-4	0.0
220.815130624	-7.435854E-5	0.0
220.81708032	-1.0533143E-5	0.0
220.819030016	-1.4363335E-6	0.0
220.820979712	-2.1852716E-4	0.0
220.822945792	-1.5708397E-4	0.0
220.824895488	-1.4324696E-4	0.0
220.826845184	1.0619172E-5	0.0
220.828811264	1.2722577E-4	0.0
220.83076096	3.2630167E-5	0.0
220.832710656	-2.6321622E-5	0.0
220.834676736	8.5967244E-5	0.0
220.836626432	-1.9594177E-4	0.0
220.838576128	-7.5432486E-6	0.0
220.840542208	-9.388547E-6	0.0
220.842491904	9.253004E-5	0.0
220.8444416	1.6310833E-5	0.0
220.846391296	3.0195888E-4	0.0
220.848357376	1.6887987E-4	0.0
220.850307072	8.1663486E-5	0.0
220.852256768	1.1075067E-4	0.0
220.854222848	9.821518E-5	0.0
220.856172544	1.8140837E-4	0.0
220.85812224	1.1015753E-4	0.0
220.86008832	1.446727E-4	0.0
220.862038016	2.1565601E-4	0.0
220.863987712	3.928492E-4	0.0
220.865953792	1.9630673E-4	0.0
220.867903488	4.6125497E-5	0.0
220.869853184	8.837087E-5	0.0
220.87180288	1.19779026E-4	0.0
220.87376896	1.1018093E-4	0.0
220.875718656	-1.3421371E-4	0.0
220.877668352	8.933805E-5	0.0
220.879634432	5.2076066E-5	0.0
220.881584128	1.870957E-5	0.0
220.883533824	2.3141841E-4	0.0
220.885499904	2.06833E-4	0.0
220.8874496	1.3460335E-4	0.0
220.889399296	-1.108126E-4	0.0
220.891365376	-2.3640461E-5	0.0
220.893315072	-4.455798E-6	0.0
220.895264768	1.4504266E-4	0.0
220.897214464	1.7656128E-5	0.0
220.899180544	7.634354E-5	0.0
220.90113024	4.8939255E-5	0.0
220.903079936	2.4722189E-5	0.0
220.905046016	1.5839643E-4	0.0
220.906995712	1.5306401E-5	0.0
220.908945408	4.8114103E-5	0.0
220.910911488	5.0582108E-5	0.0
220.912861184	1.1558342E-4	7.96553649706766E-8
220.91481088	2.586681E-4	1.6647575762362976E-7
220.91677696	1.3915251E-4	3.357356206379336E-7
220.918726656	1.041441E-4	6.533498435601359E-7
220.920676352	2.2611336E-4	1.2268677664906136E-6
220.922626048	1.7407467E-4	2.2230528884392697E-6
220.924592128	2.0438002E-4	3.886869308189489E-6
220.926541824	2.1566672E-4	6.55746043776162E-6
220.92849152	1.2166251E-4	1.0674583791114856E-5
220.9304576	1.2645999E-4	1.6766311091487296E-5
220.932407296	7.028191E-5	2.54085043707164E-5
220.934356992	1.8969993E-4	3.722721157828346E-5
220.936323072	3.0067936E-4	5.256745862425305E-5
220.938272768	2.0764861E-4	7.165004353737459E-5
220.940222464	2.357316E-4	9.42886108532548E-5
220.942188544	1.4028419E-4	1.1984136654064059E-4
220.94413824	2.4316541E-4	1.4719678438268602E-4
220.946087936	5.4259377E-4	1.748547947499901E-4
220.948037632	3.3946626E-4	2.0111141202505678E-4
220.950003712	3.3934077E-4	2.243175549665466E-4
220.951953408	1.6283873E-4	2.4316627241205424E-4
220.953903104	1.8220732E-4	2.56939820246771E-4
220.955869184	1.3478403E-4	2.656519936863333E-4
220.95781888	2.47436E-4	2.7003578725270927E-4
220.959768576	1.1001481E-4	2.713641442824155E-4
220.961734656	1.0851561E-4	2.7113727992400527E-4
220.963684352	3.6046642E-4	2.707038656808436E-4
220.965634048	2.3359177E-4	2.709148684516549E-4
220.967600128	2.6542007E-4	2.7190070250071585E-4
220.969549824	3.4542126E-4	2.730324922595173E-4
220.97149952	3.858821E-4	2.7308124117553234E-4
220.973449216	3.0269963E-4	2.705876831896603E-4
220.975415296	-1.512922E-5	2.640749153215438E-4
220.977364992	-4.5021297E-5	2.526163007132709E-4
220.979314688	3.9104628E-4	2.3596211394760758E-4
220.981280768	2.4504785E-4	2.1465668396558613E-4
220.983230464	-5.8582402E-5	1.8996713333763182E-4
220.98518016	7.605541E-5	1.6368656361009926E-4
220.98714624	3.7536805E-4	1.3786744966637343E-4
220.989095936	2.112271E-4	1.145520800491795E-4
220.991045632	2.1376752E-4	9.554611460771412E-5
220.993011712	3.352227E-4	8.226591307902709E-5
220.994961408	1.479024E-4	7.565351552329957E-5
220.996911104	7.704878E-5	7.609370368300006E-5
220.9988608	2.0979461E-4	8.361814252566546E-5
221.00082688	3.0327984E-4	9.752347250469029E-5
221.002776576	1.3108051E-4	1.166755027952604E-4
221.004726272	8.2954066E-5	1.394395949319005E-4
221.006692352	2.5426387E-4	1.6376054554712027E-4
221.008642048	1.7649902E-4	1.8731318414211273E-4
221.010591744	2.50509E-4	2.0772460266016424E-4
221.012557824	3.4968567E-4	2.2284364968072623E-4
221.01450752	3.3151242E-4	2.3101650003809482E-4
221.016457216	3.762939E-5	2.3130906629376113E-4
221.018423296	7.559544E-6	2.236315340269357E-4
221.020372992	1.4832197E-4	2.0871050946880132E-4
221.022322688	2.729327E-4	1.8805605941452086E-4
221.024272384	2.3059943E-4	1.6354030231013894E-4
221.026238464	1.6111427E-4	1.3725073949899524E-4
221.02818816	5.407119E-5	1.1115191591670737E-4
221.030137856	1.775428E-4	8.685568172950298E-5
221.032103936	4.7384563E-4	6.548436067532748E-5
221.034053632	2.8521754E-4	4.76346212963108E-5
221.036003328	2.6888561E-5	3.343107528053224E-5
221.037969408	-7.089297E-5	2.263743954245001E-5
221.039919104	2.6384134E-5	1.4789763554290403E-5
221.0418688	4.159636E-5	9.323207450506743E-6
221.04383488	-2.0904595E-4	5.786761448689504E-6
221.045784576	-1.4388259E-4	3.5736727568291826E-6
221.047734272	4.8814458E-5	2.386202368143131E-6
221.049683968	1.3228552E-4	2.0182469597784802E-6
221.051650048	1.15969684E-4	2.4229029804700986E-6
221.053599744	-4.6043773E-5	3.7267479910951806E-6
221.05554944	1.4979579E-4	6.247002602322027E-6
221.05751552	2.1196739E-4	1.0509016647120006E-5
221.059465216	2.8832E-4	1.7224063412868418E-5
221.061414912	9.0837595E-5	2.7405254513723776E-5
221.063380992	9.326707E-5	4.2069517803611234E-5
221.065330688	3.1128863E-4	6.230401777429506E-5
221.067280384	3.2261794E-4	8.90144074219279E-5
221.069246464	3.3324817E-4	1.2268453428987414E-4
221.07119616	2.509493E-4	1.6312036314047873E-4
221.073145856	2.599071E-4	2.0923481497447938E-4
221.075095552	3.4808263E-4	2.589471114333719E-4
221.077061632	3.2918935E-4	3.092419356107712E-4
221.079011328	1.8037355E-4	3.5642922739498317E-4
221.080961024	2.4407066E-4	3.965670766774565E-4
221.082927104	3.4082087E-4	4.259971610736102E-4
221.0848768	4.9945526E-4	4.418788303155452E-4
221.086826496	3.6571734E-4	4.426292725838721E-4
221.088792576	3.53507E-4	4.2817293433472514E-4
221.090742272	2.2536225E-4	3.999535401817411E-4
221.092691968	1.4165451E-4	3.6070559872314334E-4
221.094658048	4.0154904E-5	3.1403129105456173E-4
221.096607744	1.2411317E-4	2.638686273712665E-4
221.09855744	2.095988E-4	2.1395411749836057E-4
221.10052352	1.9591278E-4	1.6738202248234302E-4
221.102473216	2.152418E-4	1.2633073492906988E-4
221.104422912	5.420166E-4	9.198105544783175E-5
221.106372608	4.6838855E-4	6.460597069235519E-5
221.108338688	1.3499765E-4	4.3776526581496E-5
221.110288384	4.3449586E-4	2.8616896088351496E-5
221.11223808	4.5186863E-4	1.8048380297841504E-5
221.11420416	3.8385764E-4	1.0982723324559629E-5
221.116153856	3.8302736E-4	6.448490239563398E-6
221.118103552	3.6649278E-4	3.653413614301826E-6
221.120069632	3.416218E-4	1.997302433665027E-6
221.122019328	2.7540082E-4	1.0536626859902753E-6
221.123969024	2.9557396E-4	5.363865511753829E-7
221.125935104	2.5371532E-4	2.634973270687624E-7
221.1278848	1.7920102E-4	1.24910499721409E-7
221.129834496	1.2948317E-4	0.0
221.131784192	2.3687375E-4	0.0
221.133750272	2.598617E-4	0.0
221.135699968	1.188044E-4	0.0
221.137649664	1.0530057E-4	0.0
221.139615744	1.12721E-4	0.0
221.14156544	2.2855843E-4	0.0
221.143515136	2.539897E-4	0.0
221.145481216	2.2769207E-4	0.0
221.147430912	-3.173598E-5	0.0
221.149380608	1.7241156E-4	0.0
221.151346688	2.6121212E-4	0.0
221.153296384	-3.957191E-6	0.0
221.15524608	1.7276045E-4	0.0
221.157195776	2.3505592E-4	0.0
221.159161856	1.6574096E-4	0.0
221.161111552	-3.2192213E-5	0.0
221.163061248	7.4016737E-7	0.0
221.165027328	5.8673322E-5	0.0
221.166977024	1.5821774E-4	0.0
221.16892672	2.0446803E-4	0.0
221.1708928	9.751471E-5	0.0
221.172842496	4.626892E-5	0.0
221.174792192	-7.290032E-5	0.0
221.176758272	1.5281618E-4	0.0
221.178707968	5.5394717E-5	0.0
221.180657664	-1.7458924E-5	0.0
221.18260736	1.3215002E-4	0.0
221.18457344	1.93357E-4	0.0
221.186523136	1.4899438E-4	0.0
221.188472832	1.1690252E-4	0.0
221.190438912	1.245722E-4	0.0
221.192388608	1.6901712E-4	0.0
221.194338304	4.2352173E-4	0.0
221.196304384	5.6207995E-5	0.0
221.19825408	8.031842E-5	0.0
221.200203776	1.651441E-4	0.0
221.202169856	5.6987512E-5	0.0
221.204119552	1.0669511E-4	0.0
221.206069248	2.1248928E-4	0.0
221.208018944	-3.5885954E-5	0.0
221.209985024	6.389164E-5	0.0
221.21193472	2.429313E-4	0.0
221.213884416	-3.419968E-5	0.0
221.215850496	8.498306E-7	0.0
221.217800192	-1.1286046E-4	0.0
221.219749888	2.586562E-5	0.0
221.221715968	1.7817712E-5	0.0
221.223665664	6.133248E-5	0.0
221.22561536	3.2159383E-5	0.0
221.22758144	-1.3980084E-5	0.0
221.229531136	1.0465842E-4	0.0
221.231480832	8.382124E-5	0.0
221.233430528	1.7977913E-4	0.0
221.235396608	2.8172263E-4	0.0
221.237346304	1.803455E-4	0.0
221.239296	1.892047E-4	0.0
221.24126208	2.4912402E-4	0.0
221.243211776	1.3778533E-4	0.0
221.245161472	6.265531E-5	0.0
221.247127552	1.5150476E-4	0.0
221.249077248	1.2731552E-4	0.0
221.251026944	3.046561E-4	0.0
221.252993024	4.1070697E-4	0.0
221.25494272	1.3345154E-4	0.0
221.256892416	2.4626683E-4	0.0
221.258842112	2.9495754E-4	0.0
221.260808192	2.3015507E-4	0.0
221.262757888	3.3856486E-4	0.0
221.264707584	3.4397398E-4	0.0
221.266673664	2.2098632E-4	0.0
221.26862336	1.809385E-5	0.0
221.270573056	1.2125599E-4	0.0
221.272539136	2.6688457E-4	0.0
221.274488832	3.140692E-4	0.0
221.276438528	2.5355723E-4	0.0
221.278404608	7.9110265E-5	0.0
221.280354304	1.2584974E-4	0.0
221.282304	2.3263518E-4	0.0
221.284253696	1.1635746E-4	0.0
221.286219776	2.6095657E-5	0.0
221.288169472	1.2057403E-4	0.0
221.290119168	1.3051752E-4	0.0
221.292085248	-3.6859433E-6	0.0
221.294034944	8.038303E-5	0.0
221.29598464	8.83172E-5	0.0
221.29795072	2.6266554E-5	0.0
221.299900416	6.203656E-5	0.0
221.301850112	-4.6786736E-5	0.0
221.303816192	1.9432441E-4	0.0
221.305765888	1.1411321E-4	0.0
221.307715584	1.8805859E-4	0.0
221.30966528	1.5171093E-4	0.0
221.31163136	6.208371E-5	0.0
221.313581056	6.201526E-5	0.0
221.315530752	-9.962462E-5	0.0
221.317496832	-1.012478E-4	0.0
221.319446528	-1.7001063E-5	0.0
221.321396224	2.7839442E-5	0.0
221.323362304	3.46835E-5	0.0
221.325312	2.5129875E-5	0.0
221.327261696	1.9198074E-4	0.0
221.329227776	2.8788263E-4	0.0
221.331177472	6.676081E-5	0.0
221.333127168	-4.4626663E-6	0.0
221.335076864	1.1069537E-4	0.0
221.337042944	1.7309398E-4	0.0
221.33899264	1.933364E-4	0.0
221.340942336	1.4221005E-4	0.0
221.342908416	1.6429566E-4	0.0
221.344858112	2.1443351E-5	0.0
221.346807808	2.4364004E-4	0.0
221.348773888	1.4633976E-4	0.0
221.350723584	3.6232907E-4	0.0
221.35267328	3.3864332E-4	0.0
221.35463936	1.1287292E-4	0.0
221.356589056	2.309425E-4	0.0
221.358538752	3.362547E-4	0.0
221.360488448	3.6714994E-4	0.0
221.362454528	3.0976918E-4	0.0
221.364404224	2.2638845E-4	0.0
221.36635392	2.0040071E-4	0.0
221.36832	3.3469335E-4	0.0
221.370269696	4.8821606E-4	0.0
221.372219392	3.9838545E-4	0.0
221.374185472	4.0133635E-4	0.0
221.376135168	3.02237E-4	0.0
221.378084864	2.4066854E-4	0.0
221.380050944	2.6549865E-4	0.0
221.38200064	1.3749115E-4	0.0
221.383950336	3.2001187E-4	0.0
221.385916416	1.1967623E-4	0.0
221.387866112	1.301585E-4	0.0
221.389815808	3.4295337E-4	0.0
221.391765504	4.397476E-4	0.0
221.393731584	3.0870584E-4	0.0
221.39568128	-1.931448E-6	0.0
221.397630976	1.9468158E-4	0.0
221.399597056	1.2280117E-4	0.0
221.401546752	1.165024E-4	0.0
221.403496448	1.7761497E-4	0.0
221.405462528	-2.8461802E-5	0.0
221.407412224	7.281208E-5	0.0
221.40936192	-4.580582E-5	0.0
221.411328	1.9056757E-4	0.0
221.413277696	2.2671395E-4	0.0
221.415227392	3.0048436E-4	0.0
221.417177088	2.8717634E-4	0.0
221.419143168	-7.834274E-5	0.0
221.421092864	6.847596E-5	0.0
221.42304256	-5.990942E-5	0.0
221.42500864	7.25023E-5	0.0
221.426958336	7.187505E-5	0.0
221.428908032	8.76456E-5	0.0
221.430874112	5.701976E-5	0.0
221.432823808	1.9809301E-4	0.0
221.434773504	2.2928347E-4	0.0
221.436739584	2.3090455E-4	0.0
221.43868928	5.7486002E-5	0.0
221.440638976	6.679061E-5	0.0
221.442588672	4.4586486E-5	0.0
221.444554752	1.8257252E-4	0.0
221.446504448	3.138677E-4	0.0
221.448454144	3.177002E-4	0.0
221.450420224	2.2546132E-4	0.0
221.45236992	7.239205E-5	0.0
221.454319616	9.563216E-5	0.0
221.456285696	-3.269501E-5	0.0
221.458235392	1.1449482E-4	0.0
221.460185088	1.3148203E-4	0.0
221.462151168	9.249512E-5	0.0
221.464100864	1.4873932E-4	0.0
221.46605056	1.2908597E-4	0.0
221.468000256	4.79233E-5	0.0
221.469966336	1.1055951E-6	0.0
221.471916032	1.208093E-4	0.0
221.473865728	-7.1380055E-5	0.0
221.475831808	-6.6444976E-5	0.0
221.477781504	1.6846809E-5	0.0
221.4797312	5.9824204E-5	0.0
221.48169728	1.4655106E-4	0.0
221.483646976	8.00332E-6	0.0
221.485596672	6.1270534E-6	0.0
221.487562752	1.1656468E-4	0.0
221.489512448	1.4193752E-4	0.0
221.491462144	6.090314E-5	0.0
221.49341184	2.7170158E-6	0.0
221.49537792	-1.5483634E-4	0.0
221.497327616	-1.0573689E-4	0.0
221.499277312	7.656007E-5	0.0
221.501243392	5.6172707E-6	0.0
221.503193088	-2.5015559E-5	0.0
221.505142784	6.709597E-5	0.0
221.507108864	8.5162455E-6	0.0
221.50905856	-1.49831185E-5	0.0
221.511008256	6.0782884E-5	0.0
221.512974336	-5.700928E-5	0.0
221.514924032	2.2293837E-4	0.0
221.516873728	6.318407E-5	0.0
221.518823424	-1.023839E-4	0.0
221.520789504	5.4879813E-5	0.0
221.5227392	-9.144016E-5	0.0
221.524688896	-5.5038952E-5	0.0
221.526654976	-2.08281E-5	0.0
221.528604672	-3.0830386E-5	0.0
221.530554368	-4.0795654E-5	0.0
221.532520448	2.8838751E-5	0.0
221.534470144	-6.218953E-5	0.0
221.53641984	1.2617162E-4	0.0
221.53838592	9.151164E-5	0.0
221.540335616	9.404775E-5	0.0
221.542285312	1.9035989E-4	0.0
221.544235008	1.5907071E-4	0.0
221.546201088	1.13285845E-4	0.0
221.548150784	1.2927898E-4	0.0
221.55010048	-9.422423E-5	0.0
221.55206656	-1.8418988E-4	0.0
221.554016256	1.0642339E-5	0.0
221.555965952	6.585801E-5	0.0
221.557932032	1.112296E-4	0.0
221.559881728	2.2746854E-5	0.0
221.561831424	6.5330416E-5	0.0
221.563797504	2.3452472E-4	0.0
221.5657472	1.6539765E-4	0.0
221.567696896	1.8160627E-4	0.0
221.569646592	1.8927257E-4	0.0
221.571612672	1.5274354E-4	0.0
221.573562368	5.1284675E-5	0.0
221.575512064	2.0125194E-4	0.0
221.577478144	9.4314106E-5	0.0
221.57942784	1.0708999E-4	0.0
221.581377536	1.6025477E-4	0.0
221.583343616	9.716209E-5	0.0
221.585293312	1.903402E-5	0.0
221.587243008	3.6794692E-5	0.0
221.589209088	-6.257674E-6	0.0
221.591158784	1.5135098E-4	0.0
221.59310848	1.9400252E-4	0.0
221.595058176	2.5012645E-5	0.0
221.597024256	-4.9972674E-5	0.0
221.598973952	1.9614816E-5	0.0
221.600923648	-7.5934236E-6	0.0
221.602889728	2.6643507E-5	0.0
221.604839424	6.550946E-5	0.0
221.60678912	3.9723585E-5	0.0
221.6087552	1.3609056E-4	0.0
221.610704896	1.1116068E-4	0.0
221.612654592	1.4318572E-4	0.0
221.614620672	1.5841378E-4	0.0
221.616570368	8.274312E-5	0.0
221.618520064	1.1363346E-4	0.0
221.62046976	4.927127E-5	0.0
221.62243584	1.3914413E-4	0.0
221.624385536	8.604373E-5	0.0
221.626335232	5.640718E-5	0.0
221.628301312	1.8053106E-4	0.0
221.630251008	1.2843462E-4	0.0
221.632200704	1.6130263E-4	0.0
221.634166784	3.0540382E-6	0.0
221.63611648	-4.2449334E-5	0.0
221.638066176	1.5598953E-5	0.0
221.640032256	-5.2339514E-5	0.0
221.641981952	-1.1492451E-4	0.0
221.643931648	-8.4422645E-5	0.0
221.645881344	-1.4480554E-5	0.0
221.647847424	-5.923712E-5	0.0
221.64979712	-2.5906835E-5	0.0
221.651746816	8.01694E-6	0.0
221.653712896	-8.7766326E-5	0.0
221.655662592	3.446685E-5	0.0
221.657612288	-1.5547068E-4	0.0
221.659578368	1.5966476E-5	0.0
221.661528064	-5.10033E-5	0.0
221.66347776	-2.0695792E-4	0.0
221.66544384	-9.232784E-6	0.0
221.667393536	1.1161667E-5	0.0
221.669343232	1.2593797E-6	0.0
221.671309312	-1.4133682E-4	0.0
221.673259008	-1.5875627E-4	0.0
221.675208704	-5.708111E-5	0.0
221.6771584	1.38717E-5	0.0
221.67912448	1.6294466E-4	0.0
221.681074176	9.911868E-5	0.0
221.683023872	3.2720738E-5	0.0
221.684989952	1.16522415E-5	0.0
221.686939648	4.1287974E-5	0.0
221.688889344	1.4882197E-4	0.0
221.690855424	1.6817299E-4	0.0
221.69280512	1.2535567E-4	0.0
221.694754816	1.6215537E-4	0.0
221.696720896	1.3499451E-4	0.0
221.698670592	5.3352327E-5	0.0
221.700620288	4.8248316E-6	0.0
221.702569984	1.5158392E-4	0.0
221.704536064	1.3889698E-4	0.0
221.70648576	5.2717747E-5	0.0
221.708435456	1.1363148E-4	0.0
221.710401536	1.2928876E-4	0.0
221.712351232	2.0022968E-5	0.0
221.714300928	-1.3665797E-4	0.0
221.716267008	-1.9174537E-5	0.0
221.718216704	-1.1826283E-4	0.0
221.7201664	-4.05818E-5	0.0
221.72213248	1.3071764E-4	0.0
221.724082176	2.1870376E-4	0.0
221.726031872	2.9127847E-4	0.0
221.727981568	1.1475256E-4	0.0
221.729947648	7.169902E-6	0.0
221.731897344	4.3551438E-5	0.0
221.73384704	2.4566008E-4	0.0
221.73581312	2.7930387E-4	0.0
221.737762816	1.3971468E-4	0.0
221.739712512	-9.171397E-5	0.0
221.741678592	-1.8716093E-5	0.0
221.743628288	6.635301E-5	0.0
221.745577984	2.912886E-4	0.0
221.747544064	1.352193E-4	0.0
221.74949376	1.6168563E-4	0.0
221.751443456	2.533947E-4	0.0
221.753393152	1.5275076E-4	0.0
221.755359232	2.0736898E-4	0.0
221.757308928	2.7044176E-4	0.0
221.759258624	1.9194721E-4	0.0
221.761224704	2.0037591E-4	0.0
221.7631744	3.4802186E-4	0.0
221.765124096	2.8780603E-4	0.0
221.767090176	3.2524602E-4	0.0
221.769039872	1.984858E-4	0.0
221.770989568	1.432728E-4	0.0
221.772955648	2.834875E-4	0.0
221.774905344	4.1088532E-4	0.0
221.77685504	3.0797045E-4	0.0
221.778804736	2.2855413E-4	0.0
221.780770816	1.9486807E-4	0.0
221.782720512	3.3749884E-4	0.0
221.784670208	1.671866E-4	0.0
221.786636288	8.477003E-5	0.0
221.788585984	1.937215E-4	0.0
221.79053568	1.7765607E-4	0.0
221.79250176	9.146682E-5	0.0
221.794451456	2.1525274E-4	0.0
221.796401152	1.4812441E-4	0.0
221.798367232	1.9310846E-4	0.0
221.800316928	1.9884913E-4	0.0
221.802266624	1.328194E-4	0.0
221.80421632	3.1312136E-4	0.0
221.8061824	3.9458857E-5	0.0
221.808132096	-2.2012742E-5	0.0
221.810081792	-1.8806431E-5	0.0
221.812047872	3.1557516E-4	0.0
221.813997568	3.3124932E-4	0.0
221.815947264	-1.3734448E-5	0.0
221.817913344	1.3526994E-5	0.0
221.81986304	4.6076602E-5	0.0
221.821812736	-8.634245E-5	0.0
221.823778816	1.7605314E-4	0.0
221.825728512	2.2082345E-4	0.0
221.827678208	1.3533968E-4	0.0
221.829627904	1.0320207E-4	0.0
221.831593984	-1.6566368E-5	0.0
221.83354368	1.3762189E-4	0.0
221.835493376	-3.984419E-5	0.0
221.837459456	3.624533E-5	0.0
221.839409152	8.0267084E-5	0.0
221.841358848	-1.16203455E-5	0.0
221.843324928	-7.295143E-5	0.0
221.845274624	-3.644917E-5	0.0
221.84722432	1.7557746E-6	0.0
221.8491904	1.3927696E-4	0.0
221.851140096	2.5976797E-5	0.0
221.853089792	6.0768332E-5	0.0
221.855039488	1.0381895E-4	0.0
221.857005568	-8.711476E-6	0.0
221.858955264	2.7780769E-5	0.0
221.86090496	-7.007574E-5	0.0
221.86287104	-1.2140698E-4	0.0
221.864820736	-7.542201E-6	0.0
221.866770432	1.664561E-4	0.0
