234.319003648	4.4367807E-5	0.0
234.320986112	-3.0556163E-5	0.0
234.322952192	-5.6476383E-5	0.0
234.324918272	-9.731942E-5	0.0
234.326900736	-1.5263986E-4	0.0
234.328866816	-1.5126348E-4	0.0
234.33084928	-6.6755374E-6	0.0
234.33281536	8.6897E-5	0.0
234.33478144	5.6211436E-5	0.0
234.336763904	7.915743E-7	0.0
234.338729984	1.3805759E-5	0.0
234.340712448	1.11837355E-4	0.0
234.342678528	1.0866178E-4	0.0
234.344644608	-1.0576266E-5	0.0
234.346627072	-7.198989E-5	0.0
234.348593152	-1.3467068E-4	0.0
234.350575616	-7.110106E-5	0.0
234.352541696	-5.6092445E-5	0.0
234.354507776	7.6494245E-5	0.0
234.35649024	7.17672E-5	0.0
234.35845632	7.0542046E-5	0.0
234.360438784	9.528123E-5	0.0
234.362404864	2.1316528E-5	0.0
234.364370944	8.345415E-6	0.0
234.366353408	-7.583066E-5	0.0
234.368319488	-2.1233577E-4	0.0
234.370301952	-8.0756645E-6	0.0
234.372268032	-4.3757078E-5	0.0
234.374234112	-4.593486E-5	0.0
234.376216576	4.0085586E-5	0.0
234.378182656	1.2257062E-4	0.0
234.38016512	4.7285408E-5	0.0
234.3821312	-5.9728545E-6	0.0
234.38409728	8.7780145E-6	0.0
234.386079744	-1.2843408E-4	0.0
234.388045824	-1.1641898E-4	0.0
234.390028288	-1.9690352E-4	0.0
234.391994368	7.0235175E-5	0.0
234.393960448	8.59318E-5	0.0
234.395942912	1.9266766E-4	0.0
234.397908992	-5.6435638E-5	0.0
234.399891456	-3.6943755E-5	0.0
234.401857536	-8.218345E-5	0.0
234.403823616	-1.2965202E-4	0.0
234.40580608	1.3702499E-5	0.0
234.40777216	1.7467242E-4	0.0
234.409754624	4.4069668E-5	0.0
234.411720704	1.769084E-4	0.0
234.413686784	2.0166133E-4	0.0
234.415669248	2.0253153E-4	0.0
234.417635328	3.2963388E-4	0.0
234.419617792	3.7103094E-4	0.0
234.421583872	3.3990532E-4	0.0
234.423549952	1.5470276E-4	0.0
234.425532416	6.359508E-5	0.0
234.427498496	2.7651008E-4	0.0
234.42948096	2.5540177E-4	0.0
234.43144704	1.6288433E-5	0.0
234.43341312	1.06109255E-4	0.0
234.435395584	1.9623335E-4	0.0
234.437361664	-4.4460676E-6	0.0
234.439344128	2.8035904E-5	0.0
234.441310208	-2.575531E-5	0.0
234.443276288	2.031198E-5	0.0
234.445258752	8.861343E-5	0.0
234.447224832	5.1010582E-5	0.0
234.449207296	6.190333E-5	0.0
234.451173376	-4.3865926E-5	0.0
234.453139456	-3.972515E-5	0.0
234.45512192	3.6496036E-5	0.0
234.457088	-3.1609586E-6	0.0
234.459070464	7.234713E-7	0.0
234.461036544	4.872593E-5	0.0
234.463002624	3.7343656E-5	0.0
234.464985088	-1.0764313E-4	0.0
234.466951168	-1.02351005E-4	0.0
234.468933632	-3.3290526E-5	0.0
234.470899712	-1.1759524E-4	0.0
234.472865792	-5.673762E-5	0.0
234.474848256	9.1349655E-5	0.0
234.476814336	2.5247291E-5	0.0
234.4787968	-8.931982E-5	0.0
234.48076288	-1.1029005E-5	0.0
234.48272896	6.8788366E-5	0.0
234.484711424	3.7265425E-5	0.0
234.486677504	2.6057658E-5	0.0
234.488659968	4.3415646E-5	0.0
234.490626048	1.6060968E-4	0.0
234.492592128	1.1204015E-4	0.0
234.494574592	9.562072E-6	0.0
234.496540672	-3.0087123E-5	0.0
234.498523136	6.792784E-6	0.0
234.500489216	2.3884068E-5	0.0
234.502455296	1.5059902E-5	0.0
234.50443776	1.3328107E-5	0.0
234.50640384	-7.513252E-5	0.0
234.508386304	-9.290646E-5	0.0
234.510352384	-1.0980997E-4	0.0
234.512318464	-2.0364339E-4	0.0
234.514300928	-1.4073068E-4	0.0
234.516267008	-8.359673E-5	0.0
234.518249472	-6.591359E-5	0.0
234.520215552	-8.718277E-6	0.0
234.522181632	1.4360711E-5	0.0
234.524164096	2.876478E-5	0.0
234.526130176	1.15767885E-4	0.0
234.52811264	1.5224873E-4	0.0
234.53007872	5.243469E-5	0.0
234.532061184	4.9565635E-5	0.0
234.534027264	7.485826E-5	0.0
234.535993344	5.342853E-5	0.0
234.537975808	1.4959865E-4	0.0
234.539941888	9.360427E-5	0.0
234.541924352	5.3208736E-5	0.0
234.543890432	1.0150363E-4	0.0
234.545856512	8.9963265E-5	0.0
234.547838976	7.902372E-5	0.0
234.549805056	7.603452E-5	0.0
234.55178752	-7.6612276E-5	0.0
234.5537536	-4.3859174E-5	0.0
234.55571968	5.3447387E-5	0.0
234.557702144	1.2396016E-4	0.0
234.559668224	1.406257E-4	0.0
234.561650688	3.5833284E-5	0.0
234.563616768	-5.5855773E-5	0.0
234.565582848	-1.9880643E-5	0.0
234.567565312	-5.9151374E-5	0.0
234.569531392	-1.0009115E-4	0.0
234.571513856	3.4346679E-6	0.0
234.573479936	1.2687939E-4	0.0
234.575446016	1.4933218E-4	0.0
234.57742848	7.915144E-6	0.0
234.57939456	7.000758E-5	0.0
234.581377024	9.569812E-5	0.0
234.583343104	-5.4795462E-5	0.0
234.585309184	-6.819626E-5	0.0
234.587291648	-6.3848483E-6	0.0
234.589257728	1.2657182E-4	0.0
234.591240192	7.6463046E-5	0.0
234.593206272	4.753675E-5	0.0
234.595172352	7.100759E-5	0.0
234.597154816	2.023873E-4	0.0
234.599120896	7.377583E-5	0.0
234.60110336	7.009932E-5	0.0
234.60306944	8.421037E-5	0.0
234.60503552	1.2541232E-4	0.0
234.607017984	3.3721528E-6	0.0
234.608984064	-2.5648207E-5	0.0
234.610966528	2.5699914E-5	0.0
234.612932608	-1.6937933E-4	0.0
234.614898688	-6.156909E-5	0.0
234.616881152	-1.4033036E-7	0.0
234.618847232	8.685451E-5	0.0
234.620829696	2.0920004E-4	0.0
234.622795776	1.5890163E-4	0.0
234.624761856	1.28123875E-5	0.0
234.62674432	-1.3151605E-5	0.0
234.6287104	7.7377255E-5	0.0
234.630692864	-2.7011198E-5	0.0
234.632658944	8.703228E-5	0.0
234.634625024	7.74244E-5	0.0
234.636607488	1.0160724E-4	0.0
234.638573568	1.9047032E-4	0.0
234.640556032	2.2319781E-4	0.0
234.642522112	5.1535848E-5	0.0
234.644488192	1.0028337E-4	0.0
234.646470656	-2.6820393E-5	0.0
234.648436736	-2.6345186E-5	0.0
234.6504192	-4.156195E-5	0.0
234.65238528	-1.077429E-4	0.0
234.65435136	3.872737E-5	0.0
234.656333824	1.625027E-4	0.0
234.658299904	-1.695501E-5	0.0
234.660282368	-1.0825664E-4	0.0
234.662248448	-4.223879E-5	0.0
234.664214528	-1.7224146E-6	0.0
234.666196992	-5.9913662E-5	0.0
234.668163072	-1.9062476E-5	0.0
234.670145536	5.4103737E-5	0.0
234.672111616	2.1054542E-7	0.0
234.674077696	-2.378182E-6	0.0
234.67606016	2.936816E-5	0.0
234.67802624	8.4916544E-5	0.0
234.680008704	-4.1416897E-5	0.0
234.681974784	-9.695993E-5	0.0
234.683940864	-1.2854316E-4	0.0
234.685923328	-2.0069761E-4	0.0
234.687889408	-2.3936508E-4	0.0
234.689871872	8.901298E-6	0.0
234.691837952	2.0709536E-4	0.0
234.693804032	2.5559095E-4	0.0
234.695786496	1.2170823E-5	0.0
234.697752576	-1.4802527E-4	0.0
234.69973504	-1.2385104E-4	0.0
234.70170112	-1.5843709E-5	0.0
234.7036672	8.494297E-5	0.0
234.705649664	7.004146E-5	0.0
234.707615744	-6.9104884E-5	0.0
234.709598208	-4.0070903E-5	0.0
234.711564288	1.2681489E-4	0.0
234.713530368	9.182242E-5	0.0
234.715512832	2.6601434E-5	0.0
234.717478912	9.645936E-5	0.0
234.719461376	1.2584061E-4	0.0
234.721427456	1.5844656E-4	0.0
234.723393536	1.6527002E-4	0.0
234.725376	9.411547E-6	0.0
234.72734208	-1.1260322E-5	0.0
234.729324544	1.4088287E-4	0.0
234.731290624	1.6861463E-4	0.0
234.733256704	8.334705E-6	0.0
234.735239168	-1.18431104E-4	0.0
234.737205248	-2.4938074E-5	0.0
234.739187712	6.976602E-5	0.0
234.741153792	1.0070444E-4	0.0
234.743119872	4.731591E-5	0.0
234.745102336	-3.617937E-5	0.0
234.747068416	-9.753735E-5	0.0
234.74905088	-9.5730466E-5	0.0
234.75101696	7.3139754E-6	0.0
234.75298304	7.446606E-5	0.0
234.754965504	7.5355936E-5	0.0
234.756931584	1.3957087E-4	0.0
234.758914048	1.0062633E-4	0.0
234.760880128	5.9170365E-5	0.0
234.762846208	4.4325798E-6	0.0
234.764828672	-2.5347274E-5	0.0
234.766794752	-2.8257424E-5	0.0
234.768777216	-1.2667575E-4	0.0
234.770743296	-2.7585358E-5	0.0
234.772709376	2.6880598E-5	0.0
234.77469184	-3.422476E-5	0.0
234.77665792	-1.3669986E-6	0.0
234.778640384	1.0534732E-4	0.0
234.780606464	3.9244253E-5	0.0
234.782572544	1.0023575E-4	0.0
234.784555008	1.3861312E-4	0.0
234.786521088	1.5483501E-4	0.0
234.788503552	1.8783631E-4	0.0
234.790469632	4.406699E-5	0.0
234.792435712	-4.2677675E-5	0.0
234.794418176	-6.3483305E-5	0.0
234.796384256	-1.273179E-4	0.0
234.79836672	-1.6786128E-4	0.0
234.8003328	-3.4152E-5	0.0
234.80229888	1.7692377E-4	0.0
234.804281344	-9.04261E-6	0.0
234.806247424	1.7710097E-5	0.0
234.808229888	-2.9977227E-5	0.0
234.810195968	-5.298926E-6	0.0
234.812162048	-3.771163E-5	0.0
234.814144512	4.0308638E-5	0.0
234.816110592	2.0934439E-4	0.0
234.818093056	1.1149067E-4	0.0
234.820059136	-8.079089E-5	0.0
234.822025216	-3.7217447E-5	0.0
234.82400768	-1.2180866E-4	0.0
234.82597376	4.3066982E-5	0.0
234.827956224	9.334478E-5	0.0
234.829922304	3.6646445E-5	0.0
234.831888384	4.424662E-5	0.0
234.833870848	2.5855232E-4	0.0
234.835836928	6.348425E-5	0.0
234.837819392	5.7358593E-5	0.0
234.839785472	-5.6294193E-5	0.0
234.841767936	-6.617972E-5	0.0
234.843734016	2.5121795E-5	0.0
234.845700096	-1.2877739E-4	0.0
234.84768256	-8.0271675E-5	0.0
234.84964864	9.987149E-5	0.0
234.851631104	6.924786E-5	0.0
234.853597184	1.1446543E-4	0.0
234.855563264	3.876893E-5	0.0
234.857545728	-1.5571764E-4	0.0
234.859511808	3.94311E-5	0.0
234.861494272	5.2274852E-5	0.0
234.863460352	-1.9436751E-5	0.0
234.865426432	-3.589206E-5	0.0
234.867408896	5.156204E-5	0.0
234.869374976	5.0777402E-5	0.0
234.87135744	7.5633354E-5	0.0
234.87332352	1.0302006E-4	0.0
234.8752896	1.1778536E-4	0.0
234.877272064	-3.8884165E-5	0.0
234.879238144	-1.6846394E-5	0.0
234.881220608	2.0218848E-5	0.0
234.883186688	9.599463E-5	0.0
234.885152768	1.1099148E-4	0.0
234.887135232	5.278347E-5	0.0
234.889101312	6.981969E-5	0.0
234.891083776	4.848239E-5	0.0
234.893049856	6.1898674E-5	0.0
234.895015936	1.4662075E-4	0.0
234.8969984	1.6337012E-4	0.0
234.89896448	1.3298316E-4	0.0
234.900946944	2.1338552E-4	0.0
234.902913024	1.276575E-4	0.0
234.904879104	3.3282275E-5	0.0
234.906861568	-8.317915E-5	0.0
234.908827648	-1.9008193E-4	0.0
234.910810112	-1.429002E-4	0.0
234.912776192	-8.070637E-5	0.0
234.914742272	-3.2947915E-5	0.0
234.916724736	3.1333133E-5	0.0
234.918690816	2.8364311E-5	0.0
234.92067328	-4.847002E-6	0.0
234.92263936	-5.380896E-5	0.0
234.92460544	7.5600774E-6	0.0
234.926587904	2.0126763E-5	0.0
234.928553984	5.7151274E-6	0.0
234.930536448	-6.6417786E-5	0.0
234.932502528	-5.580525E-5	0.0
234.934468608	-2.0220692E-5	0.0
234.936451072	6.379393E-6	0.0
234.938417152	6.111741E-5	0.0
234.940399616	1.168246E-5	0.0
234.942365696	-4.0796636E-5	0.0
234.944331776	3.5836078E-5	0.0
234.94631424	9.0293535E-5	0.0
234.94828032	6.6285786E-5	0.0
234.950262784	1.0549656E-4	0.0
234.952228864	8.271257E-5	0.0
234.954194944	-9.178816E-6	0.0
234.956177408	-8.1310565E-5	0.0
234.958143488	-2.1703806E-6	0.0
234.960125952	3.9352402E-5	0.0
234.962092032	-4.410027E-5	0.0
234.964058112	-5.73878E-5	0.0
234.966040576	5.5693272E-5	0.0
234.968006656	8.0186706E-5	0.0
234.96998912	8.111058E-5	0.0
234.9719552	-2.342326E-6	0.0
234.97392128	-1.0560666E-5	0.0
234.975903744	1.4112012E-4	0.0
234.977869824	1.6090537E-4	0.0
234.979852288	1.3561554E-4	0.0
234.981818368	5.4246695E-5	0.0
234.983784448	-3.4186924E-5	0.0
234.985766912	7.117756E-5	0.0
234.987732992	-3.8308375E-5	0.0
234.989715456	-6.197922E-5	0.0
234.991681536	-2.365027E-6	0.0
234.993647616	1.962606E-5	0.0
234.99563008	-3.889022E-5	0.0
234.99759616	-2.842867E-5	0.0
234.999578624	1.020729E-4	0.0
235.001544704	2.0059824E-5	0.0
235.003510784	-8.96253E-5	0.0
235.005493248	2.0333766E-6	0.0
235.007459328	1.7780364E-4	0.0
235.009441792	1.3956854E-4	0.0
235.011407872	-8.850759E-5	0.0
235.013373952	-6.034824E-5	0.0
235.015356416	4.5015193E-5	0.0
235.017322496	5.480805E-5	0.0
235.01930496	-1.1919931E-5	0.0
235.02127104	1.0286383E-4	0.0
235.02323712	-7.386476E-5	0.0
235.025219584	2.0381596E-5	0.0
235.027185664	1.2983867E-5	0.0
235.029168128	-1.1126632E-4	0.0
235.031134208	-1.1943658E-4	0.0
235.033100288	1.1979669E-5	0.0
235.035082752	1.2158958E-4	0.0
235.037048832	5.668315E-5	0.0
235.039031296	-3.0378977E-5	0.0
235.040997376	7.225312E-5	0.0
235.042963456	4.0825988E-5	0.0
235.04494592	-2.7457068E-5	0.0
235.046912	1.2203953E-4	0.0
235.048894464	2.2223985E-5	0.0
235.050860544	1.2665366E-4	0.0
235.052826624	1.6673836E-4	0.0
235.054809088	-2.9698995E-5	0.0
235.056775168	9.366444E-8	0.0
235.058757632	1.1545217E-4	0.0
235.060723712	2.6751144E-5	0.0
235.062689792	-1.332659E-4	0.0
235.064672256	-1.2116931E-4	0.0
235.066638336	-1.1156318E-4	0.0
235.0686208	9.868289E-5	0.0
235.07058688	-2.2393235E-5	0.0
235.07255296	-1.1563725E-4	0.0
235.074535424	-1.5255382E-4	0.0
235.076501504	-3.655714E-5	0.0
235.078483968	2.069324E-5	0.0
235.080450048	9.139251E-6	0.0
235.082416128	1.0895794E-4	0.0
235.084398592	9.0574096E-5	0.0
235.086364672	1.2235467E-4	0.0
235.088347136	1.4546835E-4	0.0
235.090313216	7.401029E-5	0.0
235.092279296	3.893028E-5	0.0
235.09426176	1.0129131E-5	0.0
235.09622784	4.083111E-5	0.0
235.098210304	9.366038E-5	0.0
235.100176384	2.515672E-5	0.0
235.102142464	-2.4633531E-5	0.0
235.104124928	-5.3039104E-5	0.0
235.106091008	-8.769583E-5	0.0
235.108073472	6.770361E-5	0.0
235.110039552	1.9855001E-4	0.0
235.112005632	7.613417E-5	0.0
235.113988096	4.6144072E-5	0.0
235.115954176	5.3020958E-5	0.0
235.11793664	7.136289E-5	0.0
235.11990272	5.5052173E-5	0.0
235.1218688	8.419803E-5	0.0
235.123851264	-5.843517E-6	0.0
235.125817344	2.4277917E-6	0.0
235.127799808	9.809336E-5	0.0
235.129765888	1.0971685E-4	0.0
235.131731968	1.8322929E-4	0.0
235.133714432	1.1102175E-4	0.0
235.135680512	6.4899046E-5	0.0
235.137662976	1.6968623E-4	0.0
235.139629056	2.3375529E-4	0.0
235.141595136	3.3317442E-4	0.0
235.1435776	4.6790886E-4	0.0
235.14554368	4.9444294E-4	0.0
235.147526144	3.4055504E-4	0.0
235.149492224	1.6775967E-4	0.0
235.151474688	1.6551903E-4	0.0
235.153440768	2.103572E-4	0.0
235.155406848	9.006606E-5	0.0
235.157389312	2.9100638E-5	0.0
235.159355392	7.860625E-5	0.0
235.161337856	1.1441991E-4	0.0
235.163303936	1.6455173E-4	0.0
235.165270016	1.3267943E-4	0.0
235.16725248	2.0514238E-4	0.0
235.16921856	1.4766418E-4	0.0
235.171201024	1.1117497E-5	0.0
235.173167104	9.294175E-5	0.0
235.175133184	8.942403E-5	0.0
235.177115648	3.1984593E-5	0.0
235.179081728	1.2039586E-4	0.0
235.181064192	1.0799984E-4	0.0
235.183030272	2.498489E-5	0.0
235.184996352	-4.1712476E-5	0.0
235.186978816	-4.6780833E-6	0.0
235.188944896	-1.1970688E-5	0.0
235.19092736	-2.4522055E-7	0.0
235.19289344	4.412054E-5	0.0
235.19485952	3.8389764E-5	0.0
235.196841984	1.3259468E-4	0.0
235.198808064	5.1672054E-5	0.0
235.200790528	1.7120687E-5	0.0
235.202756608	-1.6913566E-5	0.0
235.204722688	5.520689E-5	0.0
235.206705152	1.1044107E-4	0.0
235.208671232	5.803869E-5	0.0
235.210653696	-3.839755E-5	0.0
235.212619776	-1.0593962E-4	0.0
235.214585856	1.523499E-5	0.0
235.21656832	5.621062E-5	0.0
235.2185344	-3.190274E-5	0.0
235.220516864	4.2188163E-5	0.0
235.222482944	1.7705008E-4	0.0
235.224449024	1.5080727E-4	0.0
235.226431488	1.0219386E-4	0.0
235.228397568	-2.7708526E-5	0.0
235.230380032	-5.8769998E-5	0.0
235.232346112	1.1017047E-6	0.0
235.234312192	3.970549E-5	0.0
235.236294656	-1.06670945E-4	0.0
235.238260736	-1.15385796E-4	0.0
235.2402432	6.579917E-5	0.0
235.24220928	-1.6928818E-4	0.0
235.24417536	-1.5621148E-4	0.0
235.246157824	2.3309442E-5	0.0
235.248123904	2.0974265E-4	0.0
235.250106368	1.9940706E-4	0.0
235.252072448	1.4988423E-5	0.0
235.254038528	1.6635792E-4	0.0
235.256020992	-5.030938E-6	0.0
235.257987072	-6.5701366E-5	0.0
235.259969536	1.496146E-4	0.0
235.261935616	1.07413805E-4	0.0
235.263901696	5.5019576E-5	0.0
235.26588416	-1.6958269E-5	0.0
235.26785024	-1.1250776E-5	0.0
235.269832704	7.993339E-5	0.0
235.271798784	-1.1383677E-4	0.0
235.273764864	6.772247E-5	0.0
235.275747328	1.3051795E-4	0.0
235.277713408	2.9916244E-5	0.0
235.279695872	-2.2918966E-5	0.0
235.281661952	2.8073971E-5	0.0
235.283628032	1.5086455E-4	0.0
235.285610496	5.0975075E-5	0.0
235.287576576	1.516209E-4	0.0
235.28955904	6.424037E-5	0.0
235.29152512	-5.5152974E-5	0.0
235.2934912	4.2512846E-5	0.0
235.295473664	5.1431423E-5	0.0
235.297439744	-1.5504278E-4	0.0
235.299422208	-2.062377E-4	0.0
235.301388288	-1.6945756E-4	0.0
235.303354368	-1.4692235E-4	0.0
235.305336832	-1.01960315E-4	0.0
235.307302912	-2.8873826E-6	0.0
235.309285376	1.5570871E-4	0.0
235.311251456	1.13083464E-4	0.0
235.313217536	4.1598636E-5	0.0
235.3152	3.453013E-5	0.0
235.31716608	1.9575304E-5	0.0
235.319148544	2.4744743E-6	0.0
235.321114624	-9.3744886E-5	0.0
235.323080704	3.803365E-5	0.0
235.325063168	1.4747792E-5	0.0
235.327029248	-6.900977E-5	0.0
235.329011712	-6.0019716E-5	0.0
235.330977792	1.2070705E-5	0.0
235.332943872	6.4998116E-5	0.0
235.334926336	1.043678E-4	0.0
235.336892416	7.5310185E-5	0.0
235.33887488	2.2491042E-5	0.0
235.34084096	1.987509E-6	0.0
235.34280704	7.2728675E-5	0.0
235.344789504	-6.927926E-6	0.0
235.346755584	-1.7844937E-4	0.0
235.348738048	-8.505623E-5	0.0
235.350704128	8.755044E-5	0.0
235.352670208	1.2949605E-4	0.0
235.354652672	7.153472E-5	0.0
235.356618752	3.3162735E-6	0.0
235.358601216	-2.9586288E-6	0.0
235.360567296	9.408187E-7	0.0
235.362533376	-7.146765E-5	0.0
235.36451584	-1.2025894E-4	0.0
235.36648192	-1.1417554E-4	0.0
235.368464384	-2.1654442E-4	0.0
235.370430464	-1.320908E-4	0.0
235.372396544	2.476149E-5	0.0
235.374379008	3.838604E-5	0.0
235.376345088	-2.444888E-6	0.0
235.378327552	2.3561946E-5	0.0
235.380293632	3.507449E-5	0.0
235.382259712	-8.804321E-5	0.0
235.384242176	-8.45922E-5	0.0
235.386208256	-4.658409E-6	0.0
235.38819072	1.0607526E-4	0.0
235.3901568	6.932609E-5	0.0
235.39212288	-7.947491E-6	0.0
235.394105344	8.184632E-5	0.0
235.396071424	8.7420056E-5	0.0
235.398053888	-1.2443451E-5	0.0
235.400019968	-7.315288E-5	0.0
235.401986048	-1.19138094E-4	0.0
235.403968512	6.2948275E-5	0.0
235.405934592	1.350607E-4	0.0
235.407917056	1.9208712E-5	0.0
235.409883136	-9.782546E-6	0.0
235.411849216	3.7982776E-5	0.0
235.41383168	1.5949908E-4	0.0
235.41579776	4.33514E-6	0.0
235.417780224	-1.1024024E-4	0.0
235.419746304	-6.436725E-5	0.0
235.421712384	-1.3552168E-4	0.0
235.423694848	-1.0935176E-4	0.0
235.425660928	5.121757E-5	0.0
235.427643392	7.7334065E-5	0.0
235.429609472	5.33247E-6	0.0
235.431575552	1.8008586E-5	0.0
235.433558016	1.7778385E-4	0.0
235.435524096	1.0681147E-4	0.0
235.43750656	-6.617599E-5	0.0
235.43947264	-1.8157162E-4	0.0
235.44143872	-1.3492924E-4	0.0
235.443421184	-8.5800006E-5	0.0
235.445387264	4.1164407E-5	0.0
235.447369728	4.8052352E-5	0.0
235.449335808	-7.995095E-5	0.0
235.451301888	6.234734E-5	0.0
235.453284352	-1.5249642E-5	0.0
235.455250432	-1.10898916E-4	0.0
235.457232896	-1.2664874E-4	0.0
235.459198976	-1.5704127E-5	0.0
235.46118144	4.7004032E-5	0.0
235.46314752	1.6558748E-4	0.0
235.4651136	1.16712945E-4	0.0
235.467096064	-9.1837055E-6	0.0
235.469062144	-2.5862162E-6	0.0
235.471044608	-6.84568E-5	0.0
235.473010688	-1.2752022E-4	0.0
235.474976768	-5.2510695E-5	0.0
235.476959232	7.261668E-5	0.0
235.478925312	4.6743728E-5	0.0
235.480907776	-5.9052887E-5	0.0
235.482873856	5.5424585E-5	0.0
235.484839936	2.6896287E-4	0.0
235.4868224	6.816997E-5	0.0
235.48878848	-2.2985905E-5	0.0
235.490770944	5.2784402E-5	0.0
235.492737024	3.143836E-4	0.0
235.494703104	2.9730663E-4	0.0
235.496685568	5.111532E-4	0.0
235.498651648	4.7077442E-4	0.0
235.500634112	2.2016799E-4	0.0
235.502600192	3.3860578E-4	0.0
235.504566272	3.2436318E-4	0.0
235.506548736	4.1664083E-4	0.0
235.508514816	4.4176186E-4	0.0
235.51049728	2.4293685E-4	0.0
235.51246336	3.411803E-4	0.0
235.51442944	3.3871998E-4	0.0
235.516411904	4.756548E-4	0.0
235.518377984	3.4074666E-4	0.0
235.520360448	3.604687E-4	0.0
235.522326528	3.4697755E-4	0.0
235.524292608	3.248966E-4	0.0
235.526275072	3.8321008E-4	0.0
235.528241152	5.34701E-4	0.0
235.530223616	4.6981155E-4	0.0
235.532189696	4.927968E-4	0.0
235.534155776	4.4246024E-4	0.0
235.53613824	3.6503974E-4	0.0
235.53810432	3.5867962E-4	0.0
235.540086784	1.7196192E-4	0.0
235.542052864	1.04179555E-4	0.0
235.544018944	1.8695225E-4	0.0
235.546001408	2.6703888E-4	0.0
235.547967488	1.935331E-4	0.0
235.549949952	5.7273377E-5	0.0
235.551916032	1.8531045E-4	0.0
235.553882112	2.219822E-4	0.0
235.555864576	2.8198463E-4	0.0
235.557830656	2.2374834E-4	0.0
235.55981312	1.1545217E-4	0.0
235.5617792	2.2150094E-4	0.0
235.56374528	2.4094335E-4	0.0
235.565727744	1.703165E-4	0.0
235.567693824	1.3680798E-4	0.0
235.569676288	1.241988E-4	0.0
235.571642368	1.883717E-4	0.0
235.573608448	2.0843635E-4	0.0
235.575590912	1.615736E-4	0.0
235.577556992	1.0533649E-4	0.0
235.579539456	1.4305366E-4	0.0
235.581505536	1.3208466E-4	0.0
235.583471616	4.494185E-5	0.0
235.58545408	1.0582613E-4	0.0
235.58742016	1.1855743E-4	0.0
235.589402624	-2.0097525E-5	0.0
235.591368704	3.2484033E-6	0.0
235.593334784	6.9882204E-5	0.0
235.595317248	-2.247298E-5	0.0
235.597283328	-1.0203354E-4	0.0
235.599265792	4.399388E-5	0.0
235.601231872	8.617022E-5	0.0
235.603197952	-1.068777E-4	0.0
235.605180416	-1.3755662E-4	0.0
235.607146496	-1.5876284E-4	0.0
235.60912896	-1.7139937E-4	0.0
235.61109504	-1.311419E-4	0.0
235.61306112	-1.3010953E-4	0.0
235.615043584	-2.1964594E-5	0.0
235.617009664	3.6844816E-5	0.0
235.618992128	-5.20137E-6	0.0
235.620958208	-5.2685667E-5	0.0
235.622924288	-1.433271E-4	0.0
235.624906752	-6.209121E-5	0.0
235.626872832	-6.2262907E-6	0.0
235.628855296	8.703693E-5	0.0
235.630821376	2.1346177E-4	0.0
235.632787456	2.9123138E-4	0.0
235.63476992	2.2974909E-4	0.0
235.636736	1.07514854E-4	0.0
235.638718464	4.825829E-5	0.0
235.640684544	2.78366E-5	0.0
235.642650624	-6.0888175E-5	0.0
235.644633088	-5.6558107E-5	0.0
235.646599168	-3.501033E-5	0.0
235.648581632	-1.0812602E-4	0.0
235.650547712	-1.2528085E-5	0.0
235.652513792	-9.488436E-5	0.0
235.654496256	-2.1721984E-5	0.0
235.656462336	2.1311522E-5	0.0
235.6584448	-9.2028225E-5	0.0
235.66041088	-1.2007559E-4	0.0
235.66237696	-1.20291654E-4	0.0
235.664359424	-1.428754E-4	0.0
235.666325504	-2.3702269E-4	0.0
235.668307968	-7.226486E-5	0.0
235.670274048	7.442124E-5	0.0
235.672240128	7.516164E-5	0.0
235.674222592	-4.7339527E-5	0.0
235.676188672	6.993226E-5	0.0
235.678171136	-8.4466E-5	0.0
235.680137216	-2.9273846E-5	0.0
235.682103296	3.2153628E-5	0.0
235.68408576	2.3910261E-5	0.0
235.68605184	-3.4445715E-5	0.0
235.688034304	-7.367244E-5	0.0
235.690000384	-1.3576755E-4	0.0
235.691966464	-1.4401301E-4	0.0
235.693948928	1.8282102E-4	0.0
235.695915008	1.9181399E-4	0.0
235.697897472	1.7102198E-4	0.0
235.699863552	-1.5650775E-4	0.0
235.701829632	5.4133423E-5	0.0
235.703812096	-1.2399284E-4	0.0
235.705778176	-4.8465496E-5	0.0
235.70776064	4.83392E-5	0.0
235.70972672	-1.7905657E-5	0.0
235.7116928	-1.0843289E-4	0.0
235.713675264	-8.842645E-5	0.0
235.715641344	-1.0967469E-4	0.0
235.717623808	1.9521869E-5	0.0
235.719589888	1.4570409E-4	0.0
235.721555968	5.7981764E-5	0.0
235.723538432	1.518592E-4	0.0
235.725504512	1.11187175E-4	0.0
235.727486976	3.7164027E-5	0.0
235.729453056	7.902826E-5	0.0
235.731419136	-4.7048605E-5	0.0
235.7334016	-1.5882465E-4	0.0
235.73536768	-4.1374755E-5	0.0
235.737350144	5.2946352E-6	0.0
235.739316224	1.2944471E-4	0.0
235.741282304	1.9740041E-4	0.0
235.743264768	4.2707794E-7	0.0
235.745230848	-2.069683E-5	0.0
235.747213312	9.384538E-6	0.0
235.749179392	-3.147433E-5	0.0
235.751145472	5.3447737E-5	0.0
235.753127936	7.8237215E-5	0.0
235.755094016	-1.8238944E-4	0.0
235.75707648	-1.1203711E-4	0.0
235.75904256	-7.137778E-5	0.0
235.76100864	4.4930675E-5	0.0
235.762991104	1.534619E-4	0.0
235.764957184	3.726263E-5	0.0
235.766939648	-9.7466334E-5	0.0
235.768905728	-5.3566233E-5	0.0
235.770888192	-9.22422E-5	0.0
235.772854272	-9.6330004E-5	0.0
235.774820352	-2.3484978E-5	0.0
235.776802816	7.327082E-5	0.0
235.778768896	3.0377249E-5	0.0
235.78075136	-9.391753E-5	0.0
235.78271744	-8.5238884E-5	0.0
235.78468352	-1.2933083E-4	0.0
235.786665984	-1.18174175E-4	0.0
235.788632064	-6.4764805E-5	0.0
235.790614528	-1.3755557E-4	0.0
235.792580608	-2.2273119E-4	0.0
235.794546688	-2.3470078E-4	0.0
235.796529152	-6.7817564E-5	0.0
235.798495232	1.4875185E-4	0.0
235.800477696	9.342918E-5	0.0
235.802443776	-8.843553E-5	0.0
235.804409856	-7.7077355E-5	0.0
235.80639232	-8.3111976E-5	0.0
235.8083584	-1.2920196E-4	0.0
235.810340864	-1.0180909E-4	0.0
235.812306944	-1.1234503E-4	0.0
235.814273024	-5.993974E-5	0.0
235.816255488	-1.12973554E-4	0.0
235.818221568	-9.4192736E-5	0.0
235.820204032	-8.430011E-5	0.0
235.822170112	-1.3991682E-4	0.0
235.824136192	-9.0524954E-5	0.0
235.826118656	-5.7426216E-5	0.0
235.828084736	-5.8064987E-5	0.0
235.8300672	-1.4791013E-4	0.0
235.83203328	-1.1355458E-4	0.0
235.83399936	1.2931015E-5	0.0
235.835981824	-6.573187E-5	0.0
235.837947904	-5.3870077E-5	0.0
235.839930368	-4.403531E-5	0.0
235.841896448	-2.5456952E-4	0.0
235.843862528	-1.6732786E-4	0.0
235.845844992	-7.292156E-5	0.0
235.847811072	-1.6062595E-4	0.0
235.849793536	-8.86672E-5	0.0
235.851759616	-5.4169264E-5	0.0
235.853725696	3.3970522E-5	0.0
235.85570816	-1.0900133E-5	0.0
235.85767424	-6.251135E-5	0.0
235.859656704	-3.555201E-5	0.0
235.861622784	-9.410065E-5	0.0
235.863588864	-8.7295826E-5	0.0
235.865571328	2.9313911E-5	0.0
235.867537408	7.0261485E-5	0.0
235.869519872	-1.07449414E-4	0.0
235.871485952	-1.12274596E-4	0.0
235.873452032	2.2412611E-4	0.0
235.875434496	2.939505E-4	0.0
235.877400576	2.939143E-4	0.0
235.87938304	2.4895434E-4	0.0
235.88134912	-6.5649096E-5	0.0
235.8833152	-1.3947456E-4	0.0
235.885297664	-5.9189675E-5	0.0
235.887263744	-4.142586E-5	0.0
235.889246208	-1.4842457E-4	0.0
235.891212288	-5.371315E-5	0.0
235.893178368	1.7876663E-4	0.0
235.895160832	-9.292078E-5	0.0
235.897126912	-2.640249E-4	0.0
235.899109376	-3.360378E-6	0.0
235.901075456	3.4313515E-4	0.0
235.903041536	3.0858576E-4	0.0
235.905024	-4.7935673E-6	0.0
235.90699008	1.6602683E-4	0.0
235.908972544	2.095762E-5	0.0
235.910938624	1.9981847E-4	0.0
235.912904704	-1.2985645E-4	0.0
235.914887168	1.2818475E-4	0.0
235.916853248	3.9818248E-4	0.0
235.918835712	3.4028065E-4	0.0
235.920801792	1.8393814E-4	0.0
235.922767872	2.3745068E-5	0.0
235.924750336	1.6715082E-4	0.0
235.926716416	8.480537E-5	0.0
235.92869888	1.8332545E-4	0.0
235.93066496	2.3185318E-4	0.0
235.93263104	1.758574E-4	0.0
235.934613504	1.3483195E-4	0.0
235.936579584	1.0976761E-4	0.0
235.938562048	2.964674E-4	0.0
235.940528128	1.086144E-4	0.0
235.942494208	-1.1640418E-5	0.0
235.944476672	3.2284963E-6	0.0
235.946442752	1.2050343E-4	0.0
235.948425216	2.5489595E-4	0.0
235.950391296	3.4358975E-4	0.0
235.952357376	3.7305447E-4	0.0
235.95433984	2.1639543E-4	0.0
235.95630592	1.05527295E-4	0.0
235.958288384	-1.3669886E-5	0.0
235.960254464	-1.855479E-4	0.0
235.962220544	8.316566E-5	0.0
235.964203008	1.714221E-4	0.0
235.966169088	1.20927296E-4	0.0
235.968151552	3.2995097E-6	0.0
235.970117632	6.6677174E-5	0.0
235.972083712	1.1447614E-4	0.0
235.974066176	1.4852472E-4	0.0
235.976032256	1.1588919E-4	0.0
235.97801472	4.59769E-5	0.0
235.9799808	1.8462722E-5	0.0
235.98194688	-1.12423375E-4	0.0
235.983929344	-1.0236567E-4	0.0
235.985895424	-1.8600903E-4	0.0
235.987877888	-2.5369742E-5	0.0
235.989843968	8.0235484E-5	0.0
235.991810048	4.0958235E-5	0.0
235.993792512	6.4892876E-5	0.0
235.995758592	4.0629828E-5	0.0
235.997741056	2.0547032E-4	0.0
235.999707136	3.9443135E-4	0.0
236.001673216	1.891255E-4	0.0
236.00365568	1.6880741E-4	0.0
236.00562176	1.5574282E-4	0.0
236.007604224	-2.9230423E-5	0.0
236.009570304	-1.4057946E-4	0.0
236.011536384	-6.7371926E-5	0.0
236.013518848	-3.0912258E-6	0.0
236.015484928	1.2603306E-5	0.0
236.017467392	2.1526842E-4	0.0
236.019433472	2.2093121E-4	0.0
236.021399552	1.0125066E-4	0.0
236.023382016	5.2218158E-5	0.0
236.025348096	5.3353673E-5	0.0
236.02733056	8.916442E-5	0.0
236.02929664	-5.5416887E-5	0.0
236.03126272	-1.6680422E-4	0.0
236.033245184	-1.1822284E-4	0.0
236.035211264	1.1896954E-4	0.0
236.037193728	1.7710049E-4	0.0
236.039159808	4.0076622E-5	0.0
236.041125888	7.110026E-5	0.0
236.043108352	1.3868809E-4	0.0
236.045074432	4.076522E-5	0.0
236.047056896	1.6049433E-5	0.0
236.049022976	1.444567E-4	0.0
236.050989056	1.7950947E-4	0.0
236.05297152	5.2285213E-5	0.0
236.0549376	6.47881E-5	0.0
236.056920064	2.1492476E-4	0.0
236.058886144	2.4603476E-4	0.0
236.060852224	1.4289336E-4	0.0
236.062834688	1.13501745E-4	0.0
236.064800768	1.6921487E-4	0.0
236.066783232	1.785118E-4	0.0
236.068749312	1.6521169E-4	0.0
236.070715392	1.1646533E-4	0.0
236.072697856	-6.394233E-5	0.0
236.074663936	-1.0791438E-4	0.0
236.0766464	-7.567979E-5	0.0
236.07861248	-7.61054E-5	0.0
236.080594944	-8.338647E-6	0.0
236.082561024	1.546137E-4	0.0
236.084527104	1.4067181E-4	0.0
236.086509568	5.733985E-5	0.0
236.088475648	2.6646137E-5	0.0
236.090458112	1.05018444E-4	0.0
236.092424192	1.5827788E-4	0.0
236.094390272	7.807167E-5	0.0
236.096372736	3.956742E-5	0.0
236.098338816	9.919372E-5	0.0
236.10032128	5.15355E-5	0.0
236.10228736	6.767066E-5	0.0
236.10425344	-3.4124292E-5	0.0
236.106235904	7.607492E-5	0.0
236.108201984	1.6370993E-4	0.0
236.110184448	1.2878801E-4	0.0
236.112150528	6.267586E-5	0.0
236.114116608	1.8409682E-4	0.0
236.116099072	1.1886279E-4	0.0
236.118065152	7.532206E-5	0.0
236.120047616	-8.936639E-5	0.0
236.122013696	-1.02008045E-4	0.0
236.123979776	-6.3137186E-6	0.0
236.12596224	-3.3888202E-5	0.0
236.12792832	9.540277E-5	0.0
236.129910784	1.2223908E-5	0.0
236.131876864	1.4039998E-4	0.0
236.133842944	-6.576062E-5	8.005244467312878E-8
236.135825408	7.747819E-5	1.6203971142658702E-7
236.137791488	-1.3077426E-4	3.1772998454471235E-7
236.139773952	-6.7522335E-5	6.03509704433236E-7
236.141740032	-5.0489825E-6	1.1104465329481172E-6
236.143706112	7.6034055E-5	1.979227363335667E-6
236.145688576	1.1917187E-4	3.41725308317109E-6
236.147654656	-3.369239E-5	5.715183306165272E-6
236.14963712	1.3131853E-4	9.258703357772902E-6
236.1516032	2.3393864E-4	1.4528721294482239E-5
236.15356928	1.1866465E-4	2.2082636860432103E-5
236.155551744	-1.9862366E-5	3.250937152188271E-5
236.157517824	1.4389302E-4	4.6354416554095224E-5
236.159500288	7.701369E-5	6.401575228665024E-5
236.161466368	-1.8777039E-4	8.562377479393035E-5
236.163432448	6.1557594E-6	1.1092227214248851E-4
236.165414912	7.150212E-5	1.3917918840888888E-4
236.167380992	6.0290047E-5	1.6915530432015657E-4
236.169363456	9.675342E-5	1.991534372791648E-4
236.171329536	3.1906954E-4	2.2715373779647052E-4
236.173295616	4.6005385E-4	2.510306076146662E-4
236.17527808	3.0987995E-4	2.6881208759732544E-4
236.17724416	4.1939394E-4	2.789448481053114E-4
236.179226624	2.8870796E-4	2.8051401022821665E-4
236.181192704	1.9480074E-4	2.7337585925124586E-4
236.183158784	2.0889154E-4	2.5817949790507555E-4
236.185141248	2.0878455E-4	2.3627144400961697E-4
236.187107328	2.2273693E-4	2.0950319594703615E-4
236.189089792	2.5121478E-4	1.7997686518356204E-4
236.191055872	2.0411304E-4	1.4977736282162368E-4
236.193021952	1.7755695E-4	1.2073780089849606E-4
236.195004416	2.1831431E-4	9.427119221072644E-5
236.196970496	4.540055E-4	7.129100413294509E-5
236.19895296	3.71437E-4	5.221604078542441E-5
236.20091904	6.2387617E-4	3.704129267134704E-5
236.20288512	5.837242E-4	2.5449968234170228E-5
236.204867584	6.225113E-4	1.6936332031036727E-5
236.206833664	7.1115704E-4	1.0916750397882424E-5
236.208816128	7.1722415E-4	6.815842425567098E-6
236.210782208	5.5602175E-4	4.12202462030109E-6
236.212748288	6.216021E-4	2.4147591375367483E-6
236.214730752	5.2537565E-4	1.3702949672733666E-6
236.216696832	6.7934283E-4	7.532498784712516E-7
236.218679296	4.3925695E-4	4.010982195268298E-7
236.220645376	4.4120656E-4	2.0689461166512046E-7
236.222611456	6.489532E-4	1.0338058586967236E-7
236.22459392	4.893656E-4	0.0
236.22656	4.0652492E-4	0.0
236.228542464	3.245151E-4	0.0
236.230508544	2.523723E-4	0.0
236.232474624	2.3145108E-4	0.0
236.234457088	1.5915635E-4	0.0
236.236423168	1.4703996E-4	0.0
236.238405632	2.0147797E-4	0.0
236.240371712	-9.054242E-5	0.0
236.242337792	-1.2702208E-4	0.0
236.244320256	-1.4140997E-4	0.0
236.246286336	6.1856765E-5	0.0
236.2482688	1.2011234E-6	0.0
236.25023488	-1.0838702E-4	0.0
236.25220096	1.593262E-4	0.0
236.254183424	1.496806E-4	0.0
236.256149504	-8.317356E-5	0.0
236.258131968	-9.9072284E-5	0.0
236.260098048	-5.626963E-5	0.0
236.262064128	1.1459372E-4	0.0
236.264046592	-1.170886E-4	0.0
236.266012672	-1.2971279E-4	0.0
236.267995136	-2.1663382E-4	0.0
236.269961216	-1.1391803E-4	0.0
236.271927296	1.2397733E-6	0.0
236.27390976	4.2097592E-5	0.0
236.27587584	8.087856E-5	0.0
236.277858304	-4.5376066E-5	0.0
236.279824384	9.413642E-6	0.0
236.281790464	1.254242E-4	0.0
236.283772928	9.992213E-5	0.0
236.285739008	1.8827997E-4	0.0
236.287721472	1.5939465E-4	0.0
236.289687552	3.2821852E-5	0.0
236.291653632	-2.0000434E-5	0.0
236.293636096	9.517019E-6	0.0
236.295602176	5.0272625E-5	0.0
236.29758464	9.373186E-5	0.0
236.29955072	1.7024514E-4	0.0
236.3015168	1.3723441E-4	0.0
236.303499264	6.855076E-5	0.0
236.305465344	1.7218835E-4	0.0
236.307447808	1.7490536E-4	0.0
236.309413888	1.0487607E-4	0.0
236.311379968	9.872608E-5	0.0
236.313362432	9.6846205E-5	0.0
236.315328512	3.778254E-5	0.0
236.317310976	-6.6124403E-6	0.0
236.319277056	-6.142588E-6	0.0
236.321243136	8.5350723E-7	0.0
236.3232256	8.010906E-5	0.0
236.32519168	1.09729306E-4	0.0
236.327174144	-1.3206903E-5	0.0
236.329140224	-7.9496465E-5	0.0
236.331106304	4.9427566E-5	0.0
236.333088768	-6.398238E-5	0.0
236.335054848	-1.5253706E-4	0.0
236.337037312	1.0615617E-4	0.0
236.339003392	1.7939748E-4	0.0
236.340969472	1.300261E-5	0.0
236.342951936	5.416928E-5	0.0
236.344918016	7.841347E-5	0.0
236.34690048	-4.899309E-5	0.0
236.34886656	-5.1343515E-5	0.0
236.35083264	6.5895445E-5	0.0
236.352815104	1.7176925E-4	0.0
236.354781184	1.5634632E-4	0.0
236.356763648	-3.3035576E-5	0.0
236.358729728	-7.1556475E-5	0.0
236.360695808	3.5693604E-6	0.0
236.362678272	-4.6968744E-5	0.0
236.364644352	3.0093428E-5	0.0
236.366626816	6.005582E-5	0.0
236.368592896	8.863753E-5	0.0
236.370558976	1.17250085E-4	0.0
236.37254144	-3.681791E-5	0.0
236.37450752	-3.6109755E-5	0.0
236.376489984	8.678466E-5	0.0
236.378456064	5.6038676E-5	0.0
236.380422144	-8.736719E-5	0.0
236.382404608	-1.11191235E-4	0.0
236.384370688	-1.8821929E-4	0.0
236.386353152	-3.8322927E-5	0.0
236.388319232	1.8828172E-4	0.0
236.390301696	6.9573005E-5	0.0
236.392267776	-3.709649E-5	0.0
236.394233856	8.180942E-5	0.0
236.39621632	7.398782E-5	0.0
236.3981824	5.452458E-5	0.0
236.400164864	2.0710223E-4	0.0
236.402130944	2.5961833E-4	0.0
236.404097024	2.9483164E-4	0.0
236.406079488	3.4718675E-4	0.0
236.408045568	2.807362E-4	0.0
236.410028032	1.5003986E-4	0.0
236.411994112	1.2364444E-4	0.0
236.413960192	2.0441385E-4	0.0
236.415942656	1.3371297E-4	0.0
236.417908736	2.3616312E-5	0.0
236.4198912	1.6158349E-4	0.0
236.42185728	3.1282153E-4	0.0
236.42382336	3.418022E-4	0.0
236.425805824	5.5283024E-5	0.0
236.427771904	1.1159952E-4	0.0
236.429754368	1.0755793E-4	0.0
236.431720448	7.08424E-5	0.0
236.433686528	2.2409386E-4	0.0
236.435668992	2.6238983E-4	0.0
236.437635072	2.0623424E-4	0.0
236.439617536	1.2694586E-4	0.0
236.441583616	-6.3060485E-5	0.0
236.443549696	1.4137194E-5	0.0
236.44553216	6.169413E-5	0.0
236.44749824	-1.6197881E-4	0.0
236.449480704	-7.707037E-5	0.0
236.451446784	-2.090533E-5	0.0
236.453412864	4.9717557E-5	0.0
236.455395328	1.3918996E-4	0.0
236.457361408	1.9252517E-4	0.0
236.459343872	1.6686828E-4	0.0
236.461309952	1.8288332E-5	0.0
236.463276032	-6.613746E-5	1.0241028576274402E-6
236.465258496	1.4845465E-5	2.045280325546628E-6
236.467224576	5.1994408E-5	3.957047283620341E-6
236.46920704	2.2932231E-4	7.416326297970954E-6
236.47117312	2.3457462E-4	1.3464333278534468E-5
236.4731392	1.5142719E-4	2.367720298934728E-5
236.475121664	2.9124465E-4	4.032499055028893E-5
236.477087744	1.9408316E-4	6.650535942753777E-5
236.479070208	1.09008346E-4	1.0632003250066191E-4
236.481036288	3.8943203E-5	1.643886644160375E-4
236.483002368	1.3664232E-4	2.4599500466138124E-4
236.484984832	2.8720865E-4	3.5618594847619534E-4
236.486950912	1.0375068E-4	4.989387234672904E-4
236.488933376	1.6960893E-4	6.760844844393432E-4
236.490899456	3.4142548E-4	8.862751419655979E-4
236.492865536	4.0929153E-4	0.001124269445426762
236.494848	5.318176E-4	0.0013807915383949876
236.49681408	5.986166E-4	0.0016431435942649841
236.498796544	6.4401614E-4	0.0018964502960443497
236.500762624	6.612796E-4	0.002125334460288286
236.502728704	8.116123E-4	0.002315628109499812
236.504711168	8.578357E-4	0.0024558519944548607
236.506677248	9.071874E-4	0.00253821793012321
236.508659712	8.391494E-4	0.002559155225753784
236.510625792	8.230899E-4	0.00251940474845469
236.512591872	6.681906E-4	0.0024237369652837515
236.514574336	6.0442527E-4	0.0022803605534136295
236.516540416	6.988749E-4	0.002100012730807066
236.51852288	8.115776E-4	0.0018948130309581757
236.52048896	7.348529E-4	0.0016769793583080173
236.52245504	6.351807E-4	0.0014576269313693047
236.524437504	6.319164E-4	0.001245842780917883
236.526403584	6.560217E-4	0.001048212288878858
236.528386048	6.15615E-4	8.688168018124998E-4
236.530352128	5.1673834E-4	7.095929468050599E-4
236.532318208	3.0483882E-4	5.708945100195706E-4
236.534300672	2.0595833E-4	4.5205350033938885E-4
236.536266752	2.7788343E-4	3.518337616696954E-4
236.538249216	2.5642995E-4	2.6871581212617457E-4
236.540215296	2.7307792E-4	2.0104472059756517E-4
236.542181376	2.4167653E-4	1.470881252316758E-4
236.54416384	2.202305E-4	1.0506014223210514E-4
236.54612992	1.0892173E-4	7.315533002838492E-5
236.548112384	2.6388527E-6	4.9597801989875734E-5
236.550078464	-4.739622E-5	3.270694287493825E-5
236.552044544	2.8617282E-5	2.0961042537237518E-5
236.554027008	2.1067595E-4	1.2668148883676622E-5
236.555993088	1.4127856E-4	7.706208634772338E-6
236.557975552	2.8507502E-5	4.54112205261481E-6
236.559941632	3.1789034E-6	2.5923461635102285E-6
236.561907712	-3.0152083E-5	1.4336377489598817E-6
236.563890176	-1.11174006E-4	7.680828844058851E-7
236.565856256	4.0449167E-6	3.98660290557018E-7
236.56783872	1.3773954E-4	2.0046007875862415E-7
236.5698048	7.762848E-5	0.0
236.57177088	-1.4174314E-5	0.0
236.573753344	5.4311306E-5	0.0
236.575719424	-9.852977E-6	0.0
236.577701888	7.438049E-5	0.0
236.579667968	1.2321463E-4	0.0
236.581634048	1.8126443E-4	0.0
236.583616512	7.9672966E-5	0.0
236.585582592	7.353334E-5	0.0
236.587565056	6.347203E-5	0.0
236.589531136	4.205999E-5	0.0
236.591497216	-4.0758336E-5	0.0
236.59347968	-1.2614815E-4	0.0
236.59544576	-1.4861666E-4	0.0
236.597428224	-7.59458E-5	0.0
236.599394304	7.7444194E-5	0.0
236.601360384	8.91997E-5	0.0
236.603342848	-4.36998E-5	0.0
236.605308928	-7.640331E-5	0.0
236.607291392	-1.774349E-5	0.0
236.609257472	-1.5015357E-4	0.0
236.611223552	-9.58385E-5	1.4474650811280299E-7
236.613206016	1.6237721E-4	2.919698829373374E-7
236.615172096	2.5854906E-4	5.705755370399856E-7
236.61715456	2.3876278E-4	1.0802581300595193E-6
236.61912064	1.7385204E-4	1.9814574443444144E-6
236.62108672	9.433792E-5	3.5210882742831018E-6
236.623069184	4.114415E-5	6.061728981876513E-6
236.625035264	-2.820783E-5	1.0109574759553652E-5
236.627017728	-2.624763E-5	1.633318606764078E-5
236.628983808	6.12762E-5	2.5562238079146482E-5
236.630949888	1.6394255E-5	3.8752037653466687E-5
236.632932352	5.305309E-5	5.690336547559127E-5
236.634898432	3.6544232E-5	8.093007636489347E-5
236.636880896	2.9163744E-4	1.1147962504765019E-4
236.638846976	6.939757E-5	1.4872824249323457E-4
236.640813056	3.214094E-5	1.9218114903196692E-4
236.64279552	1.6861358E-4	2.405644627287984E-4
236.6447616	4.4571346E-4	2.9168796027079225E-4
236.646744064	5.2622106E-4	3.426693147048354E-4
236.648710144	4.1300786E-4	3.901116724591702E-4
236.650676224	5.036492E-4	4.304850590415299E-4
236.652658688	4.2279583E-4	4.6056698192842305E-4
236.654624768	6.7367073E-4	4.7787567018531263E-4
236.656607232	4.285485E-4	4.8102441360242665E-4
236.658573312	2.6514992E-4	4.699321580119431E-4
236.660539392	3.0189875E-4	4.4585298746824265E-4
236.662521856	4.0762563E-4	4.1121445246972144E-4
236.664487936	4.207036E-4	3.6929233465343714E-4
236.6664704	5.40842E-4	3.2377149909734726E-4
236.66843648	3.0844944E-4	2.7827106532640755E-4
236.67040256	1.985996E-4	2.3590904311276972E-4
236.672385024	1.40264E-4	1.989771262742579E-4
236.674351104	1.4646033E-4	1.6877219604793936E-4
236.676333568	1.40976E-4	1.4559000555891544E-4
236.678299648	5.5023884E-5	1.288658968405798E-4
236.680265728	5.727908E-5	1.1741356138372794E-4
236.682248192	2.3491024E-4	1.0970902803819627E-4
236.684214272	1.4708152E-4	1.0416968143545091E-4
236.686196736	2.2579052E-5	9.938406583387405E-5
236.688162816	7.308537E-5	9.427101031178609E-5
236.690128896	3.9295916E-4	8.81577652762644E-5
236.69211136	2.47798E-4	8.078226528596133E-5
236.69407744	-8.857453E-5	7.223512511700392E-5
236.696059904	3.3574943E-5	6.286147254286334E-5
236.698025984	8.024701E-5	5.314658847055398E-5
236.700008448	9.34371E-5	4.3606247345451266E-5
236.701974528	1.4289371E-4	3.461084997979924E-5
236.703940608	1.5787229E-4	2.672458504093811E-5
236.705923072	5.489606E-5	1.999113919737283E-5
236.707889152	4.048105E-5	1.448737020837143E-5
236.709871616	9.984821E-5	1.0171141184400767E-5
236.711837696	1.4156378E-4	6.917985501786461E-6
236.713803776	2.0994451E-4	4.558510227070656E-6
236.71578624	3.0667085E-4	2.91005721919646E-6
236.71775232	3.440007E-4	1.7997901977651054E-6
236.719734784	3.8861606E-4	1.0784141295516747E-6
236.721700864	2.7404778E-4	6.260293048399035E-7
236.723666944	2.1544746E-4	3.5208694271204877E-7
236.725649408	1.6688388E-4	1.9184707866770623E-7
236.727615488	2.3360139E-4	1.0127692462447158E-7
236.729597952	1.9780542E-4	5.179836648494529E-8
236.731564032	9.633363E-5	2.5666690106618262E-8
236.733530112	1.9495057E-4	0.0
236.735512576	2.7560425E-4	0.0
236.737478656	2.3431676E-4	0.0
236.73946112	3.6706653E-4	0.0
236.7414272	2.5917607E-4	0.0
236.74339328	-1.9026736E-5	0.0
236.745375744	-1.6803437E-5	5.135572678227618E-8
236.747341824	-3.368238E-5	1.0308794884394956E-7
236.749324288	-1.4043802E-4	2.0048979365583364E-7
236.751290368	-2.911296E-5	3.7777650163661747E-7
236.753256448	2.2303031E-5	6.89669207076804E-7
236.755238912	-3.4092394E-5	1.2198382819406106E-6
236.757204992	-4.116905E-5	2.0903703443764243E-6
236.759187456	-2.0952013E-5	3.470513775027939E-6
236.761153536	-9.12899E-6	5.582329777098494E-6
236.763119616	8.313353E-5	8.699170393811073E-6
236.76510208	4.6908222E-5	1.3133451830071863E-5
236.76706816	1.2061392E-5	1.920922841236461E-5
236.769050624	1.0955678E-4	2.7218447939958423E-5
236.771016704	1.790586E-4	3.7362737202784047E-5
236.772982784	5.538093E-5	4.96857101097703E-5
236.774965248	4.677586E-5	6.401008431566879E-5
236.776931328	1.8727077E-4	7.989055302459747E-5
236.778913792	2.4547224E-4	9.660275100031868E-5
236.780879872	2.0195155E-4	1.1317433381918818E-4
236.782845952	6.109797E-5	1.2846814934164286E-4
236.784828416	4.9666916E-5	1.413041027262807E-4
236.786794496	1.937594E-4	1.5060818986967206E-4
236.78877696	1.241385E-4	1.5555830032099038E-4
236.79074304	1.3904712E-5	1.557032810524106E-4
236.79270912	1.9419957E-4	1.51029831613414E-4
236.794691584	2.591273E-4	1.419644249835983E-4
236.796657664	3.304475E-4	1.29309730255045E-4
236.798640128	2.0706684E-4	1.14129223220516E-4
236.800606208	6.59618E-5	9.760053944773972E-5
236.802572288	-5.0177732E-5	8.086754678515717E-5
236.804554752	1.1402177E-4	6.491472595371306E-5
236.806520832	2.5149802E-4	5.04828967677895E-5
236.808503296	2.3980213E-4	3.803367872023955E-5
236.810469376	1.1280721E-4	2.7759499062085524E-5
236.812435456	7.708226E-5	1.9627945221145637E-5
236.81441792	1.2719954E-5	1.3445036529446952E-5
236.816384	6.9404436E-5	8.92234493221622E-6
236.818366464	2.6234493E-5	5.736285856983159E-6
236.820332544	-1.0134611E-4	3.5729467526834924E-6
236.822298624	2.5100974E-6	2.1561074845521944E-6
236.824281088	1.0391506E-4	1.2605687516042963E-6
236.826247168	-3.404711E-5	7.140341722333687E-7
236.828229632	-9.003857E-5	3.9185917444228835E-7
236.830195712	-7.904582E-5	2.0835351222103782E-7
236.832161792	5.2709198E-5	1.0733303668075678E-7
236.834144256	1.4066634E-4	5.3570804681157824E-8
236.836110336	-1.7206678E-4	0.0
236.8380928	5.533809E-5	0.0
236.84005888	2.8406008E-4	0.0
236.84202496	3.355267E-4	0.0
236.844007424	2.2108115E-4	0.0
236.845973504	2.2136835E-4	0.0
236.847955968	3.5852817E-4	0.0
236.849922048	1.511585E-4	2.0775631526248617E-7
236.851888128	-1.2312018E-5	4.201398837722081E-7
236.853870592	4.6992873E-6	8.232004233832413E-7
236.855836672	-3.7973914E-5	1.562736429150391E-6
236.857819136	5.4447046E-5	2.8743033908540383E-6
236.859785216	2.0670176E-4	5.121917183714686E-6
236.861751296	7.2573144E-5	8.842573151923716E-6
236.86373376	1.453191E-4	1.4789652595936786E-5
236.86569984	7.953373E-5	2.396322634012904E-5
236.867682304	1.11204055E-4	3.76112584490329E-5
236.869648384	1.243615E-6	5.718035754398443E-5
236.871614464	4.8320922E-5	8.419819641858339E-5
236.873596928	2.528439E-4	1.2007483746856451E-4
236.875563008	3.6344706E-4	1.6583439719397575E-4
236.877545472	1.7254295E-4	2.2180091764312238E-4
236.879511552	2.773783E-4	2.8729374753311276E-4
236.881477632	3.8719428E-4	3.604133380576968E-4
236.883460096	4.289777E-4	4.37975802924484E-4
236.885426176	5.0847785E-4	5.15659514348954E-4
236.88740864	6.2505336E-4	5.883618141524494E-4
236.88937472	7.3050876E-4	6.507427315227687E-4
236.8913408	7.1467605E-4	6.978557212278247E-4
236.893323264	7.075633E-4	7.257706020027399E-4
236.895289344	6.343311E-4	7.320901495404541E-4
236.897271808	7.386655E-4	7.162647088989615E-4
236.899237888	7.5801444E-4	6.796660018153489E-4
236.901203968	6.203367E-4	6.254048785194755E-4
236.903186432	5.5031345E-4	5.579219432547688E-4
236.905152512	5.8996474E-4	4.824133648071438E-4
236.907134976	3.3914897E-4	4.0419120341539383E-4
236.909101056	3.157147E-4	3.2807773095555604E-4
236.911067136	3.683612E-4	2.57935025729239E-4
236.9130496	3.4074608E-4	1.9639810489024967E-4
236.91501568	3.120263E-4	1.4482099504675716E-4
236.916998144	2.1404233E-4	1.0341726010665298E-4
236.918964224	1.1771295E-4	7.15212372597307E-5
236.920930304	1.0201132E-4	4.790542152477428E-5
236.922912768	1.4104364E-4	3.107948214164935E-5
236.924878848	1.5081822E-4	1.9531295038177632E-5
236.926861312	9.380462E-5	1.1890118003066164E-5
236.928827392	1.0703895E-4	7.0122928264026996E-6
236.930793472	1.4234563E-4	4.006571543868631E-6
236.932775936	1.7058961E-4	2.2178660401550587E-6
236.934742016	2.1369809E-4	1.1894801446032943E-6
236.93672448	3.1199533E-4	6.180838454383775E-7
236.93869056	3.7864264E-4	3.111753130724537E-7
236.94065664	4.159732E-4	0.0
236.942639104	4.2454858E-4	0.0
236.944605184	3.793331E-4	0.0
236.946587648	3.4454284E-4	0.0
236.948553728	2.788221E-4	0.0
236.950519808	2.8851157E-4	0.0
236.952502272	2.9475073E-4	0.0
236.954468352	2.648859E-4	0.0
236.956450816	2.3218636E-4	0.0
236.958416896	1.5729545E-4	0.0
236.960382976	-1.9262361E-5	0.0
236.96236544	9.9151344E-5	0.0
236.96433152	2.4143765E-4	0.0
236.966313984	4.8019523E-5	0.0
236.968280064	-1.0982429E-4	0.0
236.970246144	-5.2690906E-5	0.0
236.972228608	2.6008996E-5	0.0
236.974194688	5.2145748E-5	0.0
236.976177152	4.0647057E-5	0.0
236.978143232	5.806151E-5	0.0
236.980109312	9.097352E-5	0.0
236.982091776	1.494954E-5	0.0
236.984057856	1.1738396E-4	0.0
236.98604032	9.5340256E-5	0.0
236.9880064	-1.3746371E-5	0.0
236.98997248	8.36312E-5	0.0
236.991954944	1.3089734E-4	0.0
236.993921024	7.455197E-5	0.0
236.995903488	-7.159243E-6	0.0
236.997869568	-1.2647294E-5	0.0
236.999852032	-2.2056445E-5	0.0
237.001818112	-1.1317598E-5	0.0
237.003784192	5.18277E-5	0.0
237.005766656	4.56067E-5	0.0
237.007732736	3.6775084E-5	0.0
237.0097152	9.500032E-5	0.0
237.01168128	1.2882864E-4	0.0
237.01364736	1.2022875E-6	0.0
237.015629824	3.646868E-5	0.0
237.017595904	-4.0978694E-6	0.0
237.019578368	3.198925E-5	0.0
237.021544448	1.8482628E-4	0.0
237.023510528	7.2860357E-6	0.0
237.025492992	4.8927563E-5	0.0
237.027459072	-7.1515597E-6	0.0
237.029441536	1.3311693E-5	0.0
237.031407616	1.6889251E-4	0.0
237.033373696	1.2639812E-4	0.0
237.03535616	1.6648714E-4	1.6342065123353677E-7
237.03732224	1.443666E-4	3.3378191233168764E-7
237.039304704	3.6527585E-5	6.605592943742522E-7
237.041270784	1.3382356E-4	1.266637809749227E-6
237.043236864	2.358723E-4	2.830353878380265E-6
237.045219328	3.4276112E-5	5.1951324167021085E-6
237.047185408	1.2538717E-4	9.255753866455052E-6
237.049167872	2.5702332E-4	1.600750874786172E-5
237.051133952	1.9337908E-4	2.687541564228013E-5
237.053100032	3.6442146E-4	4.380524842417799E-5
237.055082496	5.0489645E-4	6.931693496881053E-5
237.057048576	7.726008E-4	1.0648411262081936E-4
237.05903104	6.9326075E-4	1.5879586862865835E-4
237.06099712	6.8010035E-4	2.2986502153798938E-4
237.0629632	7.0274045E-4	3.2296337303705513E-4
237.064945664	7.274E-4	4.40412200987339E-4
237.066911744	8.4033405E-4	5.82893961109221E-4
237.068894208	0.0013494691	7.488317787647247E-4
237.070860288	0.0012045734	9.33960429392755E-4
237.072826368	0.0010289781	0.0011312610004097223
237.074808832	0.001154771	0.0013313133968040347
237.076774912	0.0011764778	0.0015230654971674085
237.078757376	0.0012344349	0.001694867154583335
237.080723456	0.0011261782	0.0018356313230469823
237.082689536	0.0011609079	0.0019359133439138532
237.084672	0.0010815848	0.0019887962844222784
237.08663808	0.0010762735	0.0019905001390725374
237.088620544	0.0011428864	0.0019407190848141909
237.090586624	0.0011890611	0.0018426799215376377
237.092552704	0.0013131098	0.0017029064474627376
237.094535168	0.0011944115	0.0015307097928598523
237.096501248	0.0011037831	0.001337254885584116
237.098483712	8.940029E-4	0.001134557998739183
237.100449792	8.0092746E-4	9.34201292693615E-4
237.102415872	8.1476785E-4	7.461829227395356E-4
237.104398336	6.698928E-4	5.780507926829159E-4
237.106364416	5.924714E-4	4.3446352356113493E-4
237.10834688	4.7524198E-4	3.172417636960745E-4
237.11031296	3.3365987E-4	2.2581224038731307E-4
237.11227904	2.0495821E-4	1.5790160978212953E-4
237.114261504	1.9774244E-4	1.1028062726836652E-4
237.116227584	4.9227798E-5	7.94212392065674E-5
237.118210048	2.3559116E-4	6.19632555753924E-5
237.120176128	2.0341245E-4	5.497369420481846E-5
237.122142208	-4.8087728E-5	5.6018350733211264E-5
237.124124672	-1.0860297E-4	6.31021976005286E-5
237.126090752	7.045289E-6	7.454034494003281E-5
237.128073216	4.1266037E-5	8.872276521287858E-5
237.130039296	-2.0736412E-5	1.0443532664794475E-4
237.132005376	1.2227679E-4	1.2006937322439626E-4
237.13398784	2.3185085E-4	1.3396167196333408E-4
237.13595392	1.2578485E-4	1.4553072105627507E-4
237.137936384	1.3419632E-4	1.5321823593694717E-4
237.139902464	2.5556254E-4	1.563370751682669E-4
237.141868544	2.0783798E-4	1.5460207941941917E-4
237.143851008	7.603045E-5	1.481723302276805E-4
237.145817088	8.912554E-5	1.3762754679191858E-4
237.147799552	2.0797651E-4	1.2388300092425197E-4
237.149765632	2.1340938E-4	1.0805948113556951E-4
237.151731712	2.5086972E-4	9.133468847721815E-5
237.153714176	1.0875037E-4	7.480099884560332E-5
237.155680256	3.730617E-5	5.935550507274456E-5
237.15766272	2.6919946E-5	4.563335460261442E-5
237.1596288	-9.681847E-6	3.399117849767208E-5
237.16159488	2.8263146E-5	2.453064007568173E-5
237.163577344	8.13937E-5	1.7151975043816492E-5
237.165543424	5.5685938E-5	1.1619438737398013E-5
237.167525888	3.4886594E-5	7.626578735653311E-6
237.169491968	1.12199756E-4	4.850120149058057E-6
237.171458048	1.7380652E-4	2.988560027006315E-6
237.173440512	5.350769E-5	1.784274331839697E-6
237.175406592	9.8786964E-5	1.0321775789634557E-6
237.177389056	1.2934413E-4	5.785570920124883E-7
237.179355136	7.7387915E-7	3.14221722419461E-7
237.181321216	-1.442569E-4	1.653596513051525E-7
237.18330368	-7.715349E-5	8.431849352064091E-8
237.18526976	-3.5329056E-6	4.1660150884581526E-8
237.187252224	-6.1611114E-5	0.0
237.189218304	-9.646796E-5	0.0
237.191184384	-3.0491783E-5	0.0
237.193166848	-4.327931E-5	0.0
237.195132928	-1.1486111E-4	0.0
237.197115392	-1.02223996E-4	0.0
237.199081472	-2.6638203E-5	0.0
237.201047552	2.2813413E-6	0.0
237.203030016	1.1013571E-4	0.0
237.204996096	7.71407E-5	0.0
237.20697856	7.202343E-5	0.0
237.20894464	8.6321794E-5	0.0
237.21091072	2.0272001E-4	0.0
237.212893184	5.9158025E-5	0.0
237.214859264	-3.7765065E-5	0.0
237.216841728	6.747149E-6	0.0
237.218807808	1.2799348E-4	0.0
237.220773888	1.4285238E-4	8.117022787246242E-8
237.222756352	1.8675656E-4	1.6094099919428118E-7
237.224722432	1.6046311E-4	3.0921009397388843E-7
237.226704896	8.915127E-5	5.756461405326263E-7
237.228670976	1.8752234E-4	1.038417508425482E-6
237.230637056	1.5453617E-4	1.815083464862255E-6
237.23261952	7.034775E-5	3.0742060062038945E-6
237.2345856	4.2597712E-5	5.045137640991015E-6
237.236568064	3.551419E-5	8.022513611649629E-6
237.238534144	-7.117498E-5	1.2360576874925755E-5
237.240500224	2.574031E-5	1.8452268705004826E-5
237.242482688	1.577873E-4	2.668920933501795E-5
237.244448768	9.518135E-5	3.740158354048617E-5
237.246431232	7.51493E-5	5.078182584838942E-5
237.248397312	1.4680573E-4	6.680227670585737E-5
237.250363392	3.804599E-5	8.514223009115085E-5
237.252345856	2.0370304E-5	1.0514331370359287E-4
237.254311936	7.437071E-5	1.25812366604805E-4
237.2562944	5.2240393E-5	1.4587953046429902E-4
237.25826048	2.983531E-4	1.6391690587624907E-4
237.26022656	2.5875767E-4	1.7850089352577925E-4
237.262209024	2.624967E-4	1.8839514814317226E-4
237.264175104	4.6367355E-4	1.92721257917583E-4
237.266157568	4.320966E-4	1.9108573906123638E-4
237.268123648	4.931762E-4	1.8363812705501914E-4
237.270089728	5.278909E-4	1.710484502837062E-4
237.272072192	2.0999806E-4	1.5440986317116767E-4
237.274038272	1.4074585E-4	1.3508358097169548E-4
237.276020736	4.7811744E-4	1.1451763566583395E-4
237.277986816	2.2374858E-4	9.407127072336152E-5
237.279952896	1.1795475E-4	7.487458788091317E-5
237.28193536	2.2995945E-4	5.7741392083698884E-5
237.28390144	2.3315377E-4	4.314263060223311E-5
237.285883904	2.764457E-4	3.131515404675156E-5
237.287849984	-9.3924864E-5	2.2073378204368055E-5
237.289816064	-1.5262321E-4	1.5213689039228484E-5
237.291798528	1.2606669E-4	1.0420202670502476E-5
237.293764608	1.3656316E-4	7.384648142760852E-6
237.295747072	-4.1692685E-5	5.870007953490131E-6
237.297713152	5.5189077E-5	5.7555603234504815E-6
237.299679232	1.7123956E-4	7.064008059387561E-6
237.301661696	9.489101E-5	9.970844985218719E-6
237.303627776	-2.5116655E-5	1.479524053138448E-5
237.30561024	1.15056355E-4	2.1969231966068037E-5
237.30757632	2.1867182E-4	3.1982141081243753E-5
237.309558784	1.8814307E-4	4.529787111096084E-5
237.311524864	2.7846027E-4	6.222372758202255E-5
237.313490944	5.9140795E-5	8.29108539619483E-5
237.315473408	4.4076885E-5	1.0703416774049401E-4
237.317439488	1.0578504E-4	1.338765723630786E-4
237.319421952	2.357326E-4	1.622478011995554E-4
237.321388032	4.879933E-4	1.9053692813031375E-4
237.323354112	5.2335806E-4	2.168423234252259E-4
237.325336576	5.2255444E-4	2.3917443468235433E-4
237.327302656	5.437334E-4	2.556984545662999E-4
237.32928512	2.515164E-4	2.649806847330183E-4
237.3312512	9.328238E-5	2.6618927950039506E-4
237.33321728	2.5388825E-4	2.59214430116117E-4
237.335199744	3.7263596E-4	2.4468480842188E-4
237.337165824	4.799583E-4	2.2387619537767023E-4
237.339148288	2.467379E-4	1.985296403290704E-4
237.341114368	9.143534E-5	1.7061596736311913E-4
237.343080448	1.9095298E-4	1.4208567154128104E-4
237.345062912	2.0559279E-4	1.1465249554021284E-4
237.347028992	8.327427E-5	8.963792788563296E-5
237.349011456	-1.9193327E-5	6.789841427234933E-5
237.350977536	-1.3315461E-4	4.982850077794865E-5
237.352943616	-1.899449E-5	3.542815102264285E-5
237.35492608	-3.601674E-5	2.4404826035606675E-5
237.35689216	-5.6928424E-5	1.628812424314674E-5
237.358874624	2.3946418E-4	1.0596415449981578E-5
237.360840704	2.7849985E-4	6.728767402819358E-6
237.362806784	1.1944428E-4	4.261266894900473E-6
237.364789248	-5.66921E-5	2.843074980773963E-6
237.366755328	-1.2842273E-6	2.242566552013159E-6
237.368737792	-5.4707336E-5	2.3531979422841687E-6
237.370703872	-5.4912576E-5	3.1946769922797102E-6
237.372669952	1.43775915E-5	4.912738404527772E-6
237.374652416	6.2277955E-5	7.776754500810057E-6
237.376618496	2.3851958E-4	1.2121037798351608E-5
237.37860096	2.4022344E-4	1.8551963876234367E-5
237.38056704	3.2210868E-4	2.7512074666447006E-5
237.38253312	2.3939899E-4	4.00979261030443E-5
237.384515584	7.812755E-5	5.615959889837541E-5
237.386481664	1.890681E-4	7.639839896000922E-5
237.388464128	3.1349267E-4	1.0105333058163524E-4
237.390430208	5.0781894E-4	1.301477022934705E-4
237.392396288	4.6211906E-4	1.635207299841568E-4
237.394378752	3.2789406E-4	2.0093220518901944E-4
237.396344832	3.909851E-4	2.4223740911111236E-4
237.398327296	5.499962E-4	2.8760216082446277E-4
237.400293376	7.2808383E-4	3.377027460373938E-4
237.402259456	7.9907716E-4	3.9383149123750627E-4
237.40424192	9.2806417E-4	4.578332300297916E-4
237.406208	0.0010447417	5.318147595971823E-4
237.408190464	0.0010710588	6.17628509644419E-4
237.410156544	0.0010239688	7.161892717704177E-4
237.412122624	0.0010050201	8.267855737358332E-4
237.414105088	9.5027295E-4	9.465516777709126E-4
237.416071168	9.723227E-4	0.0010702902218326926
237.418053632	0.0010078355	0.0011907957959920168
237.420019712	0.0011072933	0.0012994826538488269
237.421985792	0.0011852145	0.0013874588767066598
237.423968256	0.0012034717	0.001446760492399335
237.425934336	0.0013708837	0.0014713461278006434
237.4279168	0.0014580485	0.0014579490525647998
237.42988288	0.001413321	0.0014065615832805634
237.43184896	0.0012711274	0.0013205284485593438
237.433831424	0.0011240555	0.0012062487658113241
237.435797504	0.001054824	0.0010724979219958186
237.437779968	0.0010891579	9.294570772908628E-4
237.439746048	9.403879E-4	7.87550350651145E-4
237.441712128	7.828386E-4	6.562780472449958E-4
237.443694592	7.6604524E-4	5.432249163277447E-4
237.445660672	5.9657363E-4	4.5338686322793365E-4
237.447643136	5.332586E-4	3.889099170919508E-4
237.449609216	6.188886E-4	3.4921904443763196E-4
237.451575296	4.8303924E-4	3.3141663880087435E-4
237.45355776	3.0059874E-4	3.310495230834931E-4
237.45552384	4.5139302E-4	3.4255653736181557E-4
237.457506304	7.0271647E-4	3.6014223587699234E-4
237.459472384	5.0014333E-4	3.783180145546794E-4
237.461438464	4.975595E-4	3.9239160832948983E-4
237.463420928	5.925921E-4	3.9882640703581274E-4
237.465387008	5.037438E-4	3.9545053732581437E-4
237.467369472	4.363829E-4	3.815108211711049E-4
237.469335552	4.2472227E-4	3.575732698664069E-4
237.471301632	4.442216E-4	3.2528891460970044E-4
237.473284096	3.1538104E-4	2.868188894353807E-4
237.475250176	3.240243E-4	2.455250360071659E-4
237.47723264	4.6514807E-4	2.0371360005810857E-4
237.47919872	2.8381107E-4	1.6380658780690283E-4
237.4811648	2.9706018E-4	1.2764176062773913E-4
237.483147264	3.0441576E-4	9.63787897489965E-5
237.485113344	2.970405E-4	7.051599095575511E-5
237.487095808	5.708213E-4	4.999340671929531E-5
237.489061888	5.405433E-4	3.4345190215390176E-5
237.491027968	2.4341217E-4	2.286451854160987E-5
237.493010432	1.0430144E-4	1.4750864465895575E-5
237.494976512	9.1894595E-5	9.222437256539706E-6
237.496958976	2.7237338E-4	5.588060957961716E-6
237.498925056	3.0196103E-4	3.281509634689428E-6
237.500891136	7.6332195E-5	1.8676382751436904E-6
237.5028736	2.2627688E-4	1.0302048849553103E-6
237.50483968	4.604613E-4	5.50769698293152E-7
237.506822144	2.630555E-4	2.8538696028590493E-7
237.508788224	-8.208029E-6	1.4332336206734908E-7
237.510754304	1.5475247E-4	4.61587177369438E-8
237.512736768	1.8743328E-4	0.0
237.514702848	2.4052821E-4	0.0
237.516685312	1.6875572E-4	0.0
237.518651392	9.394746E-5	0.0
237.520617472	3.0023087E-4	0.0
237.522599936	3.08508E-4	0.0
237.524566016	2.5042036E-4	0.0
237.52654848	2.3135271E-4	0.0
237.52851456	2.3849304E-4	0.0
237.53048064	1.8552372E-4	0.0
237.532463104	1.7941948E-4	0.0
237.534429184	1.9015076E-4	0.0
237.536411648	1.9217267E-4	0.0
237.538377728	1.8497634E-4	0.0
237.540343808	1.19035314E-4	0.0
237.542326272	1.4185377E-4	0.0
237.544292352	3.3386932E-5	0.0
237.546274816	1.09838154E-4	0.0
237.548240896	1.18304226E-4	0.0
237.550206976	3.0510634E-4	0.0
237.55218944	1.5357179E-4	0.0
237.55415552	1.0008348E-4	0.0
237.556137984	5.2330848E-5	0.0
237.558104064	-5.384924E-5	0.0
237.560070144	-5.4475087E-5	0.0
237.562052608	-8.8806664E-5	0.0
237.564018688	1.7506603E-5	0.0
237.566001152	2.899668E-5	0.0
237.567967232	7.261738E-5	0.0
237.569933312	1.791338E-4	0.0
237.571915776	3.1842763E-4	0.0
237.573881856	2.4609867E-4	0.0
237.57586432	9.422034E-5	0.0
237.5778304	2.0888653E-4	0.0
237.57979648	3.100902E-4	0.0
237.581778944	3.5801338E-4	0.0
237.583745024	4.8311922E-4	0.0
237.585727488	5.2005734E-4	0.0
237.587693568	3.0403835E-4	0.0
237.589659648	2.7753465E-4	0.0
237.591642112	2.0004898E-4	0.0
237.593608192	2.9879803E-4	0.0
237.595590656	4.368447E-4	0.0
237.597556736	3.3124624E-4	0.0
237.599522816	1.6999322E-4	0.0
237.60150528	2.3052686E-4	0.0
237.60347136	3.1035295E-4	0.0
237.605453824	2.1744061E-4	0.0
237.607419904	2.5734672E-4	0.0
237.609385984	2.7058582E-4	0.0
237.611368448	1.8142672E-4	0.0
237.613334528	1.2947789E-4	0.0
237.615316992	1.4102385E-4	0.0
237.617283072	8.4630745E-5	0.0
237.619265536	-4.652455E-7	0.0
237.621231616	-4.6524852E-5	0.0
237.623197696	9.767229E-5	0.0
237.62518016	2.0978304E-4	0.0
237.62714624	1.1992508E-4	0.0
237.629128704	1.0762999E-4	0.0
237.631094784	1.9240375E-4	1.34544009711135E-7
237.633060864	2.5710248E-4	2.698376988519158E-7
237.635043328	3.1122455E-4	5.244496037448698E-7
237.637009408	2.9417506E-4	9.87784801509406E-7
237.638991872	3.2269076E-4	1.8029455759460689E-6
237.640957952	1.8215094E-4	3.1890151603874983E-6
237.642924032	7.476222E-5	5.466073162097018E-6
237.644906496	2.825638E-4	9.078942639462184E-6
237.646872576	1.6420412E-4	1.4612409358960576E-5
237.64885504	6.1741746E-5	2.2788757632952183E-5
237.65082112	3.5174722E-5	3.443599780439399E-5
237.6527872	7.203612E-5	5.041794793214649E-5
237.654769664	9.4468305E-5	7.151869067456573E-5
237.656735744	2.1624363E-4	9.828884503804147E-5
237.658718208	2.7712557E-4	1.3086828403174877E-4
237.660684288	2.7979264E-4	1.6881882038433105E-4
237.662650368	1.551243E-4	2.111025241902098E-4
237.664632832	1.2063905E-4	2.5574705796316266E-4
237.666598912	3.269611E-4	3.0039847479201853E-4
237.668581376	4.89355E-4	3.4208950819447637E-4
237.670547456	5.870618E-4	3.779155667871237E-4
237.672513536	5.892859E-4	4.0526845259591937E-4
237.674496	4.6431163E-4	4.222806019242853E-4
237.67646208	3.877094E-4	4.281669098418206E-4
237.678444544	5.113227E-4	4.234455118421465E-4
237.680410624	4.6849804E-4	4.0998883196152747E-4
237.682376704	3.0484406E-4	3.908872895408422E-4
237.684359168	3.8730196E-4	3.701261302921921E-4
237.686325248	3.6710297E-4	3.5211435169912875E-4
237.688307712	3.985365E-4	3.411096113268286E-4
237.690273792	3.5564712E-4	3.4062680788338184E-4
237.692239872	3.6669272E-4	3.5290810046717525E-4
237.694222336	3.489807E-4	3.7853774847462773E-4
237.696188416	4.9742154E-4	4.16273542214185E-4
237.69817088	5.814229E-4	4.631294577848166E-4
237.70013696	6.0849363E-4	5.147001938894391E-4
237.70210304	5.516136E-4	5.656926077790558E-4
237.704085504	4.449138E-4	6.10578921623528E-4
237.706051584	6.5076275E-4	6.44276908133179E-4
237.708034048	6.634491E-4	6.627594702877104E-4
237.710000128	6.358072E-4	6.63540733512491E-4
237.711966208	5.3544814E-4	6.458432762883604E-4
237.713948672	4.100586E-4	6.107258959673345E-4
237.715914752	5.1151036E-4	5.608175415545702E-4
237.717897216	3.7612527E-4	4.99938556458801E-4
237.719863296	4.2700948E-4	4.3258393998257816E-4
237.721829376	5.627543E-4	3.6328178248368204E-4
237.72381184	6.445096E-4	2.9644291498698294E-4
237.72577792	4.9073546E-4	2.3533892817795277E-4
237.727760384	3.3661939E-4	1.823775819502771E-4
237.729726464	3.404484E-4	1.38897419674322E-4
237.731692544	3.6694627E-4	1.0527070116950199E-4
237.733675008	2.8327206E-4	8.125849853968248E-5
237.735641088	6.938977E-5	6.577063322765753E-5
237.737623552	8.681202E-5	5.769089693785645E-5
237.739589632	1.3877075E-4	5.5716896895319223E-5
237.741555712	1.4943206E-4	5.857243377249688E-5
237.743538176	1.4570887E-4	6.510235834866762E-5
237.745504256	3.0232623E-4	7.434497820213437E-5
237.74748672	1.0370388E-4	8.559387060813606E-5
237.7494528	3.378868E-5	9.845514432527125E-5
237.75141888	1.5229868E-5	1.1289007670711726E-4
237.753401344	1.6783744E-4	1.2922754103783518E-4
237.755367424	1.1238777E-4	1.480687060393393E-4
237.757349888	9.592105E-5	1.7034905613400042E-4
237.759315968	1.8914414E-5	1.969748263945803E-4
237.761282048	2.5904278E-4	2.2847871878184378E-4
237.763264512	2.717552E-4	2.649665984790772E-4
237.765230592	2.2715605E-4	3.0593728297390044E-4
237.767213056	2.44738E-4	3.496696299407631E-4
237.769179136	3.9951078E-4	3.9387340075336397E-4
237.771145216	5.1688653E-4	4.355465353000909E-4
237.77312768	5.8295304E-4	4.714542010333389E-4
237.77509376	5.210478E-4	4.985210252925754E-4
237.777076224	4.6993914E-4	5.144274909980595E-4
237.779042304	5.2357354E-4	5.179733852855861E-4
237.781008384	6.442265E-4	5.093661602586508E-4
237.782990848	4.268954E-4	4.902894725091755E-4
237.784956928	3.6512845E-4	4.637479141820222E-4
237.786939392	5.0613825E-4	4.336985875852406E-4
237.788905472	5.3166394E-4	4.045165842399001E-4
237.790871552	4.773662E-4	3.8037626654841006E-4
237.792854016	4.797994E-4	3.64643638022244E-4
237.794820096	4.3783564E-4	3.5938393557444215E-4
237.79680256	3.8478774E-4	3.6506587639451027E-4
237.79876864	4.6077493E-4	3.8051491719670594E-4
237.80073472	5.3741276E-4	4.0309762698598206E-4
237.802717184	5.0566E-4	4.2920184205286205E-4
237.804683264	4.984381E-4	4.546511627268046E-4
237.806665728	5.59987E-4	4.753796965815127E-4
237.808631808	5.661059E-4	4.8792531015351415E-4
237.810597888	5.498132E-4	4.898328916169703E-4
237.812580352	5.3399714E-4	4.798902082256973E-4
237.814546432	4.628754E-4	4.581823304761201E-4
237.816528896	3.4125027E-4	4.259733250364661E-4
237.818494976	3.2820686E-4	3.8545034476555884E-4
237.820461056	4.30067E-4	3.3937700209207833E-4
237.82244352	2.7890695E-4	2.907159214373678E-4
237.8244096	8.201687E-5	2.421943354420364E-4
237.826392064	1.5777403E-4	1.9638783123809844E-4
237.828358144	2.2515941E-4	1.5493982937186956E-4
237.830324224	2.3274422E-4	1.1894087947439402E-4
237.832306688	1.7298649E-4	8.885269198799506E-5
237.834272768	2.6204923E-5	6.459975702455267E-5
237.836255232	6.229926E-5	4.571422323351726E-5
237.838221312	1.3787737E-4	3.148896939819679E-5
237.840187392	1.2985368E-4	2.111357571266126E-5
237.842169856	1.5521196E-4	1.3780119843431748E-5
237.844135936	1.288368E-4	8.753950169193558E-6
237.8461184	8.59651E-5	5.412166956375586E-6
237.84808448	1.3410901E-4	3.3367286960128695E-6
237.85005056	1.8824807E-4	2.06747085940151E-6
237.852033024	1.9834885E-4	1.3988768614581204E-6
237.853999104	3.451403E-4	1.1911463388969423E-6
237.855981568	3.1236577E-4	1.3326759926712839E-6
237.857947648	9.180018E-5	2.0396432773850393E-6
237.859913728	1.8378995E-4	3.3286271445831517E-6
237.861896192	1.7750224E-4	5.441172106657177E-6
237.863862272	2.2190479E-4	8.692678420629818E-6
237.865844736	1.187012E-4	1.3547894013754558E-5
237.867810816	-1.863791E-5	2.046167355729267E-5
237.869776896	1.5224756E-4	2.994654823851306E-5
237.87175936	2.754635E-4	4.246993557899259E-5
237.87372544	1.3069338E-4	5.836337004438974E-5
237.875707904	2.8372515E-4	7.771729724481702E-5
237.877673984	3.5241578E-4	1.0028159886132926E-4
237.879640064	2.373474E-4	1.2538960436359048E-4
237.881622528	2.2287849E-4	1.5193676517810673E-4
237.883588608	9.6390904E-5	1.7842408851720393E-4
237.885571072	2.8801552E-4	2.0308145030867308E-4
237.887537152	2.677503E-4	2.2405351046472788E-4
237.889503232	1.5049156E-4	2.3962491832207888E-4
237.891485696	1.8412208E-4	2.484503493178636E-4
237.893451776	3.007269E-4	2.4974142434075475E-4
237.89543424	1.7046819E-4	2.4338140792679042E-4
237.89740032	1.503997E-4	2.299419866176322E-4
237.8993664	1.2065686E-4	2.1060017752461135E-4
237.901348864	2.5598257E-4	1.8697154882829636E-4
237.903314944	2.3149753E-4	1.6089077689684927E-4
237.905297408	2.745825E-5	1.3418035814538598E-4
237.907263488	-6.6440254E-5	1.0844651842489839E-4
237.909229568	1.2742771E-5	8.493496716255322E-5
237.911212032	1.572873E-4	6.445933104259893E-5
237.913178112	9.2237206E-5	4.740300209959969E-5
237.915160576	6.754982E-5	3.377899338374846E-5
237.917126656	1.67179E-4	2.332459371245932E-5
237.919092736	2.79693E-4	1.59382452693535E-5
237.9210752	1.749787E-4	1.0778152500279248E-5
237.92304128	8.702576E-5	7.626920250913827E-6
237.925023744	2.1690417E-4	6.23884761807858E-6
237.926989824	2.3644972E-4	6.565375315403799E-6
237.928972288	1.8494164E-4	8.808350685285404E-6
237.930938368	1.3863698E-4	1.3464051335176919E-5
237.932904448	1.3263019E-4	2.1354386262828484E-5
237.934886912	6.73915E-5	3.3633303246460855E-5
237.936852992	1.3071179E-5	5.1752165745710954E-5
237.938835456	2.1523396E-4	7.73115098127164E-5
237.940801536	2.3480407E-4	1.1210503726033494E-4
237.942767616	2.0236902E-4	1.5746671124361455E-4
237.94475008	1.5003044E-4	2.1424813894554973E-4
237.94671616	2.9326958E-4	2.8236155048944056E-4
237.948698624	5.452275E-4	3.6047850153408945E-4
237.950664704	6.845089E-4	4.458538896869868E-4
237.952630784	6.2786666E-4	5.343497032299638E-4
237.954613248	4.4937298E-4	6.207097321748734E-4
237.956579328	5.723476E-4	6.990482215769589E-4
237.958561792	4.980595E-4	7.634973153471947E-4
237.960527872	7.167613E-4	8.092368370853364E-4
237.962493952	8.4657274E-4	8.321705972775817E-4
237.964476416	8.11779E-4	8.306553936563432E-4
237.966442496	8.508156E-4	8.050697506405413E-4
237.96842496	8.5034413E-4	7.579865632578731E-4
237.97039104	8.2057255E-4	6.939347367733717E-4
237.97235712	5.6108524E-4	6.18935446254909E-4
237.974339584	5.4225797E-4	5.398913635872304E-4
237.976305664	4.4574653E-4	4.6390490024350584E-4
237.978288128	5.248462E-4	3.9762022788636386E-4
237.980254208	5.4252316E-4	3.4667353611439466E-4
237.982220288	4.6556996E-4	3.152764984406531E-4
237.984202752	2.864715E-4	3.0595678254030645E-4
237.986168832	3.009537E-4	3.194215823896229E-4
237.988151296	4.8092444E-4	3.545225190464407E-4
237.990117376	5.1695324E-4	4.083236854057759E-4
237.992083456	6.48503E-4	4.762652679346502E-4
237.99406592	6.8588747E-4	5.524642765522003E-4
237.996032	6.716963E-4	6.30159571301192E-4
237.998014464	7.277381E-4	7.022853242233396E-4
237.999980544	8.2229875E-4	7.62139621656388E-4
238.001946624	8.1162114E-4	8.040447137318552E-4
238.003929088	7.0809625E-4	8.242080803029239E-4
238.005895168	7.715268E-4	8.202895405702293E-4
238.007877632	9.6267747E-4	7.926707621663809E-4
238.009843712	9.088156E-4	7.436537998728454E-4
238.011809792	7.594827E-4	6.779091781936586E-4
238.013792256	6.767696E-4	6.009354838170111E-4
238.015758336	7.6414604E-4	5.192736280150712E-4
238.0177408	8.059049E-4	4.3958824244327843E-4
238.01970688	6.2884536E-4	3.6807634751312435E-4
238.02167296	5.6102156E-4	3.1001618481241167E-4
238.023655424	5.2467064E-4	2.6947370497509837E-4
238.025621504	4.5999914E-4	2.491618215572089E-4
238.027603968	3.9644568E-4	2.503999858163297E-4
238.029570048	4.0076178E-4	2.731081040110439E-4
238.031536128	3.904992E-4	3.158097970299423E-4
238.033518592	3.7164014E-4	3.756329824682325E-4
238.035484672	2.9228983E-4	4.483661614358425E-4
238.037467136	4.427955E-4	5.286119412630796E-4
238.039433216	6.9544435E-4	6.100969621911645E-4
238.041399296	7.628878E-4	6.86139683239162E-4
238.04338176	6.64486E-4	7.502561784349382E-4
238.04534784	5.2937557E-4	7.96801527030766E-4
238.047330304	NaN	8.215698762796819E-4
238.049296384	NaN	8.222472970373929E-4
238.051262464	NaN	7.985247648321092E-4
238.053244928	NaN	7.526504341512918E-4
238.055211008	NaN	6.881687440909445E-4
238.057193472	NaN	6.102111656218767E-4
238.059159552	NaN	5.245925858616829E-4
238.061125632	NaN	4.371177637949586E-4
238.063108096	NaN	3.529407549649477E-4
238.065074176	NaN	2.7609121752902865E-4
238.06705664	NaN	2.092177892336622E-4
238.06902272	NaN	1.5357453958131373E-4
238.0709888	NaN	1.0919810301857069E-4
238.072971264	NaN	7.521559746237472E-5
238.074937344	NaN	5.019117452320643E-5
238.076919808	NaN	3.244940671720542E-5
238.078885888	NaN	2.0327412130427547E-5
238.080851968	NaN	1.2339038221398368E-5
