220.033335296	-1.9536354E-5	1.2442793462241752E-9
220.0313856	1.883128E-5	5.693344684587487E-10
220.029435904	-5.922472E-5	2.4968549450221644E-10
220.027469824	-1.4087204E-5	0.0
220.025520128	-7.59466E-6	0.0
220.023570432	-4.8835365E-5	0.0
220.021604352	-5.590135E-5	0.0
220.019654656	4.1237236E-5	0.0
220.01770496	-4.3391392E-5	0.0
220.01573888	-1.5702859E-5	0.0
220.013789184	5.4573622E-5	0.0
220.011839488	6.738335E-5	0.0
220.009889792	5.7474517E-5	0.0
220.007923712	-1.8178194E-5	0.0
220.005974016	-9.269211E-6	0.0
220.00402432	-5.470033E-6	0.0
220.00205824	5.7567986E-6	0.0
220.000108544	-7.812021E-5	0.0
219.998158848	-5.0790914E-5	0.0
219.996192768	-2.375567E-5	0.0
219.994243072	-2.062528E-5	0.0
219.992293376	-2.3461296E-5	0.0
219.99034368	-6.2404666E-5	0.0
219.9883776	-7.1094386E-5	0.0
219.986427904	-8.825977E-5	0.0
219.984478208	-1.6858833E-7	0.0
219.982512128	-1.09282006E-7	0.0
219.980562432	-1.5714784E-5	0.0
219.978612736	-7.007774E-5	0.0
219.976646656	-5.9566428E-5	0.0
219.97469696	-5.0625007E-5	0.0
219.972747264	4.84194E-5	0.0
219.970797568	5.1710955E-5	0.0
219.968831488	-7.795973E-5	0.0
219.966881792	-6.038662E-5	0.0
219.964932096	2.6324753E-5	0.0
219.962966016	1.3988615E-4	0.0
219.96101632	3.249587E-5	0.0
219.959066624	8.1058264E-5	0.0
219.957100544	1.6115211E-4	0.0
219.955150848	1.6501454E-4	0.0
219.953201152	2.1290929E-4	0.0
219.951251456	1.6822973E-4	0.0
219.949285376	1.837029E-4	0.0
219.94733568	1.93837E-4	0.0
219.945385984	2.3958467E-4	0.0
219.943419904	1.8382022E-4	0.0
219.941470208	1.6269671E-4	0.0
219.939520512	1.3841041E-4	0.0
219.937554432	1.3706346E-4	0.0
219.935604736	1.2978197E-4	0.0
219.93365504	1.20036704E-4	0.0
219.931705344	9.204845E-5	0.0
219.929739264	1.3088688E-4	0.0
219.927789568	1.5366598E-4	0.0
219.925839872	3.455621E-5	0.0
219.923873792	2.2984514E-5	0.0
219.921924096	7.185585E-5	0.0
219.9199744	-7.466686E-5	0.0
219.91800832	1.5662463E-5	0.0
219.916058624	8.660944E-5	0.0
219.914108928	-4.964453E-5	0.0
219.912159232	2.5958245E-6	0.0
219.910193152	9.558261E-6	0.0
219.908243456	-3.4492223E-5	0.0
219.90629376	-1.8591181E-5	0.0
219.90432768	-9.989867E-5	0.0
219.902377984	1.2024653E-4	0.0
219.900428288	1.4200809E-5	0.0
219.898462208	6.1614504E-5	0.0
219.896512512	5.2364227E-5	0.0
219.894562816	3.4648958E-5	0.0
219.892596736	-2.7879105E-5	0.0
219.89064704	-3.1402858E-6	0.0
219.888697344	-8.136257E-6	0.0
219.886747648	1.9767442E-5	0.0
219.884781568	1.6485017E-5	0.0
219.882831872	7.205529E-6	0.0
219.880882176	3.3889813E-5	0.0
219.878916096	6.513004E-5	0.0
219.8769664	3.382249E-5	0.0
219.875016704	7.778989E-5	0.0
219.873050624	-3.3372846E-5	0.0
219.871100928	-4.4670327E-5	0.0
219.869151232	5.340177E-5	0.0
219.867201536	-3.5661113E-5	0.0
219.865235456	2.5368612E-5	0.0
219.86328576	7.821444E-5	0.0
219.861336064	6.16463E-5	0.0
219.859369984	6.160097E-5	0.0
219.857420288	6.19976E-5	0.0
219.855470592	6.9305104E-5	0.0
219.853504512	5.9670156E-6	0.0
219.851554816	-3.1435462E-5	0.0
219.84960512	-8.413611E-5	0.0
219.847655424	-3.2814092E-5	0.0
219.845689344	1.723925E-5	0.0
219.843739648	8.16498E-5	0.0
219.841789952	8.8502375E-6	0.0
219.839823872	-4.4627206E-5	0.0
219.837874176	8.5476444E-5	0.0
219.83592448	-6.06278E-5	0.0
219.8339584	1.0993502E-5	0.0
219.832008704	3.5857283E-5	0.0
219.830059008	-5.3755233E-5	0.0
219.828109312	-4.9262353E-6	0.0
219.826143232	5.01749E-5	0.0
219.824193536	2.5161065E-5	0.0
219.82224384	-1.5908704E-4	0.0
219.82027776	-4.458348E-5	0.0
219.818328064	5.171751E-5	0.0
219.816378368	2.2165495E-5	0.0
219.814412288	1.9217362E-6	0.0
219.812462592	3.89022E-5	0.0
219.810512896	5.8161047E-5	0.0
219.8085632	-5.8578633E-5	0.0
219.80659712	-2.652335E-5	0.0
219.804647424	-1.533145E-5	0.0
219.802697728	1.06091415E-4	0.0
219.800731648	1.7990662E-4	0.0
219.798781952	9.207543E-5	0.0
219.796832256	1.3551768E-4	0.0
219.794866176	1.0716779E-4	0.0
219.79291648	3.6176152E-5	0.0
219.790966784	-4.3379354E-5	0.0
219.789017088	6.4079895E-6	0.0
219.787051008	4.294616E-5	0.0
219.785101312	1.7666087E-5	0.0
219.783151616	3.2839303E-5	0.0
219.781185536	5.340512E-6	0.0
219.77923584	-3.8516788E-5	0.0
219.777286144	-4.563236E-5	2.8339799396093213E-9
219.775320064	-2.1807573E-5	6.238590977147851E-9
219.773370368	5.9392723E-6	1.3161199241551458E-8
219.771420672	9.69088E-6	2.6608573122643975E-8
219.769454592	-8.677137E-5	5.1554273738929624E-8
219.767504896	3.5263158E-5	9.572482184694309E-8
219.7655552	6.08026E-5	1.7033347887718264E-7
219.763605504	9.686907E-6	2.904628217947902E-7
219.761639424	1.6228154E-5	4.746737545247015E-7
219.759689728	1.760446E-5	7.433832820424868E-7
219.757740032	1.3406815E-4	1.1156870414197329E-6
219.755773952	3.7444366E-5	1.604660383236478E-6
219.753824256	4.3942728E-5	2.2117449134384515E-6
219.75187456	5.239688E-5	2.921452733062324E-6
219.74990848	-3.725979E-5	3.6980784443585435E-6
219.747958784	-8.425302E-5	4.486119905777741E-6
219.746009088	-6.383347E-5	5.215384589973837E-6
219.744059392	-5.8532052E-5	5.812314157083165E-6
219.742093312	-2.989608E-5	6.208045761013636E-6
219.740143616	-5.8476126E-5	6.356900939863408E-6
219.73819392	-4.3967328E-5	6.2429994613921735E-6
219.73622784	-6.870337E-5	5.88518696531537E-6
219.734278144	2.4942088E-5	5.334631168807391E-6
219.732328448	1.59959E-4	4.666621862270404E-6
219.730362368	1.0734103E-4	3.9687315620540176E-6
219.728412672	5.061356E-5	3.3283747598034097E-6
219.726462976	-2.632322E-6	2.8219872092449805E-6
219.72451328	-7.639916E-5	2.5074343739106553E-6
219.7225472	-2.0973923E-5	2.4194382604036946E-6
219.720597504	-3.255138E-5	2.567569481470855E-6
219.718647808	5.473525E-5	2.9357111088756938E-6
219.716681728	-3.672308E-5	3.482912234176183E-6
219.714732032	1.1408653E-5	4.145989805692807E-6
219.712782336	-2.6114601E-5	4.844797786063282E-6
219.710816256	-3.6112644E-5	5.493274784384994E-6
219.70886656	6.160011E-5	6.00375460635405E-6
219.706916864	1.4448141E-5	6.308810043265112E-6
219.704967168	-5.5458433E-5	6.36782351648435E-6
219.703001088	3.4085966E-5	6.175669113872573E-6
219.701051392	1.17990996E-4	5.764199158875272E-6
219.699101696	6.248804E-5	5.196619895286858E-6
219.697135616	9.5696545E-5	4.559635272016749E-6
219.69518592	6.386366E-5	3.945570369978668E-6
219.693236224	7.176451E-5	3.4424456316628493E-6
219.691270144	1.32462E-6	3.1210850011120783E-6
219.689320448	-2.0083505E-6	3.026567355846055E-6
219.687370752	-2.9654915E-5	3.1732624847791158E-6
219.685421056	1.12896405E-5	3.543206048561842E-6
219.683454976	1.3724438E-5	4.087821253051516E-6
219.68150528	6.169052E-5	4.733159585157409E-6
219.679555584	-1.990881E-6	5.388734280131757E-6
219.677589504	9.746519E-6	5.959589088888606E-6
219.675639808	3.0937237E-5	6.360170118568931E-6
219.673690112	2.3670775E-5	6.527602181449765E-6
219.671724032	-4.9189828E-5	6.431542715290561E-6
219.669774336	-1.01829995E-4	6.078170372347813E-6
219.66782464	-3.3818393E-5	5.5072587201721035E-6
219.665874944	1.0689854E-5	4.78206857223995E-6
219.663908864	-1.2629863E-5	3.98095244236174E-6
219.661959168	-6.0929193E-5	3.175885012751678E-6
219.660009472	-9.638255E-6	2.427983872621553E-6
219.658043392	-3.6180033E-6	1.7788022432796424E-6
219.656093696	3.856049E-5	1.248847866008873E-6
219.654144	6.834143E-5	8.402162166021299E-7
219.65217792	-7.769316E-6	5.417174406829872E-7
219.650228224	-9.032953E-5	3.3470035987193114E-7
219.648278528	-1.0563173E-4	1.9817190377580118E-7
219.646328832	-6.382637E-5	1.1244267028587274E-7
219.644362752	-3.98552E-5	6.113993578082955E-8
219.642413056	-3.6452053E-5	3.185839858588224E-8
219.64046336	-4.2331427E-5	1.5908460326841123E-8
219.63849728	7.654703E-6	7.612697139336433E-9
219.636547584	3.008408E-5	3.491042122050203E-9
219.634597888	-1.0753833E-4	1.5341854453509995E-9
219.632631808	-1.1601802E-4	0.0
219.630682112	-1.1331746E-4	0.0
219.628732416	-4.8539052E-5	0.0
219.626766336	1.07748665E-5	0.0
219.62481664	-6.644465E-5	0.0
219.622866944	-5.683638E-5	0.0
219.620917248	6.3451655E-5	0.0
219.618951168	5.9423135E-5	0.0
219.617001472	-5.1012248E-5	0.0
219.615051776	2.4198413E-5	0.0
219.613085696	2.874136E-5	0.0
219.611136	-5.026236E-6	0.0
219.609186304	2.1126583E-5	0.0
219.607220224	-8.903186E-6	0.0
219.605270528	-2.623305E-5	0.0
219.603320832	-5.882561E-5	0.0
219.601371136	-7.145657E-5	0.0
219.599405056	-4.8302278E-5	0.0
219.59745536	-2.9204282E-6	0.0
219.595505664	-4.838203E-5	0.0
219.593539584	3.1256594E-5	0.0
219.591589888	3.2109176E-5	0.0
219.589640192	4.617312E-5	0.0
219.587674112	8.598941E-5	0.0
219.585724416	-6.824265E-5	0.0
219.58377472	1.066018E-6	0.0
219.581825024	-5.4578366E-5	0.0
219.579858944	-2.5294747E-5	0.0
219.577909248	-6.75357E-5	0.0
219.575959552	5.665245E-6	0.0
219.573993472	2.4223253E-5	0.0
219.572043776	2.829095E-5	0.0
219.57009408	1.3526286E-4	2.4452445276934576E-12
219.568128	1.7506069E-4	5.398524943051042E-12
219.566178304	2.7583356E-4	1.1421111452414312E-11
219.564228608	3.666624E-4	2.315402383712417E-11
219.562278912	4.951285E-4	4.498079686499068E-11
219.560312832	5.3496606E-4	8.373556709129204E-11
219.558363136	5.57184E-4	1.4937379111401583E-10
219.55641344	7.15995E-4	2.553421918349841E-10
219.55444736	6.564921E-4	7.021405123985858E-10
219.552497664	4.3995914E-4	1.2859183717850442E-9
219.550547968	3.7485207E-4	2.3246595759474076E-9
219.548581888	2.3359303E-4	4.1455341381890776E-9
219.546632192	1.9765807E-4	7.276421243318509E-9
219.544682496	1.2321245E-4	1.2529282500395311E-8
219.5427328	8.9508314E-5	2.108323116090105E-8
219.54076672	6.629495E-5	3.453638086625688E-8
219.538817024	5.865702E-5	5.4882185906990344E-8
219.536867328	5.068468E-5	8.43588168208953E-8
219.534901248	3.8811628E-5	1.251191434903376E-7
219.532951552	5.6225803E-5	1.7873951208002836E-7
219.531001856	-1.02432125E-4	2.458121173276595E-7
219.529035776	-9.085519E-5	3.2472854627485503E-7
219.52708608	8.286853E-6	4.1205171896763204E-7
219.525136384	2.765466E-5	5.021009883421357E-7
219.523186688	-4.7016165E-5	5.876131012882979E-7
219.521220608	-2.774698E-6	6.608524927287363E-7
219.519270912	-4.468936E-5	7.150857186388748E-7
219.517321216	7.549559E-5	7.461068776137836E-7
219.515355136	-1.2057321E-5	7.533705570494931E-7
219.51340544	5.4012427E-5	7.40393431897246E-7
219.511455744	4.6021114E-6	7.142167532947497E-7
219.509489664	1.9200303E-5	6.839929937996203E-7
219.507539968	1.38709975E-5	6.589942813661764E-7
219.505590272	-5.5636978E-5	6.465173214564857E-7
219.503624192	-1.3177822E-6	6.502023097709753E-7
219.501674496	5.3945096E-5	6.691837484140706E-7
219.4997248	3.987493E-5	6.982828608670388E-7
219.497775104	-8.5913074E-5	7.291999963854323E-7
219.495809024	-7.064876E-5	7.524060947616817E-7
219.493859328	-6.305206E-5	7.592585689053521E-7
219.491909632	1.3383498E-6	7.438353577526868E-7
219.489943552	1.21869625E-5	7.040574132588517E-7
219.487993856	-2.3243403E-5	6.418839006983035E-7
219.48604416	-2.3849188E-5	5.626186521112686E-7
219.48407808	4.58713E-6	4.735940706268593E-7
219.482128384	6.7188965E-5	3.8261896406766027E-7
219.480178688	6.658695E-5	2.9659170763807197E-7
219.478228992	4.259883E-5	2.2056323700780922E-7
219.476262912	5.911737E-5	1.5728944902093644E-7
219.474313216	-2.7869672E-5	1.0783848836126708E-7
219.47236352	3.9087692E-5	7.109278499228822E-8
219.47039744	3.207228E-5	4.537172060281591E-8
219.468447744	1.740228E-4	2.861037096124619E-8
219.466498048	1.1155192E-4	1.893513434936267E-8
219.464531968	9.171053E-5	1.5013833731813975E-8
219.462582272	9.706825E-5	1.6259487978231846E-8
219.460632576	6.38322E-5	2.291089096218002E-8
219.45868288	4.5464552E-5	3.6005754822099334E-8
219.4567168	8.3416984E-5	5.7240068684905054E-8
219.454767104	1.3453129E-6	8.867895928688085E-8
219.452817408	-9.769618E-7	1.3222110339938808E-7
219.450851328	-7.206413E-5	1.8940980339721136E-7
219.448901632	5.562996E-5	2.6018230414592836E-7
219.446951936	9.697541E-5	3.4242239621562476E-7
219.444985856	3.5708992E-5	4.3197832155783544E-7
219.44303616	6.737181E-5	5.224931669545185E-7
219.441086464	4.1832453E-5	6.061799240342225E-7
219.439136768	-1.0869866E-4	6.750578904757276E-7
219.437170688	-3.6707446E-5	7.225073659355985E-7
219.435220992	1.6856418E-5	7.447767984558595E-7
219.433271296	-3.637472E-5	7.420395604640362E-7
219.431305216	9.4922433E-7	7.186657171587285E-7
219.42935552	1.0224026E-5	6.825621881034749E-7
219.427405824	1.8272145E-5	6.436715125346382E-7
219.425439744	7.93662E-5	6.119537943050091E-7
219.423490048	7.709193E-6	5.952970809630642E-7
219.421540352	1.8307644E-5	5.97830762671947E-7
219.419590656	-4.0639432E-5	6.190426802277216E-7
219.417624576	-1.1386776E-5	6.538820684909297E-7
219.41567488	2.0654737E-5	6.938298611203209E-7
219.413725184	-5.3182554E-5	7.287104040187842E-7
219.411759104	-5.5066093E-6	7.488063147320645E-7
219.409809408	-3.629117E-5	7.468175908798003E-7
219.407859712	5.995719E-5	7.192103339548339E-7
219.405893632	1.1127232E-4	6.666900844720658E-7
219.403943936	5.233193E-5	5.937453693150019E-7
219.40199424	-2.054844E-5	5.074618343314796E-7
219.400044544	7.4265605E-5	4.1596209143790475E-7
219.398078464	1.032356E-4	3.2687879070181225E-7
219.396128768	1.9693809E-5	2.460782582147658E-7
219.394179072	4.4215532E-5	1.776764975147671E-7
219.392212992	-3.173568E-5	1.229276875847063E-7
219.390263296	-1.030464E-4	8.149459773676426E-8
219.3883136	-7.870302E-5	5.1768918041261713E-8
219.38634752	-6.677816E-5	3.151161109826717E-8
219.384397824	7.0209817E-6	1.837949703542563E-8
219.382448128	-9.326752E-5	1.0272142247913507E-8
219.380482048	-3.4491015E-5	5.5010724864246185E-9
219.378532352	6.940228E-5	2.8228996917789573E-9
219.376582656	3.5251436E-5	1.3880504523555715E-9
219.37463296	-5.220502E-5	6.540041841418542E-10
219.37266688	-6.531792E-5	2.9526642242316825E-10
219.370717184	-1.9887153E-5	0.0
219.368767488	6.3321304E-6	0.0
219.366801408	5.6630462E-5	0.0
219.364851712	-4.2043153E-5	0.0
219.362902016	-1.8908315E-5	0.0
219.360935936	-7.509631E-5	0.0
219.35898624	-1.1254383E-5	0.0
219.357036544	8.275518E-5	0.0
219.355086848	7.4813606E-6	0.0
219.353120768	2.2277848E-6	0.0
219.351171072	8.4919004E-5	0.0
219.349221376	2.3036922E-5	0.0
219.347255296	6.280223E-5	0.0
219.3453056	8.512615E-5	0.0
219.343355904	-2.7867998E-5	0.0
219.341389824	-1.3918806E-5	0.0
219.339440128	-4.0289764E-5	0.0
219.337490432	-5.815775E-5	0.0
219.335540736	-2.0958323E-5	0.0
219.333574656	2.6300502E-5	0.0
219.33162496	-1.53258E-5	0.0
219.329675264	7.955424E-5	0.0
219.327709184	2.1022384E-5	0.0
219.325759488	-3.8029884E-5	0.0
219.323809792	7.411316E-5	0.0
219.321843712	3.5401226E-5	0.0
219.319894016	7.8626135E-6	0.0
219.31794432	-1.0022258E-5	0.0
219.315994624	-2.6623573E-5	0.0
219.314028544	-5.5103315E-5	0.0
219.312078848	-2.7477563E-5	0.0
219.310129152	5.685539E-5	0.0
219.308163072	-9.0160145E-5	0.0
219.306213376	-7.065429E-5	0.0
219.30426368	-5.4805903E-5	0.0
219.3022976	2.4159908E-5	0.0
219.300347904	5.8902075E-5	0.0
219.298398208	-2.0469502E-5	0.0
219.296448512	6.2958525E-6	0.0
219.294482432	1.0960796E-5	0.0
219.292532736	-2.574387E-5	0.0
219.29058304	-1.0122925E-4	0.0
219.28861696	-7.588275E-5	0.0
219.286667264	-4.5451612E-5	0.0
219.284717568	-2.992797E-5	0.0
219.282751488	9.346063E-5	0.0
219.280801792	6.985703E-5	0.0
219.278852096	6.831026E-5	0.0
219.2769024	5.869896E-6	0.0
219.27493632	9.402006E-5	0.0
219.272986624	1.1110915E-4	0.0
219.271036928	2.8820989E-5	0.0
219.269070848	2.347658E-5	0.0
219.267121152	1.5716516E-5	0.0
219.265171456	6.116377E-5	0.0
219.263205376	4.9324804E-5	0.0
219.26125568	-5.9861166E-5	0.0
219.259305984	-5.3120693E-5	0.0
219.257356288	-4.4011304E-5	0.0
219.255390208	-8.37536E-5	0.0
219.253440512	9.6500835E-6	0.0
219.251490816	-9.747478E-6	5.1012461615984606E-11
219.249524736	-1.5249506E-5	1.1532742122399853E-10
219.24757504	4.6764097E-5	2.498152518182195E-10
219.245625344	3.3709843E-5	5.396209035168908E-10
219.243659264	2.230977E-5	1.1056799920083904E-9
219.241709568	-2.6968537E-5	2.1279027428988684E-9
219.239759872	-3.02763E-5	3.929204517305607E-9
219.237793792	1.6882896E-5	6.962542542510164E-9
219.235844096	-2.8330738E-5	1.184196563031037E-8
219.2338944	-7.254951E-5	1.9335853806978776E-8
219.231944704	-7.286192E-5	3.0317110599753505E-8
219.229978624	-7.686018E-5	4.565641376075291E-8
219.228028928	5.826483E-5	6.605709756968281E-8
219.226079232	5.355925E-5	9.184553562135989E-8
219.224113152	-1.1126646E-5	1.2275499727820716E-7
219.222163456	-7.756571E-5	1.5775667350226286E-7
219.22021376	1.8906056E-5	1.9499616144003085E-7
219.21824768	4.4277676E-5	2.3188634656889917E-7
219.216297984	5.5350374E-5	2.6536784503150557E-7
219.214348288	-3.811442E-6	2.923144393207622E-7
219.212398592	1.2117171E-4	3.10007237658283E-7
219.210432512	1.05068226E-4	3.263311612045072E-7
219.208482816	-7.335483E-6	3.335045448693563E-7
219.20653312	-2.9822488E-5	3.4314527397327765E-7
219.20456704	2.1344404E-5	3.697064130392391E-7
219.202617344	5.478426E-5	4.375743856144254E-7
219.200667648	7.292181E-5	5.85263251196011E-7
219.198701568	9.375945E-5	8.697682005731622E-7
219.196751872	-5.5165847E-6	1.3702771184398443E-6
219.194802176	3.357097E-9	2.1890559764869977E-6
219.19285248	5.1019406E-6	3.4467118439351907E-6
219.1908864	-1.2692574E-5	5.269180292089004E-6
219.188936704	1.796837E-6	7.76481920183869E-6
219.186987008	4.280201E-5	1.0993087926181033E-5
219.185020928	-3.8128899E-6	1.4929617464076728E-5
219.183071232	-7.389922E-6	1.9436993170529604E-5
219.181121536	-3.7511767E-5	2.4251594368251972E-5
219.179155456	-6.535146E-5	2.899627543229144E-5
219.17720576	-3.3767577E-5	3.322264092275873E-5
219.175256064	1.16517906E-4	3.647791163530201E-5
219.173306368	1.175803E-4	3.8383663195418194E-5
219.171340288	7.852652E-5	3.870771615765989E-5
219.169390592	8.614984E-6	3.741000546142459E-5
219.167440896	2.2831377E-5	3.465079498710111E-5
219.165474816	1.0609908E-4	3.075841232202947E-5
219.16352512	7.019788E-5	2.616556957946159E-5
219.161575424	-3.0416912E-5	2.1331046809791587E-5
219.159609344	-2.2859509E-5	1.6666257579345256E-5
219.157659648	-5.5560824E-5	1.2482122656365391E-5
219.155709952	-1.1110377E-5	8.965202141553164E-6
219.153760256	9.559327E-7	6.18130525253946E-6
219.151794176	2.9683463E-6	4.099706075066933E-6
219.14984448	-1.614555E-5	2.626906052682898E-6
219.147894784	1.2467077E-4	1.6403275822085561E-6
219.145928704	4.2764765E-5	1.0148595492864843E-6
219.143979008	9.9237E-5	6.398836944754294E-7
219.142029312	8.514232E-5	4.2717476844700286E-7
219.140063232	4.8672435E-5	3.120725011740433E-7
219.138113536	1.0158252E-7	2.5065884301511687E-7
219.13616384	9.770999E-5	2.153332019361187E-7
219.134214144	7.143462E-5	1.902852773127961E-7
219.132248064	3.3528806E-6	1.6192259977287904E-7
219.130298368	-3.4574132E-5	1.4203904186160798E-7
219.128348672	6.858502E-5	1.1942223920868855E-7
219.126382592	-2.0542127E-5	9.619579088848695E-8
219.124432896	3.19403E-5	7.427517800806527E-8
219.1224832	1.558191E-4	5.5004893084742434E-8
219.12051712	1.0583204E-4	3.907538470571126E-8
219.118567424	7.411028E-5	2.672664756175891E-8
219.116617728	3.7393722E-6	1.7783435168894357E-8
219.114651648	3.9938413E-6	1.1865058269222573E-8
219.112701952	-7.9361074E-5	8.563783460147079E-9
219.110752256	6.286248E-5	7.583865091476127E-9
219.10880256	3.736506E-5	8.828277664463258E-9
219.10683648	2.5220881E-5	1.2425569906326928E-8
219.104886784	8.632512E-6	1.8696811210361375E-8
219.102937088	9.077473E-6	2.8063045220960703E-8
219.100971008	3.3323395E-5	4.0900179243408274E-8
219.099021312	9.9328165E-5	5.7356825067245154E-8
219.097071616	1.7907256E-5	7.714669436609256E-8
219.095105536	-9.125518E-6	9.950677792858187E-8
219.09315584	-1.2029291E-5	1.2296877116568794E-7
219.091206144	5.204137E-5	1.455942850725478E-7
219.089256448	3.3917637E-5	1.6515824086127395E-7
219.087290368	9.8708006E-5	1.794996364878898E-7
219.085340672	2.9266874E-5	1.8691054037844879E-7
219.083390976	3.1838066E-5	1.8647097022039816E-7
219.081424896	4.060069E-5	1.7823622044943477E-7
219.0794752	2.4550664E-5	1.6322536566804047E-7
219.077525504	2.6414157E-6	1.4321423691399104E-7
219.075559424	2.664309E-5	1.2039056684898242E-7
219.073609728	1.3278633E-5	9.696270808490226E-8
219.071660032	-1.4127149E-5	7.482100983224882E-8
219.069710336	1.8970986E-5	5.531596514174453E-8
219.067744256	-7.690731E-7	3.918162860827579E-8
219.06579456	-1.5600275E-5	2.6590157631289912E-8
219.063844864	-7.640141E-5	1.7288838805029627E-8
219.061878784	9.648592E-6	1.0770097702561543E-8
219.059929088	6.845782E-5	6.446916778202194E-9
219.057979392	5.0372033E-5	3.7184324508388045E-9
219.056013312	-6.7629736E-7	2.106333329976451E-9
219.054063616	-2.195371E-5	1.2491582213058905E-9
219.05211392	-7.178956E-5	9.136597034498095E-10
219.050164224	-5.6916226E-5	9.841252257558608E-10
219.048198144	-3.0590327E-5	1.447187591985255E-9
219.046248448	8.973863E-6	2.376556063055091E-9
219.044298752	3.663731E-5	3.894567335294141E-9
219.042332672	-1.1334648E-5	6.25215834659798E-9
219.040382976	-7.407546E-5	9.616024421177372E-9
219.03843328	4.0112205E-5	1.4169621032067425E-8
219.0364672	6.274667E-5	2.0003961154202443E-8
219.034517504	3.6427762E-5	2.70564477489188E-8
219.032567808	-1.8096962E-5	3.506077206338887E-8
219.030618112	3.9035545E-5	4.352789062522788E-8
219.028652032	4.4577337E-5	5.177384920784789E-8
219.026702336	9.0261754E-5	5.899964250488665E-8
219.02475264	4.6752768E-5	6.441457855999033E-8
219.02278656	2.4168836E-5	6.737759150610145E-8
219.020836864	-5.8944028E-5	6.75216398349221E-8
219.018887168	-3.7790483E-5	6.482859049583567E-8
219.016921088	4.4255783E-5	5.96330380631116E-8
219.014971392	3.0419502E-5	5.255367341305828E-8
219.013021696	-2.6321151E-5	4.437264777834571E-8
219.011072	-8.384003E-5	3.589414276916614E-8
219.00910592	3.5107292E-5	2.7818122916301036E-8
219.007156224	6.0427057E-5	2.0655139820746626E-8
219.005206528	4.0880444E-5	1.469352728378226E-8
219.003240448	-2.995184E-5	1.0014251650147799E-8
219.001290752	-1.0279505E-4	6.538933394750757E-9
218.999341056	-6.470859E-5	4.090638494602672E-9
218.997374976	2.451021E-5	2.4517226027143124E-9
218.99542528	-1.2181886E-5	1.4078311849630154E-9
218.993475584	-3.5592428E-5	7.745027952310579E-10
218.991525888	-8.06273E-6	4.0821759861309204E-10
218.989559808	7.9593396E-5	2.0613710738359714E-10
218.987610112	7.496184E-5	9.972788567180757E-11
218.985660416	-4.0726954E-5	4.6224583188925195E-11
218.983694336	-3.486542E-5	2.0527208405285435E-11
218.98174464	1.0005387E-4	0.0
218.979794944	3.1778207E-5	0.0
218.977828864	-4.907131E-5	0.0
218.975879168	7.819688E-5	0.0
218.973929472	1.3485058E-4	0.0
218.971963392	1.05281295E-4	0.0
218.970013696	1.1546359E-4	0.0
218.968064	9.534592E-5	0.0
218.966114304	5.023763E-5	0.0
218.964148224	-7.089974E-6	0.0
218.962198528	-5.9298167E-5	0.0
218.960248832	-4.3811206E-6	0.0
218.958282752	-5.4738153E-5	0.0
218.956333056	-7.55626E-5	0.0
218.95438336	2.8527367E-5	0.0
218.95241728	-8.963915E-6	0.0
218.950467584	7.306483E-6	0.0
218.948517888	1.7316688E-5	0.0
218.946568192	5.213544E-5	9.982278892373131E-12
218.944602112	5.8845744E-5	2.2528806944976942E-11
218.942652416	1.7892347E-5	4.871056336064328E-11
218.94070272	1.2288469E-5	1.0089865748463822E-10
218.93873664	1.48706995E-5	2.0022861146884452E-10
218.936786944	3.9573457E-5	3.806639170544912E-10
218.934837248	-7.510867E-5	6.933212337578709E-10
218.932871168	-7.186302E-5	1.2097765011986894E-9
218.930921472	-6.9447124E-5	2.0223285268627933E-9
218.928971776	-2.0176638E-5	3.2387303949832358E-9
218.92702208	-8.3380044E-5	4.969066935700539E-9
218.925056	-3.5893343E-5	7.303865956487243E-9
218.923106304	-2.004013E-5	1.0285052809422268E-8
218.921156608	-3.758321E-5	1.3875132154339553E-8
218.919190528	2.351214E-6	1.7932654472474496E-8
218.917240832	-3.404294E-6	2.2203909821882917E-8
218.915291136	-1.0944562E-5	2.6338476288856327E-8
218.913325056	4.0861898E-5	2.993152037333857E-8
218.91137536	6.781535E-5	3.258696068542122E-8
218.909425664	1.2959604E-4	3.398881176508439E-8
218.907475968	6.316785E-5	3.396290892965226E-8
218.905509888	5.013533E-5	3.251252067570931E-8
218.903560192	-5.630238E-5	2.9817652347219337E-8
218.901610496	1.1503335E-4	2.6198303970659254E-8
218.899644416	4.282899E-5	2.2052095260960414E-8
218.89769472	6.331292E-5	2.6460540425432555E-8
218.895745024	1.1480509E-4	3.3594762527400235E-8
218.893778944	1.0439086E-4	5.369612310346383E-8
218.891829248	-9.169617E-6	9.862215222256054E-8
218.889879552	-4.7410915E-5	1.905581399341827E-7
218.887929856	-4.9069496E-7	3.615341768181679E-7
218.885963776	3.375261E-5	6.647240979873459E-7
218.88401408	9.427723E-6	1.1756565072573721E-6
218.882064384	-1.0182896E-5	1.995093043660745E-6
218.880098304	-2.9581097E-5	3.245807192797656E-6
218.878148608	5.598794E-6	5.061096089775674E-6
218.876198912	4.1311305E-5	7.563116923847701E-6
218.874232832	4.2365038E-5	1.0831806321220938E-5
218.872283136	-2.5451482E-5	1.4868531252432149E-5
218.87033344	2.3345376E-6	1.956322194018867E-5
218.868383744	1.3982509E-5	2.4675618988112547E-5
218.866417664	8.502586E-5	2.9841012292308733E-5
218.864467968	1.690655E-5	3.460583320702426E-5
218.862518272	2.4524194E-5	3.849063432426192E-5
218.860552192	3.4619265E-5	4.106899359612726E-5
218.858602496	4.1710056E-5	4.20444666815456E-5
218.8566528	5.117001E-5	4.130651359446347E-5
218.85468672	6.3358406E-5	3.895095142070204E-5
218.852737024	-5.3687563E-5	3.5259723517810926E-5
218.850787328	-2.8358761E-5	3.064590782742016E-5
218.848821248	-5.138216E-5	2.5578423446859233E-5
218.846871552	-6.287422E-5	2.050523107754998E-5
218.844921856	1.1969717E-5	1.5791962141520344E-5
218.84297216	9.823523E-5	1.1686630386975594E-5
218.84100608	9.24659E-5	8.312529644172173E-6
218.839056384	3.1222692E-6	5.684373263648013E-6
218.837106688	-2.0753475E-6	3.738111445272807E-6
218.835140608	-3.0619784E-5	2.3645832243346376E-6
218.833190912	-1.8339346E-5	1.4391039258043747E-6
218.831241216	-5.474038E-7	8.428672231275414E-7
218.829275136	-1.228388E-5	4.75144219080903E-7
218.82732544	-6.607941E-5	2.578405826625385E-7
218.825375744	-2.3449025E-5	1.3470094017975498E-7
218.823426048	-7.0238895E-7	6.774862981728802E-8
218.821459968	3.262908E-5	3.280431926100391E-8
218.819510272	5.645018E-6	9.184027760511526E-9
218.817560576	5.4883752E-5	4.348373217055723E-9
218.815594496	4.6967416E-5	1.9723833677431912E-9
218.8136448	3.536511E-5	0.0
218.811695104	5.505535E-5	0.0
218.809729024	1.11128764E-4	0.0
218.807779328	4.084461E-5	0.0
218.805829632	8.879355E-5	0.0
218.803879936	1.0511556E-4	0.0
218.801913856	3.5955793E-5	0.0
218.79996416	5.073789E-5	0.0
218.798014464	4.0465775E-6	0.0
218.796048384	1.880225E-5	0.0
218.794098688	1.8006059E-6	0.0
218.792148992	2.0165502E-5	0.0
218.790182912	-2.3200828E-5	0.0
218.788233216	4.4963443E-5	0.0
218.78628352	9.266335E-6	0.0
218.784333824	3.0644227E-5	0.0
218.782367744	-5.8137422E-5	0.0
218.780418048	-7.390074E-5	0.0
218.778468352	-8.531851E-6	0.0
218.776502272	-1.092082E-5	0.0
218.774552576	-2.9688847E-5	0.0
218.77260288	-4.2338073E-5	0.0
218.7706368	2.5298661E-5	0.0
218.768687104	1.6105127E-4	0.0
218.766737408	8.303619E-5	0.0
218.764787712	8.7388406E-5	0.0
218.762821632	1.6118992E-4	0.0
218.760871936	1.5210493E-4	0.0
218.75892224	1.799565E-4	0.0
218.75695616	2.3709128E-4	0.0
218.755006464	1.6054674E-4	0.0
218.753056768	2.2073595E-4	0.0
218.751090688	1.0163748E-4	0.0
218.749140992	1.3638909E-4	0.0
218.747191296	1.5983892E-4	0.0
218.7452416	3.679591E-5	0.0
218.74327552	6.210591E-5	0.0
218.741325824	2.0952353E-5	0.0
218.739376128	6.47402E-5	0.0
218.737410048	1.13113296E-4	0.0
218.735460352	3.569578E-5	0.0
218.733510656	-3.777794E-7	0.0
218.731544576	5.4827684E-5	0.0
218.72959488	6.36219E-5	0.0
218.727645184	-2.3108987E-5	0.0
218.725679104	5.2031322E-5	0.0
218.723729408	3.5038367E-5	0.0
218.721779712	2.2037599E-5	0.0
218.719830016	4.6849138E-5	0.0
218.717863936	2.918985E-5	1.8621539865648629E-9
218.71591424	4.6479614E-5	4.120301433374607E-9
218.713964544	5.5994515E-5	8.733383793924077E-9
218.711998464	6.160985E-5	1.7732645574142225E-8
218.710048768	3.461947E-5	3.449073915362533E-8
218.708099072	-4.2323927E-6	6.426412824112049E-8
218.706132992	6.0424816E-5	1.1470176275452104E-7
218.704183296	-7.795614E-5	1.9611447044098895E-7
218.7022336	-4.4147564E-5	3.2120669857249595E-7
218.700283904	3.0056017E-5	5.039582333665749E-7
218.698317824	1.7834314E-5	7.574234928142687E-7
218.696368128	-8.538195E-6	1.0904748251050478E-6
218.694418432	-3.462074E-5	1.5039288427942665E-6
218.692452352	-4.1001113E-5	1.9868864455929724E-6
218.690502656	-8.637988E-7	2.5145163817796856E-6
218.68855296	-7.490915E-5	3.04840796161443E-6
218.68658688	3.8563227E-5	3.540238822097308E-6
218.684637184	8.62268E-5	3.938538611691911E-6
218.682687488	9.567306E-5	4.197426278551575E-6
218.680737792	9.3028306E-5	4.285271643311717E-6
218.678771712	5.0743973E-5	4.191037987766322E-6
218.676822016	3.318807E-5	3.9265560189960524E-6
218.67487232	-2.6456211E-5	3.524096655382891E-6
218.67290624	-3.4982265E-6	3.029891558981035E-6
218.670956544	4.740879E-5	2.4954315449576825E-6
218.669006848	3.5839068E-6	1.968805463548051E-6
218.667040768	-2.3173332E-5	1.4879701666359324E-6
218.665091072	1.1947878E-6	1.0772620271382038E-6
218.663141376	3.6175126E-5	7.471063554476132E-7
218.66119168	6.675919E-5	4.963353603670839E-7
218.6592256	8.8237975E-5	3.158670551783871E-7
218.657275904	2.7203921E-5	1.925600372487679E-7
218.655326208	6.8677864E-6	1.124516586514801E-7
218.653360128	-6.560433E-5	6.29075103120158E-8
218.651410432	-3.225917E-5	3.371109613681256E-8
218.649460736	4.8555103E-5	1.7305490374042165E-8
218.647494656	8.355549E-5	8.510055771182579E-9
218.64554496	-3.4973025E-6	4.00880795226044E-9
218.643595264	-9.940061E-6	1.8090058340192172E-9
218.641645568	-2.80147E-5	0.0
218.639679488	-3.1294155E-6	0.0
218.637729792	-4.1513604E-6	0.0
218.635780096	4.6660443E-5	0.0
218.633814016	1.59888E-6	0.0
218.63186432	5.5920795E-5	0.0
218.629914624	4.21209E-5	0.0
218.627948544	8.8521054E-5	0.0
218.625998848	1.9648698E-5	0.0
218.624049152	-6.821319E-5	0.0
218.622099456	-8.308453E-5	1.2987865991020975E-11
218.620133376	-3.2614855E-5	2.8948368008263614E-11
218.61818368	4.7127727E-5	6.18061851698215E-11
218.616233984	5.7531503E-5	1.2640405389063858E-10
218.614267904	4.3364696E-5	2.4763505135361186E-10
218.612318208	4.8945072E-5	4.647129903112557E-10
218.610368512	1.5290283E-5	8.353696623331075E-10
218.608402432	7.5861853E-6	1.4384494706476403E-9
218.606452736	3.2707987E-5	2.3726411946256576E-9
218.60450304	-5.411413E-5	3.748779953127723E-9
218.602553344	-5.096214E-5	5.673755243407186E-9
218.600587264	-7.470914E-5	8.225701009223485E-9
218.598637568	-2.1055894E-5	1.1423433754487178E-8
218.596687872	-4.808496E-5	1.519644854397484E-8
218.594721792	1.577644E-5	1.936462545870654E-8
218.592772096	-5.8773247E-5	2.3637294788159124E-8
218.5908224	-8.935044E-5	2.763808915062782E-8
218.58885632	3.7980837E-5	3.0955650487385356E-8
218.586906624	5.6551096E-5	3.3211886574235905E-8
218.584956928	1.6486109E-5	3.413255100781498E-8
218.582990848	-8.239725E-6	3.3602049143155455E-8
218.581041152	-1.1224877E-4	3.1687257262547064E-8
218.579091456	-2.7828544E-6	2.8623652781334386E-8
218.57714176	-5.2639556E-5	2.4767784267965E-8
218.57517568	-8.708284E-5	2.0529148159198485E-8
218.573225984	3.79376E-6	1.629957502302659E-8
218.571276288	-3.937237E-5	1.2396618842558382E-8
218.569310208	-3.9573886E-5	9.0313330147751E-9
218.567360512	-4.6978912E-5	6.302631305743489E-9
218.565410816	7.83331E-5	4.213215554216276E-9
218.563444736	6.56547E-5	2.6979063427745587E-9
218.56149504	3.2121563E-6	1.6548628023471679E-9
218.559545344	3.4968016E-5	9.723404303940697E-10
218.557595648	9.707353E-6	5.47263345751503E-10
218.555629568	4.6528494E-5	2.950502342446981E-10
218.553679872	7.4165464E-6	1.5237631989517553E-10
218.551730176	-1.8869396E-5	7.53807224973535E-11
218.549764096	-5.0222125E-6	3.572142581731441E-11
218.5478144	3.816641E-5	1.621492870529373E-11
218.545864704	5.879391E-6	7.0505472120341306E-12
218.543898624	4.9004822E-5	0.0
218.541948928	-1.7350572E-5	0.0
218.539999232	-2.1688473E-5	0.0
218.538049536	3.0421318E-6	0.0
218.536083456	6.863639E-6	0.0
218.53413376	-8.847714E-5	0.0
218.532184064	6.576078E-5	0.0
218.530217984	5.0366067E-5	0.0
218.528268288	9.5064934E-5	0.0
218.526318592	7.07058E-5	0.0
218.524352512	3.2153578E-6	0.0
218.522402816	-9.134677E-8	2.5851785989683407E-12
218.52045312	-2.1345662E-5	5.711975597372243E-12
218.518503424	8.36405E-5	1.2088839478063829E-11
218.516537344	4.245953E-5	2.4506955492720195E-11
218.514587648	-4.594133E-5	4.758816951611067E-11
218.512637952	-3.436548E-5	8.851389760033967E-11
218.510671872	-1.5835943E-5	1.5769942296461892E-10
218.508722176	-4.3635904E-5	2.691247225072857E-10
218.50677248	3.467761E-5	4.399266506638355E-10
218.5048064	3.8755465E-5	6.888311032682282E-10
218.502856704	3.3786735E-5	1.0331181465872419E-9
218.500907008	6.453639E-6	1.4841944340204805E-9
218.498957312	-5.2592954E-5	2.304354485005433E-9
218.496991232	-1.6916012E-5	3.291592109988528E-9
218.495041536	-1.6696242E-5	4.713079260199038E-9
218.49309184	-6.814077E-6	6.869810498244533E-9
218.49112576	-7.545168E-5	1.0311007159202745E-8
218.489176064	5.287978E-5	1.5973729006191206E-8
218.487226368	5.1544197E-5	2.5341119425092984E-8
218.485260288	1.0908461E-4	4.058072633483789E-8
218.483310592	3.7468537E-5	6.45977209501325E-8
218.481360896	6.961096E-5	1.0091899582675978E-7
218.4794112	1.4476503E-5	1.5332429370573664E-7
218.47744512	6.4478554E-5	2.2517630782203923E-7
218.475495424	9.196606E-5	3.184848935688933E-7
218.473545728	1.8287524E-4	4.3284518369546277E-7
218.471579648	1.3470787E-4	5.645172223012196E-7
218.469629952	1.7681687E-4	7.059691711219784E-7
218.467680256	1.7634088E-4	8.461796028313984E-7
218.465714176	1.835653E-4	9.71842382568866E-7
218.46376448	9.842542E-5	1.0693506737879943E-6
218.461814784	2.7961421E-5	1.1271932862655376E-6
218.459848704	8.061097E-5	1.138175321102608E-6
218.457899008	1.6103888E-5	1.1008802403011941E-6
218.455949312	8.569845E-5	1.0199602229477023E-6
218.453999616	2.1666743E-5	9.051802862813929E-7
218.452033536	4.489123E-6	7.694691248616436E-7
218.45008384	4.3255304E-6	6.265414640438394E-7
218.448134144	3.370977E-5	4.886632041234407E-7
218.446168064	5.199506E-5	3.650635846952355E-7
218.444218368	-2.0047017E-5	2.612333673823741E-7
218.442268672	1.5943002E-5	1.790556041214586E-7
218.440302592	4.0162126E-5	1.1755643924971082E-7
218.438352896	-4.5313545E-6	7.392721101950883E-8
218.4364032	-3.820032E-5	4.453118052083482E-8
218.434453504	-9.7547245E-6	2.56934136189102E-8
218.432487424	1.24671815E-5	1.4199694753358472E-8
218.430537728	4.1189855E-5	7.51686091149395E-9
218.428588032	1.4350847E-4	3.811482685023293E-9
218.426621952	6.288356E-5	1.8511944199772756E-9
218.424672256	-2.5322195E-6	8.612116575434925E-10
218.42272256	-1.2714173E-5	3.837673512308015E-10
218.42075648	5.251847E-5	0.0
218.418806784	-5.4106353E-5	0.0
218.416857088	2.310894E-5	0.0
218.414907392	7.987509E-5	0.0
218.412941312	7.3714573E-6	0.0
218.410991616	-4.6084057E-5	0.0
218.40904192	3.968521E-6	0.0
218.40707584	-2.2653068E-5	0.0
218.405126144	3.150824E-5	0.0
218.403176448	-2.350031E-5	0.0
218.401210368	-6.46451E-5	0.0
218.399260672	8.260179E-6	0.0
218.397310976	2.0666866E-5	0.0
218.39536128	-1.0953533E-5	0.0
218.3933952	4.6257595E-5	0.0
218.391445504	7.094816E-5	0.0
218.389495808	-2.1741369E-5	0.0
218.387529728	7.471749E-6	0.0
218.385580032	2.4767574E-5	0.0
218.383630336	7.742037E-5	0.0
218.381664256	1.2856736E-5	0.0
218.37971456	-1.164444E-4	0.0
218.377764864	-9.6814794E-5	0.0
218.375815168	-6.2434454E-5	4.789122431958504E-10
218.373849088	-2.7418639E-5	1.0628040669757866E-9
218.371899392	-6.5322194E-5	2.259080922328849E-9
218.369949696	-8.187219E-5	4.59928006790733E-9
218.367983616	-5.5389144E-5	8.968613407489556E-9
218.36603392	5.54252E-5	1.675104854825804E-8
218.364084224	2.7267834E-5	2.996663184262616E-8
218.362118144	-5.5623723E-6	5.134674552209617E-8
218.360168448	9.613166E-5	1.7704032018173166E-7
218.358218752	2.1820717E-5	3.38887559792056E-7
218.356269056	3.9913164E-5	6.393579496943858E-7
218.354302976	3.509469E-5	1.1855457842102624E-6
218.35235328	-2.2306125E-5	2.1526464024645975E-6
218.350403584	-6.323853E-5	3.8121108900668332E-6
218.348437504	-6.987892E-5	6.558793756994419E-6
218.346487808	4.4103293E-5	1.092631009669276E-5
218.344538112	-5.189392E-6	1.757464633556083E-5
218.342572032	-3.891777E-5	2.7231919375481084E-5
218.340622336	-3.1105184E-5	4.057811383972876E-5
218.33867264	4.2742908E-5	5.8071076637133956E-5
218.336722944	9.0177615E-5	7.974121399456635E-5
218.334756864	1.2709838E-4	1.0500315693207085E-4
218.332807168	1.1318943E-4	1.325495686614886E-4
218.330857472	1.505166E-4	1.6038795001804829E-4
218.328891392	1.705224E-4	1.8604379147291183E-4
218.326941696	1.7685922E-4	2.069098554784432E-4
218.324992	2.1088404E-4	2.206739882240072E-4
218.32302592	2.2604612E-4	2.2572593297809362E-4
218.321076224	2.2554117E-4	2.214530250057578E-4
218.319126528	1.616054E-4	2.083544823108241E-4
218.317160448	8.121439E-5	1.8794967036228627E-4
218.315210752	1.3601403E-4	1.6250151384156197E-4
218.313261056	1.1755435E-4	1.3461515482049435E-4
218.31131136	4.5157973E-5	1.0680838749976829E-4
218.30934528	1.0064078E-5	8.114745287457481E-5
218.307395584	6.735989E-5	5.9023437643190846E-5
218.305445888	5.112591E-5	4.1098166548181325E-5
218.303479808	6.060034E-5	2.739476076385472E-5
218.301530112	1.1402224E-4	1.748171416693367E-5
218.299580416	1.3506987E-4	1.0680738341761753E-5
218.297614336	8.0833786E-5	6.248544195841532E-6
218.29566464	-2.2688553E-5	3.500571438053157E-6
218.293714944	1.1153689E-4	1.8780953041641624E-6
218.291765248	2.2652875E-5	9.650177617004374E-7
218.289799168	9.969087E-5	4.749049367092084E-7
218.287849472	3.6321446E-5	2.2384242015505151E-7
218.285899776	3.938835E-6	1.0105176073693656E-7
218.283933696	-1.1256246E-5	0.0
218.281984	-1.7629918E-5	0.0
218.280034304	-2.2753706E-5	0.0
218.278068224	-1.21865605E-5	0.0
218.276118528	1.4758912E-5	0.0
218.274168832	1.1085232E-4	0.0
218.272219136	1.3315929E-5	0.0
218.270253056	3.226323E-5	0.0
218.26830336	2.6819438E-5	0.0
218.266353664	-2.3966702E-5	0.0
218.264387584	5.7628244E-5	0.0
218.262437888	2.6822414E-5	0.0
218.260488192	5.9664886E-5	0.0
218.258522112	-1.9626557E-5	0.0
218.256572416	1.9605573E-5	0.0
218.25462272	6.952142E-5	0.0
218.252673024	-3.9716964E-5	0.0
218.250706944	3.9560986E-5	0.0
218.248757248	-9.287153E-6	0.0
218.246807552	-5.6938752E-5	0.0
218.244841472	5.6117144E-5	0.0
218.242891776	4.006914E-5	0.0
218.24094208	-1.6485425E-5	0.0
218.238976	-2.8243055E-6	0.0
218.237026304	9.664148E-6	0.0
218.235076608	7.004772E-5	0.0
218.233126912	8.2392035E-5	0.0
218.231160832	1.0955572E-5	0.0
218.229211136	5.9387323E-5	0.0
218.22726144	3.329435E-5	0.0
218.22529536	1.2316916E-4	0.0
218.223345664	1.7992481E-4	0.0
218.221395968	2.310695E-4	0.0
218.219429888	2.7827887E-4	0.0
218.217480192	3.5205967E-4	0.0
218.215530496	2.5311424E-4	0.0
218.2135808	1.8435244E-4	0.0
218.21161472	1.9222814E-4	0.0
218.209665024	1.7324228E-4	0.0
218.207715328	1.5315026E-4	0.0
218.205749248	2.1992171E-4	0.0
218.203799552	2.0030116E-4	0.0
218.201849856	1.584864E-4	0.0
218.199883776	5.7244728E-5	0.0
218.19793408	9.014034E-6	0.0
218.195984384	-5.3681624E-6	0.0
218.194018304	1.10269255E-4	0.0
218.192068608	4.6399833E-5	0.0
218.190118912	-3.7635196E-5	0.0
218.188169216	-2.9430586E-5	0.0
218.186203136	-5.2682542E-5	0.0
218.18425344	-8.062904E-5	0.0
218.182303744	6.776797E-9	0.0
218.180337664	2.4884353E-5	0.0
218.178387968	8.242288E-6	0.0
218.176438272	-4.451354E-5	0.0
218.174472192	2.5021425E-5	0.0
218.172522496	-1.6335194E-5	0.0
218.1705728	-2.408625E-5	0.0
218.168623104	-9.001349E-7	0.0
218.166657024	6.447576E-5	0.0
218.164707328	4.1925818E-5	0.0
218.162757632	6.2821266E-5	0.0
218.160791552	4.0568764E-5	0.0
