219.99607808	-5.0264138E-5	0.0
219.99804416	-7.509069E-5	0.0
219.999993856	-7.980351E-5	0.0
220.001943552	-3.1653923E-5	0.0
220.003909632	1.8982048E-5	0.0
220.005859328	5.2712967E-5	0.0
220.007809024	-5.5723925E-5	0.0
220.009775104	1.3419833E-5	0.0
220.0117248	3.5840494E-5	0.0
220.013674496	-1.70438E-6	0.0
220.015624192	4.4589055E-5	0.0
220.017590272	4.8188296E-5	0.0
220.019539968	8.345391E-6	0.0
220.021489664	-5.548222E-5	0.0
220.023455744	3.4017125E-6	0.0
220.02540544	-3.342676E-5	0.0
220.027355136	1.2725728E-5	0.0
220.029321216	-2.5551808E-5	2.0223685226472554E-10
220.031270912	-4.7221976E-5	4.6231046768596684E-10
220.033220608	-1.0086514E-4	1.0129250771484521E-9
220.035186688	-2.371663E-5	2.1271200356665076E-9
220.037136384	7.70846E-5	4.281314414100734E-9
220.03908608	6.0780752E-5	8.259101846874728E-9
220.041035776	-1.3810955E-5	1.527081217034265E-8
220.043001856	-3.625968E-5	2.7061879848133685E-8
220.044951552	-9.6234195E-5	4.596468627937611E-8
220.046901248	-3.194987E-5	7.482741182229802E-8
220.048867328	7.925674E-5	1.16752673307019E-7
220.050817024	7.34745E-6	1.7459933587815613E-7
220.05276672	-1.1598009E-5	2.502579263818916E-7
220.0547328	5.310418E-5	3.4379732483103E-7
220.056682496	1.6681375E-5	4.5267660198078374E-7
220.058632192	2.3748891E-5	5.712710731131665E-7
220.060598272	-3.639866E-5	6.909822900524887E-7
220.062547968	1.8285724E-5	8.010558190107986E-7
220.064497664	-7.841263E-5	8.900832995095698E-7
220.06644736	1.3816081E-5	9.479187497163366E-7
220.06841344	-3.9244376E-5	9.675749197413097E-7
220.070363136	-2.9206217E-6	9.466101573707419E-7
220.072312832	1.1898619E-4	8.876276638147829E-7
220.074278912	6.93649E-5	7.977429845595907E-7
220.076228608	2.000843E-5	6.871739515190711E-7
220.078178304	-3.7251597E-5	5.67338133805606E-7
220.080144384	2.4994793E-6	4.489393177209422E-7
220.08209408	-4.39602E-5	3.4048920838358754E-7
220.084043776	8.326155E-7	2.4750724492150766E-7
220.086009856	4.0614832E-5	1.7244182970443944E-7
220.087959552	-3.2846888E-6	1.15150797341812E-7
220.089909248	-2.701043E-5	7.369886390051761E-8
220.091858944	-4.846441E-5	4.520882868064291E-8
220.093825024	-7.724859E-5	2.6580107004292586E-8
220.09577472	-2.661996E-7	1.4978224882611357E-8
220.097724416	2.9620749E-5	8.08973688037895E-9
220.099690496	-3.6656955E-5	4.187715507697476E-9
220.101640192	-2.0242924E-5	2.0777437548247235E-9
220.103589888	1.7777193E-5	9.880465334788369E-10
220.105555968	-7.365948E-6	4.5033252127346657E-10
220.107505664	4.520791E-6	0.0
220.10945536	4.0230083E-7	0.0
220.11142144	3.286163E-5	0.0
220.113371136	6.155852E-5	0.0
220.115320832	-1.7566565E-5	0.0
220.117270528	-8.196128E-6	0.0
220.119236608	-1.8587687E-5	0.0
220.121186304	5.13958E-5	0.0
220.123136	-1.0931195E-6	0.0
220.12510208	-1.8973433E-5	0.0
220.127051776	-7.556398E-5	0.0
220.129001472	-5.0651884E-6	0.0
220.130967552	-1.6189822E-5	0.0
220.132917248	-1.813092E-5	0.0
220.134866944	-6.860251E-5	0.0
220.136833024	7.7043536E-5	0.0
220.13878272	3.117934E-5	0.0
220.140732416	-4.803807E-6	0.0
220.142682112	1.8417346E-5	0.0
220.144648192	9.847925E-5	0.0
220.146597888	1.2200024E-4	0.0
220.148547584	1.7479766E-5	0.0
220.150513664	-5.5236487E-5	0.0
220.15246336	9.817848E-6	0.0
220.154413056	4.570115E-6	0.0
220.156379136	3.6013225E-5	0.0
220.158328832	3.4551836E-6	0.0
220.160278528	-1.7205408E-5	0.0
220.162244608	-3.20304E-5	0.0
220.164194304	-1.3981737E-5	0.0
220.166144	1.148814E-4	0.0
220.168093696	7.028982E-5	0.0
220.170059776	3.5030812E-6	0.0
220.172009472	4.6652138E-5	0.0
220.173959168	1.72938E-5	0.0
220.175925248	1.2571194E-5	0.0
220.177874944	-4.172203E-6	0.0
220.17982464	4.0713654E-5	0.0
220.18179072	9.760746E-6	0.0
220.183740416	-7.033189E-5	0.0
220.185690112	1.4502866E-5	0.0
220.187656192	8.415469E-5	0.0
220.189605888	3.905136E-5	0.0
220.191555584	2.4471256E-5	0.0
220.19350528	3.8294136E-5	0.0
220.19547136	1.4666706E-5	0.0
220.197421056	3.259971E-5	0.0
220.199370752	7.6464385E-5	0.0
220.201336832	7.072655E-5	0.0
220.203286528	-2.7965247E-5	0.0
220.205236224	-1.9712696E-5	0.0
220.207202304	6.773612E-5	0.0
220.209152	6.572913E-5	0.0
220.211101696	3.2832046E-5	0.0
220.213067776	-6.685588E-6	0.0
220.215017472	-5.59002E-5	0.0
220.216967168	-5.521319E-5	0.0
220.218933248	-4.9231105E-5	0.0
220.220882944	-7.7244855E-5	0.0
220.22283264	-2.7811615E-5	0.0
220.224782336	1.893188E-5	0.0
220.226748416	-2.1433107E-5	0.0
220.228698112	-4.5797115E-5	0.0
220.230647808	-5.742481E-5	0.0
220.232613888	4.074328E-5	0.0
220.234563584	-2.18837E-5	0.0
220.23651328	-8.243083E-5	0.0
220.23847936	-1.760926E-5	0.0
220.240429056	2.7062551E-5	0.0
220.242378752	7.4162184E-5	0.0
220.244344832	-1.0274243E-5	0.0
220.246294528	1.8132172E-5	0.0
220.248244224	-7.289982E-5	0.0
220.25019392	-1.4872235E-4	0.0
220.25216	-3.055878E-5	0.0
220.254109696	1.529436E-5	0.0
220.256059392	-2.4994884E-5	0.0
220.258025472	-6.83737E-5	0.0
220.259975168	-4.636163E-5	0.0
220.261924864	6.624293E-5	0.0
220.263890944	-1.3766281E-5	0.0
220.26584064	2.1106496E-5	0.0
220.267790336	-1.7981502E-5	0.0
220.269756416	5.4989643E-5	0.0
220.271706112	1.3388826E-4	0.0
220.273655808	-3.590611E-5	0.0
220.275605504	-4.3720425E-5	0.0
220.277571584	9.502764E-5	0.0
220.27952128	6.840917E-5	0.0
220.281470976	2.213998E-5	0.0
220.283437056	6.140477E-5	0.0
220.285386752	4.3250824E-5	0.0
220.287336448	-8.468962E-6	0.0
220.289302528	-3.0932853E-5	0.0
220.291252224	2.0522484E-5	0.0
220.29320192	2.6801995E-6	0.0
220.295168	4.109789E-5	0.0
220.297117696	2.395045E-5	0.0
220.299067392	1.0012928E-4	0.0
220.301017088	-1.3209728E-5	0.0
220.302983168	-6.631171E-5	0.0
220.304932864	7.889054E-5	0.0
220.30688256	-3.5137855E-5	0.0
220.30884864	2.6657557E-5	0.0
220.310798336	1.6613796E-5	0.0
220.312748032	5.0221068E-5	0.0
220.314714112	1.3368668E-5	0.0
220.316663808	-6.4070926E-5	0.0
220.318613504	3.451082E-5	0.0
220.320579584	4.8808863E-5	0.0
220.32252928	-6.317771E-5	0.0
220.324478976	-5.5461438E-5	0.0
220.326428672	-5.5987563E-5	0.0
220.328394752	-5.0680854E-5	0.0
220.330344448	-1.2313706E-4	0.0
220.332294144	-3.5583365E-5	0.0
220.334260224	4.9402793E-6	0.0
220.33620992	-4.4345958E-5	0.0
220.338159616	-1.430344E-4	0.0
220.340125696	-1.4540381E-4	0.0
220.342075392	-1.0496409E-4	0.0
220.344025088	-8.714444E-5	0.0
220.345991168	-3.7945792E-5	0.0
220.347940864	1.6213298E-5	0.0
220.34989056	5.5571786E-6	0.0
220.351840256	5.468299E-5	0.0
220.353806336	4.86493E-5	0.0
220.355756032	2.9473571E-5	0.0
220.357705728	-3.3094416E-6	0.0
220.359671808	2.3829283E-5	0.0
220.361621504	7.5630705E-5	0.0
220.3635712	6.281345E-5	0.0
220.36553728	3.5614008E-5	0.0
220.367486976	5.053801E-5	2.9929703160291865E-10
220.369436672	3.8791062E-5	1.0941472172731892E-9
220.371402752	6.237212E-5	2.363837348084985E-9
220.373352448	-4.5466672E-6	4.896064442760917E-9
220.375302144	-9.654289E-5	9.722172400472573E-9
220.37725184	8.086023E-5	1.850830599892106E-8
220.37921792	1.5783345E-4	3.377977009222377E-8
220.381167616	2.365312E-4	5.910636602379782E-8
220.383117312	3.4685177E-4	9.915141419014617E-8
220.385083392	4.7382398E-4	1.5945997233757225E-7
220.387033088	5.5067794E-4	2.458606331856572E-7
220.388982784	7.5673114E-4	3.6342456155580294E-7
220.390948864	8.692308E-4	5.150233164386009E-7
220.39289856	9.032347E-4	6.997220225457568E-7
220.394848256	0.0010690419	9.114041290558816E-7
220.396814336	9.807075E-4	1.1381131344023743E-6
220.398764032	9.696877E-4	1.3625414112539147E-6
220.400713728	9.2411484E-4	1.563882733535138E-6
220.402663424	7.75117E-4	1.7208827784997993E-6
220.404629504	6.287186E-4	1.8154817098547937E-6
220.4065792	5.409071E-4	1.8362285345574492E-6
220.408528896	4.019766E-4	1.7805567722462001E-6
220.410494976	1.9922131E-4	1.655308665249322E-6
220.412444672	1.0593338E-4	1.475349677093618E-6
220.414394368	8.807962E-5	1.260674594050215E-6
220.416360448	-8.232588E-5	1.0327631798645598E-6
220.418310144	-1.4454738E-4	8.11124721167289E-7
220.42025984	-7.984894E-5	6.107486569817411E-7
220.42222592	-1.1063126E-4	4.4088417894272425E-7
220.424175616	-1.4367924E-4	3.051218868677097E-7
220.426125312	-1.2272301E-4	2.0244584675310762E-7
220.428075008	-8.2291175E-5	1.2877472954642144E-7
220.430041088	-1.4426574E-4	7.853089556419945E-8
220.431990784	-1.14420705E-4	4.5913076007764175E-8
220.43394048	-9.3292794E-5	2.5734802733268225E-8
220.43590656	-1.0641833E-4	1.3829014378075044E-8
220.437856256	-1.4831503E-4	7.124416168124981E-9
220.439805952	-5.3903947E-5	3.5188081337622634E-9
220.441772032	-8.458503E-5	1.666198734540103E-9
220.443721728	-1.0342424E-4	7.563913939634404E-10
220.445671424	-8.188349E-5	2.0379631315847746E-10
220.447637504	2.2366634E-5	0.0
220.4495872	-3.334368E-5	0.0
220.451536896	-5.2973246E-5	0.0
220.453486592	1.7286124E-5	0.0
220.455452672	1.5176009E-5	0.0
220.457402368	4.1236148E-5	0.0
220.459352064	3.858813E-5	0.0
220.461318144	-3.934679E-6	0.0
220.46326784	3.748075E-5	0.0
220.465217536	-3.6120135E-5	0.0
220.467183616	-9.840968E-5	0.0
220.469133312	7.68696E-6	0.0
220.471083008	7.771034E-6	0.0
220.473049088	-4.6691064E-5	0.0
220.474998784	-1.24551E-4	0.0
220.47694848	-5.256988E-5	0.0
220.478898176	-3.051528E-5	0.0
220.480864256	-1.4207008E-5	0.0
220.482813952	-4.9526298E-5	0.0
220.484763648	-1.9810093E-4	0.0
220.486729728	-6.8281646E-5	0.0
220.488679424	-5.408407E-5	0.0
220.49062912	-6.4018765E-5	0.0
220.4925952	-5.096603E-5	0.0
220.494544896	1.649236E-5	0.0
220.496494592	2.8507055E-5	0.0
220.498460672	-3.71865E-5	0.0
220.500410368	3.7016078E-5	0.0
220.502360064	3.2639335E-5	0.0
220.504326144	-4.7792804E-5	0.0
220.50627584	5.4170036E-5	0.0
220.508225536	-2.5743882E-5	0.0
220.510175232	-3.9083974E-5	0.0
220.512141312	-6.8397726E-6	0.0
220.514091008	4.3724394E-5	0.0
220.516040704	1.74344E-5	0.0
220.518006784	9.288909E-5	0.0
220.51995648	1.36406725E-5	0.0
220.521906176	-1.1095954E-5	0.0
220.523872256	1.99556E-5	0.0
220.525821952	3.8393577E-5	0.0
220.527771648	1.5240277E-5	0.0
220.529737728	2.5527695E-5	0.0
220.531687424	4.1042098E-5	0.0
220.53363712	-1.2142913E-5	0.0
220.535586816	-7.6791905E-5	0.0
220.537552896	-3.988127E-5	0.0
220.539502592	8.7213826E-5	0.0
220.541452288	3.0454596E-5	0.0
220.543418368	3.030984E-5	0.0
220.545368064	-2.7204691E-5	0.0
220.54731776	-1.3846191E-4	0.0
220.54928384	-4.0565275E-5	0.0
220.551233536	4.5414366E-5	0.0
220.553183232	-4.667819E-6	0.0
220.555149312	-2.66277E-5	0.0
220.557099008	-8.431312E-5	0.0
220.559048704	1.6623517E-5	0.0
220.5609984	1.2386721E-6	0.0
220.56296448	1.1245922E-5	0.0
220.564914176	9.569449E-5	0.0
220.566863872	1.02589205E-4	0.0
220.568829952	1.4179552E-5	0.0
220.570779648	2.8235305E-5	0.0
220.572729344	2.1098886E-5	0.0
220.574695424	-2.454793E-6	0.0
220.57664512	3.7024554E-5	0.0
220.578594816	1.0731861E-4	0.0
220.580560896	1.6929873E-4	0.0
220.582510592	9.23185E-6	0.0
220.584460288	3.4777324E-5	0.0
220.586409984	5.12247E-5	0.0
220.588376064	2.5868712E-5	0.0
220.59032576	1.8371573E-5	0.0
220.592275456	3.6836187E-5	0.0
220.594241536	-6.523341E-5	0.0
220.596191232	3.0634998E-5	0.0
220.598140928	8.453597E-5	0.0
220.600107008	4.1361214E-5	0.0
220.602056704	-5.3822528E-6	0.0
220.6040064	1.1485832E-4	0.0
220.60597248	8.3183324E-5	0.0
220.607922176	4.8404305E-5	0.0
220.609871872	1.9848476E-5	0.0
220.611821568	8.050234E-6	0.0
220.613787648	-2.2152099E-5	0.0
220.615737344	3.553163E-5	0.0
220.61768704	-2.6186042E-5	0.0
220.61965312	4.1133928E-5	0.0
220.621602816	3.9759558E-5	0.0
220.623552512	-3.0253664E-6	0.0
220.625518592	4.2578745E-6	0.0
220.627468288	3.1440054E-6	0.0
220.629417984	3.3054494E-5	0.0
220.631384064	8.2324164E-5	0.0
220.63333376	2.3316447E-6	0.0
220.635283456	2.538166E-5	0.0
220.637233152	-1.07375035E-5	0.0
220.639199232	-6.806411E-5	0.0
220.641148928	-8.322909E-5	0.0
220.643098624	-8.557847E-5	0.0
220.645064704	2.9087155E-6	0.0
220.6470144	-2.7334643E-5	0.0
220.648964096	-2.4645137E-6	0.0
220.650930176	-1.8432203E-5	0.0
220.652879872	-4.7659127E-5	0.0
220.654829568	-6.389882E-5	0.0
220.656795648	-3.5872013E-6	0.0
220.658745344	1.5464014E-6	2.0609969286766727E-10
220.66069504	5.1609684E-5	4.696345534682678E-10
220.662644736	3.3291326E-5	1.0259316729488432E-9
220.664610816	-4.3750875E-5	2.148603739371424E-9
220.666560512	-6.4639257E-6	4.313859047755386E-9
220.668510208	1.4412535E-5	8.303364218420484E-9
220.670476288	-6.734059E-5	1.532196947096054E-8
220.672425984	-3.0436799E-5	2.7105256705795E-8
220.67437568	-3.8185248E-5	4.596894598307699E-8
220.67634176	-3.278759E-5	7.47399866440901E-8
220.678291456	5.744789E-6	1.16496771340735E-7
220.680241152	6.290904E-5	1.740802275662645E-7
220.682207232	4.4850203E-5	2.4937983766903926E-7
220.684156928	4.6272603E-6	3.424884198466316E-7
220.686106624	-5.346899E-6	4.509273594521801E-7
220.68805632	3.1029384E-5	5.691684350495052E-7
220.6900224	9.482369E-5	6.887341328365437E-7
220.691972096	8.141035E-5	7.989832511157147E-7
220.693921792	3.5799036E-5	8.885895113053266E-7
220.695887872	5.319626E-6	9.47418300256686E-7
220.697837568	5.4776792E-5	9.68412791735318E-7
220.699787264	1.2105023E-4	9.489804710938188E-7
220.701753344	7.1495924E-5	8.915218359106802E-7
220.70370304	4.126988E-5	8.029422247091134E-7
220.705652736	9.260546E-6	6.932882001819962E-7
220.707618816	6.6735396E-5	5.738774007113534E-7
220.709568512	6.203814E-5	4.5540724613601924E-7
220.711518208	5.7784775E-5	3.4646211588551523E-7
220.713467904	1.0235153E-4	2.526888067677646E-7
220.715433984	1.06043626E-4	1.7668138241333509E-7
220.71738368	3.8697057E-5	1.1843221869867193E-7
220.719333376	4.0342625E-6	7.610681507230765E-8
220.721299456	9.387322E-6	4.6886931670542253E-8
220.723249152	4.111974E-5	2.769205131869512E-8
220.725198848	8.816673E-5	1.5679596288009634E-8
220.727164928	6.229313E-5	8.511150006995649E-9
220.729114624	4.1279884E-5	4.429118405369081E-9
220.73106432	9.465841E-5	2.209641358774661E-9
220.7330304	1.2514092E-5	1.056821630207594E-9
220.734980096	5.0687937E-5	4.845701062627938E-10
220.736929792	9.794851E-5	2.1300392005763058E-10
220.738879488	1.5057324E-4	0.0
220.740845568	8.866742E-5	0.0
220.742795264	9.3264964E-5	0.0
220.74474496	1.4414557E-4	0.0
220.74671104	1.15131166E-4	0.0
220.748660736	4.9145652E-5	0.0
220.750610432	-5.13135E-5	0.0
220.752576512	6.981794E-5	0.0
220.754526208	7.466823E-5	0.0
220.756475904	8.128984E-5	0.0
220.758441984	6.4080946E-6	0.0
220.76039168	-4.067208E-5	0.0
220.762341376	1.6673946E-5	0.0
220.764291072	-2.9713536E-5	0.0
220.766257152	-1.5885476E-5	0.0
220.768206848	-3.739129E-5	0.0
220.770156544	1.2021117E-5	0.0
220.772122624	-1.6008644E-5	0.0
220.77407232	-5.229396E-5	0.0
220.776022016	1.1335715E-5	0.0
220.777988096	2.7467211E-5	0.0
220.779937792	5.0200942E-5	0.0
220.781887488	3.117211E-5	0.0
220.783853568	-5.8775126E-6	0.0
220.785803264	4.722531E-5	0.0
220.78775296	-1.0284182E-5	0.0
220.789702656	1.9302956E-6	0.0
220.791668736	3.4285928E-5	0.0
220.793618432	1.37755615E-5	0.0
220.795568128	-2.9314839E-5	0.0
220.797534208	-7.589103E-5	0.0
220.799483904	-1.3109757E-5	0.0
220.8014336	5.1477728E-5	0.0
220.80339968	1.2009715E-4	0.0
220.805349376	9.0731985E-5	0.0
220.807299072	5.1405535E-5	0.0
220.809265152	8.7498694E-5	0.0
220.811214848	1.9894045E-5	0.0
220.813164544	-4.928019E-5	0.0
220.815130624	-2.5584248E-5	0.0
220.81708032	3.8665486E-5	0.0
220.819030016	6.2203167E-6	0.0
220.820979712	7.248906E-5	0.0
220.822945792	4.6632886E-5	0.0
220.824895488	1.86546E-5	0.0
220.826845184	9.803517E-5	0.0
220.828811264	8.488104E-5	0.0
220.83076096	-3.7508526E-5	0.0
220.832710656	2.1469406E-5	0.0
220.834676736	4.6965804E-5	0.0
220.836626432	7.319589E-5	0.0
220.838576128	-4.0217823E-5	0.0
220.840542208	-3.0203651E-5	0.0
220.842491904	-1.3098697E-5	0.0
220.8444416	4.1707317E-5	0.0
220.846391296	-4.3447228E-5	0.0
220.848357376	-3.6712452E-5	0.0
220.850307072	-1.8619025E-5	0.0
220.852256768	6.280954E-5	0.0
220.854222848	3.441183E-5	0.0
220.856172544	-5.1533265E-5	0.0
220.85812224	2.4072737E-5	0.0
220.86008832	1.1854921E-6	0.0
220.862038016	-3.7624708E-5	0.0
220.863987712	7.1740637E-6	0.0
220.865953792	-6.726076E-5	0.0
220.867903488	-4.0074836E-5	0.0
220.869853184	-3.5791352E-5	0.0
220.87180288	6.9823036E-5	0.0
220.87376896	8.881001E-5	0.0
220.875718656	7.9556215E-5	0.0
220.877668352	5.012421E-5	0.0
220.879634432	7.043606E-6	0.0
220.881584128	-5.259269E-5	0.0
220.883533824	-4.978059E-5	0.0
220.885499904	4.5889524E-6	0.0
220.8874496	2.3883467E-5	0.0
220.889399296	5.761488E-5	0.0
220.891365376	-1.24829185E-5	0.0
220.893315072	8.741883E-5	0.0
220.895264768	9.818102E-5	0.0
220.897214464	2.7371467E-5	0.0
220.899180544	5.1060757E-5	0.0
220.90113024	6.0276252E-5	0.0
220.903079936	4.976629E-5	0.0
220.905046016	-2.7086235E-5	0.0
220.906995712	-2.3690334E-5	0.0
220.908945408	1.4649266E-5	0.0
220.910911488	1.638942E-5	0.0
220.912861184	-3.9673756E-7	0.0
220.91481088	2.2575985E-5	0.0
220.91677696	-4.12472E-6	0.0
220.918726656	5.559798E-6	3.897819220166632E-11
220.920676352	-5.2274245E-5	8.804382223281948E-11
220.922626048	-7.1689574E-5	1.9067562806451832E-10
220.924592128	-8.4414256E-5	3.9592562561807654E-10
220.926541824	-1.8697197E-5	7.882188235441845E-10
220.92849152	4.8586277E-5	1.5045236168020892E-9
220.9304576	5.446921E-5	2.7534212687641E-9
220.932407296	5.3239397E-5	4.831273603400632E-9
220.934356992	1.09453595E-5	8.127735817708981E-9
220.936323072	-6.3536296E-5	1.3109792362797634E-8
220.938272768	-6.412093E-5	2.0274164569400455E-8
220.940222464	-2.8087501E-5	3.0098998848870906E-8
220.942188544	8.4506955E-6	4.282106047526213E-8
220.94413824	-6.5267515E-5	5.8435169592030434E-8
220.946087936	-6.7593806E-5	7.650896804989316E-8
220.948037632	-3.284673E-5	9.615060037049261E-8
220.950003712	-1.5100575E-5	1.1605805383396728E-7
220.951953408	-7.285246E-5	1.3468660142734734E-7
220.953903104	-7.168385E-5	1.5051641355512402E-7
220.955869184	-4.7603527E-5	1.6236897693033825E-7
220.95781888	-6.319805E-5	1.6968670024652965E-7
220.959768576	-3.8793605E-5	1.7269087493332336E-7
220.961734656	2.035123E-5	1.7235555560546345E-7
220.963684352	-1.4533886E-6	1.701820906419016E-7
220.965634048	2.8909008E-5	1.6782222189704044E-7
220.967600128	5.6975427E-5	1.666460320848273E-7
220.969549824	1.8120028E-5	1.6737257624299673E-7
220.97149952	8.5423024E-5	1.6987078765851038E-7
220.973449216	2.9076507E-5	1.7318882328254404E-7
220.975415296	-5.6645235E-6	1.7580330791133747E-7
220.977364992	2.7607455E-5	1.760168544251428E-7
220.979314688	-7.663415E-5	1.7239372596122848E-7
220.981280768	-2.3590148E-5	1.6417745030139486E-7
220.983230464	4.633706E-5	1.5129248254197591E-7
220.98518016	3.7126338E-5	1.3455949954277457E-7
220.98714624	-1.770423E-5	1.153792155150768E-7
220.989095936	-5.970917E-5	9.547328971848401E-8
220.991045632	-8.5567284E-5	7.6582900021549E-8
220.993011712	3.7654325E-5	6.023216769790452E-8
220.994961408	1.1203469E-4	4.7593474050700024E-8
220.996911104	1.046234E-4	3.9424087105999206E-8
220.9988608	4.6648616E-5	3.6241456058405674E-8
221.00082688	1.0448615E-5	3.8126685808492766E-8
221.002776576	4.904117E-5	4.495220906619579E-8
221.004726272	9.330541E-6	5.6295927919336464E-8
221.006692352	6.308429E-5	7.139010449463967E-8
221.008642048	7.370396E-5	8.907312576411641E-8
221.010591744	3.349781E-5	1.0779291415019543E-7
221.012557824	2.7495951E-5	1.2569996954425733E-7
221.01450752	1.0952068E-5	1.4084517374612915E-7
221.016457216	3.5877303E-5	1.5145236886837665E-7
221.018423296	-6.131846E-5	1.56210077761898E-7
221.020372992	-2.7026146E-5	1.5449123225153016E-7
221.022322688	-2.6307078E-5	1.46528066125029E-7
221.024272384	8.51714E-6	1.3324981296136684E-7
221.026238464	7.2173694E-5	1.161827825058026E-7
221.02818816	8.942356E-5	9.712830006947115E-8
221.030137856	7.4149466E-5	7.785347122535313E-8
221.032103936	-1.2191634E-4	5.983281425869791E-8
221.034053632	-9.4787625E-5	4.408893872209774E-8
221.036003328	1.5062984E-5	3.114924851388423E-8
221.037969408	6.161305E-5	2.1100603930790385E-8
221.039919104	-2.0061316E-5	1.3704705814632234E-8
221.0418688	-8.766452E-7	8.534424722483891E-9
221.04383488	7.3622614E-5	5.095744715077899E-9
221.045784576	7.47526E-5	2.9172129156762594E-9
221.047734272	-3.8472335E-5	1.6012479120419698E-9
221.049683968	-7.023795E-5	8.427100683938704E-10
221.051650048	-6.843074E-5	5.467803987357911E-10
221.053599744	1.6866083E-5	4.730123515095386E-10
221.05554944	7.992706E-5	6.589647716381819E-10
221.05751552	3.76823E-5	1.1816743139547725E-9
221.059465216	-1.9234982E-5	2.2082153883218325E-9
221.061414912	8.559928E-5	4.1040775222711545E-9
221.063380992	1.1440376E-4	7.313557315313801E-9
221.065330688	1.2986021E-4	1.2496309764742364E-8
221.067280384	1.04926214E-4	2.047270974969706E-8
221.069246464	2.7186366E-5	3.215947685930587E-8
221.07119616	2.3464168E-5	4.8437737376616496E-8
221.073145856	3.2053147E-5	6.995144730126412E-8
221.075095552	9.973077E-5	9.686153390475738E-8
221.077061632	-5.3776526E-5	1.286011013235111E-7
221.079011328	3.639942E-6	1.637115900621211E-7
221.080961024	7.253361E-5	1.9982664412054874E-7
221.082927104	3.643067E-5	2.3386699865568517E-7
221.0848768	2.2977756E-5	2.6243677098136686E-7
221.086826496	8.8772904E-5	2.823718148192711E-7
221.088792576	9.880734E-5	2.913125172199216E-7
221.090742272	-6.692187E-6	2.881629939111008E-7
221.092691968	5.741766E-5	2.7331176966072235E-7
221.094658048	-1.806142E-5	2.4855319225025596E-7
221.096607744	-4.9942308E-5	2.16731081081889E-7
221.09855744	6.42094E-5	1.8120232425644645E-7
221.10052352	3.5520898E-5	1.4526023051075754E-7
221.102473216	-1.3572129E-5	1.116529162459301E-7
221.104422912	-2.1138318E-5	8.228742132132538E-8
221.106372608	-3.9007457E-5	5.814828796246729E-8
221.108338688	1.2972863E-5	3.939857862178542E-8
221.110288384	-2.4284736E-5	2.5595536357059245E-8
221.11223808	-1.6011729E-5	1.5943657061257E-8
221.11420416	-7.705157E-5	9.522507227188726E-9
221.116153856	2.6243373E-5	5.453243190345347E-9
221.118103552	4.5201734E-5	2.994327896743698E-9
221.120069632	5.920107E-5	1.5764644034632624E-9
221.122019328	7.1619347E-6	7.958096404081516E-10
221.123969024	-7.465908E-5	3.851897967255269E-10
221.125935104	-6.168682E-6	1.7876428115570775E-10
221.1278848	6.255256E-6	7.954761155337664E-11
221.129834496	-4.5166016E-5	0.0
221.131784192	2.3929953E-5	0.0
221.133750272	4.130444E-5	0.0
221.135699968	3.916399E-5	0.0
221.137649664	-1.0077487E-5	0.0
221.139615744	3.157169E-5	0.0
221.14156544	3.6314785E-5	0.0
221.143515136	-2.710754E-6	0.0
221.145481216	-1.1364313E-5	0.0
221.147430912	-2.7571868E-5	0.0
221.149380608	4.957908E-5	0.0
221.151346688	8.3111845E-5	0.0
221.153296384	1.1408171E-4	0.0
221.15524608	-1.6093787E-5	0.0
221.157195776	-3.6400477E-5	0.0
221.159161856	2.4290266E-5	0.0
221.161111552	-1.1137121E-5	0.0
221.163061248	-7.528714E-5	0.0
221.165027328	-9.821504E-6	0.0
221.166977024	1.2331357E-5	0.0
221.16892672	-3.6596116E-6	0.0
221.1708928	1.135429E-5	0.0
221.172842496	-1.0978684E-4	0.0
221.174792192	-1.7790526E-5	0.0
221.176758272	4.958058E-5	0.0
221.178707968	1.0795569E-5	0.0
221.180657664	1.0937931E-5	0.0
221.18260736	7.1692325E-6	0.0
221.18457344	1.0657953E-6	0.0
221.186523136	-2.8668014E-6	0.0
221.188472832	1.344396E-5	0.0
221.190438912	1.3090537E-5	0.0
221.192388608	4.794643E-5	0.0
221.194338304	5.792242E-5	0.0
221.196304384	2.5113002E-5	0.0
221.19825408	1.576253E-5	0.0
221.200203776	1.0408452E-5	0.0
221.202169856	-2.4834959E-5	0.0
221.204119552	4.8069378E-5	0.0
221.206069248	-4.589326E-6	0.0
221.208018944	2.0238911E-5	0.0
221.209985024	1.289101E-4	0.0
221.21193472	5.7656238E-5	0.0
221.213884416	3.0299741E-5	0.0
221.215850496	3.825045E-5	0.0
221.217800192	8.208701E-5	0.0
221.219749888	3.7583086E-5	0.0
221.221715968	3.0188953E-6	0.0
221.223665664	6.135475E-5	0.0
221.22561536	5.4383934E-5	0.0
221.22758144	4.148778E-5	0.0
221.229531136	5.7922567E-5	0.0
221.231480832	1.7838478E-5	0.0
221.233430528	-6.0305294E-5	0.0
221.235396608	-4.0473983E-6	0.0
221.237346304	4.427041E-5	0.0
221.239296	1.0266652E-4	0.0
221.24126208	1.18846576E-4	0.0
221.243211776	3.4404286E-5	0.0
221.245161472	2.3823703E-5	0.0
221.247127552	1.620491E-5	0.0
221.249077248	-4.1908766E-5	0.0
221.251026944	3.973479E-6	0.0
221.252993024	-4.9685957E-5	0.0
221.25494272	5.317368E-5	0.0
221.256892416	-1.48411655E-5	0.0
221.258842112	1.3272298E-5	0.0
221.260808192	2.0374884E-5	0.0
221.262757888	5.6772777E-5	0.0
221.264707584	-2.5346677E-5	0.0
221.266673664	5.1142044E-5	0.0
221.26862336	8.9689765E-6	0.0
221.270573056	-4.8085785E-5	0.0
221.272539136	-8.550467E-6	0.0
221.274488832	4.5357352E-5	0.0
221.276438528	1.00581E-5	0.0
221.278404608	-2.7670549E-5	0.0
221.280354304	2.7748398E-5	0.0
221.282304	8.375469E-6	0.0
221.284253696	-1.5558757E-5	0.0
221.286219776	3.374315E-5	0.0
221.288169472	2.2045619E-5	0.0
221.290119168	4.057445E-5	0.0
221.292085248	-3.6587967E-6	0.0
221.294034944	-3.2434476E-5	0.0
221.29598464	6.614106E-6	0.0
221.29795072	6.347299E-5	0.0
221.299900416	5.2822877E-5	0.0
221.301850112	9.202719E-5	0.0
221.303816192	1.7001568E-5	0.0
221.305765888	1.661226E-5	0.0
221.307715584	5.687691E-5	0.0
221.30966528	3.9632687E-5	0.0
221.31163136	4.0343148E-5	0.0
221.313581056	-2.269145E-5	0.0
221.315530752	-3.3717075E-5	0.0
221.317496832	1.49732205E-5	0.0
221.319446528	9.066202E-5	0.0
221.321396224	6.733562E-5	0.0
221.323362304	-1.6630273E-5	0.0
221.325312	9.181274E-6	0.0
221.327261696	-6.3205945E-5	0.0
221.329227776	-1.1727761E-5	0.0
221.331177472	7.5846024E-6	0.0
221.333127168	2.984729E-7	0.0
221.335076864	-1.7194412E-6	0.0
221.337042944	-3.0636452E-6	0.0
221.33899264	1.5301148E-5	0.0
221.340942336	1.9415006E-6	0.0
221.342908416	-2.6608805E-5	0.0
221.344858112	-9.808297E-7	0.0
221.346807808	2.0281628E-5	0.0
221.348773888	5.54426E-5	0.0
221.350723584	1.0207667E-4	0.0
221.35267328	5.3056072E-5	0.0
221.35463936	4.3017695E-5	0.0
221.356589056	7.2114E-5	0.0
221.358538752	6.9185924E-5	0.0
221.360488448	2.5500796E-5	0.0
221.362454528	-3.7747973E-6	0.0
221.364404224	6.481194E-5	0.0
221.36635392	4.2446605E-5	0.0
221.36832	7.806639E-5	0.0
221.370269696	1.3637822E-6	0.0
221.372219392	-5.6462E-5	0.0
221.374185472	-9.968762E-6	0.0
221.376135168	-9.116714E-5	0.0
221.378084864	-3.5368383E-5	0.0
221.380050944	-3.190441E-5	0.0
221.38200064	4.2305524E-5	0.0
221.383950336	1.2620794E-5	0.0
221.385916416	-1.5432192E-5	0.0
221.387866112	2.2233236E-5	0.0
221.389815808	7.600675E-6	0.0
221.391765504	-3.4276556E-5	0.0
221.393731584	-5.464818E-5	0.0
221.39568128	-2.1026513E-6	0.0
221.397630976	1.8648307E-5	0.0
221.399597056	-2.2909911E-5	0.0
221.401546752	-6.4764354E-5	0.0
221.403496448	4.6023466E-5	0.0
221.405462528	4.3962376E-5	0.0
221.407412224	2.3282983E-5	0.0
221.40936192	5.998066E-5	0.0
221.411328	1.097454E-4	0.0
221.413277696	4.2478372E-5	0.0
221.415227392	2.7946391E-5	0.0
221.417177088	7.164213E-5	0.0
221.419143168	6.0755723E-5	0.0
221.421092864	-7.663091E-6	0.0
221.42304256	1.4279756E-5	0.0
221.42500864	1.0416208E-5	0.0
221.426958336	7.311965E-6	0.0
221.428908032	-5.1436814E-6	0.0
221.430874112	-6.290206E-5	0.0
221.432823808	2.0951526E-5	0.0
221.434773504	-3.2242183E-6	0.0
221.436739584	-2.7376458E-5	0.0
221.43868928	-9.4088704E-5	0.0
221.440638976	-3.236492E-5	0.0
221.442588672	1.8839264E-5	0.0
221.444554752	8.429305E-5	0.0
221.446504448	3.7597318E-5	0.0
221.448454144	-2.9492599E-6	0.0
221.450420224	-5.4662614E-5	0.0
221.45236992	-2.7746223E-6	0.0
221.454319616	4.0825216E-5	0.0
221.456285696	9.025653E-5	0.0
221.458235392	-3.872506E-6	0.0
221.460185088	-9.602803E-6	0.0
221.462151168	-3.1415868E-5	0.0
221.464100864	-4.3037577E-5	0.0
221.46605056	-4.663311E-5	0.0
221.468000256	-9.519718E-5	0.0
221.469966336	-4.5550398E-5	0.0
221.471916032	-4.614659E-5	0.0
221.473865728	3.4558943E-5	0.0
221.475831808	-8.301719E-5	0.0
221.477781504	2.1720783E-5	0.0
221.4797312	5.587865E-5	0.0
221.48169728	5.5535966E-5	0.0
221.483646976	2.3389925E-5	0.0
221.485596672	2.8578723E-5	0.0
221.487562752	-3.0670915E-5	0.0
221.489512448	-2.1406815E-5	0.0
221.491462144	-2.3213537E-5	0.0
221.49341184	2.2161219E-5	0.0
221.49537792	-4.9583974E-5	0.0
221.497327616	-5.0505092E-5	0.0
221.499277312	6.518796E-5	0.0
221.501243392	7.181767E-5	0.0
221.503193088	1.04039045E-5	0.0
221.505142784	-3.988754E-6	0.0
221.507108864	-3.168975E-5	0.0
221.50905856	-3.670305E-5	0.0
221.511008256	1.8435805E-5	0.0
221.512974336	-2.508607E-5	0.0
221.514924032	-6.803179E-5	0.0
221.516873728	-9.989471E-5	0.0
221.518823424	-2.140139E-5	0.0
221.520789504	5.919823E-5	0.0
221.5227392	6.924847E-5	0.0
221.524688896	5.082679E-5	0.0
221.526654976	2.4090554E-7	0.0
221.528604672	4.0891887E-6	0.0
221.530554368	7.2559255E-6	0.0
221.532520448	7.342913E-5	0.0
221.534470144	9.8422934E-5	0.0
221.53641984	5.558783E-5	0.0
221.53838592	-1.6930951E-5	0.0
221.540335616	-2.6395579E-5	0.0
221.542285312	-3.747135E-5	0.0
221.544235008	-1.338603E-6	0.0
221.546201088	2.0539808E-5	0.0
221.548150784	1.3877294E-5	0.0
221.55010048	6.562686E-5	0.0
221.55206656	9.3292816E-5	0.0
221.554016256	4.8950395E-5	0.0
221.555965952	7.872381E-6	0.0
221.557932032	-5.2611153E-6	0.0
221.559881728	1.0755888E-6	0.0
221.561831424	6.2037325E-5	0.0
221.563797504	3.57408E-6	0.0
221.5657472	4.5400397E-5	0.0
221.567696896	6.343936E-5	0.0
221.569646592	1.0784613E-4	0.0
221.571612672	8.998102E-5	0.0
221.573562368	4.372662E-5	0.0
221.575512064	5.777975E-6	0.0
221.577478144	3.8593607E-5	0.0
221.57942784	-3.444567E-5	0.0
221.581377536	5.7542043E-6	0.0
221.583343616	4.1782056E-5	0.0
221.585293312	8.382592E-5	0.0
221.587243008	5.0217124E-5	0.0
221.589209088	5.655353E-6	0.0
221.591158784	-6.9856555E-6	0.0
221.59310848	-6.707179E-5	0.0
221.595058176	-7.9651625E-5	0.0
221.597024256	-8.594561E-5	0.0
221.598973952	-2.2873514E-6	0.0
221.600923648	-9.2955615E-6	0.0
221.602889728	1.9700767E-5	0.0
221.604839424	3.3273573E-5	0.0
221.60678912	5.7867648E-5	0.0
221.6087552	1.843817E-5	0.0
221.610704896	2.5284448E-6	0.0
221.612654592	-9.2767146E-7	0.0
221.614620672	6.7082576E-5	0.0
221.616570368	-9.257341E-6	0.0
221.618520064	-1.4049301E-5	0.0
221.62046976	7.084601E-5	0.0
221.62243584	7.246131E-5	0.0
221.624385536	4.3882014E-6	0.0
221.626335232	1.6001126E-6	0.0
221.628301312	8.459247E-5	0.0
221.630251008	9.258395E-5	0.0
221.632200704	-3.7104778E-6	0.0
221.634166784	-3.032356E-5	0.0
221.63611648	3.6087367E-5	0.0
221.638066176	-5.3483054E-5	0.0
221.640032256	-6.930576E-5	0.0
221.641981952	-7.797944E-5	0.0
221.643931648	-2.6054195E-5	0.0
221.645881344	1.2899049E-5	0.0
221.647847424	1.1457191E-4	0.0
221.64979712	1.089465E-4	0.0
221.651746816	1.3931252E-5	0.0
221.653712896	-9.930905E-6	0.0
221.655662592	-5.4027456E-5	0.0
221.657612288	-5.3173306E-5	0.0
221.659578368	-8.972371E-6	0.0
221.661528064	-4.2634598E-5	0.0
221.66347776	-3.8034063E-6	0.0
221.66544384	4.832588E-6	0.0
221.667393536	-2.5124087E-5	0.0
221.669343232	3.288588E-5	0.0
221.671309312	6.117764E-5	0.0
221.673259008	4.522963E-5	0.0
221.675208704	4.5420056E-5	0.0
221.6771584	-6.881615E-7	0.0
221.67912448	-1.01451355E-4	0.0
221.681074176	1.1666218E-5	0.0
221.683023872	8.610599E-5	0.0
221.684989952	9.118007E-5	0.0
221.686939648	-7.5288954E-5	0.0
221.688889344	-1.3152132E-5	0.0
221.690855424	4.3496766E-5	0.0
221.69280512	1.3735813E-5	0.0
221.694754816	8.045206E-6	0.0
221.696720896	-4.7325844E-5	0.0
221.698670592	-3.229509E-5	0.0
221.700620288	1.2061238E-4	0.0
221.702569984	2.4877982E-5	0.0
221.704536064	-3.131256E-5	0.0
221.70648576	-8.107138E-5	0.0
221.708435456	-6.8394154E-5	0.0
221.710401536	-1.4642423E-5	0.0
221.712351232	-1.7242006E-5	0.0
221.714300928	-1.9082521E-5	0.0
221.716267008	-3.6907688E-5	0.0
221.718216704	6.7223846E-5	0.0
221.7201664	2.9356814E-5	0.0
221.72213248	5.1172807E-5	0.0
221.724082176	4.0267572E-5	0.0
221.726031872	1.2930343E-5	0.0
221.727981568	5.998255E-5	0.0
221.729947648	2.7649416E-5	0.0
221.731897344	5.2007053E-5	0.0
221.73384704	-4.8510487E-5	0.0
221.73581312	-6.667932E-5	0.0
221.737762816	5.7892526E-6	0.0
221.739712512	5.282082E-6	0.0
221.741678592	-5.6272415E-6	0.0
221.743628288	-5.93397E-5	0.0
221.745577984	3.5143123E-5	0.0
221.747544064	2.6549349E-5	0.0
221.74949376	1.2412114E-6	0.0
221.751443456	6.459651E-5	0.0
221.753393152	5.0210125E-5	0.0
221.755359232	-4.679963E-6	0.0
221.757308928	1.1896269E-5	0.0
221.759258624	4.8684437E-6	0.0
221.761224704	4.6743902E-5	0.0
221.7631744	2.384828E-5	0.0
221.765124096	6.169688E-5	0.0
221.767090176	-1.6502798E-5	0.0
221.769039872	9.907029E-6	0.0
221.770989568	8.27579E-5	0.0
221.772955648	4.8599315E-5	0.0
221.774905344	-3.1732026E-5	0.0
221.77685504	1.0612695E-5	0.0
221.778804736	1.2517324E-6	0.0
221.780770816	7.617022E-5	0.0
221.782720512	1.8469907E-5	0.0
221.784670208	-6.122892E-5	0.0
221.786636288	1.554498E-5	0.0
221.788585984	2.3277184E-5	0.0
221.79053568	4.4930407E-6	0.0
221.79250176	7.320726E-5	0.0
221.794451456	5.3693955E-5	0.0
221.796401152	2.1243772E-5	0.0
221.798367232	8.756726E-5	0.0
221.800316928	5.4317484E-6	0.0
221.802266624	-1.9181634E-5	0.0
221.80421632	4.8019087E-5	0.0
221.8061824	5.308417E-5	0.0
221.808132096	2.7226493E-5	0.0
221.810081792	4.3326996E-5	0.0
221.812047872	4.7419003E-6	0.0
221.813997568	3.3128804E-6	0.0
221.815947264	5.1509727E-5	0.0
221.817913344	2.2207683E-5	0.0
221.81986304	5.263101E-5	0.0
221.821812736	2.1021891E-5	0.0
221.823778816	-5.178206E-6	0.0
221.825728512	-1.0616497E-5	0.0
221.827678208	3.3334123E-5	0.0
221.829627904	4.066038E-5	0.0
221.831593984	1.85359E-5	0.0
221.83354368	2.5884858E-5	0.0
221.835493376	2.6089097E-6	0.0
221.837459456	1.2835886E-5	0.0
221.839409152	2.2212325E-5	0.0
221.841358848	-2.7587002E-5	0.0
221.843324928	-4.6982615E-5	0.0
221.845274624	1.4402523E-5	0.0
221.84722432	-1.0514816E-5	0.0
221.8491904	-5.4525404E-5	0.0
221.851140096	-5.0969697E-6	0.0
221.853089792	-3.3868942E-6	0.0
221.855039488	5.7901685E-5	0.0
221.857005568	6.56142E-5	0.0
221.858955264	-4.864583E-6	0.0
221.86090496	4.0255443E-5	0.0
221.86287104	3.99688E-5	0.0
221.864820736	1.2527852E-4	0.0
221.866770432	5.897326E-5	0.0
