  0.010000     6.252726E-02     6.297344E-02     3.533948E-02     4.042565E-02     1.259273E-02     5.440388E-02     2.262871E-02     1.948216E-02     6.753108E-03     2.935885E-02     3.385482E-02     2.307602E-03
  0.030000     6.274591E-02     6.288030E-02     3.516154E-02     4.024396E-02     1.249629E-02     5.430529E-02     2.248375E-02     1.934978E-02     6.696377E-03     2.920703E-02     3.369707E-02     2.291851E-03
  0.050000     6.317290E-02     6.269048E-02     3.480723E-02     3.988163E-02     1.230533E-02     5.410575E-02     2.219603E-02     1.908723E-02     6.584204E-03     2.890490E-02     3.338273E-02     2.260742E-03
  0.070000     6.378809E-02     6.239722E-02     3.427980E-02     3.934092E-02     1.202367E-02     5.380081E-02     2.176994E-02     1.869891E-02     6.419132E-03     2.845557E-02     3.291422E-02     2.215047E-03
  0.090000     6.456241E-02     6.199119E-02     3.358430E-02     3.862549E-02     1.165695E-02     5.338443E-02     2.121206E-02     1.819140E-02     6.204885E-03     2.786378E-02     3.229536E-02     2.155882E-03
  0.110000     6.545916E-02     6.146138E-02     3.272781E-02     3.774073E-02     1.121250E-02     5.284958E-02     2.053115E-02     1.757335E-02     5.946266E-03     2.713612E-02     3.153160E-02     2.084662E-03
  0.130000     6.643563E-02     6.079610E-02     3.171960E-02     3.669405E-02     1.069919E-02     5.218913E-02     1.973807E-02     1.685542E-02     5.649006E-03     2.628109E-02     3.063025E-02     2.003042E-03
  0.150000     6.744498E-02     5.998419E-02     3.057126E-02     3.549519E-02     1.012716E-02     5.139663E-02     1.884564E-02     1.605004E-02     5.319593E-03     2.530916E-02     2.960060E-02     1.912851E-03
  0.170000     6.843831E-02     5.901610E-02     2.929674E-02     3.415638E-02     9.507629E-03     5.046717E-02     1.786842E-02     1.517120E-02     4.965056E-03     2.423278E-02     2.845406E-02     1.816023E-03
  0.190000     6.936665E-02     5.788493E-02     2.791229E-02     3.269238E-02     8.852463E-03     4.939811E-02     1.682242E-02     1.423410E-02     4.592740E-03     2.306621E-02     2.720409E-02     1.714521E-03
  0.210000     7.018302E-02     5.658724E-02     2.643615E-02     3.112038E-02     8.173886E-03     4.818964E-02     1.572467E-02     1.325471E-02     4.210052E-03     2.182536E-02     2.586610E-02     1.610269E-03
  0.230000     7.084421E-02     5.512368E-02     2.488823E-02     2.945969E-02     7.484065E-03     4.684517E-02     1.459279E-02     1.224937E-02     3.824220E-03     2.052734E-02     2.445710E-02     1.505092E-03
  0.250000     7.131232E-02     5.349925E-02     2.328956E-02     2.773130E-02     6.794721E-03     4.537148E-02     1.344441E-02     1.123422E-02     3.442051E-03     1.919006E-02     2.299530E-02     1.400657E-03
  0.270000     7.155599E-02     5.172332E-02     2.166169E-02     2.595723E-02     6.116770E-03     4.377862E-02     1.229669E-02     1.022475E-02     3.069725E-03     1.783170E-02     2.149960E-02     1.298437E-03
  0.290000     7.155117E-02     4.980932E-02     2.002602E-02     2.415995E-02     5.460000E-03     4.207958E-02     1.116575E-02     9.235317E-03     2.712617E-03     1.647014E-02     1.998899E-02     1.199679E-03
  0.310000     7.128157E-02     4.777421E-02     1.840311E-02     2.236153E-02     4.832814E-03     4.028984E-02     1.006621E-02     8.278725E-03     2.375177E-03     1.512241E-02     1.848197E-02     1.105388E-03
  0.330000     7.073869E-02     4.563772E-02     1.681206E-02     2.058305E-02     4.242051E-03     3.842671E-02     9.010819E-03     7.365914E-03     2.060849E-03     1.380419E-02     1.699596E-02     1.016326E-03
  0.350000     6.992147E-02     4.342152E-02     1.526998E-02     1.884386E-02     3.692891E-03     3.650864E-02     8.010128E-03     6.505732E-03     1.772057E-03     1.252936E-02     1.554680E-02     9.330174E-04
  0.370000     6.883573E-02     4.114825E-02     1.379154E-02     1.716112E-02     3.188849E-03     3.455444E-02     7.072373E-03     5.704833E-03     1.510231E-03     1.130970E-02     1.414832E-02     8.557704E-04
  0.390000     6.749333E-02     3.884065E-02     1.238870E-02     1.554934E-02     2.731846E-03     3.258263E-02     6.203399E-03     4.967676E-03     1.275885E-03     1.015468E-02     1.281208E-02     7.846981E-04
  0.410000     6.591123E-02     3.652072E-02     1.107056E-02     1.402017E-02     2.322343E-03     3.061081E-02     5.406743E-03     4.296636E-03     1.068724E-03     9.071376E-03     1.154718E-02     7.197494E-04
  0.430000     6.411049E-02     3.420903E-02     9.843422E-03     1.258234E-02     1.959532E-03     2.865513E-02     4.683800E-03     3.692186E-03     8.877755E-04     8.064516E-03     1.036025E-02     6.607389E-04
  0.450000     6.211527E-02     3.192422E-02     8.710845E-03     1.124165E-02     1.641559E-03     2.672998E-02     4.034064E-03     3.153151E-03     7.315401E-04     7.136605E-03     9.255516E-03     6.073792E-04
  0.470000     5.995182E-02     2.968261E-02     7.673950E-03     1.000122E-02     1.365757E-03     2.484772E-02     3.455428E-03     2.676997E-03     5.981328E-04     6.288155E-03     8.234989E-03     5.593094E-04
  0.490000     5.764765E-02     2.749809E-02     6.731721E-03     8.861705E-03     1.128882E-03     2.301864E-02     2.944509E-03     2.260141E-03     4.854247E-04     5.517965E-03     7.298721E-03     5.161223E-04
  0.510000     5.523071E-02     2.538205E-02     5.881365E-03     7.821726E-03     9.273340E-04     2.125103E-02     2.496969E-03     1.898249E-03     3.911677E-04     4.823428E-03     6.445113E-03     4.773874E-04
  0.530000     5.272874E-02     2.334358E-02     5.118704E-03     6.878191E-03     7.573477E-04     1.955128E-02     2.107834E-03     1.586519E-03     3.130995E-04     4.200858E-03     5.671240E-03     4.426696E-04
  0.550000     5.016868E-02     2.138963E-02     4.438549E-03     6.026716E-03     6.151593E-04     1.792417E-02     1.771772E-03     1.319932E-03     2.490285E-04     3.645796E-03     4.973185E-03     4.115444E-04
  0.570000     4.757620E-02     1.952534E-02     3.835049E-03     5.261998E-03     4.971329E-04     1.637308E-02     1.483337E-03     1.093457E-03     1.968957E-04     3.153297E-03     4.346346E-03     3.836087E-04
  0.590000     4.497536E-02     1.775433E-02     3.302003E-03     4.578153E-03     3.998556E-04     1.490025E-02     1.237163E-03     9.022155E-04     1.548164E-04     2.718181E-03     3.785714E-03     3.584883E-04
  0.610000     4.238831E-02     1.607897E-02     2.833116E-03     3.969016E-03     3.202003E-04     1.350708E-02     1.028116E-03     7.416066E-04     1.211050E-04     2.335233E-03     3.286108E-03     3.358423E-04
  0.630000     3.983509E-02     1.450070E-02     2.422200E-03     3.428375E-03     2.553607E-04     1.219430E-02     8.513995E-04     6.073856E-04     9.428301E-05     1.999366E-03     2.842363E-03     3.153650E-04
  0.650000     3.733354E-02     1.302019E-02     2.063330E-03     2.950154E-03     2.028646E-04     1.096218E-02     7.026218E-04     4.957120E-04     7.307693E-05     1.705736E-03     2.449469E-03     2.967865E-04
  0.670000     3.489926E-02     1.163753E-02     1.750943E-03     2.528545E-03     1.605680E-04     9.810575E-03     5.778285E-04     4.031685E-04     5.640718E-05     1.449817E-03     2.102668E-03     2.798703E-04
  0.690000     3.254560E-02     1.035229E-02     1.479897E-03     2.158084E-03     1.266385E-04     8.739049E-03     4.735103E-04     3.267569E-04     4.337157E-05     1.227442E-03     1.797512E-03     2.644122E-04
  0.710000     3.028375E-02     9.163592E-03     1.245497E-03     1.833698E-03     9.952897E-05     7.746863E-03     3.865898E-04     2.638784E-04     3.322581E-05     1.034820E-03     1.529889E-03     2.502364E-04
  0.730000     2.812281E-02     8.070085E-03     1.043490E-03     1.550714E-03     7.794760E-05     6.832965E-03     3.143948E-04     2.123032E-04     2.536293E-05     8.685252E-04     1.296023E-03     2.371926E-04
  0.750000     2.606997E-02     7.069952E-03     8.700515E-04     1.304845E-03     6.082570E-05     5.995953E-03     2.546229E-04     1.701342E-04     1.929294E-05     7.254808E-04     1.092462E-03     2.251527E-04
  0.770000     2.413056E-02     6.160857E-03     7.217501E-04     1.092173E-03     4.728635E-05     5.234029E-03     2.053026E-04     1.357682E-04     1.462389E-05     6.029299E-04     9.160538E-04     2.140079E-04
  0.790000     2.230823E-02     5.339920E-03     5.955131E-04     9.091134E-04     3.661479E-05     4.544958E-03     1.647533E-04     1.078573E-04     1.104462E-05     4.984032E-04     7.639134E-04     2.036652E-04
  0.810000     2.060501E-02     4.603701E-03     4.885890E-04     7.523832E-04     2.823164E-05     3.926045E-03     1.315464E-04     8.527273E-05     8.309805E-06     4.096879E-04     6.333989E-04     1.940450E-04
  0.830000     1.902145E-02     3.948207E-03     3.985127E-04     6.189731E-04     2.166929E-05     3.374130E-03     1.044700E-04     6.707167E-05     6.227111E-06     3.347983E-04     5.220836E-04     1.850786E-04
  0.850000     1.755666E-02     3.368929E-03     3.230744E-04     5.061213E-04     1.655167E-05     2.885608E-03     8.249759E-05     5.246831E-05     4.646431E-06     2.719504E-04     4.277347E-04     1.767064E-04
  0.870000     1.620844E-02     2.860899E-03     2.602933E-04     4.112934E-04     1.257714E-05     2.456475E-03     6.475995E-05     4.080852E-05     3.451077E-06     2.195404E-04     3.482973E-04     1.688756E-04
  0.890000     1.497332E-02     2.418788E-03     2.083952E-04     3.321679E-04     9.504275E-06     2.082403E-03     5.052218E-05     3.154845E-05     2.550624E-06     1.761276E-04     2.818824E-04     1.615392E-04
  0.910000     1.384670E-02     2.037001E-03     1.657954E-04     2.666257E-04     7.140242E-06     1.758819E-03     3.916355E-05     2.423664E-05     1.875186E-06     1.404208E-04     2.267597E-04     1.546542E-04
  0.930000     1.282296E-02     1.709809E-03     1.310835E-04     2.127421E-04     5.331307E-06     1.481014E-03     3.016090E-05     1.849896E-05     1.370875E-06     1.112668E-04     1.813521E-04     1.481813E-04
  0.950000     1.189560E-02     1.431462E-03     1.030115E-04     1.687817E-04     3.955177E-06     1.244242E-03     2.307465E-05     1.402621E-05     9.962348E-07     8.764173E-05     1.442323E-04     1.420832E-04
  0.970000     1.105745E-02     1.196321E-03     8.048234E-05     1.331922E-04     2.914831E-06     1.043826E-03     1.753688E-05     1.056373E-05     7.194517E-07     6.864269E-05     1.141194E-04     1.363244E-04
  0.990000     1.030083E-02     9.989566E-04     6.253983E-05     1.045988E-04     2.133547E-06     8.752510E-04     1.324129E-05     7.902712E-06     5.161756E-07     5.348010E-05     8.987534E-05     1.308710E-04
  1.010000     9.617774E-03     8.342517E-04     4.835818E-05     8.179702E-05     1.550906E-06     7.342454E-04     9.934452E-06     5.872870E-06     3.678307E-07     4.147004E-05     7.049978E-05     1.256898E-04
  1.030000     9.000218E-03     6.974693E-04     3.723151E-05     6.374300E-05     1.119556E-06     6.168464E-04     7.408190E-06     4.336248E-06     2.602999E-07     3.202621E-05     5.512358E-05     1.207484E-04
  1.050000     8.440219E-03     5.843059E-04     2.856295E-05     4.954339E-05     8.026026E-07     5.194447E-04     5.492908E-06     3.181889E-06     1.829038E-07     2.465156E-05     4.300081E-05     1.160153E-04
  1.070000     7.930111E-03     4.909199E-04     2.185362E-05     3.844288E-05     5.714833E-07     4.388119E-04     4.051660E-06     2.321288E-06     1.276057E-07     1.892953E-05     3.349922E-05     1.114598E-04
  1.090000     7.462657E-03     4.139400E-04     1.669134E-05     2.981085E-05     4.042503E-07     3.721096E-04     2.974924E-06     1.684466E-06     8.839456E-08     1.451518E-05     2.608976E-05     1.070520E-04
  1.110000     7.031163E-03     3.504557E-04     1.273969E-05     2.312745E-05     2.841718E-07     3.168834E-04     2.175982E-06     1.216616E-06     6.080426E-08     1.112631E-05     2.033527E-05     1.027630E-04
  1.130000     6.629562E-03     2.979934E-04     9.727296E-06     1.796941E-05     1.986018E-07     2.710445E-04     1.586884E-06     8.752322E-07     4.154135E-08     8.534778E-06     1.587913E-05     9.856565E-05
  1.150000     6.252457E-03     2.544817E-04     7.437841E-06     1.399637E-05     1.380684E-07     2.328415E-04     1.154944E-06     6.276844E-07     2.819638E-08     6.558375E-06     1.243394E-05     9.443394E-05
  1.170000     5.895149E-03     2.182101E-04     5.700885E-06     1.093781E-05     9.554363E-08     2.008265E-04     8.397455E-07     4.491780E-07     1.902158E-08     5.053221E-06     9.770855E-06     9.034402E-05
  1.190000     5.553636E-03     1.877842E-04     4.383607E-06     8.581148E-06     6.586297E-08     1.738182E-04     6.106058E-07     3.210660E-07     1.276034E-08     3.906971E-06     7.709687E-06     8.627427E-05
  1.210000     5.224595E-03     1.620803E-04     3.383576E-06     6.761085E-06     4.526801E-08     1.508641E-04     4.444724E-07     2.294669E-07     8.517502E-09     3.032809E-06     6.110043E-06     8.220580E-05
  1.230000     4.905361E-03     1.402023E-04     2.622554E-06     5.350286E-06     3.105011E-08     1.312041E-04     3.241934E-07     1.641477E-07     5.661285E-09     2.364287E-06     4.863569E-06     7.812285E-05
  1.250000     4.593891E-03     1.214414E-04     2.041289E-06     4.251476E-06     2.127579E-08     1.142369E-04     2.371249E-07     1.176360E-07     3.750011E-09     1.850970E-06     3.887312E-06     7.401341E-05
  1.270000     4.288733E-03     1.052405E-04     1.595228E-06     3.390839E-06     1.457764E-08     9.949006E-05     1.740245E-07     8.452260E-08     2.477767E-09     1.454848E-06     3.118189E-06     6.986972E-05
  1.290000     3.988986E-03     9.116374E-05     1.251055E-06     2.712641E-06     9.996984E-09     8.659378E-05     1.281858E-07     6.092257E-08     1.634614E-09     1.147428E-06     2.508449E-06     6.568887E-05
  1.310000     3.694260E-03     7.886997E-05     9.839540E-07     2.174914E-06     6.867225E-09     7.525912E-05     9.477239E-08     4.406502E-08     1.077743E-09     9.074242E-07     2.022044E-06     6.147327E-05
  1.330000     3.404635E-03     6.809189E-05     7.754650E-07     1.746077E-06     4.728203E-09     6.525979E-05     7.031303E-08     3.198452E-08     7.108169E-10     7.189571E-07     1.631761E-06     5.723099E-05
  1.350000     3.120608E-03     5.861868E-05     6.118487E-07     1.402311E-06     3.264274E-09     5.641755E-05     5.232334E-08     2.329268E-08     4.693452E-10     5.701650E-07     1.317010E-06     5.297599E-05
  1.370000     2.843039E-03     5.028237E-05     4.828462E-07     1.125574E-06     2.260023E-09     4.859052E-05     3.902739E-08     1.701109E-08     3.104527E-10     4.521568E-07     1.062132E-06     4.872789E-05
  1.390000     2.573078E-03     4.294722E-05     3.807554E-07     9.020984E-07     1.568983E-09     4.166415E-05     2.915447E-08     1.245065E-08     2.058004E-10     3.582280E-07     8.551264E-07     4.451161E-05
  1.410000     2.312090E-03     3.650153E-05     2.997499E-07     7.212842E-07     1.091778E-09     3.554409E-05     2.179278E-08     9.125409E-09     1.367449E-10     2.832821E-07     6.867085E-07     4.035647E-05
  1.430000     2.061569E-03     3.085144E-05     2.353817E-07     5.748819E-07     7.610207E-10     3.015094E-05     1.628498E-08     6.691585E-09     9.106185E-11     2.234078E-07     5.496143E-07     3.629507E-05
  1.450000     1.823048E-03     2.591628E-05     1.842199E-07     4.563975E-07     5.309640E-10     2.541610E-05     1.215420E-08     4.904812E-09     6.075058E-11     1.755711E-07     4.380921E-07     3.236176E-05
  1.470000     1.598002E-03     2.162510E-05     1.435909E-07     3.606591E-07     3.704652E-10     2.127889E-05     9.051935E-09     3.590332E-09     4.057673E-11     1.373930E-07     3.475336E-07     2.859105E-05
  1.490000     1.387765E-03     1.791418E-05     1.113893E-07     2.835035E-07     2.582385E-10     1.768426E-05     6.721506E-09     2.622300E-09     2.711159E-11     1.069890E-07     2.742049E-07     2.501573E-05
  1.510000     1.193444E-03     1.472528E-05     8.594277E-08     2.215470E-07     1.796607E-10     1.458137E-05     4.972343E-09     1.909430E-09     1.810344E-11     8.285201E-08     2.150516E-07     2.166525E-05
  1.530000     1.015857E-03     1.200439E-05     6.591228E-08     1.720180E-07     1.246279E-10     1.192246E-05     3.661933E-09     1.385042E-09     1.206795E-11     6.376798E-08     1.675546E-07     1.856414E-05
  1.550000     8.554904E-04     9.701015E-06     5.021961E-08     1.326329E-07     8.611832E-11     9.662309E-06     2.683027E-09     1.000114E-09     8.022206E-12     4.875281E-08     1.296247E-07     1.573081E-05
  1.570000     7.124692E-04     7.767713E-06     3.799300E-08     1.015030E-07     5.922470E-11     7.757872E-06     1.954511E-09     7.184202E-10     5.312079E-12     3.700580E-08     9.952203E-08     1.317679E-05
  1.590000     5.865595E-04     6.159908E-06     2.852611E-08     7.706344E-08     4.050158E-11     6.168194E-06     1.414825E-09     5.130834E-10     3.500109E-12     2.787406E-08     7.579556E-08     1.090633E-05
  1.610000     4.771882E-04     4.835868E-06     2.124644E-08     5.801768E-08     2.752095E-11     4.854473E-06     1.017158E-09     3.641124E-10     2.292470E-12     2.082518E-08     5.723522E-08     8.916579E-06
  1.630000     3.834824E-04     3.756782E-06     1.569063E-08     4.329366E-08     1.856792E-11     3.780227E-06     7.259066E-10     2.566231E-10     1.491137E-12     1.542559E-08     4.283396E-08     7.198138E-06
  1.650000     3.043233E-04     2.886881E-06     1.148467E-08     3.200792E-08     1.243027E-11     2.911501E-06     5.140157E-10     1.795388E-10     9.623641E-13     1.132334E-08     3.175676E-08     5.735966E-06
  1.670000     2.384098E-04     2.193569E-06     8.328042E-09     2.343604E-08     8.251772E-12     2.217064E-06     3.609804E-10     1.246307E-10     6.157674E-13     8.233969E-09     2.331487E-08     4.510556E-06
  1.690000     1.843260E-04     1.647515E-06     5.980569E-09     1.698778E-08     5.428923E-12     1.668590E-06     2.513159E-10     8.580421E-11     3.903249E-13     5.928929E-09     1.694380E-08     3.499234E-06
  1.710000     1.406065E-04     1.222692E-06     4.251611E-09     1.218579E-08     3.537926E-12     1.240757E-06     1.733849E-10     5.856402E-11     2.449475E-13     4.225833E-09     1.218455E-08     2.677481E-06
  1.730000     1.057964E-04     8.963477E-07     2.991017E-09     8.647299E-09     2.282637E-12     9.112818E-07     1.184926E-10     3.961157E-11     1.520854E-13     2.980307E-09     8.667124E-09     2.020180E-06
  1.750000     7.850218E-05     6.488988E-07     2.081558E-09     6.068337E-09     1.457395E-12     6.608741E-07     8.018634E-11     2.654117E-11     9.337387E-14     2.079089E-09     6.096225E-09     1.502697E-06
  1.770000     5.743060E-05     4.637623E-07     1.432578E-09     4.209983E-09     9.204127E-13     4.731114E-07     5.371389E-11     1.761041E-11     5.665821E-14     1.434184E-09     4.238646E-09     1.101754E-06
  1.790000     4.141598E-05     3.271267E-07     9.746991E-10     2.886541E-09     5.747477E-13     3.342507E-07     3.560440E-11     1.156702E-11     3.396230E-14     9.779578E-10     2.912325E-09     7.960698E-07
  1.810000     2.943568E-05     2.276825E-07     6.554120E-10     1.955391E-09     3.547294E-13     2.329906E-07     2.334597E-11     7.518544E-12     2.010218E-14     6.590041E-10     1.976842E-09     5.667584E-07
  1.830000     2.061512E-05     1.563269E-07     4.354360E-10     1.308356E-09     2.163162E-13     1.601992E-07     1.513830E-11     4.834704E-12     1.174445E-14     4.387171E-10     1.325263E-09     3.975187E-07
  1.850000     1.422438E-05     1.058601E-07     2.857467E-10     8.644483E-10     1.302894E-13     1.086286E-07     9.704461E-12     3.074674E-12     6.770366E-15     2.884636E-10     8.772349E-10     2.746424E-07
  1.870000     9.668315E-06     7.068633E-08     1.851704E-10     5.638485E-10     7.748599E-14     7.262747E-08     6.148545E-12     1.933288E-12     3.849837E-15     1.872815E-10     5.731971E-10     1.868832E-07
  1.890000     6.472587E-06     4.653268E-08     1.184642E-10     3.629876E-10     4.548891E-14     4.786828E-08     3.849133E-12     1.201551E-12     2.158718E-15     1.200298E-10     3.696266E-10     1.252311E-07
  1.910000     4.267348E-06     3.019405E-08     7.480409E-11     2.305834E-10     2.635351E-14     3.109619E-08     2.380298E-12     7.379414E-13     1.193321E-15     7.592278E-11     2.351774E-10     8.263106E-08
  1.930000     2.770379E-06     1.930861E-08     4.661105E-11     1.445032E-10     1.506303E-14     1.990702E-08     1.453687E-12     4.477402E-13     6.501612E-16     4.738572E-11     1.476075E-10     5.368063E-08
  1.950000     1.770811E-06     1.216684E-08     2.865401E-11     8.932051E-11     8.492275E-15     1.255675E-08     8.765575E-13     2.683182E-13     3.490528E-16     2.917587E-11     9.137229E-11     3.433144E-08
  1.970000     1.114325E-06     7.553299E-09     1.737510E-11     5.444592E-11     4.721476E-15     7.802905E-09     5.217499E-13     1.587795E-13     1.846205E-16     1.771799E-11     5.577387E-11     2.161357E-08
  1.990000     6.902657E-07     4.619199E-09     1.039037E-11     3.272206E-11     2.588116E-15     4.776217E-09     3.064959E-13     9.276045E-14     9.618504E-17     1.061054E-11     3.356442E-11     1.339318E-08
  2.010000     4.208678E-07     2.782346E-09     6.126587E-12     1.938662E-11     1.398485E-15     2.879418E-09     1.776557E-13     5.348901E-14     4.935162E-17     6.264919E-12     1.991067E-11     8.168239E-09
  2.030000     2.525594E-07     1.650504E-09     3.561354E-12     1.132084E-11     7.447696E-16     1.709489E-09     1.015879E-13     3.043773E-14     2.493417E-17     3.646488E-12     1.164075E-11     4.902622E-09
  2.050000     1.491542E-07     9.641243E-10     2.040564E-12     6.514842E-12     3.908432E-16     9.993552E-10     5.729720E-14     1.708923E-14     1.240302E-17     2.091924E-12     6.706554E-12     2.895696E-09
  2.070000     8.668216E-08     5.545158E-10     1.152278E-12     3.694149E-12     2.020836E-16     5.752014E-10     3.186965E-14     9.464890E-15     6.073562E-18     1.182670E-12     3.806963E-12     1.682959E-09
  2.090000     4.956969E-08     3.139898E-10     6.411694E-13     2.063720E-12     1.029304E-16     3.259295E-10     1.747840E-14     5.170297E-15     2.927468E-18     6.588177E-13     2.128925E-12     9.624163E-10
  2.110000     2.789118E-08     1.750236E-10     3.515099E-13     1.135682E-12     5.163926E-17     1.817988E-10     9.450120E-15     2.785156E-15     1.388760E-18     3.615703E-13     1.172707E-12     5.414974E-10
  2.130000     1.544030E-08     9.603265E-11     1.898432E-13     6.155723E-13     2.551433E-17     9.981238E-11     5.036387E-15     1.479272E-15     6.483442E-19     1.954746E-13     6.362299E-13     2.997436E-10
  2.150000     8.409266E-09     5.186164E-11     1.009931E-13     3.286004E-13     1.241377E-17     5.393474E-11     2.645359E-15     7.745417E-16     2.978438E-19     1.040893E-13     3.399265E-13     1.632305E-10
  2.170000     4.505582E-09     2.756416E-11     5.291484E-14     1.727335E-13     5.946886E-18     2.868207E-11     1.369225E-15     3.997387E-16     1.346294E-19     5.458712E-14     1.788365E-13     8.744385E-11
  2.190000     2.374721E-09     1.441725E-11     2.730264E-14     8.940459E-14     2.804759E-18     1.500994E-11     6.982861E-16     2.033207E-16     5.987236E-20     2.819007E-14     9.263686E-14     4.608020E-11
  2.210000     1.231184E-09     7.420445E-12     1.387164E-14     4.555919E-14     1.302203E-18     7.729391E-12     3.508382E-16     1.019069E-16     2.619496E-20     1.433441E-14     4.724187E-14     2.388568E-11
  2.230000     6.278595E-10     3.758017E-12     6.939130E-15     2.285523E-14     5.951113E-19     3.916351E-12     1.736378E-16     5.032527E-17     1.127420E-20     7.176282E-15     2.371631E-14     1.217816E-11
  2.250000     3.149296E-10     1.872590E-12     3.417399E-15     1.128628E-14     2.676804E-19     1.952371E-12     8.464425E-17     2.448370E-17     4.773141E-21     3.536844E-15     1.171945E-14     6.107020E-12
  2.270000     1.553671E-10     9.180295E-13     1.656769E-15     5.485761E-15     1.184945E-19     9.575536E-13     4.063689E-17     1.173345E-17     1.987694E-21     1.715899E-15     5.699981E-15     3.012071E-12
  2.290000     7.538467E-11     4.427692E-13     7.906196E-16     2.624280E-15     5.161899E-20     4.620205E-13     1.921187E-17     5.538403E-18     8.141396E-22     8.193928E-16     2.728429E-15     1.461080E-12
  2.310000     3.597249E-11     2.100791E-13     3.713462E-16     1.235490E-15     2.212684E-20     2.192982E-13     8.943419E-18     2.574586E-18     3.279683E-22     3.851090E-16     1.285270E-15     6.970147E-13
  2.330000     1.688134E-11     9.805106E-14     1.716579E-16     5.723933E-16     9.332513E-21     1.023916E-13     4.099047E-18     1.178557E-18     1.299359E-22     1.781292E-16     5.957846E-16     3.270057E-13
  2.350000     7.790749E-12     4.501591E-14     7.808937E-17     2.609443E-16     3.872749E-21     4.702513E-14     1.849568E-18     5.312182E-19     5.062593E-23     8.108052E-17     2.717505E-16     1.508694E-13
  2.370000     3.535691E-12     2.032851E-14     3.495702E-17     1.170503E-16     1.581087E-21     2.124290E-14     8.215423E-19     2.357407E-19     1.939754E-23     3.631618E-17     1.219584E-16     6.844912E-14
  2.390000     1.577903E-12     9.029282E-15     1.539799E-17     5.165877E-17     6.350144E-22     9.438411E-15     3.591934E-19     1.029906E-19     7.308604E-24     1.600513E-17     5.385035E-17     3.053820E-14
  2.410000     6.924457E-13     3.944507E-15     6.673527E-18     2.243046E-17     2.508879E-22     4.124476E-15     1.545729E-19     4.429213E-20     2.707834E-24     6.940151E-18     2.339257E-17     1.339730E-14
  2.430000     2.987993E-13     1.694760E-15     2.845666E-18     9.581480E-18     9.750406E-23     1.772591E-15     6.546579E-20     1.874938E-20     9.864971E-25     2.960774E-18     9.996731E-18     5.779345E-15
  2.450000     1.267803E-13     7.161188E-16     1.193786E-18     4.026301E-18     3.727282E-23     7.492095E-16     2.728618E-20     7.811712E-21     3.533808E-25     1.242641E-18     4.202502E-18     2.451420E-15
  2.470000     5.289230E-14     2.975837E-16     4.926760E-19     1.664327E-18     1.401423E-23     3.114151E-16     1.119156E-20     3.203123E-21     1.244663E-25     5.130613E-19     1.737834E-18     1.022410E-15
  2.490000     2.169663E-14     1.216094E-16     2.000175E-19     6.767237E-19     5.182458E-24     1.272930E-16     4.516812E-21     1.292527E-21     4.310331E-26     2.083797E-19     7.068710E-19     4.192680E-16
  2.510000     8.750690E-15     4.887044E-17     7.987789E-20     2.706487E-19     1.884842E-24     5.116647E-17     1.793668E-21     5.132351E-22     1.467606E-26     8.325019E-20     2.828045E-19     1.690476E-16
  2.530000     3.470038E-15     1.931234E-17     3.137752E-20     1.064646E-19     6.741717E-25     2.022418E-17     7.008048E-22     2.005290E-22     4.912899E-27     3.271451E-20     1.112832E-19     6.701450E-17
  2.550000     1.352883E-15     7.504492E-18     1.212346E-20     4.119015E-20     2.371416E-25     7.860491E-18     2.693858E-22     7.708976E-23     1.616914E-27     1.264457E-20     4.306801E-20     2.611939E-17
  2.570000     5.185756E-16     2.867444E-18     4.607162E-21     1.567309E-20     8.202993E-26     3.004078E-18     1.018716E-22     2.915754E-23     5.231756E-28     4.806837E-21     1.639255E-20     1.000886E-17
  2.590000     1.954263E-16     1.077322E-18     1.721963E-21     5.865088E-21     2.790300E-26     1.128874E-18     3.789769E-23     1.084968E-23     1.664222E-28     1.797179E-21     6.136073E-21     3.770732E-18
  2.610000     7.240453E-17     3.979815E-19     6.329685E-22     2.158437E-21     9.333203E-27     4.171024E-19     1.386863E-23     3.971672E-24     5.204400E-29     6.608226E-22     2.258777E-21     1.396626E-18
  2.630000     2.637265E-17     1.445567E-19     2.288201E-22     7.811521E-22     3.069728E-27     1.515284E-19     4.992265E-24     1.430208E-24     1.599993E-29     2.389605E-22     8.176774E-22     5.085584E-19
  2.650000     9.443667E-18     5.162525E-20     8.134796E-23     2.780040E-22     9.927669E-28     5.412409E-20     1.767613E-24     5.066114E-25     4.835552E-30     8.497711E-23     2.910746E-22     1.820546E-19
  2.670000     3.324454E-18     1.812703E-20     2.843978E-23     9.729120E-23     3.156909E-28     1.900747E-20     6.155812E-25     1.765151E-25     1.436641E-30     2.971663E-23     1.018893E-22     6.407032E-20
  2.690000     1.150501E-18     6.257825E-21     9.777344E-24     3.348050E-23     9.870388E-29     6.562767E-21     2.108514E-25     6.049260E-26     4.195834E-31     1.021896E-23     3.507066E-23     2.216667E-20
  2.710000     3.914126E-19     2.123952E-21     3.305360E-24     1.132910E-23     3.034270E-29     2.227775E-21     7.103059E-26     2.039009E-26     1.204620E-31     3.455513E-24     1.186970E-23     7.539225E-21
  2.730000     1.309057E-19     7.087341E-22     1.098775E-24     3.769410E-24     9.170921E-30     7.434810E-22     2.353302E-26     6.759533E-27     3.399676E-32     1.148962E-24     3.950078E-24     2.520754E-21
  2.750000     4.303814E-20     2.325049E-22     3.591533E-25     1.233151E-24     2.725223E-30     2.439360E-22     7.667599E-27     2.203837E-27     9.431388E-33     3.756432E-25     1.292506E-24     8.285271E-22
  2.770000     1.390958E-20     7.498672E-23     1.154310E-25     3.966569E-25     7.961835E-31     7.868334E-23     2.456844E-27     7.066312E-28     2.571928E-33     1.207571E-25     4.158253E-25     2.677012E-22
  2.790000     4.419122E-21     2.377572E-23     3.647764E-26     1.254470E-25     2.286856E-31     2.495079E-23     7.741402E-28     2.228143E-28     6.894173E-34     3.816872E-26     1.315322E-25     8.502699E-23
  2.810000     1.380112E-21     7.410948E-24     1.133401E-26     3.900710E-26     6.457610E-32     7.778111E-24     2.398687E-28     6.909030E-29     1.816523E-34     1.186181E-26     4.090610E-26     2.654737E-23
  2.830000     4.236870E-22     2.270904E-24     3.462452E-27     1.192496E-26     1.792689E-32     2.383673E-24     7.308495E-29     2.106698E-29     4.704686E-35     3.624387E-27     1.250750E-26     8.147791E-24
  2.850000     1.278568E-22     6.840742E-25     1.039966E-27     3.584204E-27     4.892514E-33     7.181191E-25     2.189636E-29     6.316645E-30     1.197697E-35     1.088804E-27     3.759863E-27     2.458148E-24
  2.870000     3.792683E-23     2.025729E-25     3.071015E-28     1.059115E-27     1.312643E-33     2.126758E-25     6.450527E-30     1.862338E-30     2.996990E-36     3.215800E-28     1.111182E-27     7.289902E-25
  2.890000     1.105884E-23     5.896961E-26     8.915879E-29     3.076815E-28     3.462126E-34     6.191649E-26     1.868476E-30     5.398927E-31     7.371265E-37     9.337804E-29     3.228518E-28     2.125088E-25
  2.910000     3.169630E-24     1.687481E-26     2.544829E-29     8.787402E-29     8.976669E-35     1.771970E-26     5.321568E-31     1.538944E-31     1.782023E-37     2.665691E-29     9.221879E-29     6.089341E-26
  2.930000     8.929775E-25     4.746879E-27     7.140986E-30     2.467255E-29     2.288012E-35     4.984981E-27     1.490192E-31     4.313155E-32     4.234435E-38     7.481300E-30     2.589568E-29     1.715133E-26
  2.950000     2.472872E-25     1.312598E-27     1.969954E-30     6.810136E-30     5.732802E-36     1.378552E-27     4.102861E-32     1.188542E-32     9.889739E-39     2.064145E-30     7.148600E-30     4.748496E-27
  2.970000     6.731141E-26     3.567839E-28     5.342521E-31     1.847905E-30     1.412006E-36     3.747408E-28     1.110618E-32     3.220120E-33     2.270273E-39     5.598773E-31     1.939967E-30     1.292236E-27
  2.990000     1.800936E-26     9.532880E-29     1.424368E-31     4.929242E-31     3.418710E-37     1.001343E-28     2.955755E-33     8.577469E-34     5.122384E-40     1.492894E-31     5.175377E-31     3.456620E-28
  3.010000     4.736172E-27     2.503713E-29     3.733171E-32     1.292563E-31     8.136541E-38     2.630115E-29     7.733746E-34     2.246300E-34     1.135962E-40     3.913295E-32     1.357246E-31     9.088297E-29
  3.030000     1.224258E-27     6.463718E-30     9.618515E-33     3.331876E-32     1.903554E-38     6.790513E-30     1.989399E-34     5.783486E-35     2.475995E-41     1.008390E-32     3.498957E-32     2.348720E-29
  3.050000     3.110514E-28     1.640265E-30     2.436167E-33     8.442804E-33     4.377580E-39     1.723308E-30     5.031037E-35     1.463921E-35     5.304293E-42     2.554354E-33     8.867014E-33     5.966162E-30
  3.070000     7.767870E-29     4.091433E-31     6.065541E-34     2.103005E-33     9.895620E-40     4.298845E-31     1.250806E-35     3.642877E-36     1.116848E-42     6.360559E-34     2.208870E-33     1.489604E-30
  3.090000     1.906688E-29     1.003145E-31     1.484536E-34     5.149265E-34     2.198813E-40     1.054062E-31     3.057120E-36     8.911753E-37     2.311250E-43     1.556920E-34     5.408941E-34     3.655580E-31
  3.110000     4.600052E-30     2.417545E-32     3.571624E-35     1.239358E-34     4.802488E-41     2.540400E-32     7.345464E-37     2.143222E-37     4.700926E-44     3.746185E-35     1.301965E-34     8.817556E-32
  3.130000     1.090809E-30     5.726713E-33     8.446756E-36     2.932180E-35     1.031036E-41     6.018065E-33     1.735019E-37     5.066990E-38     9.397253E-45     8.860528E-36     3.080541E-35     2.090472E-32
  3.150000     2.542346E-31     1.333377E-33     1.963626E-36     6.819031E-36     2.175744E-42     1.401287E-33     4.028669E-38     1.177622E-38     1.846279E-45     2.060028E-36     7.164591E-36     4.871269E-33
  3.170000     5.823962E-32     3.051503E-34     4.487126E-37     1.558795E-36     4.512999E-43     3.207081E-34     9.195725E-39     2.690475E-39     3.565085E-46     4.707881E-37     1.637904E-36     1.115678E-33
  3.190000     1.311288E-32     6.864128E-35     1.007892E-37     3.502560E-37     9.201173E-44     7.214435E-35     2.063346E-39     6.042456E-40     6.765764E-47     1.057579E-37     3.680566E-37     2.511498E-34
  3.210000     2.901821E-33     1.517625E-35     2.225318E-38     7.735863E-38     1.843906E-44     1.595150E-35     4.551082E-40     1.333995E-40     1.261931E-47     2.335237E-38     8.129538E-38     5.556755E-35
  3.230000     6.311526E-34     3.297986E-36     4.829463E-39     1.679404E-38     3.632031E-45     3.466608E-36     9.867543E-41     2.894984E-41     2.313261E-48     5.068463E-39     1.764977E-38     1.208376E-35
  3.250000     1.349233E-34     7.044257E-37     1.030221E-39     3.583613E-39     7.031904E-46     7.404731E-37     2.103054E-41     6.175671E-42     4.167555E-49     1.081298E-39     3.766435E-39     2.582693E-36
  3.270000     2.834827E-35     1.478840E-37     2.160148E-40     7.516287E-40     1.338155E-46     1.554579E-37     4.405897E-42     1.294982E-42     7.379111E-50     2.267432E-40     7.900181E-40     5.425401E-37
  3.290000     5.853977E-36     3.051437E-38     4.451992E-41     1.549525E-40     2.502925E-47     3.207839E-38     9.073116E-43     2.669193E-43     1.284077E-50     4.673477E-41     1.628754E-40     1.120152E-37
