      0.00000  -2.7335E+13  -1.2787E+13  -4.7922E+12  -5.7820E+12  -1.3933E+12  -1.0464E+13  -2.7275E+12  -2.2866E+12  -6.9935E+11  -3.8215E+12  -4.6345E+12
      0.00000  -2.7335E+13  -1.2787E+13  -4.7922E+12  -5.7820E+12  -1.3933E+12  -1.0464E+13  -2.7275E+12  -2.2866E+12  -6.9935E+11  -3.8215E+12  -4.6345E+12
      0.00000  -2.7335E+13  -1.2787E+13  -4.7922E+12  -5.7820E+12  -1.3933E+12  -1.0464E+13  -2.7275E+12  -2.2866E+12  -6.9935E+11  -3.8215E+12  -4.6345E+12
      0.00000  -2.7335E+13  -1.2787E+13  -4.7922E+12  -5.7820E+12  -1.3933E+12  -1.0464E+13  -2.7275E+12  -2.2866E+12  -6.9935E+11  -3.8215E+12  -4.6345E+12
      0.00000  -2.7335E+13  -1.2787E+13  -4.7922E+12  -5.7820E+12  -1.3933E+12  -1.0464E+13  -2.7275E+12  -2.2866E+12  -6.9935E+11  -3.8215E+12  -4.6345E+12
      0.00588   4.2615E+12   5.3246E+12   3.3984E+12   3.8075E+12   1.3679E+12   4.6401E+12   2.3064E+12   2.0241E+12   7.6071E+11   2.8179E+12   3.1866E+12
      0.01765   4.2003E+12   5.3101E+12   3.4109E+12   3.8176E+12   1.3797E+12   4.6343E+12   2.3208E+12   2.0381E+12   7.6883E+11   2.8310E+12   3.1985E+12
      0.02941   4.0627E+12   5.2745E+12   3.4363E+12   3.8375E+12   1.4052E+12   4.6185E+12   2.3512E+12   2.0680E+12   7.8651E+11   2.8583E+12   3.2228E+12
      0.04118   3.8016E+12   5.1980E+12   3.4747E+12   3.8647E+12   1.4495E+12   4.5801E+12   2.4019E+12   2.1184E+12   8.1795E+11   2.9021E+12   3.2602E+12
      0.05294   3.2388E+12   5.0010E+12   3.5224E+12   3.8859E+12   1.5296E+12   4.4669E+12   2.4852E+12   2.2039E+12   8.7784E+11   2.9672E+12   3.3090E+12
      0.06196   2.2232E+12   4.5791E+12   3.5315E+12   3.8431E+12   1.6379E+12   4.2002E+12   2.5771E+12   2.3059E+12   9.6734E+11   3.0224E+12   3.3301E+12
      0.06823   2.4762E+12   4.7066E+12   3.5663E+12   3.8914E+12   1.6290E+12   4.2933E+12   2.5840E+12   2.3070E+12   9.5508E+11   3.0436E+12   3.3614E+12
      0.07451   2.7918E+12   4.8689E+12   3.6130E+12   3.9552E+12   1.6193E+12   4.4123E+12   2.5950E+12   2.3106E+12   9.4066E+11   3.0732E+12   3.4036E+12
      0.08078   3.2056E+12   5.0882E+12   3.6813E+12   4.0463E+12   1.6099E+12   4.5739E+12   2.6149E+12   2.3201E+12   9.2368E+11   3.1182E+12   3.4656E+12
      0.08706   3.8342E+12   5.4385E+12   3.8053E+12   4.2058E+12   1.6054E+12   4.8340E+12   2.6612E+12   2.3489E+12   9.0375E+11   3.2041E+12   3.5781E+12
      0.09333   4.7481E+12   5.9690E+12   4.0075E+12   4.4611E+12   1.6078E+12   5.2286E+12   2.7444E+12   2.4047E+12   8.7963E+11   3.3470E+12   3.7608E+12
      0.09961   4.8931E+12   5.9984E+12   3.9586E+12   4.4203E+12   1.5596E+12   5.2401E+12   2.6872E+12   2.3482E+12   8.4725E+11   3.2998E+12   3.7186E+12
      0.10588   5.0669E+12   6.0327E+12   3.8988E+12   4.3700E+12   1.5011E+12   5.2534E+12   2.6178E+12   2.2797E+12   8.0822E+11   3.2428E+12   3.6676E+12
      0.11216   5.2849E+12   6.0751E+12   3.8231E+12   4.3063E+12   1.4271E+12   5.2704E+12   2.5301E+12   2.1931E+12   7.5902E+11   3.1718E+12   3.6041E+12
      0.11843   5.5966E+12   6.1387E+12   3.7181E+12   4.2187E+12   1.3213E+12   5.2988E+12   2.4064E+12   2.0702E+12   6.8871E+11   3.0751E+12   3.5185E+12
      0.12471   6.0295E+12   6.2292E+12   3.5711E+12   4.0963E+12   1.1719E+12   5.3420E+12   2.2324E+12   1.8970E+12   5.9010E+11   2.9425E+12   3.4019E+12
      0.13098   6.1410E+12   6.2128E+12   3.4792E+12   4.0074E+12   1.1166E+12   5.3149E+12   2.1504E+12   1.8213E+12   5.5834E+11   2.8615E+12   3.3214E+12
      0.13725   6.2736E+12   6.1873E+12   3.3648E+12   3.8959E+12   1.0496E+12   5.2781E+12   2.0500E+12   1.7289E+12   5.2013E+11   2.7617E+12   3.2216E+12
      0.14353   6.4392E+12   6.1461E+12   3.2141E+12   3.7476E+12   9.6384E+11   5.2250E+12   1.9202E+12   1.6098E+12   4.7162E+11   2.6318E+12   3.0909E+12
      0.14980   6.6757E+12   6.0677E+12   2.9824E+12   3.5167E+12   8.3637E+11   5.1347E+12   1.7248E+12   1.4313E+12   4.0018E+11   2.4353E+12   2.8913E+12
      0.15608   6.9930E+12   5.9060E+12   2.6269E+12   3.1558E+12   6.5239E+11   4.9695E+12   1.4362E+12   1.1695E+12   2.9866E+11   2.1398E+12   2.5865E+12
      0.16235   7.0505E+12   5.8411E+12   2.5435E+12   3.0665E+12   6.1993E+11   4.9075E+12   1.3773E+12   1.1185E+12   2.8216E+11   2.0699E+12   2.5107E+12
      0.16863   7.1218E+12   5.7628E+12   2.4443E+12   2.9601E+12   5.8156E+11   4.8336E+12   1.3077E+12   1.0580E+12   2.6271E+11   1.9873E+12   2.4209E+12
      0.17490   7.2171E+12   5.6645E+12   2.3205E+12   2.8270E+12   5.3385E+11   4.7419E+12   1.2210E+12   9.8283E+11   2.3857E+11   1.8849E+12   2.3095E+12
      0.18118   7.3710E+12   5.5251E+12   2.1434E+12   2.6365E+12   4.6557E+11   4.6138E+12   1.0972E+12   8.7538E+11   2.0407E+11   1.7397E+12   2.1515E+12
      0.18745   7.5899E+12   5.3165E+12   1.8935E+12   2.3658E+12   3.7089E+11   4.4273E+12   9.2453E+11   7.2581E+11   1.5648E+11   1.5367E+12   1.9295E+12
      0.19373   7.5441E+12   5.2134E+12   1.8255E+12   2.2875E+12   3.5182E+11   4.3385E+12   8.8417E+11   6.9241E+11   1.4766E+11   1.4810E+12   1.8649E+12
      0.20000   7.4909E+12   5.0928E+12   1.7464E+12   2.1965E+12   3.2960E+11   4.2354E+12   8.3721E+11   6.5353E+11   1.3739E+11   1.4164E+12   1.7901E+12
      0.20627   7.4263E+12   4.9457E+12   1.6501E+12   2.0857E+12   3.0239E+11   4.1105E+12   7.7996E+11   6.0608E+11   1.2481E+11   1.3382E+12   1.6994E+12
      0.21255   7.3393E+12   4.7429E+12   1.5171E+12   1.9327E+12   2.6426E+11   3.9399E+12   7.0037E+11   5.3993E+11   1.0713E+11   1.2307E+12   1.5750E+12
      0.21882   7.2217E+12   4.4669E+12   1.3372E+12   1.7256E+12   2.1248E+11   3.7102E+12   5.9269E+11   4.5032E+11   8.3144E+10   1.0863E+12   1.4079E+12
      0.22510   7.1714E+12   4.3750E+12   1.2873E+12   1.6662E+12   2.0130E+11   3.6320E+12   5.6603E+11   4.2901E+11   7.8362E+10   1.0455E+12   1.3590E+12
      0.23137   7.1151E+12   4.2698E+12   1.2301E+12   1.5980E+12   1.8838E+11   3.5429E+12   5.3539E+11   4.0449E+11   7.2837E+10   9.9897E+11   1.3032E+12
      0.23764   7.0514E+12   4.1451E+12   1.1619E+12   1.5168E+12   1.7277E+11   3.4378E+12   4.9861E+11   3.7499E+11   6.6143E+10   9.4356E+11   1.2369E+12
      0.24391   6.9771E+12   3.9824E+12   1.0705E+12   1.4085E+12   1.5132E+11   3.3016E+12   4.4876E+11   3.3483E+11   5.6889E+10   8.6974E+11   1.1489E+12
      0.25019   6.8876E+12   3.7694E+12   9.4960E+11   1.2655E+12   1.2253E+11   3.1248E+12   3.8239E+11   2.8122E+11   4.4445E+10   7.7256E+11   1.0333E+12
      0.25647   6.7948E+12   3.6615E+12   9.0528E+11   1.2101E+12   1.1489E+11   3.0351E+12   3.6152E+11   2.6519E+11   4.1472E+10   7.3666E+11   9.8834E+11
      0.26275   6.6864E+12   3.5358E+12   8.5407E+11   1.1462E+12   1.0604E+11   2.9312E+12   3.3739E+11   2.4666E+11   3.8027E+10   6.9526E+11   9.3642E+11
      0.26902   6.5533E+12   3.3821E+12   7.9185E+11   1.0684E+12   9.5258E+10   2.8045E+12   3.0806E+11   2.2410E+11   3.3824E+10   6.4507E+11   8.7348E+11
      0.27530   6.3659E+12   3.1660E+12   7.0498E+11   9.5983E+11   8.0084E+10   2.6273E+12   2.6701E+11   1.9250E+11   2.7895E+10   5.7521E+11   7.8588E+11
      0.28158   6.1056E+12   2.8695E+12   5.8769E+11   8.1301E+11   5.9583E+10   2.3855E+12   2.1167E+11   1.4986E+11   1.9879E+10   4.8117E+11   6.6781E+11
      0.28785   6.0431E+12   2.8075E+12   5.6586E+11   7.8503E+11   5.6423E+10   2.3344E+12   2.0217E+11   1.4276E+11   1.8726E+10   4.6347E+11   6.4506E+11
      0.29412   5.9744E+12   2.7384E+12   5.4128E+11   7.5357E+11   5.2822E+10   2.2777E+12   1.9142E+11   1.3471E+11   1.7409E+10   4.4357E+11   6.1952E+11
      0.30040   5.8973E+12   2.6587E+12   5.1247E+11   7.1680E+11   4.8529E+10   2.2124E+12   1.7871E+11   1.2518E+11   1.5832E+10   4.2031E+11   5.8976E+11
      0.30667   5.8052E+12   2.5576E+12   4.7468E+11   6.6883E+11   4.2713E+10   2.1302E+12   1.6178E+11   1.1240E+11   1.3679E+10   3.8990E+11   5.5108E+11
      0.31294   5.6952E+12   2.4302E+12   4.2595E+11   6.0720E+11   3.5058E+10   2.0272E+12   1.3972E+11   9.5696E+10   1.0831E+10   3.5082E+11   5.0156E+11
      0.31922   5.6218E+12   2.3723E+12   4.0943E+11   5.8522E+11   3.3164E+10   1.9793E+12   1.3327E+11   9.1051E+10   1.0194E+10   3.3735E+11   4.8360E+11
      0.32549   5.5408E+12   2.3079E+12   3.9090E+11   5.6063E+11   3.1012E+10   1.9264E+12   1.2599E+11   8.5798E+10   9.4685E+09   3.2227E+11   4.6353E+11
      0.33176   5.4498E+12   2.2342E+12   3.6930E+11   5.3205E+11   2.8458E+10   1.8659E+12   1.1744E+11   7.9603E+10   8.6028E+09   3.0473E+11   4.4027E+11
      0.33804   5.3416E+12   2.1418E+12   3.4120E+11   4.9507E+11   2.5018E+10   1.7905E+12   1.0611E+11   7.1357E+10   7.4278E+09   2.8198E+11   4.1029E+11
      0.34431   5.2127E+12   2.0264E+12   3.0521E+11   4.4792E+11   2.0512E+10   1.6969E+12   9.1434E+10   6.0638E+10   5.8797E+09   2.5293E+11   3.7218E+11
      0.35059   5.1192E+12   1.9706E+12   2.9250E+11   4.3037E+11   1.9357E+10   1.6507E+12   8.6983E+10   5.7546E+10   5.5215E+09   2.4251E+11   3.5775E+11
      0.35686   5.0146E+12   1.9086E+12   2.7827E+11   4.1077E+11   1.8049E+10   1.5996E+12   8.1969E+10   5.4057E+10   5.1145E+09   2.3085E+11   3.4166E+11
      0.36313   4.8950E+12   1.8378E+12   2.6174E+11   3.8806E+11   1.6498E+10   1.5413E+12   7.6085E+10   4.9950E+10   4.6294E+09   2.1734E+11   3.2306E+11
      0.36941   4.7512E+12   1.7494E+12   2.4028E+11   3.5878E+11   1.4412E+10   1.4689E+12   6.8315E+10   4.4494E+10   3.9716E+09   1.9985E+11   2.9917E+11
      0.37568   4.5770E+12   1.6394E+12   2.1289E+11   3.2156E+11   1.1684E+10   1.3794E+12   5.8272E+10   3.7417E+10   3.1061E+09   1.7760E+11   2.6889E+11
      0.38196   4.4317E+12   1.5830E+12   2.0311E+11   3.0749E+11   1.0987E+10   1.3325E+12   5.5215E+10   3.5374E+10   2.9075E+09   1.6951E+11   2.5725E+11
      0.38824   4.2564E+12   1.5194E+12   1.9216E+11   2.9177E+11   1.0199E+10   1.2798E+12   5.1776E+10   3.3070E+10   2.6814E+09   1.6048E+11   2.4425E+11
      0.39452   4.0307E+12   1.4449E+12   1.7941E+11   2.7351E+11   9.2633E+09   1.2182E+12   4.7739E+10   3.0358E+10   2.4124E+09   1.4998E+11   2.2918E+11
      0.40079   3.6857E+12   1.3465E+12   1.6284E+11   2.4986E+11   8.0058E+09   1.1373E+12   4.2408E+10   2.6755E+10   2.0471E+09   1.3638E+11   2.0975E+11
      0.40707   3.1729E+12   1.2181E+12   1.4166E+11   2.1970E+11   6.3611E+09   1.0321E+12   3.5521E+10   2.2084E+10   1.5667E+09   1.1903E+11   1.8503E+11
      0.41334   3.1375E+12   1.1765E+12   1.3428E+11   2.0879E+11   5.9466E+09   9.9705E+11   3.3438E+10   2.0745E+10   1.4585E+09   1.1287E+11   1.7591E+11
      0.41962   3.0968E+12   1.1294E+12   1.2596E+11   1.9652E+11   5.4751E+09   9.5747E+11   3.1084E+10   1.9229E+10   1.3351E+09   1.0594E+11   1.6566E+11
      0.42589   3.0480E+12   1.0740E+12   1.1619E+11   1.8213E+11   4.9138E+09   9.1105E+11   2.8301E+10   1.7432E+10   1.1875E+09   9.7816E+10   1.5367E+11
      0.43216   2.9834E+12   1.0014E+12   1.0327E+11   1.6316E+11   4.1511E+09   8.5051E+11   2.4573E+10   1.5015E+10   9.8549E+08   8.7095E+10   1.3791E+11
      0.43844   2.8976E+12   9.0705E+11   8.6548E+10   1.3865E+11   3.1473E+09   7.7219E+11   1.9712E+10   1.1854E+10   7.1853E+08   7.3247E+10   1.1759E+11
      0.44471   2.8562E+12   8.6965E+11   8.1511E+10   1.3090E+11   2.9263E+09   7.4058E+11   1.8448E+10   1.1072E+10   6.6550E+08   6.9011E+10   1.1106E+11
      0.45098   2.8079E+12   8.2734E+11   7.5835E+10   1.2217E+11   2.6749E+09   7.0489E+11   1.7016E+10   1.0185E+10   6.0499E+08   6.4243E+10   1.0371E+11
      0.45726   2.7494E+12   7.7760E+11   6.9161E+10   1.1192E+11   2.3751E+09   6.6304E+11   1.5322E+10   9.1324E+09   5.3247E+08   5.8646E+10   9.5106E+10
      0.46353   2.6708E+12   7.1254E+11   6.0323E+10   9.8413E+10   1.9668E+09   6.0853E+11   1.3049E+10   7.7138E+09   4.3310E+08   5.1251E+10   8.3787E+10
      0.46980   2.5643E+12   6.2818E+11   4.8877E+10   8.0951E+10   1.4286E+09   5.3812E+11   1.0081E+10   5.8563E+09   3.0141E+08   4.1693E+10   6.9190E+10
      0.47608   2.5096E+12   5.9354E+11   4.5399E+10   7.5356E+10   1.3122E+09   5.0865E+11   9.3110E+09   5.3997E+09   2.7595E+08   3.8741E+10   6.4432E+10
      0.48235   2.4433E+12   5.5362E+11   4.1424E+10   6.8961E+10   1.1782E+09   4.7475E+11   8.4291E+09   4.8762E+09   2.4668E+08   3.5369E+10   5.9000E+10
      0.48862   2.3580E+12   5.0527E+11   3.6644E+10   6.1278E+10   1.0161E+09   4.3375E+11   7.3651E+09   4.2438E+09   2.1101E+08   3.1319E+10   5.2480E+10
      0.49490   2.2303E+12   4.3807E+11   3.0034E+10   5.0670E+10   7.8845E+08   3.7691E+11   5.8841E+09   3.3613E+09   1.6082E+08   2.5727E+10   4.3493E+10
      0.50117   2.0370E+12   3.4704E+11   2.1229E+10   3.6541E+10   4.8284E+08   3.0007E+11   3.9051E+09   2.1803E+09   9.3155E+07   1.8286E+10   3.1539E+10
      0.50744   1.9856E+12   3.2752E+11   1.9739E+10   3.4046E+10   4.4406E+08   2.8336E+11   3.6113E+09   2.0127E+09   8.5515E+07   1.7010E+10   2.9398E+10
      0.51372   1.9246E+12   3.0528E+11   1.8044E+10   3.1210E+10   3.9964E+08   2.6434E+11   3.2758E+09   1.8214E+09   7.6501E+07   1.5558E+10   2.6967E+10
      0.51999   1.8485E+12   2.7874E+11   1.6019E+10   2.7825E+10   3.4597E+08   2.4167E+11   2.8732E+09   1.5913E+09   6.5725E+07   1.3826E+10   2.4068E+10
      0.52626   1.7396E+12   2.4270E+11   1.3249E+10   2.3209E+10   2.7130E+08   2.1095E+11   2.3182E+09   1.2731E+09   5.0647E+07   1.1461E+10   2.0121E+10
      0.53254   1.5835E+12   1.9494E+11   9.5883E+09   1.7116E+10   1.7155E+08   1.7032E+11   1.5809E+09   8.4971E+08   3.0410E+07   8.3392E+09   1.4919E+10
      0.53882   1.5342E+12   1.8280E+11   8.8571E+09   1.5845E+10   1.5663E+08   1.5984E+11   1.4521E+09   7.7927E+08   2.7678E+07   7.7069E+09   1.3817E+10
      0.54510   1.4755E+12   1.6886E+11   8.0183E+09   1.4387E+10   1.3963E+08   1.4781E+11   1.3041E+09   6.9797E+08   2.4561E+07   6.9818E+09   1.2555E+10
      0.55137   1.4014E+12   1.5198E+11   7.0031E+09   1.2623E+10   1.1885E+08   1.3327E+11   1.1247E+09   5.9942E+08   2.0749E+07   6.1051E+09   1.1030E+10
      0.55765   1.2919E+12   1.2837E+11   5.5805E+09   1.0156E+10   8.9345E+07   1.1293E+11   8.7172E+08   4.6034E+08   1.5341E+07   4.8776E+09   8.8982E+09
      0.56393   1.1324E+12   9.6551E+10   3.6718E+09   6.8471E+09   4.9501E+07   8.5565E+10   5.3149E+08   2.7313E+08   7.9663E+06   3.2323E+09   6.0423E+09
      0.57020   1.1060E+12   9.1905E+10   3.4368E+09   6.4258E+09   4.5680E+07   8.1528E+10   4.9385E+08   2.5317E+08   7.3362E+06   3.0273E+09   5.6745E+09
      0.57647   1.0756E+12   8.6640E+10   3.1693E+09   5.9469E+09   4.1271E+07   7.6957E+10   4.5093E+08   2.3051E+08   6.5315E+06   2.7943E+09   5.2566E+09
      0.58275   1.0389E+12   8.0375E+10   2.8491E+09   5.3742E+09   3.6028E+07   7.1523E+10   3.9925E+08   2.0302E+08   5.6590E+06   2.5155E+09   4.7575E+09
      0.58902   9.8795E+11   7.1827E+10   2.4079E+09   4.5869E+09   2.8547E+07   6.4119E+10   3.2759E+08   1.6489E+08   4.3995E+06   2.1317E+09   4.0721E+09
      0.59529   9.1874E+11   6.0544E+10   1.8224E+09   3.5440E+09   1.8613E+07   5.4356E+10   2.3213E+08   1.1413E+08   2.7249E+06   1.6233E+09   3.1652E+09
      0.60157   9.0533E+11   5.8466E+10   1.7300E+09   3.3739E+09   1.7373E+07   5.2542E+10   2.1853E+08   1.0708E+08   2.5530E+06   1.5421E+09   3.0156E+09
      0.60784   8.9069E+11   5.6174E+10   1.6267E+09   3.1843E+09   1.5916E+07   5.0544E+10   2.0332E+08   9.9235E+07   2.2861E+06   1.4514E+09   2.8490E+09
      0.61412   8.7422E+11   5.3555E+10   1.5062E+09   2.9638E+09   1.4281E+07   4.8265E+10   1.8530E+08   9.0104E+07   1.9990E+06   1.3458E+09   2.6556E+09
      0.62039   8.5400E+11   5.0232E+10   1.3479E+09   2.6757E+09   1.2062E+07   4.5383E+10   1.6133E+08   7.7675E+07   1.6754E+06   1.2073E+09   2.4036E+09
      0.62666   8.2925E+11   4.6070E+10   1.1445E+09   2.3073E+09   9.0294E+06   4.1783E+10   1.3031E+08   6.1539E+07   1.2130E+06   1.0298E+09   2.0817E+09
      0.63294   8.1720E+11   4.4488E+10   1.0860E+09   2.1957E+09   8.4754E+06   4.0389E+10   1.2263E+08   5.7724E+07   1.1147E+06   9.7780E+08   1.9826E+09
      0.63921   8.0415E+11   4.2749E+10   1.0204E+09   2.0712E+09   7.7520E+06   3.8860E+10   1.1384E+08   5.3453E+07   1.0351E+06   9.1980E+08   1.8723E+09
      0.64548   7.8965E+11   4.0770E+10   9.4421E+08   1.9269E+09   6.9440E+06   3.7123E+10   1.0373E+08   4.8377E+07   9.0124E+05   8.5235E+08   1.7445E+09
      0.65176   7.7230E+11   3.8282E+10   8.4415E+08   1.7388E+09   5.8428E+06   3.4948E+10   9.0069E+07   4.1596E+07   7.5471E+05   7.6411E+08   1.5784E+09
      0.65803   7.5154E+11   3.5187E+10   7.1584E+08   1.4987E+09   4.3495E+06   3.2250E+10   7.2359E+07   3.2745E+07   5.2431E+05   6.5104E+08   1.3668E+09
      0.66431   7.3953E+11   3.3921E+10   6.7840E+08   1.4243E+09   4.0641E+06   3.1123E+10   6.8010E+07   3.0724E+07   4.8196E+05   6.1744E+08   1.2999E+09
      0.67059   7.2642E+11   3.2527E+10   6.3653E+08   1.3414E+09   3.7693E+06   2.9881E+10   6.3156E+07   2.8389E+07   4.5994E+05   5.7994E+08   1.2256E+09
      0.67687   7.1166E+11   3.0934E+10   5.8780E+08   1.2452E+09   3.2950E+06   2.8465E+10   5.7421E+07   2.5685E+07   3.9472E+05   5.3628E+08   1.1394E+09
      0.68314   6.9348E+11   2.8913E+10   5.2386E+08   1.1197E+09   2.8113E+06   2.6675E+10   4.9798E+07   2.2029E+07   3.3458E+05   4.7915E+08   1.0272E+09
      0.68942   6.7118E+11   2.6383E+10   4.4182E+08   9.5936E+08   2.0913E+06   2.4438E+10   3.9920E+07   1.7338E+07   2.4479E+05   4.0601E+08   8.8406E+08
      0.69569   6.6059E+11   2.5423E+10   4.1787E+08   9.1017E+08   1.9321E+06   2.3575E+10   3.7441E+07   1.6222E+07   2.0922E+05   3.8434E+08   8.3947E+08
      0.70197   6.4908E+11   2.4364E+10   3.9105E+08   8.5522E+08   1.7559E+06   2.2625E+10   3.4609E+07   1.4922E+07   1.8804E+05   3.6007E+08   7.8977E+08
      0.70824   6.3620E+11   2.3151E+10   3.5956E+08   7.9114E+08   1.5712E+06   2.1539E+10   3.1242E+07   1.3400E+07   1.7025E+05   3.3164E+08   7.3185E+08
      0.71451   6.2049E+11   2.1604E+10   3.1787E+08   7.0661E+08   1.2917E+06   2.0159E+10   2.6764E+07   1.1340E+07   1.3214E+05   2.9406E+08   6.5556E+08
      0.72079   6.0138E+11   1.9660E+10   2.6400E+08   5.9779E+08   9.2072E+05   1.8428E+10   2.0903E+07   8.6745E+06   9.9950E+04   2.4554E+08   5.5766E+08
      0.72706   5.9213E+11   1.8977E+10   2.5041E+08   5.6863E+08   8.6313E+05   1.7808E+10   1.9640E+07   8.1307E+06   8.9785E+04   2.3308E+08   5.3092E+08
      0.73333   5.8220E+11   1.8231E+10   2.3521E+08   5.3634E+08   8.0045E+05   1.7130E+10   1.8229E+07   7.5140E+06   7.9621E+04   2.1922E+08   5.0134E+08
      0.73961   5.7129E+11   1.7388E+10   2.1768E+08   4.9905E+08   7.0897E+05   1.6368E+10   1.6593E+07   6.8186E+06   6.3527E+04   2.0321E+08   4.6727E+08
      0.74588   5.5845E+11   1.6343E+10   1.9497E+08   4.5106E+08   5.8615E+05   1.5426E+10   1.4436E+07   5.8462E+06   6.0986E+04   1.8249E+08   4.2349E+08
      0.75215   5.4334E+11   1.5059E+10   1.6608E+08   3.9042E+08   4.3707E+05   1.4272E+10   1.1702E+07   4.6485E+06   4.4893E+04   1.5622E+08   3.6831E+08
      0.75843   5.3436E+11   1.4494E+10   1.5675E+08   3.6972E+08   4.0488E+05   1.3752E+10   1.0906E+07   4.3241E+06   3.0493E+04   1.4758E+08   3.4911E+08
      0.76470   5.2470E+11   1.3871E+10   1.4631E+08   3.4662E+08   3.6677E+05   1.3180E+10   1.0053E+07   3.9768E+06   2.6258E+04   1.3792E+08   3.2767E+08
      0.77097   5.1407E+11   1.3162E+10   1.3406E+08   3.1962E+08   3.2695E+05   1.2529E+10   9.0395E+06   3.5669E+06   3.1340E+04   1.2661E+08   3.0269E+08
      0.77725   5.0152E+11   1.2264E+10   1.1788E+08   2.8417E+08   2.7105E+05   1.1710E+10   7.6860E+06   2.9655E+06   1.7788E+04   1.1164E+08   2.6996E+08
      0.78352   4.8669E+11   1.1143E+10   9.6925E+07   2.3854E+08   1.8127E+05   1.0691E+10   5.8945E+06   2.2438E+06   2.1176E+04   9.2365E+07   2.2794E+08
      0.78980   4.7794E+11   1.0713E+10   9.1430E+07   2.2576E+08   1.8296E+05   1.0290E+10   5.5176E+06   2.0651E+06   6.7763E+03   8.7205E+07   2.1593E+08
      0.79608   4.6855E+11   1.0241E+10   8.5292E+07   2.1152E+08   1.5077E+05   9.8495E+09   5.0864E+06   1.9041E+06   1.3553E+04   8.1454E+07   2.0254E+08
      0.80236   4.5828E+11   9.7037E+09   7.8123E+07   1.9493E+08   1.4230E+05   9.3505E+09   4.5587E+06   1.6991E+06   9.7409E+03   7.4729E+07   1.8698E+08
      0.80863   4.4630E+11   9.0288E+09   6.8642E+07   1.7322E+08   1.1266E+05   8.7263E+09   3.8879E+06   1.4374E+06   1.1435E+04   6.5879E+07   1.6666E+08
      0.81491   4.3229E+11   8.1903E+09   5.6489E+07   1.4535E+08   8.3009E+04   7.9534E+09   2.9841E+06   1.0817E+06   6.7763E+03   5.4515E+07   1.4065E+08
      0.82118   4.2337E+11   7.8527E+09   5.3159E+07   1.3724E+08   7.7927E+04   7.6337E+09   2.7952E+06   1.0020E+06   4.2352E+03   5.1366E+07   1.3294E+08
      0.82746   4.1379E+11   7.4820E+09   4.9458E+07   1.2826E+08   6.1833E+04   7.2833E+09   2.5614E+06   9.0802E+05   5.9292E+03   4.7826E+07   1.2433E+08
      0.83373   4.0325E+11   7.0603E+09   4.5146E+07   1.1772E+08   6.2680E+04   6.8857E+09   2.2938E+06   8.1485E+05   6.7763E+03   4.3721E+07   1.1436E+08
      0.84000   3.9089E+11   6.5303E+09   3.9436E+07   1.0398E+08   5.5057E+04   6.3881E+09   1.9346E+06   6.7085E+05   3.8116E+03   3.8313E+07   1.0132E+08
      0.84628   3.7634E+11   5.8715E+09   3.2095E+07   8.6369E+07   3.2187E+04   5.7717E+09   1.4806E+06   4.8450E+05   4.2352E+03   3.1374E+07   8.4650E+07
      0.85255   3.6736E+11   5.6052E+09   3.0070E+07   8.1161E+07   3.8964E+04   5.5162E+09   1.3773E+06   4.6163E+05   0.0000E+00   2.9409E+07   7.9619E+07
      0.85882   3.5772E+11   5.3121E+09   2.7789E+07   7.5339E+07   2.7105E+04   5.2355E+09   1.2426E+06   4.2013E+05   2.9646E+03   2.7211E+07   7.3983E+07
      0.86510   3.4714E+11   4.9780E+09   2.5120E+07   6.8535E+07   1.8635E+04   4.9163E+09   1.1071E+06   3.6422E+05   1.2705E+03   2.4647E+07   6.7439E+07
      0.87137   3.3481E+11   4.5564E+09   2.1571E+07   5.9555E+07   1.8635E+04   4.5155E+09   9.2200E+05   3.1425E+05   0.0000E+00   2.1230E+07   5.8806E+07
      0.87765   3.2041E+11   4.0309E+09   1.6968E+07   4.8008E+07   8.8938E+03   4.0177E+09   6.7339E+05   2.1557E+05   0.0000E+00   1.6816E+07   4.7734E+07
      0.88392   3.1091E+11   3.8209E+09   1.5760E+07   4.4779E+07   8.0468E+03   3.8129E+09   6.0478E+05   1.9609E+05   0.0000E+00   1.5657E+07   4.4557E+07
      0.89019   3.0063E+11   3.5882E+09   1.4428E+07   4.1136E+07   9.7409E+03   3.5865E+09   5.5396E+05   1.7915E+05   0.0000E+00   1.4326E+07   4.0983E+07
      0.89647   2.8922E+11   3.3203E+09   1.2830E+07   3.6837E+07   5.9292E+03   3.3266E+09   4.8027E+05   1.5458E+05   0.0000E+00   1.2777E+07   3.6780E+07
      0.90274   2.7562E+11   2.9763E+09   1.0676E+07   3.1096E+07   6.3527E+03   2.9946E+09   3.8116E+05   1.2197E+05   0.0000E+00   1.0671E+07   3.1181E+07
      0.90901   2.5942E+11   2.5429E+09   7.8711E+06   2.3637E+07   2.1176E+03   2.5775E+09   2.5835E+05   7.8774E+04   0.0000E+00   7.9418E+06   2.3909E+07
      0.91529   2.4997E+11   2.3924E+09   7.2625E+06   2.1877E+07   2.9646E+03   2.4275E+09   2.2912E+05   7.0727E+04   0.0000E+00   7.3290E+06   2.2159E+07
      0.92157   2.3969E+11   2.2245E+09   6.5734E+06   1.9885E+07   2.9646E+03   2.2605E+09   2.1091E+05   6.3527E+04   0.0000E+00   6.6420E+06   2.0159E+07
      0.92785   2.2825E+11   2.0294E+09   5.7429E+06   1.7505E+07   0.0000E+00   2.0671E+09   1.7491E+05   5.2940E+04   0.0000E+00   5.8208E+06   1.7790E+07
      0.93413   2.1469E+11   1.7752E+09   4.6024E+06   1.4270E+07   0.0000E+00   1.8166E+09   1.3425E+05   4.3199E+04   0.0000E+00   4.6837E+06   1.4565E+07
      0.94040   1.9857E+11   1.4506E+09   3.0972E+06   1.0000E+07   0.0000E+00   1.4980E+09   8.8091E+04   1.9905E+04   0.0000E+00   3.1959E+06   1.0331E+07
      0.94668   1.8801E+11   1.3454E+09   2.8316E+06   9.1628E+06   0.0000E+00   1.3903E+09   7.7504E+04   1.9482E+04   0.0000E+00   2.9161E+06   9.4559E+06
      0.95295   1.7633E+11   1.2270E+09   2.5170E+06   8.1878E+06   0.0000E+00   1.2695E+09   6.3951E+04   1.6094E+04   0.0000E+00   2.6006E+06   8.4748E+06
      0.95922   1.6310E+11   1.0881E+09   2.1498E+06   7.0410E+06   0.0000E+00   1.1281E+09   4.9551E+04   1.8211E+04   0.0000E+00   2.2273E+06   7.2836E+06
      0.96550   1.4708E+11   9.0486E+08   1.6394E+06   5.4375E+06   0.0000E+00   9.4270E+08   3.8540E+04   1.1858E+04   0.0000E+00   1.6970E+06   5.6563E+06
      0.97177   1.2757E+11   6.6830E+08   9.4529E+05   3.3155E+06   0.0000E+00   7.0430E+08   2.0117E+04   4.8704E+03   0.0000E+00   9.9780E+05   3.4959E+06
      0.97804   1.1380E+11   5.9222E+08   8.3835E+05   2.9352E+06   0.0000E+00   6.2387E+08   1.5458E+04   4.4469E+03   0.0000E+00   8.8218E+05   3.0978E+06
      0.98432   9.7433E+10   5.0318E+08   7.1468E+05   2.4987E+06   0.0000E+00   5.2983E+08   1.3341E+04   2.9646E+03   0.0000E+00   7.4814E+05   2.6317E+06
      0.99059   7.6667E+10   3.9218E+08   5.5565E+05   1.9467E+06   0.0000E+00   4.1271E+08   1.1223E+04   3.3881E+03   0.0000E+00   5.8361E+05   2.0489E+06
      0.99686   4.5263E+10   2.2832E+08   3.2251E+05   1.1338E+06   0.0000E+00   2.4007E+08   6.6704E+03   2.2235E+03   0.0000E+00   3.4051E+05   1.1920E+06
