  0.010000     1.468363E-01     1.189440E-01     5.642261E-02     6.618581E-02     1.787356E-02     1.014989E-01     3.393718E-02     2.871404E-02     9.290356E-03     4.664569E-02     5.509653E-02     3.524205E-03
  0.030000     1.468327E-01     1.186797E-01     5.619573E-02     6.593718E-02     1.778032E-02     1.012633E-01     3.377877E-02     2.857494E-02     9.239129E-03     4.645638E-02     5.488699E-02     3.509794E-03
  0.050000     1.468211E-01     1.181520E-01     5.574466E-02     6.544264E-02     1.759529E-02     1.007933E-01     3.346413E-02     2.829874E-02     9.137516E-03     4.608004E-02     5.447025E-02     3.481191E-03
  0.070000     1.467929E-01     1.173628E-01     5.507470E-02     6.470756E-02     1.732132E-02     1.000909E-01     3.299761E-02     2.788941E-02     8.987174E-03     4.552118E-02     5.385096E-02     3.438825E-03
  0.090000     1.467354E-01     1.163151E-01     5.419370E-02     6.373989E-02     1.696261E-02     9.915953E-02     3.238561E-02     2.735275E-02     8.790535E-03     4.478646E-02     5.303599E-02     3.383327E-03
  0.110000     1.466327E-01     1.150130E-01     5.311190E-02     6.255005E-02     1.652457E-02     9.800378E-02     3.163643E-02     2.669633E-02     8.550739E-03     4.388457E-02     5.203433E-02     3.315515E-03
  0.130000     1.464656E-01     1.134617E-01     5.184173E-02     6.115072E-02     1.601375E-02     9.662934E-02     3.076010E-02     2.592926E-02     8.271554E-03     4.282607E-02     5.085692E-02     3.236364E-03
  0.150000     1.462132E-01     1.116677E-01     5.039765E-02     5.955670E-02     1.543760E-02     9.504320E-02     2.976817E-02     2.506200E-02     7.957276E-03     4.162317E-02     4.951648E-02     3.146990E-03
  0.170000     1.458527E-01     1.096389E-01     4.879583E-02     5.778462E-02     1.480435E-02     9.325366E-02     2.867346E-02     2.410613E-02     7.612624E-03     4.028955E-02     4.802729E-02     3.048619E-03
  0.190000     1.453609E-01     1.073849E-01     4.705386E-02     5.585268E-02     1.412281E-02     9.127028E-02     2.748976E-02     2.307412E-02     7.242622E-03     3.884008E-02     4.640495E-02     2.942555E-03
  0.210000     1.447146E-01     1.049164E-01     4.519051E-02     5.378038E-02     1.340213E-02     8.910396E-02     2.623162E-02     2.197902E-02     6.852477E-03     3.729056E-02     4.466613E-02     2.830151E-03
  0.230000     1.438917E-01     1.022460E-01     4.322533E-02     5.158819E-02     1.265166E-02     8.676685E-02     2.491396E-02     2.083423E-02     6.447462E-03     3.565742E-02     4.282827E-02     2.712780E-03
  0.250000     1.428718E-01     9.938766E-02     4.117834E-02     4.929721E-02     1.188070E-02     8.427231E-02     2.355187E-02     1.965320E-02     6.032799E-03     3.395748E-02     4.090931E-02     2.591804E-03
  0.270000     1.416367E-01     9.635679E-02     3.906970E-02     4.692886E-02     1.109833E-02     8.163484E-02     2.216026E-02     1.844920E-02     5.613551E-03     3.220763E-02     3.892740E-02     2.468547E-03
  0.290000     1.401713E-01     9.317024E-02     3.691939E-02     4.450453E-02     1.031327E-02     7.886993E-02     2.075363E-02     1.723506E-02     5.194520E-03     3.042453E-02     3.690060E-02     2.344272E-03
  0.310000     1.384640E-01     8.984608E-02     3.474687E-02     4.204525E-02     9.533654E-03     7.599394E-02     1.934583E-02     1.602295E-02     4.780166E-03     2.862439E-02     3.484662E-02     2.220157E-03
  0.330000     1.365069E-01     8.640341E-02     3.257078E-02     3.957141E-02     8.766982E-03     7.302391E-02     1.794982E-02     1.482420E-02     4.374537E-03     2.682273E-02     3.278256E-02     2.097282E-03
  0.350000     1.342962E-01     8.286215E-02     3.040873E-02     3.710244E-02     8.019966E-03     6.997736E-02     1.657750E-02     1.364914E-02     3.981209E-03     2.503410E-02     3.072463E-02     1.976615E-03
  0.370000     1.318322E-01     7.924282E-02     2.827701E-02     3.465657E-02     7.298467E-03     6.687209E-02     1.523954E-02     1.250697E-02     3.603256E-03     2.327196E-02     2.868802E-02     1.858998E-03
  0.390000     1.291194E-01     7.556626E-02     2.619044E-02     3.225062E-02     6.607451E-03     6.372597E-02     1.394533E-02     1.140566E-02     3.243223E-03     2.154851E-02     2.668665E-02     1.745150E-03
  0.410000     1.261664E-01     7.185335E-02     2.416222E-02     2.989981E-02     5.950962E-03     6.055669E-02     1.270285E-02     1.035191E-02     2.903123E-03     1.987455E-02     2.473307E-02     1.635659E-03
  0.430000     1.229853E-01     6.812474E-02     2.220381E-02     2.761762E-02     5.332129E-03     5.738157E-02     1.151866E-02     9.351139E-03     2.584448E-03     1.825941E-02     2.283833E-02     1.530987E-03
  0.450000     1.195921E-01     6.440061E-02     2.032487E-02     2.541572E-02     4.753191E-03     5.421736E-02     1.039790E-02     8.407497E-03     2.288189E-03     1.671096E-02     2.101194E-02     1.431478E-03
  0.470000     1.160053E-01     6.070039E-02     1.853329E-02     2.330391E-02     4.215542E-03     5.108002E-02     9.344350E-03     7.523892E-03     2.014871E-03     1.523551E-02     1.926181E-02     1.337360E-03
  0.490000     1.122463E-01     5.704254E-02     1.683514E-02     2.129010E-02     3.719799E-03     4.798461E-02     8.360465E-03     6.702078E-03     1.764595E-03     1.383795E-02     1.759429E-02     1.248758E-03
  0.510000     1.083387E-01     5.344437E-02     1.523481E-02     1.938038E-02     3.265873E-03     4.494511E-02     7.447482E-03     5.942739E-03     1.537083E-03     1.252169E-02     1.601420E-02     1.165704E-03
  0.530000     1.043074E-01     4.992187E-02     1.373506E-02     1.757907E-02     2.853060E-03     4.197430E-02     6.605529E-03     5.245598E-03     1.331738E-03     1.128885E-02     1.452487E-02     1.088152E-03
  0.550000     1.001785E-01     4.648954E-02     1.233714E-02     1.588883E-02     2.480127E-03     3.908373E-02     5.833748E-03     4.609535E-03     1.147691E-03     1.014030E-02     1.312828E-02     1.015984E-03
  0.570000     9.597866E-02     4.316037E-02     1.104096E-02     1.431079E-02     2.145407E-03     3.628361E-02     5.130429E-03     4.032710E-03     9.838622E-04     9.075811E-03     1.182515E-02     9.490290E-04
  0.590000     9.173450E-02     3.994570E-02     9.845191E-03     1.284469E-02     1.846893E-03     3.358278E-02     4.493149E-03     3.512692E-03     8.390073E-04     8.094158E-03     1.061504E-02     8.870692E-04
  0.610000     8.747227E-02     3.685524E-02     8.747494E-03     1.148902E-02     1.582322E-03     3.098876E-02     3.918907E-03     3.046584E-03     7.117722E-04     7.193288E-03     9.496553E-03     8.298551E-04
  0.630000     8.321741E-02     3.389703E-02     7.744639E-03     1.024125E-02     1.349261E-03     2.850768E-02     3.404260E-03     2.631139E-03     6.007355E-04     6.370438E-03     8.467406E-03     7.771135E-04
  0.650000     7.899413E-02     3.107751E-02     6.832686E-03     9.097916E-03     1.145179E-03     2.614440E-02     2.945444E-03     2.262874E-03     5.044496E-04     5.622282E-03     7.524614E-03     7.285569E-04
  0.670000     7.482515E-02     2.840152E-02     6.007137E-03     8.054848E-03     9.675126E-04     2.390247E-02     2.538491E-03     1.938168E-03     4.214745E-04     4.945051E-03     6.664612E-03     6.838917E-04
  0.690000     7.073139E-02     2.587239E-02     5.263091E-03     7.107297E-03     8.137232E-04     2.178425E-02     2.179333E-03     1.653356E-03     3.504068E-04     4.334663E-03     5.883389E-03     6.428241E-04
  0.710000     6.673179E-02     2.349201E-02     4.595373E-03     6.250092E-03     6.813424E-04     1.979099E-02     1.863888E-03     1.404797E-03     2.899024E-04     3.786826E-03     5.176606E-03     6.050662E-04
  0.730000     6.284315E-02     2.126092E-02     3.998657E-03     5.477774E-03     5.680093E-04     1.792282E-02     1.588140E-03     1.188944E-03     2.386937E-04     3.297142E-03     4.539708E-03     5.703394E-04
  0.750000     5.908000E-02     1.917842E-02     3.467573E-03     4.784715E-03     4.714980E-04     1.617895E-02     1.348195E-03     1.002389E-03     1.956019E-04     2.861187E-03     3.968022E-03     5.383780E-04
  0.770000     5.545461E-02     1.724268E-02     2.996795E-03     4.165227E-03     3.897372E-04     1.455764E-02     1.140334E-03     8.419081E-04     1.595447E-04     2.474584E-03     3.456837E-03     5.089312E-04
  0.790000     5.197692E-02     1.545081E-02     2.581118E-03     3.613650E-03     3.208222E-04     1.305638E-02     9.610491E-04     7.044822E-04     1.295402E-04     2.133065E-03     3.001481E-03     4.817644E-04
  0.810000     4.865457E-02     1.379906E-02     2.215516E-03     3.124426E-03     2.630206E-04     1.167194E-02     8.070651E-04     5.873194E-04     1.047069E-04     1.832517E-03     2.597381E-03     4.566601E-04
  0.830000     4.549303E-02     1.228281E-02     1.895188E-03     2.692163E-03     2.147728E-04     1.040043E-02     6.753578E-04     4.878617E-04     8.426188E-05     1.569015E-03     2.240103E-03     4.334173E-04
  0.850000     4.249563E-02     1.089682E-02     1.615594E-03     2.311682E-03     1.746879E-04     9.237442E-03     5.631594E-04     4.037884E-04     6.751627E-05     1.338851E-03     1.925398E-03     4.118521E-04
  0.870000     3.966375E-02     9.635229E-03     1.372476E-03     1.978055E-03     1.415366E-04     8.178118E-03     4.679584E-04     3.330113E-04     5.386953E-05     1.138552E-03     1.649226E-03     3.917961E-04
  0.890000     3.699691E-02     8.491747E-03     1.161871E-03     1.686625E-03     1.142412E-04     7.217225E-03     3.874940E-04     2.736669E-04     4.280268E-05     9.648857E-04     1.407775E-03     3.730959E-04
  0.910000     3.449298E-02     7.459717E-03     9.801202E-04     1.433031E-03     9.186452E-05     6.349252E-03     3.197454E-04     2.241046E-04     3.387084E-05     8.148690E-04     1.197472E-03     3.556122E-04
  0.930000     3.214836E-02     6.532238E-03     8.238629E-04     1.213212E-03     7.359775E-05     5.568487E-03     2.629191E-04     1.828721E-04     2.669568E-05     6.857631E-04     1.014995E-03     3.392182E-04
  0.950000     2.995813E-02     5.702262E-03     6.900345E-04     1.023410E-03     5.874759E-05     4.869101E-03     2.154331E-04     1.487005E-04     2.095785E-05     5.750696E-04     8.572672E-04     3.237988E-04
  0.970000     2.791632E-02     4.962683E-03     5.758550E-04     8.601687E-04     4.672376E-05     4.245217E-03     1.759000E-04     1.204876E-04     1.638973E-05     4.805212E-04     7.214601E-04     3.092497E-04
  0.990000     2.601602E-02     4.306427E-03     4.788167E-04     7.203287E-04     3.702695E-05     3.690979E-03     1.431105E-04     9.728160E-05     1.276855E-05     4.000716E-04     6.049849E-04     2.954761E-04
  1.010000     2.424968E-02     3.726531E-03     3.966686E-04     6.010153E-04     2.923725E-05     3.200622E-03     1.160154E-04     7.826511E-05     9.910123E-06     3.318831E-04     5.054853E-04     2.823919E-04
  1.030000     2.260919E-02     3.216209E-03     3.274008E-04     4.996274E-04     2.300362E-05     2.768522E-03     9.370950E-05     6.273978E-05     7.663073E-06     2.743129E-04     4.208272E-04     2.699190E-04
  1.050000     2.108615E-02     2.768917E-03     2.692272E-04     4.138239E-04     1.803415E-05     2.389249E-03     7.541536E-05     5.011195E-05     5.903762E-06     2.258998E-04     3.490880E-04     2.579867E-04
  1.070000     1.967201E-02     2.378400E-03     2.205682E-04     3.415082E-04     1.408738E-05     2.057608E-03     6.046831E-05     3.987931E-05     4.531775E-06     1.853502E-04     2.885439E-04     2.465311E-04
  1.090000     1.835822E-02     2.038737E-03     1.800336E-04     2.808127E-04     1.096458E-05     1.768676E-03     4.830275E-05     3.161882E-05     3.466003E-06     1.515241E-04     2.376571E-04     2.354949E-04
  1.110000     1.713638E-02     1.744371E-03     1.464057E-04     2.300818E-04     8.502964E-06     1.517829E-03     3.843940E-05     2.497574E-05     2.641280E-06     1.234215E-04     1.950631E-04     2.248268E-04
  1.130000     1.599838E-02     1.490133E-03     1.186229E-04     1.878561E-04     6.569788E-06     1.300757E-03     3.047393E-05     1.965392E-05     2.005508E-06     1.001697E-04     1.595570E-04     2.144816E-04
  1.150000     1.493649E-02     1.271252E-03     9.576465E-05     1.528555E-04     5.057310E-06     1.113480E-03     2.406668E-05     1.540714E-05     1.517241E-06     8.101027E-05     1.300806E-04     2.044199E-04
  1.170000     1.394346E-02     1.083362E-03     7.703607E-05     1.239634E-04     3.878447E-06     9.523515E-04     1.893351E-05     1.203158E-05     1.143662E-06     6.528792E-05     1.057093E-04     1.946079E-04
  1.190000     1.301259E-02     9.225009E-04     6.175467E-05     1.002110E-04     2.963111E-06     8.140582E-04     1.483777E-05     9.359198E-06     8.588999E-07     5.243881E-05     8.563978E-05     1.850178E-04
  1.210000     1.213775E-02     7.850976E-04     4.933727E-05     8.076230E-05     2.255128E-06     6.956114E-04     1.158318E-05     7.252045E-06     6.426515E-07     4.198049E-05     6.917784E-05     1.756269E-04
  1.230000     1.131349E-02     6.679610E-04     3.928817E-05     6.490013E-05     1.709658E-06     5.943367E-04     9.007679E-06     5.597348E-06     4.790496E-07     3.350219E-05     5.572684E-05     1.664184E-04
  1.250000     1.053495E-02     5.682588E-04     3.118824E-05     5.201243E-05     1.291053E-06     5.078583E-04     6.978053E-06     4.303307E-06     3.557455E-07     2.665606E-05     4.477694E-05     1.573806E-04
  1.270000     9.797963E-03     4.834957E-04     2.468497E-05     4.157996E-05     9.710910E-07     4.340811E-04     5.385278E-06     3.295517E-06     2.631679E-07     2.114908E-05     3.589488E-05     1.485071E-04
  1.290000     9.098953E-03     4.114883E-04     1.948350E-05     3.316463E-05     7.275156E-07     3.711700E-04     4.140546E-06     2.513940E-06     1.939282E-07     1.673573E-05     2.871456E-05     1.397963E-04
  1.310000     8.434955E-03     3.503387E-04     1.533850E-05     2.639897E-05     5.428501E-07     3.175284E-04     3.171856E-06     1.910340E-06     1.423454E-07     1.321142E-05     2.292840E-05     1.312512E-04
  1.330000     7.803556E-03     2.984076E-04     1.204696E-05     2.097645E-05     4.034268E-07     2.717758E-04     2.421110E-06     1.446148E-06     1.040687E-07     1.040656E-05     1.827943E-05     1.228790E-04
  1.350000     7.202845E-03     2.542871E-04     9.441811E-06     1.664280E-05     2.986019E-07     2.327255E-04     1.841654E-06     1.090661E-06     7.577970E-08     8.181380E-06     1.455414E-05     1.146904E-04
  1.370000     6.631357E-03     2.167751E-04     7.386297E-06     1.318827E-05     2.201223E-07     1.993631E-04     1.396206E-06     8.195547E-07     5.495719E-08     6.421268E-06     1.157613E-05     1.066994E-04
  1.390000     6.088008E-03     1.848499E-04     5.769074E-06     1.044077E-05     1.616163E-07     1.708254E-04     1.055125E-06     6.136525E-07     3.969360E-08     5.032757E-06     9.200419E-06     9.892231E-05
  1.410000     5.572031E-03     1.576469E-04     4.499966E-06     8.259848E-06     1.181862E-07     1.463812E-04     7.949592E-07     4.579063E-07     2.855152E-08     3.940014E-06     7.308466E-06     9.137708E-05
  1.430000     5.082904E-03     1.344375E-04     3.506309E-06     6.531440E-06     8.608487E-08     1.254132E-04     5.972474E-07     3.405665E-07     2.045233E-08     3.081831E-06     5.803851E-06     8.408283E-05
  1.450000     4.620292E-03     1.146088E-04     2.729851E-06     5.163381E-06     6.245824E-08     1.074016E-04     4.475301E-07     2.525045E-07     1.459006E-08     2.409047E-06     4.608507E-06     7.705891E-05
  1.470000     4.183974E-03     9.764715E-05     2.124109E-06     4.081530E-06     4.514264E-08     9.190940E-05     3.345381E-07     1.866625E-07     1.036508E-08     1.882361E-06     3.659511E-06     7.032422E-05
  1.490000     3.773797E-03     8.312180E-05     1.652167E-06     3.226502E-06     3.250554E-08     7.856969E-05     2.495325E-07     1.376107E-07     7.333233E-09     1.470496E-06     2.906359E-06     6.389654E-05
  1.510000     3.389612E-03     7.067194E-05     1.284828E-06     2.550916E-06     2.332102E-08     6.707406E-05     1.857690E-07     1.011925E-07     5.166985E-09     1.148664E-06     2.308663E-06     5.779186E-05
  1.530000     3.031238E-03     5.999494E-05     9.990948E-07     2.017103E-06     1.667292E-08     5.716302E-05     1.380678E-07     7.424116E-08     3.625896E-09     8.972955E-07     1.834236E-06     5.202382E-05
  1.550000     2.698419E-03     5.083648E-05     7.769179E-07     1.595203E-06     1.187988E-08     4.861759E-05     1.024690E-07     5.435568E-08     2.534276E-09     7.009945E-07     1.457494E-06     4.660325E-05
  1.570000     2.390801E-03     4.298216E-05     6.041765E-07     1.261608E-06     8.437575E-09     4.125235E-05     7.595863E-08     3.972415E-08     1.764346E-09     5.476841E-07     1.158153E-06     4.153783E-05
  1.590000     2.107905E-03     3.625058E-05     4.698543E-07     9.976893E-07     5.974546E-09     3.490958E-05     5.625279E-08     2.898540E-08     1.223609E-09     4.279159E-07     9.201557E-07     3.683180E-05
  1.610000     1.849121E-03     3.048752E-05     3.653761E-07     7.887698E-07     4.218480E-09     2.945439E-05     4.162754E-08     2.112134E-08     8.454253E-10     3.343126E-07     7.308062E-07     3.248586E-05
  1.630000     1.613700E-03     2.556125E-05     2.840794E-07     6.232935E-07     2.970696E-09     2.477082E-05     3.078660E-08     1.537368E-08     5.820141E-10     2.611231E-07     5.800718E-07     2.849716E-05
  1.650000     1.400761E-03     2.135864E-05     2.207936E-07     4.921650E-07     2.086903E-09     2.075858E-05     2.275861E-08     1.117986E-08     3.992787E-10     2.038677E-07     4.600233E-07     2.485941E-05
  1.670000     1.209294E-03     1.778208E-05     1.715091E-07     3.882233E-07     1.462786E-09     1.733049E-05     1.681795E-08     8.124061E-09     2.730035E-10     1.590593E-07     3.643905E-07     2.156308E-05
  1.690000     1.038182E-03     1.474692E-05     1.331170E-07     3.058257E-07     1.023260E-09     1.441041E-05     1.242407E-08     5.899959E-09     1.860718E-10     1.239826E-07     2.882091E-07     1.859571E-05
  1.710000     8.862130E-04     1.217950E-05     1.032063E-07     2.405204E-07     7.145092E-10     1.193157E-05     9.175235E-09     4.282605E-09     1.264413E-10     9.652226E-08     2.275427E-07     1.594230E-05
  1.730000     7.521044E-04     1.001553E-05     7.990559E-08     1.887893E-07     4.981159E-10     9.835212E-06     6.773466E-09     3.107241E-09     8.567870E-11     7.502855E-08     1.792641E-07     1.358568E-05
  1.750000     6.345245E-04     8.198730E-06     6.176086E-08     1.478472E-07     3.467610E-10     8.069588E-06     4.998065E-09     2.253484E-09     5.790472E-11     5.821330E-08     1.408842E-07     1.150700E-05
  1.770000     5.321160E-04     6.679856E-06     4.764086E-08     1.154846E-07     2.410869E-10     6.589043E-06     3.685764E-09     1.633543E-09     3.903861E-11     4.506901E-08     1.104170E-07     9.686220E-06
  1.790000     4.435183E-04     5.415766E-06     3.666412E-08     8.994556E-08     1.674222E-10     5.353332E-06     2.715864E-09     1.183496E-09     2.626000E-11     3.480642E-08     8.627519E-08     8.102525E-06
  1.810000     3.673888E-04     4.368727E-06     2.814270E-08     6.983214E-08     1.161413E-10     4.327024E-06     1.999165E-09     8.568548E-10     1.762754E-11     2.680617E-08     6.718778E-08     6.734805E-06
  1.830000     3.024221E-04     3.505797E-06     2.153895E-08     5.402966E-08     8.048505E-11     3.479006E-06     1.469747E-09     6.198395E-10     1.181018E-11     2.058154E-08     5.213550E-08     5.562050E-06
  1.850000     2.473660E-04     2.798304E-06     1.643216E-08     4.164842E-08     5.571873E-11     2.782037E-06     1.078883E-09     4.479141E-10     7.898610E-12     1.574955E-08     4.030020E-08     4.563712E-06
  1.870000     2.010356E-04     2.221379E-06     1.249278E-08     3.197785E-08     3.853264E-11     2.212372E-06     7.905371E-10     3.232610E-10     5.273826E-12     1.200858E-08     3.102486E-08     3.720018E-06
  1.890000     1.623237E-04     1.753545E-06     9.462525E-09     2.445043E-08     2.661727E-11     1.749403E-06     5.780442E-10     2.329405E-10     3.515768E-12     9.120971E-09     2.378193E-08     3.012223E-06
  1.910000     1.302080E-04     1.376349E-06     7.138962E-09     1.861313E-08     1.836341E-11     1.375341E-06     4.216624E-10     1.675533E-10     2.340224E-12     6.899478E-09     1.814810E-08     2.422800E-06
  1.930000     1.037559E-04     1.074016E-06     5.363475E-09     1.410467E-08     1.265115E-11     1.074916E-06     3.067672E-10     1.202699E-10     1.555410E-12     5.196652E-09     1.378418E-08     1.935579E-06
  1.950000     8.212615E-05     8.331449E-07     4.011904E-09     1.063749E-08     8.701840E-12     8.351035E-07     2.225212E-10     8.612602E-11     1.032222E-12     3.896516E-09     1.041887E-08     1.535831E-06
  1.970000     6.456817E-05     6.424165E-07     2.987198E-09     7.983157E-09     5.974507E-12     6.448644E-07     1.608920E-10     6.151252E-11     6.839362E-13     2.907997E-09     7.835747E-09     1.210297E-06
  1.990000     5.041973E-05     4.923350E-07     2.213650E-09     5.960772E-09     4.093538E-12     4.949045E-07     1.159273E-10     4.380512E-11     4.524068E-13     2.159741E-09     5.862672E-09     9.471862E-07
  2.010000     3.910257E-05     3.749873E-07     1.632350E-09     4.427514E-09     2.798275E-12     3.774542E-07     8.321822E-11     3.109587E-11     2.987134E-13     1.595989E-09     4.363208E-09     7.361273E-07
  2.030000     3.011699E-05     2.838245E-07     1.197597E-09     3.271062E-09     1.907924E-12     2.860643E-07     5.950206E-11     2.199814E-11     1.968426E-13     1.173316E-09     3.229649E-09     5.681010E-07
  2.050000     2.303559E-05     2.134658E-07     8.740541E-10     2.403450E-09     1.297159E-12     2.154212E-07     4.236743E-11     1.550489E-11     1.294306E-13     8.580188E-10     2.377344E-09     4.353463E-07
  2.070000     1.749643E-05     1.595223E-07     6.345111E-10     1.756097E-09     8.791604E-13     1.611790E-07     3.003521E-11     1.088557E-11     8.490079E-14     6.240512E-10     1.740072E-09     3.312558E-07
  2.090000     1.319605E-05     1.184405E-07     4.580994E-10     1.275798E-09     5.938401E-13     1.198108E-07     2.119560E-11     7.610962E-12     5.554436E-14     4.513708E-10     1.266297E-09     2.502621E-07
  2.110000     9.882462E-06     8.736488E-08     3.288894E-10     9.214911E-10     3.996533E-13     8.847573E-08     1.488678E-11     5.298413E-12     3.623363E-14     3.246299E-10     9.161242E-10     1.877214E-07
  2.130000     7.348470E-06     6.401853E-08     2.347811E-10     6.616607E-10     2.679169E-13     6.490343E-08     1.040460E-11     3.671876E-12     2.356211E-14     2.321350E-10     6.588462E-10     1.397994E-07
  2.150000     5.425298E-06     4.659955E-08     1.666311E-10     4.722539E-10     1.788604E-13     4.729360E-08     7.235255E-12     2.532736E-12     1.526976E-14     1.650241E-10     4.709633E-10     1.033606E-07
  2.170000     3.976768E-06     3.369314E-08     1.175677E-10     3.350237E-10     1.188848E-13     3.422988E-08     5.005240E-12     1.738525E-12     9.859432E-15     1.166190E-10     3.346016E-10     7.586648E-08
  2.190000     2.894028E-06     2.419706E-08     8.245558E-11     2.362114E-10     7.865786E-14     2.460679E-08     3.444151E-12     1.187394E-12     6.341038E-15     8.191617E-11     2.362511E-10     5.528118E-08
  2.210000     2.090873E-06     1.725932E-08     5.748000E-11     1.655081E-10     5.179327E-14     1.756832E-08     2.357072E-12     8.068088E-13     4.061142E-15     5.718909E-11     1.657650E-10     3.998757E-08
  2.230000     1.499657E-06     1.222656E-08     3.982391E-11     1.152391E-10     3.393419E-14     1.245695E-08     1.604160E-12     5.453203E-13     2.589464E-15     3.967958E-11     1.155727E-10     2.871320E-08
  2.250000     1.067784E-06     8.601720E-09     2.742013E-11     7.972849E-11     2.211859E-14     8.771633E-09     1.085579E-12     3.665937E-13     1.643406E-15     2.735899E-11     8.006316E-11     2.046615E-08
  2.270000     7.547276E-07     6.009636E-09     1.876131E-11     5.480663E-11     1.434041E-14     6.133641E-09     7.304171E-13     2.450876E-13     1.037905E-15     1.874488E-11     5.510598E-11     1.448032E-08
  2.290000     5.295433E-07     4.169417E-09     1.275546E-11     3.743107E-11     9.246636E-15     4.259007E-09     4.885806E-13     1.629352E-13     6.521659E-16     1.276106E-11     3.768145E-11     1.016946E-08
  2.310000     3.688131E-07     2.872433E-09     8.616701E-12     2.539721E-11     5.928737E-15     2.936528E-09     3.248775E-13     1.077017E-13     4.076262E-16     8.631496E-12     2.559736E-11     7.089016E-09
  2.330000     2.549733E-07     1.964969E-09     5.783251E-12     1.711870E-11     3.779548E-15     2.010389E-09     2.147267E-13     7.077903E-14     2.533907E-16     5.800363E-12     1.727342E-11     4.904934E-09
  2.350000     1.749673E-07     1.334682E-09     3.856244E-12     1.146209E-11     2.395322E-15     1.366568E-09     1.410593E-13     4.624054E-14     1.566285E-16     3.872309E-12     1.157857E-11     3.368457E-09
  2.370000     1.191745E-07     9.001214E-10     2.554435E-12     7.623311E-12     1.508986E-15     9.223029E-10     9.209496E-14     3.002908E-14     9.625743E-17     2.568074E-12     7.709106E-12     2.295997E-09
  2.390000     8.056856E-08     6.027147E-10     1.680896E-12     5.036047E-12     9.448399E-16     6.180066E-10     5.975279E-14     1.938335E-14     5.880553E-17     1.691789E-12     5.098068E-12     1.553267E-09
  2.410000     5.406233E-08     4.006789E-10     1.098704E-12     3.304322E-12     5.879505E-16     4.111279E-10     3.852483E-14     1.243516E-14     3.570790E-17     1.107044E-12     3.348424E-12     1.042913E-09
  2.430000     3.600500E-08     2.644492E-10     7.133366E-13     2.153292E-12     3.635745E-16     2.715268E-10     2.468066E-14     7.928305E-15     2.154858E-17     7.195213E-13     2.184189E-12     6.949760E-10
  2.450000     2.379918E-08     1.732754E-10     4.600048E-13     1.393584E-12     2.233981E-16     1.780280E-10     1.571017E-14     5.023276E-15     1.292206E-17     4.644762E-13     1.414938E-12     4.596261E-10
  2.470000     1.561295E-08     1.127116E-10     2.946223E-13     8.956861E-13     1.363845E-16     1.158757E-10     9.935479E-15     3.162605E-15     7.699417E-18     2.977872E-13     9.102589E-13     3.016797E-10
  2.490000     1.016540E-08     7.278238E-11     1.874073E-13     5.716821E-13     8.272147E-17     7.487101E-11     6.242486E-15     1.978465E-15     4.557789E-18     1.896068E-13     5.815097E-13     1.965114E-10
  2.510000     6.568608E-09     4.665507E-11     1.183880E-13     3.623378E-13     4.984356E-17     4.802222E-11     3.896414E-15     1.229739E-15     2.680290E-18     1.198920E-13     3.688909E-13     1.270350E-10
  2.530000     4.212360E-09     2.968767E-11     7.426991E-14     2.280435E-13     2.983387E-17     3.057508E-11     2.415964E-15     7.594090E-16     1.565686E-18     7.528340E-14     2.323663E-13     8.149810E-11
  2.550000     2.680862E-09     1.875203E-11     4.626859E-14     1.425123E-13     1.773755E-17     1.932326E-11     1.488036E-15     4.659020E-16     9.084249E-19     4.694238E-14     1.453344E-13     5.188651E-11
  2.570000     1.693222E-09     1.175725E-11     2.862284E-14     8.843076E-14     1.047457E-17     1.212191E-11     9.103635E-16     2.839542E-16     5.234849E-19     2.906519E-14     9.025469E-14     3.278226E-11
  2.590000     1.061301E-09     7.317101E-12     1.758238E-14     5.448257E-14     6.143486E-18     7.547984E-12     5.531925E-16     1.719162E-16     2.995857E-19     1.786938E-14     5.564992E-14     2.055397E-11
  2.610000     6.601497E-10     4.520015E-12     1.072425E-14     3.332745E-14     3.578550E-18     4.664999E-12     3.338721E-16     1.033905E-16     1.702603E-19     1.090837E-14     3.406747E-14     1.278851E-11
  2.630000     4.074932E-10     2.771403E-12     6.494827E-15     2.024065E-14     2.070105E-18     2.861703E-12     2.001287E-16     6.176200E-17     9.608512E-20     6.611679E-15     2.070541E-14     7.895997E-12
  2.650000     2.496129E-10     1.686593E-12     3.905408E-15     1.220429E-14     1.189190E-18     1.742377E-12     1.191373E-16     3.664553E-17     5.384263E-20     3.978802E-15     1.249352E-14     4.837847E-12
  2.670000     1.517322E-10     1.018741E-12     2.331584E-15     7.305593E-15     6.783680E-19     1.052923E-12     7.043352E-17     2.159547E-17     2.995728E-20     2.377220E-15     7.483963E-15     2.941380E-12
  2.690000     9.152660E-11     6.107356E-13     1.382005E-15     4.341520E-15     3.842527E-19     6.315112E-13     4.135134E-17     1.263950E-17     1.654871E-20     1.410105E-15     4.450548E-15     1.774597E-12
  2.710000     5.478625E-11     3.633884E-13     8.132622E-16     2.561304E-15     2.161172E-19     3.759137E-13     2.410814E-17     7.346942E-18     9.075975E-21     8.303994E-16     2.627363E-15     1.062414E-12
  2.730000     3.254213E-11     2.145904E-13     4.751196E-16     1.500041E-15     1.206888E-19     2.220810E-13     1.395687E-17     4.241095E-18     4.941650E-21     4.854736E-16     1.539719E-15     6.311454E-13
  2.750000     1.918078E-11     1.257664E-13     2.755599E-16     8.720833E-16     6.691677E-20     1.302100E-13     8.023225E-18     2.431248E-18     2.671062E-21     2.817583E-16     8.957113E-16     3.720514E-13
  2.770000     1.121833E-11     7.315219E-14     1.586571E-16     5.032878E-16     3.683653E-20     7.576709E-14     4.579665E-18     1.384033E-18     1.433223E-21     1.623343E-16     5.172383E-16     2.176259E-13
  2.790000     6.510705E-12     4.222721E-14     9.068253E-17     2.883163E-16     2.013190E-20     4.375366E-14     2.595552E-18     7.823767E-19     7.633907E-22     9.284459E-17     2.964834E-16     1.263133E-13
  2.810000     3.749401E-12     2.419101E-14     5.145159E-17     1.639486E-16     1.092296E-20     2.507493E-14     1.460580E-18     4.391618E-19     4.036174E-22     5.271164E-17     1.686898E-16     7.274692E-14
  2.830000     2.142526E-12     1.375328E-14     2.897850E-17     9.253865E-17     5.883456E-21     1.426104E-14     8.160344E-19     2.447709E-19     2.118215E-22     2.970646E-17     9.526810E-17     4.157231E-14
  2.850000     1.214835E-12     7.759680E-15     1.620116E-17     5.184511E-17     3.145937E-21     8.049031E-15     4.526561E-19     1.354594E-19     1.103405E-22     1.661810E-17     5.340336E-17     2.357299E-14
  2.870000     6.834893E-13     4.344715E-15     8.990847E-18     2.883059E-17     1.669866E-21     4.508287E-15     2.492839E-19     7.443231E-20     5.704978E-23     9.227612E-18     2.971286E-17     1.326303E-14
  2.890000     3.815631E-13     2.414091E-15     4.952580E-18     1.591303E-17     8.798650E-22     2.505822E-15     1.362936E-19     4.060738E-20     2.927628E-23     5.085889E-18     1.640845E-17     7.404331E-15
  2.910000     2.113576E-13     1.331116E-15     2.707888E-18     8.717629E-18     4.601966E-22     1.382148E-15     7.397798E-20     2.199525E-20     1.491114E-23     2.782314E-18     8.993547E-18     4.101482E-15
  2.930000     1.161671E-13     7.283552E-16     1.469570E-18     4.740052E-18     2.389207E-22     7.565199E-16     3.986256E-20     1.182830E-20     7.537528E-24     1.510775E-18     4.892465E-18     2.254265E-15
  2.950000     6.335190E-14     3.954861E-16     7.915957E-19     2.557999E-18     1.231225E-22     4.109063E-16     2.132330E-20     6.315029E-21     3.781477E-24     8.142175E-19     2.641503E-18     1.229350E-15
  2.970000     3.428025E-14     2.130960E-16     4.232164E-19     1.370072E-18     6.297754E-23     2.214715E-16     1.132299E-20     3.347171E-21     1.882781E-24     4.355331E-19     1.415451E-18     6.651964E-16
  2.990000     1.840490E-14     1.139387E-16     2.245746E-19     7.282923E-19     3.197346E-23     1.184517E-16     5.968653E-21     1.761248E-21     9.303276E-25     2.312252E-19     7.527533E-19     3.571295E-16
  3.010000     9.804507E-15     6.045261E-17     1.182745E-19     3.842213E-19     1.611169E-23     6.286499E-17     3.123143E-21     9.200121E-22     4.562070E-25     1.218361E-19     3.973000E-19     1.902394E-16
  3.030000     5.182244E-15     3.182750E-17     6.182268E-20     2.011706E-19     8.058086E-24     3.310678E-17     1.622182E-21     4.770769E-22     2.220090E-25     6.371436E-20     2.081071E-19     1.005476E-16
  3.050000     2.717738E-15     1.662762E-17     3.207186E-20     1.045320E-19     3.999949E-24     1.730062E-17     8.363562E-22     2.455818E-22     1.072149E-25     3.306839E-20     1.081812E-19     5.272752E-17
  3.070000     1.414139E-15     8.619730E-18     1.651255E-20     5.390516E-20     1.970614E-24     8.970974E-18     4.280156E-22     1.254899E-22     5.138173E-26     1.703324E-20     5.580952E-20     2.743437E-17
  3.090000     7.300784E-16     4.433941E-18     8.437466E-21     2.758684E-20     9.635312E-25     4.615801E-18     2.174187E-22     6.365279E-23     2.443573E-26     8.707319E-21     2.857267E-20     1.416258E-17
  3.110000     3.739704E-16     2.263160E-18     4.278703E-21     1.401068E-20     4.675635E-25     2.356572E-18     1.096216E-22     3.204902E-23     1.153184E-26     4.417422E-21     1.451692E-20     7.254002E-18
  3.130000     1.900610E-16     1.146216E-18     2.153322E-21     7.061503E-21     2.251746E-25     1.193815E-18     5.485933E-23     1.601743E-23     5.400369E-27     2.224054E-21     7.319378E-21     3.686368E-18
  3.150000     9.583740E-17     5.760233E-19     1.075467E-21     3.531919E-21     1.076207E-25     6.000860E-19     2.724915E-23     7.945923E-24     2.509539E-27     1.111242E-21     3.662229E-21     1.858675E-18
  3.170000     4.794694E-17     2.872321E-19     5.330548E-22     1.753054E-21     5.104625E-26     2.992998E-19     1.343375E-23     3.912569E-24     1.157191E-27     5.510025E-22     1.818376E-21     9.298010E-19
  3.190000     2.379955E-17     1.421158E-19     2.621971E-22     8.634686E-22     2.402800E-26     1.481198E-19     6.573200E-24     1.912224E-24     5.294832E-28     2.711288E-22     8.959513E-22     4.614840E-19
  3.210000     1.172078E-17     6.976938E-20     1.279854E-22     4.220460E-22     1.122410E-26     7.273284E-20     3.192168E-24     9.276155E-25     2.403976E-28     1.323945E-22     4.380698E-22     2.272487E-19
  3.230000     5.726939E-18     3.398583E-20     6.199618E-23     2.047061E-22     5.203079E-27     3.543693E-20     1.538573E-24     4.466250E-25     1.083016E-28     6.415526E-23     2.125477E-22     1.110254E-19
  3.250000     2.776290E-18     1.642626E-20     2.980141E-23     9.852709E-23     2.393529E-27     1.713116E-20     7.359831E-25     2.134310E-25     4.841295E-29     3.085020E-23     1.023339E-22     5.381686E-20
  3.270000     1.335308E-18     7.877428E-21     1.421582E-23     4.705764E-23     1.092651E-27     8.217135E-21     3.494055E-25     1.012290E-25     2.147369E-29     1.472118E-23     4.889097E-23     2.588137E-20
  3.290000     6.371928E-19     3.748286E-21     6.729233E-24     2.230235E-23     4.949755E-28     3.910697E-21     1.646259E-25     4.765187E-26     9.450740E-30     6.970799E-24     2.317823E-23     1.234888E-20
