      0.00000  -2.5782E+13  -1.3328E+13  -5.1331E+12  -6.2057E+12  -1.4256E+12  -1.0909E+13  -2.8749E+12  -2.3915E+12  -6.9872E+11  -4.0932E+12  -4.9740E+12
      0.00000  -2.5782E+13  -1.3328E+13  -5.1331E+12  -6.2057E+12  -1.4256E+12  -1.0909E+13  -2.8749E+12  -2.3915E+12  -6.9872E+11  -4.0932E+12  -4.9740E+12
      0.00000  -2.5782E+13  -1.3328E+13  -5.1331E+12  -6.2057E+12  -1.4256E+12  -1.0909E+13  -2.8749E+12  -2.3915E+12  -6.9872E+11  -4.0932E+12  -4.9740E+12
      0.00000  -2.5782E+13  -1.3328E+13  -5.1331E+12  -6.2057E+12  -1.4256E+12  -1.0909E+13  -2.8749E+12  -2.3915E+12  -6.9872E+11  -4.0932E+12  -4.9740E+12
      0.00000  -2.5782E+13  -1.3328E+13  -5.1331E+12  -6.2057E+12  -1.4256E+12  -1.0909E+13  -2.8749E+12  -2.3915E+12  -6.9872E+11  -4.0932E+12  -4.9740E+12
      0.00588   4.3936E+12   5.1666E+12   3.3351E+12   3.7436E+12   1.2856E+12   4.5048E+12   2.2314E+12   1.9443E+12   6.9636E+11   2.7636E+12   3.1320E+12
      0.01765   4.3363E+12   5.1474E+12   3.3439E+12   3.7497E+12   1.2957E+12   4.4947E+12   2.2433E+12   1.9560E+12   7.0324E+11   2.7736E+12   3.1404E+12
      0.02941   4.2062E+12   5.1013E+12   3.3610E+12   3.7602E+12   1.3172E+12   4.4694E+12   2.2679E+12   1.9806E+12   7.1815E+11   2.7940E+12   3.1569E+12
      0.04118   3.9556E+12   5.0044E+12   3.3837E+12   3.7696E+12   1.3538E+12   4.4130E+12   2.3076E+12   2.0210E+12   7.4440E+11   2.8248E+12   3.1795E+12
      0.05294   3.4007E+12   4.7611E+12   3.3964E+12   3.7514E+12   1.4170E+12   4.2604E+12   2.3665E+12   2.0845E+12   7.9311E+11   2.8618E+12   3.1965E+12
      0.06196   2.3801E+12   4.2549E+12   3.3413E+12   3.6366E+12   1.4945E+12   3.9231E+12   2.4132E+12   2.1456E+12   8.6234E+11   2.8659E+12   3.1601E+12
      0.06823   2.6823E+12   4.4288E+12   3.4021E+12   3.7149E+12   1.4963E+12   4.0504E+12   2.4372E+12   2.1620E+12   8.5615E+11   2.9053E+12   3.2125E+12
      0.07451   3.0651E+12   4.6514E+12   3.4809E+12   3.8162E+12   1.4994E+12   4.2130E+12   2.4689E+12   2.1839E+12   8.4880E+11   2.9570E+12   3.2807E+12
      0.08078   3.5784E+12   4.9542E+12   3.5911E+12   3.9567E+12   1.5053E+12   4.4343E+12   2.5146E+12   2.2161E+12   8.4012E+11   3.0302E+12   3.3762E+12
      0.08706   4.3875E+12   5.4435E+12   3.7782E+12   4.1924E+12   1.5211E+12   4.7919E+12   2.5972E+12   2.2762E+12   8.3027E+11   3.1568E+12   3.5384E+12
      0.09333   5.6058E+12   6.1937E+12   4.0718E+12   4.5606E+12   1.5477E+12   5.3379E+12   2.7290E+12   2.3726E+12   8.1708E+11   3.3565E+12   3.7923E+12
      0.09961   5.7173E+12   6.2208E+12   4.0357E+12   4.5315E+12   1.5106E+12   5.3502E+12   2.6853E+12   2.3293E+12   7.9263E+11   3.3219E+12   3.7621E+12
      0.10588   5.8537E+12   6.2562E+12   3.9948E+12   4.4990E+12   1.4671E+12   5.3676E+12   2.6345E+12   2.2787E+12   7.6389E+11   3.2826E+12   3.7282E+12
      0.11216   6.0308E+12   6.3071E+12   3.9485E+12   4.4638E+12   1.4145E+12   5.3949E+12   2.5744E+12   2.2184E+12   7.2889E+11   3.2378E+12   3.6907E+12
      0.11843   6.3021E+12   6.4001E+12   3.8982E+12   4.4309E+12   1.3450E+12   5.4508E+12   2.4995E+12   2.1415E+12   6.8176E+11   3.1875E+12   3.6519E+12
      0.12471   6.6937E+12   6.5469E+12   3.8405E+12   4.3989E+12   1.2521E+12   5.5432E+12   2.4032E+12   2.0411E+12   6.1830E+11   3.1285E+12   3.6103E+12
      0.13098   6.7012E+12   6.4810E+12   3.7397E+12   4.2967E+12   1.1970E+12   5.4831E+12   2.3189E+12   1.9641E+12   5.8786E+11   3.0445E+12   3.5241E+12
      0.13725   6.7066E+12   6.3993E+12   3.6187E+12   4.1736E+12   1.1320E+12   5.4094E+12   2.2189E+12   1.8727E+12   5.5202E+11   2.9444E+12   3.4209E+12
      0.14353   6.7065E+12   6.2918E+12   3.4662E+12   4.0176E+12   1.0513E+12   5.3136E+12   2.0940E+12   1.7588E+12   5.0771E+11   2.8189E+12   3.2911E+12
      0.14980   6.6890E+12   6.1256E+12   3.2448E+12   3.7897E+12   9.3654E+11   5.1682E+12   1.9152E+12   1.5961E+12   4.4491E+11   2.6382E+12   3.1031E+12
      0.15608   6.6489E+12   5.8802E+12   2.9340E+12   3.4675E+12   7.7954E+11   4.9566E+12   1.6680E+12   1.3721E+12   3.5952E+11   2.3865E+12   2.8397E+12
      0.16235   6.7044E+12   5.8521E+12   2.8684E+12   3.4010E+12   7.4846E+11   4.9270E+12   1.6161E+12   1.3257E+12   3.4327E+11   2.3314E+12   2.7828E+12
      0.16863   6.7677E+12   5.8170E+12   2.7910E+12   3.3221E+12   7.1216E+11   4.8909E+12   1.5552E+12   1.2714E+12   3.2433E+11   2.2667E+12   2.7158E+12
      0.17490   6.8410E+12   5.7700E+12   2.6951E+12   3.2239E+12   6.6772E+11   4.8440E+12   1.4804E+12   1.2048E+12   3.0119E+11   2.1870E+12   2.6329E+12
      0.18118   6.9287E+12   5.6946E+12   2.5594E+12   3.0839E+12   6.0563E+11   4.7719E+12   1.3757E+12   1.1116E+12   2.6891E+11   2.0753E+12   2.5161E+12
      0.18745   7.0346E+12   5.5798E+12   2.3715E+12   2.8886E+12   5.2138E+11   4.6654E+12   1.2328E+12   9.8470E+11   2.2531E+11   1.9220E+12   2.3548E+12
      0.19373   7.1406E+12   5.5776E+12   2.3226E+12   2.8391E+12   5.0122E+11   4.6571E+12   1.1960E+12   9.5264E+11   2.1539E+11   1.8809E+12   2.3123E+12
      0.20000   7.2737E+12   5.5785E+12   2.2665E+12   2.7823E+12   4.7800E+11   4.6503E+12   1.1536E+12   9.1573E+11   2.0397E+11   1.8340E+12   2.2638E+12
      0.20627   7.4533E+12   5.5861E+12   2.1995E+12   2.7148E+12   4.5003E+11   4.6475E+12   1.1028E+12   8.7138E+11   1.9021E+11   1.7781E+12   2.2063E+12
      0.21255   7.7455E+12   5.6141E+12   2.1104E+12   2.6261E+12   4.1186E+11   4.6580E+12   1.0342E+12   8.1124E+11   1.7136E+11   1.7041E+12   2.1310E+12
      0.21882   8.1619E+12   5.6502E+12   1.9882E+12   2.5034E+12   3.6058E+11   4.6716E+12   9.4142E+11   7.3017E+11   1.4611E+11   1.6036E+12   2.0282E+12
      0.22510   8.0816E+12   5.5558E+12   1.9318E+12   2.4379E+12   3.4555E+11   4.5931E+12   9.0871E+11   7.0328E+11   1.3939E+11   1.5583E+12   1.9753E+12
      0.23137   7.9924E+12   5.4499E+12   1.8683E+12   2.3642E+12   3.2849E+11   4.5054E+12   8.7172E+11   6.7283E+11   1.3176E+11   1.5073E+12   1.9159E+12
      0.23764   7.8912E+12   5.3272E+12   1.7940E+12   2.2781E+12   3.0830E+11   4.4041E+12   8.2824E+11   6.3697E+11   1.2269E+11   1.4479E+12   1.8467E+12
      0.24391   7.7685E+12   5.1714E+12   1.6975E+12   2.1666E+12   2.8141E+11   4.2762E+12   7.7108E+11   5.8964E+11   1.1054E+11   1.3710E+12   1.7574E+12
      0.25019   7.6196E+12   4.9747E+12   1.5736E+12   2.0239E+12   2.4641E+11   4.1156E+12   6.9727E+11   5.2836E+11   9.4660E+10   1.2726E+12   1.6435E+12
      0.25647   7.5238E+12   4.8804E+12   1.5259E+12   1.9668E+12   2.3573E+11   4.0375E+12   6.7176E+11   5.0795E+11   9.0163E+10   1.2342E+12   1.5974E+12
      0.26275   7.4171E+12   4.7750E+12   1.4723E+12   1.9028E+12   2.2365E+11   3.9505E+12   6.4303E+11   4.8495E+11   8.5065E+10   1.1912E+12   1.5458E+12
      0.26902   7.2957E+12   4.6535E+12   1.4100E+12   1.8285E+12   2.0941E+11   3.8506E+12   6.0942E+11   4.5796E+11   7.9037E+10   1.1412E+12   1.4860E+12
      0.27530   7.1488E+12   4.5004E+12   1.3294E+12   1.7329E+12   1.9055E+11   3.7253E+12   5.6549E+11   4.2255E+11   7.0995E+10   1.0770E+12   1.4093E+12
      0.28158   6.9706E+12   4.3083E+12   1.2268E+12   1.6113E+12   1.6611E+11   3.5689E+12   5.0905E+11   3.7694E+11   6.0530E+10   9.9526E+11   1.3122E+12
      0.28785   6.8483E+12   4.2122E+12   1.1865E+12   1.5616E+12   1.5854E+11   3.4896E+12   4.8924E+11   3.6151E+11   5.7522E+10   9.6278E+11   1.2720E+12
      0.29412   6.7105E+12   4.1047E+12   1.1413E+12   1.5061E+12   1.4999E+11   3.4012E+12   4.6698E+11   3.4416E+11   5.4118E+10   9.2648E+11   1.2272E+12
      0.30040   6.5514E+12   3.9807E+12   1.0889E+12   1.4417E+12   1.3994E+11   3.2996E+12   4.4099E+11   3.2385E+11   5.0098E+10   8.8443E+11   1.1753E+12
      0.30667   6.3572E+12   3.8252E+12   1.0214E+12   1.3591E+12   1.2662E+11   3.1728E+12   4.0707E+11   2.9723E+11   4.4734E+10   8.3045E+11   1.1091E+12
      0.31294   6.1180E+12   3.6305E+12   9.3562E+11   1.2545E+12   1.0938E+11   3.0149E+12   3.6357E+11   2.6298E+11   3.7759E+10   7.6200E+11   1.0253E+12
      0.31922   5.9258E+12   3.5241E+12   9.0169E+11   1.2111E+12   1.0415E+11   2.9277E+12   3.4846E+11   2.5157E+11   3.5803E+10   7.3462E+11   9.9020E+11
      0.32549   5.6915E+12   3.4014E+12   8.6359E+11   1.1623E+12   9.8252E+10   2.8274E+12   3.3148E+11   2.3873E+11   3.3593E+10   7.0393E+11   9.5077E+11
      0.33176   5.3860E+12   3.2525E+12   8.1908E+11   1.1051E+12   9.1313E+10   2.7064E+12   3.1164E+11   2.2370E+11   3.0984E+10   6.6814E+11   9.0472E+11
      0.33804   4.9099E+12   3.0442E+12   7.6077E+11   1.0300E+12   8.2114E+10   2.5383E+12   2.8561E+11   2.0393E+11   2.7499E+10   6.2145E+11   8.4444E+11
      0.34431   4.1894E+12   2.7596E+12   6.8565E+11   9.3279E+11   7.0204E+10   2.3098E+12   2.5214E+11   1.7846E+11   2.2968E+10   5.6148E+11   7.6673E+11
      0.35059   4.1602E+12   2.7064E+12   6.6095E+11   9.0163E+11   6.6721E+10   2.2647E+12   2.4133E+11   1.7044E+11   2.1737E+10   5.4134E+11   7.4120E+11
      0.35686   4.1276E+12   2.6462E+12   6.3331E+11   8.6676E+11   6.2800E+10   2.2140E+12   2.2921E+11   1.6143E+11   2.0349E+10   5.1885E+11   7.1268E+11
      0.36313   4.0902E+12   2.5761E+12   6.0122E+11   8.2628E+11   5.8197E+10   2.1550E+12   2.1507E+11   1.5091E+11   1.8712E+10   4.9278E+11   6.7965E+11
      0.36941   4.0437E+12   2.4858E+12   5.5978E+11   7.7414E+11   5.2113E+10   2.0797E+12   1.9664E+11   1.3714E+11   1.6532E+10   4.5924E+11   6.3728E+11
      0.37568   3.9857E+12   2.3701E+12   5.0695E+11   7.0771E+11   4.4251E+10   1.9837E+12   1.7302E+11   1.1944E+11   1.3703E+10   4.1660E+11   5.8347E+11
      0.38196   3.9528E+12   2.3156E+12   4.8657E+11   6.8108E+11   4.1895E+10   1.9377E+12   1.6492E+11   1.1361E+11   1.2921E+10   3.9994E+11   5.6160E+11
      0.38824   3.9157E+12   2.2541E+12   4.6379E+11   6.5129E+11   3.9241E+10   1.8860E+12   1.5585E+11   1.0707E+11   1.2038E+10   3.8134E+11   5.3719E+11
      0.39452   3.8727E+12   2.1823E+12   4.3734E+11   6.1675E+11   3.6122E+10   1.8259E+12   1.4526E+11   9.9429E+10   1.0996E+10   3.5979E+11   5.0894E+11
      0.40079   3.8186E+12   2.0902E+12   4.0318E+11   5.7226E+11   3.1988E+10   1.7492E+12   1.3143E+11   8.9397E+10   9.6030E+09   3.3204E+11   4.7269E+11
      0.40707   3.7505E+12   1.9721E+12   3.5965E+11   5.1562E+11   2.6639E+10   1.6516E+12   1.1370E+11   7.6498E+10   7.7919E+09   2.9678E+11   4.2669E+11
      0.41334   3.7120E+12   1.9160E+12   3.4320E+11   4.9327E+11   2.5103E+10   1.6044E+12   1.0781E+11   7.2398E+10   7.3158E+09   2.8327E+11   4.0826E+11
      0.41962   3.6680E+12   1.8525E+12   3.2480E+11   4.6827E+11   2.3375E+10   1.5511E+12   1.0120E+11   6.7796E+10   6.7784E+09   2.6817E+11   3.8769E+11
      0.42589   3.6163E+12   1.7784E+12   3.0343E+11   4.3927E+11   2.1343E+10   1.4891E+12   9.3505E+10   6.2416E+10   6.1444E+09   2.5068E+11   3.6387E+11
      0.43216   3.5497E+12   1.6829E+12   2.7585E+11   4.0193E+11   1.8651E+10   1.4097E+12   8.3448E+10   5.5359E+10   5.2972E+09   2.2816E+11   3.3331E+11
      0.43844   3.4637E+12   1.5602E+12   2.4072E+11   3.5443E+11   1.5169E+10   1.3083E+12   7.0558E+10   4.6290E+10   4.1958E+09   1.9955E+11   2.9453E+11
      0.44471   3.4147E+12   1.5006E+12   2.2726E+11   3.3541E+11   1.4157E+10   1.2582E+12   6.6221E+10   4.3369E+10   3.9030E+09   1.8844E+11   2.7878E+11
      0.45098   3.3573E+12   1.4324E+12   2.1209E+11   3.1396E+11   1.3010E+10   1.2010E+12   6.1322E+10   4.0067E+10   3.5704E+09   1.7592E+11   2.6105E+11
      0.45726   3.2869E+12   1.3511E+12   1.9423E+11   2.8874E+11   1.1648E+10   1.1331E+12   5.5541E+10   3.6163E+10   3.1743E+09   1.6121E+11   2.4022E+11
      0.46353   3.1901E+12   1.2428E+12   1.7061E+11   2.5541E+11   9.8109E+09   1.0431E+12   4.7828E+10   3.0938E+10   2.6363E+09   1.4180E+11   2.1278E+11
      0.46980   3.0558E+12   1.0996E+12   1.3998E+11   2.1220E+11   7.4044E+09   9.2442E+11   3.7795E+10   2.4127E+10   1.9289E+09   1.1668E+11   1.7727E+11
      0.47608   2.9933E+12   1.0428E+12   1.3036E+11   1.9805E+11   6.8256E+09   8.7677E+11   3.5011E+10   2.2315E+10   1.7730E+09   1.0869E+11   1.6549E+11
      0.48235   2.9173E+12   9.7687E+11   1.1936E+11   1.8187E+11   6.1626E+09   8.2153E+11   3.1827E+10   2.0244E+10   1.5943E+09   9.9561E+10   1.5203E+11
      0.48862   2.8192E+12   8.9628E+11   1.0615E+11   1.6242E+11   5.3626E+09   7.5416E+11   2.8001E+10   1.7750E+10   1.3784E+09   8.8608E+10   1.3587E+11
      0.49490   2.6712E+12   7.8311E+11   8.7947E+10   1.3561E+11   4.2499E+09   6.5984E+11   2.2709E+10   1.4296E+10   1.0769E+09   7.3535E+10   1.1364E+11
      0.50117   2.4446E+12   6.2752E+11   6.3708E+10   9.9860E+10   2.7639E+09   5.3058E+11   1.5666E+10   9.6954E+09   6.7366E+08   5.3492E+10   8.4028E+10
      0.50744   2.3841E+12   5.9228E+11   5.9138E+10   9.2896E+10   2.5386E+09   5.0103E+11   1.4463E+10   8.9365E+09   6.1693E+08   4.9672E+10   7.8199E+10
      0.51372   2.3113E+12   5.5155E+11   5.3900E+10   8.4915E+10   2.2797E+09   4.6690E+11   1.3083E+10   8.0657E+09   5.5153E+08   4.5299E+10   7.1523E+10
      0.51999   2.2181E+12   5.0192E+11   4.7577E+10   7.5279E+10   1.9656E+09   4.2538E+11   1.1415E+10   7.0118E+09   4.7229E+08   4.0023E+10   6.3471E+10
      0.52626   2.0782E+12   4.3205E+11   3.8766E+10   6.1857E+10   1.5244E+09   3.6704E+11   9.0837E+09   5.5367E+09   3.6067E+08   3.2680E+10   5.2268E+10
      0.53254   1.8687E+12   3.3672E+11   2.6972E+10   4.3878E+10   9.3191E+08   2.8760E+11   5.9606E+09   3.5592E+09   2.1052E+08   2.2860E+10   3.7278E+10
      0.53882   1.8281E+12   3.2035E+11   2.5223E+10   4.1138E+10   8.5995E+08   2.7384E+11   5.5366E+09   3.2992E+09   1.9343E+08   2.1390E+10   3.4971E+10
      0.54510   1.7803E+12   3.0154E+11   2.3221E+10   3.8000E+10   7.7720E+08   2.5805E+11   5.0506E+09   3.0010E+09   1.7390E+08   1.9707E+10   3.2331E+10
      0.55137   1.7208E+12   2.7876E+11   2.0801E+10   3.4211E+10   6.7672E+08   2.3894E+11   4.4621E+09   2.6396E+09   1.5007E+08   1.7677E+10   2.9145E+10
      0.55765   1.6338E+12   2.4674E+11   1.7415E+10   2.8909E+10   5.3509E+08   2.1211E+11   3.6361E+09   2.1315E+09   1.1658E+08   1.4836E+10   2.4693E+10
      0.56393   1.5097E+12   2.0346E+11   1.2877E+10   2.1803E+10   3.4447E+08   1.7590E+11   2.5275E+09   1.4492E+09   7.1335E+07   1.1033E+10   1.8731E+10
      0.57020   1.4957E+12   1.9816E+11   1.2344E+10   2.0956E+10   3.2498E+08   1.7145E+11   2.4045E+09   1.3752E+09   6.6916E+07   1.0583E+10   1.8015E+10
      0.57647   1.4806E+12   1.9237E+11   1.1754E+10   2.0022E+10   3.0305E+08   1.6661E+11   2.2673E+09   1.2925E+09   6.2082E+07   1.0086E+10   1.7227E+10
      0.58275   1.4640E+12   1.8589E+11   1.1076E+10   1.8953E+10   2.7750E+08   1.6119E+11   2.1079E+09   1.1962E+09   5.6246E+07   9.5157E+09   1.6327E+10
      0.58902   1.4449E+12   1.7796E+11   1.0211E+10   1.7598E+10   2.4345E+08   1.5460E+11   1.9007E+09   1.0701E+09   4.8472E+07   8.7899E+09   1.5189E+10
      0.59529   1.4226E+12   1.6832E+11   9.1236E+09   1.5901E+10   1.9953E+08   1.4661E+11   1.6364E+09   9.0870E+08   3.8408E+07   7.8790E+09   1.3769E+10
      0.60157   1.4076E+12   1.6349E+11   8.7175E+09   1.5235E+10   1.8766E+08   1.4253E+11   1.5515E+09   8.5932E+08   3.5938E+07   7.5335E+09   1.3201E+10
      0.60784   1.3913E+12   1.5819E+11   8.2662E+09   1.4497E+10   1.7414E+08   1.3806E+11   1.4564E+09   8.0395E+08   3.3122E+07   7.1498E+09   1.2573E+10
      0.61412   1.3731E+12   1.5219E+11   7.7442E+09   1.3646E+10   1.5833E+08   1.3301E+11   1.3453E+09   7.3910E+08   2.9892E+07   6.7067E+09   1.1850E+10
      0.62039   1.3512E+12   1.4470E+11   7.0687E+09   1.2551E+10   1.3711E+08   1.2672E+11   1.1991E+09   6.5328E+08   2.5323E+07   6.1347E+09   1.0922E+10
      0.62666   1.3248E+12   1.3544E+11   6.2101E+09   1.1165E+10   1.0957E+08   1.1897E+11   1.0112E+09   5.4260E+08   1.9500E+07   5.4091E+09   9.7509E+09
      0.63294   1.3107E+12   1.3148E+11   5.9289E+09   1.0690E+10   1.0285E+08   1.1560E+11   9.5780E+08   5.1255E+08   1.8225E+07   5.1677E+09   9.3423E+09
      0.63921   1.2954E+12   1.2717E+11   5.6169E+09   1.0163E+10   9.5330E+07   1.1193E+11   8.9804E+08   4.7889E+08   1.6766E+07   4.9002E+09   8.8906E+09
      0.64548   1.2787E+12   1.2231E+11   5.2574E+09   9.5588E+09   8.6491E+07   1.0780E+11   8.2842E+08   4.3967E+08   1.5030E+07   4.5926E+09   8.3731E+09
      0.65176   1.2591E+12   1.1633E+11   4.7955E+09   8.7879E+09   7.4703E+07   1.0276E+11   7.3738E+08   3.8799E+08   1.2750E+07   4.1983E+09   7.7148E+09
      0.65803   1.2360E+12   1.0902E+11   4.2116E+09   7.8184E+09   5.9468E+07   9.6600E+10   6.2074E+08   3.2147E+08   9.7443E+06   3.7010E+09   6.8888E+09
      0.66431   1.2207E+12   1.0546E+11   4.0031E+09   7.4528E+09   5.5577E+07   9.3537E+10   5.8512E+08   3.0224E+08   9.0946E+06   3.5203E+09   6.5717E+09
      0.67059   1.2039E+12   1.0152E+11   3.7697E+09   7.0445E+09   5.1164E+07   9.0153E+10   5.4513E+08   2.8052E+08   8.2781E+06   3.3182E+09   6.2182E+09
      0.67687   1.1847E+12   9.6993E+10   3.4969E+09   6.5690E+09   4.5955E+07   8.6270E+10   4.9795E+08   2.5498E+08   7.3810E+06   3.0825E+09   5.8068E+09
      0.68314   1.1603E+12   9.1170E+10   3.1365E+09   5.9435E+09   3.8847E+07   8.1290E+10   4.3485E+08   2.2052E+08   6.1003E+06   2.7716E+09   5.2670E+09
      0.68942   1.1298E+12   8.3806E+10   2.6721E+09   5.1401E+09   2.9556E+07   7.5006E+10   3.5260E+08   1.7554E+08   4.4147E+06   2.3716E+09   4.5747E+09
      0.69569   1.1184E+12   8.1385E+10   2.5494E+09   4.9189E+09   2.7673E+07   7.2910E+10   3.3354E+08   1.6562E+08   4.1217E+06   2.2644E+09   4.3813E+09
      0.70197   1.1063E+12   7.8752E+10   2.4136E+09   4.6747E+09   2.5584E+07   7.0636E+10   3.1228E+08   1.5451E+08   3.8201E+06   2.1459E+09   4.1680E+09
      0.70824   1.0933E+12   7.5807E+10   2.2572E+09   4.3947E+09   2.3109E+07   6.8099E+10   2.8752E+08   1.4152E+08   3.4076E+06   2.0098E+09   3.9240E+09
      0.71451   1.0785E+12   7.2216E+10   2.0567E+09   4.0382E+09   1.9846E+07   6.5022E+10   2.5512E+08   1.2439E+08   2.8486E+06   1.8356E+09   3.6144E+09
      0.72079   1.0617E+12   6.7858E+10   1.8034E+09   3.5908E+09   1.5653E+07   6.1301E+10   2.1363E+08   1.0234E+08   2.1438E+06   1.6161E+09   3.2267E+09
      0.72706   1.0496E+12   6.5702E+10   1.7139E+09   3.4234E+09   1.4605E+07   5.9416E+10   2.0121E+08   9.6109E+07   2.0134E+06   1.5372E+09   3.0789E+09
      0.73333   1.0366E+12   6.3349E+10   1.6145E+09   3.2377E+09   1.3410E+07   5.7363E+10   1.8730E+08   8.9121E+07   1.8143E+06   1.4495E+09   2.9151E+09
      0.73961   1.0225E+12   6.0698E+10   1.4993E+09   3.0236E+09   1.2029E+07   5.5056E+10   1.7104E+08   8.0926E+07   1.6415E+06   1.3481E+09   2.7266E+09
      0.74588   1.0062E+12   5.7423E+10   1.3496E+09   2.7477E+09   1.0146E+07   5.2219E+10   1.4951E+08   6.9996E+07   1.3239E+06   1.2168E+09   2.4845E+09
      0.75215   9.8740E+11   5.3405E+10   1.1590E+09   2.3982E+09   7.6292E+06   4.8753E+10   1.2167E+08   5.5823E+07   9.3767E+05   1.0500E+09   2.1785E+09
      0.75843   9.7497E+11   5.1595E+10   1.0987E+09   2.2805E+09   7.1676E+06   4.7152E+10   1.1429E+08   5.2269E+07   8.7668E+05   9.9610E+08   2.0734E+09
      0.76470   9.6173E+11   4.9620E+10   1.0315E+09   2.1500E+09   6.5230E+06   4.5409E+10   1.0600E+08   4.8294E+07   8.0045E+05   9.3625E+08   1.9570E+09
      0.77097   9.4737E+11   4.7396E+10   9.5361E+08   1.9994E+09   5.8352E+06   4.3452E+10   9.6309E+07   4.3650E+07   7.3184E+05   8.6697E+08   1.8229E+09
      0.77725   9.3099E+11   4.4655E+10   8.5242E+08   1.8052E+09   4.8738E+06   4.1052E+10   8.3462E+07   3.7422E+07   5.9123E+05   7.7715E+08   1.6505E+09
      0.78352   9.1222E+11   4.1298E+10   7.2343E+08   1.5591E+09   3.5982E+06   3.8124E+10   6.6830E+07   2.9279E+07   4.0065E+05   6.6297E+08   1.4326E+09
      0.78980   8.9896E+11   3.9747E+10   6.8249E+08   1.4757E+09   3.3424E+06   3.6736E+10   6.2486E+07   2.7304E+07   3.6761E+05   6.2600E+08   1.3573E+09
      0.79608   8.8478E+11   3.8048E+10   6.3678E+08   1.3829E+09   3.0442E+06   3.5218E+10   5.7527E+07   2.5049E+07   3.1340E+05   5.8475E+08   1.2735E+09
      0.80236   8.6933E+11   3.6126E+10   5.8347E+08   1.2753E+09   2.6605E+06   3.3506E+10   5.1752E+07   2.2367E+07   2.8037E+05   5.3670E+08   1.1764E+09
      0.80863   8.5160E+11   3.3734E+10   5.1339E+08   1.1348E+09   2.1709E+06   3.1386E+10   4.3983E+07   1.8781E+07   2.4056E+05   4.7382E+08   1.0504E+09
      0.81491   8.3117E+11   3.0782E+10   4.2346E+08   9.5559E+08   1.5035E+06   2.8780E+10   3.3852E+07   1.4076E+07   1.4654E+05   3.9319E+08   8.8971E+08
      0.82118   8.1692E+11   2.9499E+10   3.9762E+08   9.0032E+08   1.4137E+06   2.7614E+10   3.1446E+07   1.3061E+07   1.3807E+05   3.6954E+08   8.3901E+08
      0.82746   8.0158E+11   2.8089E+10   3.6867E+08   8.3853E+08   1.2849E+06   2.6336E+10   2.8821E+07   1.1926E+07   1.2621E+05   3.4305E+08   7.8247E+08
      0.83373   7.8475E+11   2.6486E+10   3.3477E+08   7.6656E+08   1.1266E+06   2.4886E+10   2.5662E+07   1.0524E+07   1.1604E+05   3.1207E+08   7.1664E+08
      0.84000   7.6512E+11   2.4470E+10   2.8991E+08   6.7190E+08   8.8684E+05   2.3072E+10   2.1394E+07   8.6668E+06   8.3009E+04   2.7116E+08   6.3039E+08
      0.84628   7.4218E+11   2.1964E+10   2.3189E+08   5.5034E+08   5.9462E+05   2.0826E+10   1.5802E+07   6.2181E+06   5.5904E+04   2.1845E+08   5.1985E+08
      0.85255   7.2717E+11   2.0941E+10   2.1642E+08   5.1543E+08   5.4380E+05   1.9882E+10   1.4605E+07   5.7132E+06   4.5740E+04   2.0405E+08   4.8733E+08
      0.85882   7.1099E+11   1.9812E+10   1.9898E+08   4.7623E+08   4.8281E+05   1.8843E+10   1.3265E+07   5.1720E+06   4.3199E+04   1.8787E+08   4.5089E+08
      0.86510   6.9321E+11   1.8522E+10   1.7846E+08   4.3021E+08   4.0827E+05   1.7659E+10   1.1644E+07   4.5054E+06   3.8540E+04   1.6884E+08   4.0822E+08
      0.87137   6.7253E+11   1.6886E+10   1.5095E+08   3.6909E+08   3.0832E+05   1.6165E+10   9.4376E+06   3.5990E+06   2.2023E+04   1.4338E+08   3.5163E+08
      0.87765   6.4842E+11   1.4839E+10   1.1515E+08   2.8990E+08   1.9143E+05   1.4302E+10   6.5103E+06   2.3937E+06   1.4823E+04   1.1034E+08   2.7854E+08
      0.88392   6.3198E+11   1.4050E+10   1.0672E+08   2.6961E+08   1.6856E+05   1.3560E+10   5.9902E+06   2.1853E+06   1.5247E+04   1.0238E+08   2.5931E+08
      0.89019   6.1415E+11   1.3176E+10   9.7192E+07   2.4677E+08   1.5077E+05   1.2740E+10   5.3812E+06   1.9609E+06   1.7364E+04   9.3342E+07   2.3766E+08
      0.89647   5.9441E+11   1.2171E+10   8.5912E+07   2.1980E+08   1.2282E+05   1.1799E+10   4.6587E+06   1.6839E+06   1.2282E+04   8.2693E+07   2.1216E+08
      0.90274   5.7127E+11   1.0885E+10   7.0677E+07   1.8359E+08   8.6397E+04   1.0602E+10   3.6516E+06   1.3019E+06   5.9292E+03   6.8315E+07   1.7805E+08
      0.90901   5.4403E+11   9.2649E+09   5.0677E+07   1.3646E+08   5.5057E+04   9.0998E+09   2.3158E+06   7.9621E+05   1.2705E+03   4.9523E+07   1.3370E+08
      0.91529   5.2525E+11   8.6686E+09   4.6405E+07   1.2541E+08   5.6751E+04   8.5266E+09   2.1049E+06   7.1235E+05   3.8116E+03   4.5390E+07   1.2300E+08
      0.92157   5.0454E+11   8.0014E+09   4.1563E+07   1.1283E+08   4.2352E+04   7.8865E+09   1.8618E+06   6.1664E+05   4.6587E+03   4.0716E+07   1.1083E+08
      0.92785   4.8112E+11   7.2224E+09   3.5719E+07   9.7801E+07   3.6422E+04   7.1414E+09   1.5729E+06   5.2685E+05   4.6587E+03   3.5084E+07   9.6311E+07
      0.93413   4.5254E+11   6.1977E+09   2.7678E+07   7.7155E+07   1.6941E+04   6.1664E+09   1.1418E+06   3.7693E+05   3.8116E+03   2.7327E+07   7.6438E+07
      0.94040   4.1784E+11   4.8866E+09   1.7019E+07   4.9988E+07   1.8635E+04   4.9228E+09   5.9631E+05   1.7618E+05   0.0000E+00   1.7078E+07   5.0317E+07
      0.94668   3.9785E+11   4.5119E+09   1.5424E+07   4.5463E+07   8.4703E+03   4.5494E+09   5.2347E+05   1.6517E+05   0.0000E+00   1.5491E+07   4.5767E+07
      0.95295   3.7539E+11   4.0863E+09   1.3586E+07   4.0229E+07   1.0588E+04   4.1264E+09   4.6629E+05   1.4103E+05   0.0000E+00   1.3657E+07   4.0548E+07
      0.95922   3.4947E+11   3.5797E+09   1.1346E+07   3.3848E+07   5.9292E+03   3.6248E+09   3.7862E+05   1.1816E+05   2.1176E+03   1.1431E+07   3.4189E+07
      0.96550   3.1734E+11   2.8937E+09   8.1595E+06   2.4841E+07   2.9646E+03   2.9498E+09   2.5326E+05   7.1151E+04   0.0000E+00   8.2535E+06   2.5220E+07
      0.97177   2.7734E+11   1.9915E+09   3.8349E+06   1.2643E+07   0.0000E+00   2.0660E+09   8.8091E+04   2.3717E+04   0.0000E+00   3.9683E+06   1.3148E+07
      0.97804   2.4964E+11   1.7674E+09   3.3996E+06   1.1227E+07   0.0000E+00   1.8325E+09   8.0045E+04   1.8211E+04   0.0000E+00   3.5247E+06   1.1655E+07
      0.98432   2.1604E+11   1.5043E+09   2.8913E+06   9.5478E+06   0.0000E+00   1.5586E+09   6.5222E+04   1.8635E+04   0.0000E+00   2.9943E+06   9.9124E+06
      0.99059   1.7228E+11   1.1749E+09   2.2573E+06   7.4575E+06   1.0588E+03   1.2164E+09   5.3787E+04   1.3341E+04   0.0000E+00   2.3374E+06   7.7364E+06
      0.99686   1.0375E+11   6.8615E+08   1.3176E+06   4.3550E+06   0.0000E+00   7.0951E+08   3.0387E+04   8.7880E+03   0.0000E+00   1.3632E+06   4.5108E+06
