  0.010000     6.606787E-02     6.515940E-02     3.744885E-02     4.288650E-02     1.277902E-02     5.593500E-02     2.366971E-02     2.023895E-02     6.630608E-03     3.089707E-02     3.566570E-02     1.925411E-03
  0.030000     6.628244E-02     6.513868E-02     3.731473E-02     4.275592E-02     1.269786E-02     5.589841E-02     2.355148E-02     2.012948E-02     6.582907E-03     3.078155E-02     3.555044E-02     1.911768E-03
  0.050000     6.670177E-02     6.509282E-02     3.704681E-02     4.249451E-02     1.253685E-02     5.582215E-02     2.331626E-02     1.991189E-02     6.488433E-03     3.055101E-02     3.532000E-02     1.884890E-03
  0.070000     6.730662E-02     6.501333E-02     3.664585E-02     4.210188E-02     1.229861E-02     5.570024E-02     2.296655E-02     1.958890E-02     6.349028E-03     3.020654E-02     3.497467E-02     1.845567E-03
  0.090000     6.806910E-02     6.488811E-02     3.611324E-02     4.157779E-02     1.198706E-02     5.552425E-02     2.250623E-02     1.916464E-02     6.167408E-03     2.974995E-02     3.451510E-02     1.794934E-03
  0.110000     6.895377E-02     6.470231E-02     3.545135E-02     4.092260E-02     1.160734E-02     5.528386E-02     2.194057E-02     1.864465E-02     5.947104E-03     2.918398E-02     3.394264E-02     1.734410E-03
  0.130000     6.991909E-02     6.443922E-02     3.466378E-02     4.013760E-02     1.116579E-02     5.496759E-02     2.127636E-02     1.803597E-02     5.692382E-03     2.851254E-02     3.325958E-02     1.665627E-03
  0.150000     7.091896E-02     6.408132E-02     3.375567E-02     3.922549E-02     1.066982E-02     5.456349E-02     2.052186E-02     1.734702E-02     5.408134E-03     2.774085E-02     3.246946E-02     1.590351E-03
  0.170000     7.190462E-02     6.361133E-02     3.273392E-02     3.819069E-02     1.012774E-02     5.406001E-02     1.968684E-02     1.658756E-02     5.099744E-03     2.687557E-02     3.157725E-02     1.510404E-03
  0.190000     7.282647E-02     6.301322E-02     3.160731E-02     3.703961E-02     9.548597E-03     5.344664E-02     1.878238E-02     1.576853E-02     4.772932E-03     2.592487E-02     3.058957E-02     1.427579E-03
  0.210000     7.363600E-02     6.227308E-02     3.038646E-02     3.578077E-02     8.941909E-03     5.271458E-02     1.782069E-02     1.490177E-02     4.433579E-03     2.489838E-02     2.951461E-02     1.343575E-03
  0.230000     7.428765E-02     6.137988E-02     2.908372E-02     3.442468E-02     8.317391E-03     5.185727E-02     1.681483E-02     1.399975E-02     4.087544E-03     2.380698E-02     2.836213E-02     1.259938E-03
  0.250000     7.474048E-02     6.032604E-02     2.771287E-02     3.298375E-02     7.684668E-03     5.087072E-02     1.577831E-02     1.307518E-02     3.740483E-03     2.266256E-02     2.714323E-02     1.178013E-03
  0.270000     7.495969E-02     5.910772E-02     2.628871E-02     3.147186E-02     7.052975E-03     4.975379E-02     1.472473E-02     1.214069E-02     3.397673E-03     2.147774E-02     2.587002E-02     1.098918E-03
  0.290000     7.491785E-02     5.772506E-02     2.482666E-02     2.990400E-02     6.430891E-03     4.850822E-02     1.366734E-02     1.120837E-02     3.063868E-03     2.026543E-02     2.455532E-02     1.023532E-03
  0.310000     7.459584E-02     5.618206E-02     2.334226E-02     2.829578E-02     5.826098E-03     4.713856E-02     1.261866E-02     1.028948E-02     2.743174E-03     1.903846E-02     2.321222E-02     9.524909E-04
  0.330000     7.398334E-02     5.448642E-02     2.185068E-02     2.666294E-02     5.245197E-03     4.565202E-02     1.159011E-02     9.394112E-03     2.438968E-03     1.780922E-02     2.185369E-02     8.862047E-04
  0.350000     7.307902E-02     5.264915E-02     2.036629E-02     2.502083E-02     4.693588E-03     4.405815E-02     1.059178E-02     8.530964E-03     2.153857E-03     1.658928E-02     2.049224E-02     8.248794E-04
  0.370000     7.189026E-02     5.068415E-02     1.890231E-02     2.338406E-02     4.175410E-03     4.236849E-02     9.632179E-03     7.707203E-03     1.889672E-03     1.538919E-02     1.913957E-02     7.685456E-04
  0.390000     7.043247E-02     4.860758E-02     1.747050E-02     2.176610E-02     3.693550E-03     4.059618E-02     8.718148E-03     6.928390E-03     1.647505E-03     1.421818E-02     1.780633E-02     7.170913E-04
  0.410000     6.872808E-02     4.643736E-02     1.608102E-02     2.017904E-02     3.249707E-03     3.875545E-02     7.854861E-03     6.198499E-03     1.427765E-03     1.308416E-02     1.650195E-02     6.702949E-04
  0.430000     6.680521E-02     4.419248E-02     1.474233E-02     1.863345E-02     2.844498E-03     3.686125E-02     7.045869E-03     5.520002E-03     1.230273E-03     1.199357E-02     1.523454E-02     6.278574E-04
  0.450000     6.469614E-02     4.189243E-02     1.346117E-02     1.713827E-02     2.477606E-03     3.492877E-02     6.293226E-03     4.894010E-03     1.054356E-03     1.095146E-02     1.401086E-02     5.894308E-04
  0.470000     6.243561E-02     3.955667E-02     1.224265E-02     1.570085E-02     2.147942E-03     3.297309E-02     5.597660E-03     4.320455E-03     8.989544E-04     9.961573E-03     1.283637E-02     5.546427E-04
  0.490000     6.005922E-02     3.720411E-02     1.109038E-02     1.432697E-02     1.853811E-03     3.100879E-02     4.958774E-03     3.798284E-03     7.627304E-04     9.026442E-03     1.171526E-02     5.231163E-04
  0.510000     5.760186E-02     3.485274E-02     1.000660E-02     1.302099E-02     1.593079E-03     2.904972E-02     4.375252E-03     3.325673E-03     6.441625E-04     8.147543E-03     1.065061E-02     4.944854E-04
  0.530000     5.509635E-02     3.251935E-02     8.992393E-03     1.178597E-02     1.363324E-03     2.710877E-02     3.845067E-03     2.900219E-03     5.416331E-04     7.325449E-03     9.644505E-03     4.684055E-04
  0.550000     5.257249E-02     3.021929E-02     8.047854E-03     1.062382E-02     1.161966E-03     2.519776E-02     3.365672E-03     2.519122E-03     4.535006E-04     6.559989E-03     8.698139E-03     4.445603E-04
  0.570000     5.005625E-02     2.796641E-02     7.172265E-03     9.535474E-03     9.863812E-04     2.332739E-02     2.934170E-03     2.179339E-03     3.781565E-04     5.850385E-03     7.811991E-03     4.226657E-04
  0.590000     4.756952E-02     2.577302E-02     6.364261E-03     8.521038E-03     8.339812E-04     2.150721E-02     2.547457E-03     1.877719E-03     3.140676E-04     5.195389E-03     6.985926E-03     4.024710E-04
  0.610000     4.513009E-02     2.364995E-02     5.621972E-03     7.579918E-03     7.022815E-04     1.974570E-02     2.202336E-03     1.611099E-03     2.598047E-04     4.593391E-03     6.219307E-03     3.837580E-04
  0.630000     4.275189E-02     2.160666E-02     4.943142E-03     6.710951E-03     5.889432E-04     1.805029E-02     1.895608E-03     1.376386E-03     2.140597E-04     4.042509E-03     5.511091E-03     3.663393E-04
  0.650000     4.044553E-02     1.965127E-02     4.325225E-03     5.912498E-03     4.917998E-04     1.642748E-02     1.624138E-03     1.170605E-03     1.756536E-04     3.540664E-03     4.859895E-03     3.500550E-04
  0.670000     3.821890E-02     1.779073E-02     3.765460E-03     5.182526E-03     4.088697E-04     1.488287E-02     1.384898E-03     9.909411E-04     1.435367E-04     3.085631E-03     4.264060E-03     3.347702E-04
  0.690000     3.607780E-02     1.603082E-02     3.260929E-03     4.518675E-03     3.383594E-04     1.342118E-02     1.174997E-03     8.347513E-04     1.167841E-04     2.675078E-03     3.721690E-03     3.203713E-04
  0.710000     3.402654E-02     1.437622E-02     2.808594E-03     3.918296E-03     2.786580E-04     1.204631E-02     9.916973E-04     6.995789E-04     9.458773E-05     2.306594E-03     3.230678E-03     3.067627E-04
  0.730000     3.206848E-02     1.283051E-02     2.405335E-03     3.378494E-03     2.283283E-04     1.076125E-02     8.324181E-04     5.831513E-04     7.624611E-05     1.977705E-03     2.788732E-03     2.938641E-04
  0.750000     3.020628E-02     1.139609E-02     2.047966E-03     2.896153E-03     1.860939E-04     9.568093E-03     6.947401E-04     4.833753E-04     6.115392E-05     1.685891E-03     2.393386E-03     2.816079E-04
  0.770000     2.844217E-02     1.007418E-02     1.733259E-03     2.467962E-03     1.508255E-04     8.467935E-03     5.764008E-04     3.983295E-04     4.879096E-05     1.428595E-03     2.042020E-03     2.699367E-04
  0.790000     2.677791E-02     8.864756E-03     1.457961E-03     2.090443E-03     1.215277E-04     7.460851E-03     4.752902E-04     3.262549E-04     3.871182E-05     1.203237E-03     1.731872E-03     2.588017E-04
  0.810000     2.521475E-02     7.766489E-03     1.218815E-03     1.759984E-03     9.732494E-05     6.545843E-03     3.894465E-04     2.655458E-04     3.053635E-05     1.007226E-03     1.460065E-03     2.481606E-04
  0.830000     2.375328E-02     6.776791E-03     1.012587E-03     1.472871E-03     7.744959E-05     5.720844E-03     3.170510E-04     2.147400E-04     2.394100E-05     8.379806E-04     1.223630E-03     2.379769E-04
  0.850000     2.239318E-02     5.891833E-03     8.360853E-04     1.225334E-03     6.123054E-05     4.982746E-03     2.564249E-04     1.725115E-04     1.865120E-05     6.929469E-04     1.019542E-03     2.282185E-04
  0.870000     2.113310E-02     5.106651E-03     6.861978E-04     1.013596E-03     4.808313E-05     4.327485E-03     2.060259E-04     1.376623E-04     1.443468E-05     5.696243E-04     8.447564E-04     2.188570E-04
  0.890000     1.997052E-02     4.415290E-03     5.599174E-04     8.339216E-04     3.750002E-05     3.750158E-03     1.644459E-04     1.091161E-04     1.109562E-05     4.655902E-04     6.962561E-04     2.098671E-04
  0.910000     1.890170E-02     3.810998E-03     4.543745E-04     6.826719E-04     2.904316E-05     3.245184E-03     1.304082E-04     8.591186E-05     8.469601E-06     3.785254E-04     5.710904E-04     2.012258E-04
  0.930000     1.792171E-02     3.286438E-03     3.668651E-04     5.563553E-04     2.233643E-05     2.806488E-03     1.027653E-04     6.719776E-05     6.419216E-06     3.062388E-04     4.664202E-04     1.929127E-04
  0.950000     1.702454E-02     2.833934E-03     2.948757E-04     4.516726E-04     1.705900E-05     2.427699E-03     8.049463E-05     5.222497E-05     4.830272E-06     2.466881E-04     3.795561E-04     1.849087E-04
  0.970000     1.620330E-02     2.445697E-03     2.361022E-04     3.655560E-04     1.293921E-05     2.102349E-03     6.269481E-05     4.034123E-05     3.608438E-06     1.979970E-04     3.079919E-04     1.771966E-04
  0.990000     1.545043E-02     2.114056E-03     1.884630E-04     2.951984E-04     9.748963E-06     1.824060E-03     4.857955E-05     3.098407E-05     2.676342E-06     1.584672E-04     2.494297E-04     1.697603E-04
  1.010000     1.475797E-02     1.831643E-03     1.501053E-04     2.380721E-04     7.298382E-06     1.586704E-03     3.747096E-05     2.367364E-05     1.971003E-06     1.265837E-04     2.017967E-04     1.625847E-04
  1.030000     1.411778E-02     1.591558E-03     1.194040E-04     1.919377E-04     5.430971E-06     1.384540E-03     2.879159E-05     1.800511E-05     1.441590E-06     1.010158E-04     1.632536E-04     1.556555E-04
  1.050000     1.352182E-02     1.387480E-03     9.495517E-05     1.548423E-04     4.019036E-06     1.212307E-03     2.205563E-05     1.364093E-05     1.047440E-06     8.061215E-05     1.321944E-04     1.489588E-04
  1.070000     1.296233E-02     1.213741E-03     7.556347E-05     1.251095E-04     2.959487E-06     1.065289E-03     1.685947E-05     1.030302E-05     7.563393E-07     6.439089E-05     1.072384E-04     1.424806E-04
  1.090000     1.243198E-02     1.065362E-03     6.022591E-05     1.013218E-04     2.170014E-06     9.393426E-04     1.287205E-05     7.765039E-06     5.430189E-07     5.152729E-05     8.721698E-05     1.362072E-04
  1.110000     1.192403E-02     9.380498E-04     4.811268E-05     8.229798E-05     1.585626E-06     8.308963E-04     9.825194E-06     5.845017E-06     3.878635E-07     4.133812E-05     7.115553E-05     1.301239E-04
  1.130000     1.143236E-02     8.281678E-04     3.854648E-05     6.706782E-05     1.155584E-06     7.369272E-04     7.504372E-06     4.398386E-06     2.758070E-07     3.326513E-05     5.825248E-05     1.242154E-04
  1.150000     1.095159E-02     7.326869E-04     3.098149E-05     5.484446E-05     8.407242E-07     6.549188E-04     5.739996E-06     3.311655E-06     1.954011E-07     2.685794E-05     4.785729E-05     1.184655E-04
  1.170000     1.047705E-02     6.491214E-04     2.498300E-05     4.499748E-05     6.111436E-07     5.828087E-04     4.399539E-06     2.496725E-06     1.380398E-07     2.175750E-05     3.944831E-05     1.128567E-04
  1.190000     1.000482E-02     5.754599E-04     2.020845E-05     3.702717E-05     4.442586E-07     5.189303E-04     3.380528E-06     1.885940E-06     9.732209E-08     1.768053E-05     3.261170E-05     1.073706E-04
  1.210000     9.531768E-03     5.100936E-04     1.639037E-05     3.054097E-05     3.231849E-07     4.619540E-04     2.604490E-06     1.427848E-06     6.853604E-08     1.440561E-05     2.702206E-05     1.019880E-04
  1.230000     9.055490E-03     4.517483E-04     1.332137E-05     2.523263E-05     2.354186E-07     4.108294E-04     2.011832E-06     1.083665E-06     4.824742E-08     1.176084E-05     2.242526E-05     9.668949E-05
  1.250000     8.574373E-03     3.994218E-04     1.084151E-05     2.086433E-05     1.717793E-07     3.647339E-04     1.557607E-06     8.243698E-07     3.397647E-08     9.613466E-06     1.862379E-05     9.145632E-05
  1.270000     8.087581E-03     3.523285E-04     8.827736E-06     1.725172E-05     1.255767E-07     3.230260E-04     1.208087E-06     6.283725E-07     2.394788E-08     7.861172E-06     1.546430E-05     8.627120E-05
  1.290000     7.595060E-03     3.098522E-04     7.185351E-06     1.425173E-05     9.196447E-08     2.852058E-04     9.380339E-07     4.796766E-07     1.690024E-08     6.425077E-06     1.282759E-05     8.111961E-05
  1.310000     7.097535E-03     2.715061E-04     5.841262E-06     1.175279E-05     6.744860E-08     2.508816E-04     7.285799E-07     3.664526E-07     1.194304E-08     5.244145E-06     1.062054E-05     7.599105E-05
  1.330000     6.596489E-03     2.369013E-04     4.738699E-06     9.667267E-06     4.951673E-08     2.197431E-04     5.655956E-07     2.799511E-07     8.450755E-09     4.270836E-06     8.769791E-06     7.088025E-05
  1.350000     6.094118E-03     2.057201E-04     3.833185E-06     7.925561E-06     3.636432E-08     1.915392E-04     4.384592E-07     2.136854E-07     5.985590E-09     3.467782E-06     7.216935E-06     6.578825E-05
  1.370000     5.593263E-03     1.776965E-04     3.089500E-06     6.471727E-06     2.669418E-08     1.660612E-04     3.391395E-07     1.628262E-07     4.241732E-09     2.805277E-06     5.914827E-06     6.072313E-05
  1.390000     5.097305E-03     1.526004E-04     2.479420E-06     5.260167E-06     1.957147E-08     1.431293E-04     2.615184E-07     1.237561E-07     3.005642E-09     2.259411E-06     4.824882E-06     5.570034E-05
  1.410000     4.610036E-03     1.302260E-04     1.980051E-06     4.253204E-06     1.431978E-08     1.225825E-04     2.008970E-07     9.374685E-08     2.128044E-09     1.810697E-06     3.915062E-06     5.074245E-05
  1.430000     4.135494E-03     1.103831E-04     1.572609E-06     3.419310E-06     1.044727E-08     1.042713E-04     1.536350E-07     7.072499E-08     1.504328E-09     1.443062E-06     3.158416E-06     4.587839E-05
  1.450000     3.677781E-03     9.289104E-05     1.241533E-06     2.731822E-06     7.594260E-09     8.805210E-05     1.168899E-07     5.310304E-08     1.060927E-09     1.143117E-06     2.532019E-06     4.114206E-05
  1.470000     3.240875E-03     7.757476E-05     9.738228E-07     2.167994E-06     5.496301E-09     7.378369E-05     8.842686E-08     3.965762E-08     7.458989E-10     8.996143E-07     2.016200E-06     3.657049E-05
  1.490000     2.828437E-03     6.426226E-05     7.585645E-07     1.708317E-06     3.957937E-09     6.132518E-05     6.647882E-08     2.944079E-08     5.224097E-10     7.030570E-07     1.593979E-06     3.220171E-05
  1.510000     2.443636E-03     5.278356E-05     5.865627E-07     1.335998E-06     2.834114E-09     5.053492E-05     4.964392E-08     2.171525E-08     3.642393E-10     5.453972E-07     1.250654E-06     2.807238E-05
  1.530000     2.089001E-03     4.297058E-05     4.500642E-07     1.036576E-06     2.016866E-09     4.127049E-05     3.680791E-08     1.590630E-08     2.526608E-10     4.198098E-07     9.734838E-07     2.421556E-05
  1.550000     1.766318E-03     3.465780E-05     3.425387E-07     7.976142E-07     1.425713E-09     3.338942E-05     2.708516E-08     1.156579E-08     1.742690E-10     3.205141E-07     7.514402E-07     2.065866E-05
  1.570000     1.476565E-03     2.768342E-05     2.585022E-07     6.084494E-07     1.000658E-09     2.675037E-05     1.977294E-08     8.344698E-09     1.194570E-10     2.426277E-07     5.750133E-07     1.742187E-05
  1.590000     1.219901E-03     2.189096E-05     1.933696E-07     4.599866E-07     6.970428E-10     2.121477E-05     1.431546E-08     5.971921E-09     8.134135E-11     1.820465E-07     4.360413E-07     1.451708E-05
  1.610000     9.957020E-04     1.713082E-05     1.433301E-07     3.445157E-07     4.817128E-10     1.664852E-05     1.027512E-08     4.237740E-09     5.499661E-11     1.353405E-07     3.275643E-07     1.194753E-05
  1.630000     8.026396E-04     1.326194E-05     1.052377E-07     2.555491E-07     3.301566E-10     1.292376E-05     7.309295E-09     2.980771E-09     3.690769E-11     9.966357E-08     2.436926E-07     9.707953E-06
  1.650000     6.387947E-04     1.015325E-05     7.651652E-08     1.876736E-07     2.243431E-10     9.920432E-06     5.151542E-09     2.077596E-09     2.457524E-11     7.267281E-08     1.794842E-07     7.785336E-06
  1.670000     5.017915E-04     7.684774E-06     5.507534E-08     1.364150E-07     1.510889E-10     7.527649E-06     3.596196E-09     1.434505E-09     1.623050E-11     5.245683E-08     1.308320E-07     6.160125E-06
  1.690000     3.889438E-04     5.748434E-06     3.923283E-08     9.811189E-08     1.008214E-10     5.644689E-06     2.485819E-09     9.809053E-10     1.062871E-11     3.747128E-08     9.435715E-08     4.807711E-06
  1.710000     2.973996E-04     4.248456E-06     2.765087E-08     6.980005E-08     6.664267E-11     4.181608E-06     1.700966E-09     6.640735E-10     6.899377E-12     2.648114E-08     6.731044E-08     3.700061E-06
  1.730000     2.242745E-04     3.101361E-06     1.927589E-08     4.910691E-08     4.362290E-11     3.059471E-06     1.151876E-09     4.449935E-10     4.438037E-12     1.850956E-08     4.748039E-08     2.807347E-06
  1.750000     1.667665E-04     2.235607E-06     1.328772E-08     3.415579E-08     2.827006E-11     2.210201E-06     7.717687E-10     2.950718E-10     2.828118E-12     1.279261E-08     3.310945E-08     2.099443E-06
  1.770000     1.222466E-04     1.590922E-06     9.055325E-09     2.348048E-08     1.813341E-11     1.576117E-06     5.114825E-10     1.935665E-10     1.784868E-12     8.740041E-09     2.281818E-08     1.547197E-06
  1.790000     8.832433E-05     1.117393E-06     6.099104E-09     1.595000E-08     1.150975E-11     1.109204E-06     3.352206E-10     1.255903E-10     1.115307E-12     5.901317E-09     1.553786E-08     1.123416E-06
  1.810000     6.288714E-05     7.744027E-07     4.059113E-09     1.070334E-08     7.227390E-12     7.701953E-07     2.172124E-10     8.057576E-11     6.898296E-13     3.936953E-09     1.045144E-08     8.035565E-07
  1.830000     4.411729E-05     5.294631E-07     2.668688E-09     7.093829E-09     4.488734E-12     5.275485E-07     1.391211E-10     5.110652E-11     4.222100E-13     2.594449E-09     6.942789E-09     5.661172E-07
  1.850000     3.048979E-05     3.570448E-07     1.732878E-09     4.642449E-09     2.756720E-12     3.563749E-07     8.805619E-11     3.203884E-11     2.556442E-13     1.688519E-09     4.553720E-09     3.927800E-07
  1.870000     2.075563E-05     2.374339E-07     1.111085E-09     2.999330E-09     1.673744E-12     2.373839E-07     5.506708E-11     1.984786E-11     1.530900E-13     1.085045E-09     2.948352E-09     2.683425E-07
  1.890000     1.391539E-05     1.556739E-07     7.033074E-10     1.912590E-09     1.004422E-12     1.558890E-07     3.401728E-11     1.214781E-11     9.064515E-14     6.883036E-10     1.884008E-09     1.804994E-07
  1.910000     9.187115E-06     1.006157E-07     4.394145E-10     1.203520E-09     5.956331E-13     1.009080E-07     2.075370E-11     7.344182E-12     5.305362E-14     4.309390E-10     1.187929E-09     1.195255E-07
  1.930000     5.972232E-06     6.409461E-08     2.709263E-10     7.471987E-10     3.489669E-13     6.437407E-08     1.250247E-11     4.384973E-12     3.068635E-14     2.662389E-10     7.389578E-10     7.791143E-08
  1.950000     3.822269E-06     4.023610E-08     1.648144E-10     4.576050E-10     2.019488E-13     4.046747E-08     7.435669E-12     2.585163E-12     1.753577E-14     1.622807E-10     4.534109E-10     4.998702E-08
  1.970000     2.408183E-06     2.488775E-08     9.890764E-11     2.764024E-10     1.154146E-13     2.506389E-08     4.365054E-12     1.504629E-12     9.897950E-15     9.757209E-11     2.743671E-10     3.156401E-08
  1.990000     1.493484E-06     1.516599E-08     5.854385E-11     1.646331E-10     6.512631E-14     1.529255E-08     2.528888E-12     8.644027E-13     5.516980E-15     5.785944E-11     1.637074E-10     1.961425E-08
  2.010000     9.116260E-07     9.103654E-09     3.417269E-11     9.668248E-11     3.627805E-14     9.190631E-09     1.445665E-12     4.900907E-13     3.035922E-15     3.383317E-11     9.630136E-11     1.199401E-08
  2.030000     5.476494E-07     5.382294E-09     1.966781E-11     5.597164E-11     1.994536E-14     5.439926E-09     8.153311E-13     2.741833E-13     1.648974E-15     1.950581E-11     5.584177E-11     7.216744E-09
  2.050000     3.237616E-07     3.133834E-09     1.115957E-11     3.193856E-11     1.082110E-14     3.170840E-09     4.535884E-13     1.513363E-13     8.838429E-16     1.108599E-11     3.191440E-11     4.272428E-09
  2.070000     1.883449E-07     1.796780E-09     6.241542E-12     1.796098E-11     5.792368E-15     1.819884E-09     2.488782E-13     8.239831E-14     4.673930E-16     6.210300E-12     1.797447E-11     2.488512E-09
  2.090000     1.078100E-07     1.014331E-09     3.440572E-12     9.953034E-12     3.058606E-15     1.028390E-09     1.346626E-13     4.424918E-14     2.438074E-16     3.428629E-12     9.974955E-12     1.425977E-09
  2.110000     6.071760E-08     5.637536E-10     1.868993E-12     5.434223E-12     1.592954E-15     5.721056E-10     7.184275E-14     2.343388E-14     1.254250E-16     1.865274E-12     5.453787E-12     8.038431E-10
  2.130000     3.364299E-08     3.084497E-10     1.000390E-12     2.922971E-12     8.181420E-16     3.133003E-10     3.778657E-14     1.223709E-14     6.362288E-17     9.998293E-13     2.937425E-12     4.457541E-10
  2.150000     1.833898E-08     1.661224E-10     5.275509E-13     1.548701E-12     4.143197E-16     1.688790E-10     1.959097E-14     6.300170E-15     3.181686E-17     5.279828E-13     1.558364E-12     2.431451E-10
  2.170000     9.834097E-09     8.806143E-11     2.740591E-13     8.082028E-13     2.068537E-16     8.959562E-11     1.001119E-14     3.197523E-15     1.568350E-17     2.746479E-13     8.142507E-13     1.304558E-10
  2.190000     5.187417E-09     4.594355E-11     1.402369E-13     4.153730E-13     1.018014E-16     4.678024E-11     5.041688E-15     1.599600E-15     7.619050E-18     1.407179E-13     4.189780E-13     6.884501E-11
  2.210000     2.691569E-09     2.358922E-11     7.067643E-14     2.102225E-13     4.938023E-17     2.403657E-11     2.501948E-15     7.886727E-16     3.647246E-18     7.100608E-14     2.122885E-13     3.573358E-11
  2.230000     1.373660E-09     1.191856E-11     3.507829E-14     1.047618E-13     2.360527E-17     1.215314E-11     1.223337E-15     3.831976E-16     1.720178E-18     3.528360E-14     1.059070E-13     1.824149E-11
  2.250000     6.895322E-10     5.925538E-12     1.714405E-14     5.140101E-14     1.111918E-17     6.046221E-12     5.892978E-16     1.834612E-16     7.992217E-19     1.726402E-14     5.201739E-14     9.158197E-12
  2.270000     3.404201E-10     2.898674E-12     8.250144E-15     2.482840E-14     5.160582E-18     2.959603E-12     2.796412E-16     8.654010E-17     3.657557E-19     8.316963E-15     2.515140E-14     4.521805E-12
  2.290000     1.652896E-10     1.395128E-12     3.908821E-15     1.180592E-14     2.359627E-18     1.425322E-12     1.307086E-16     4.021617E-17     1.648514E-19     3.944622E-15     1.197103E-14     2.195600E-12
  2.310000     7.892792E-11     6.606152E-13     1.823188E-15     5.525759E-15     1.062837E-18     6.753048E-13     6.017334E-17     1.841000E-17     7.316827E-20     1.841745E-15     5.608220E-15     1.048388E-12
  2.330000     3.706441E-11     3.077380E-13     8.371148E-16     2.545623E-15     4.715523E-19     3.147553E-13     2.728117E-17     8.301143E-18     3.197681E-20     8.464557E-16     2.585900E-15     4.922744E-13
  2.350000     1.711636E-11     1.410233E-13     3.783336E-16     1.154187E-15     2.060620E-19     1.443152E-13     1.217991E-17     3.686512E-18     1.375897E-20     3.829118E-16     1.173444E-15     2.272991E-13
  2.370000     7.772868E-12     6.357087E-14     1.682948E-16     5.150036E-16     8.868238E-20     6.508760E-14     5.354426E-18     1.612320E-18     5.828203E-21     1.704838E-16     5.240224E-16     1.032008E-13
  2.390000     3.471003E-12     2.818801E-14     7.367899E-17     2.261358E-16     3.758520E-20     2.887441E-14     2.317583E-18     6.944005E-19     2.430201E-21     7.470147E-17     2.302753E-16     4.607375E-14
  2.410000     1.524128E-12     1.229396E-14     3.174433E-17     9.770744E-17     1.568583E-20     1.259910E-14     9.875959E-19     2.944819E-19     9.974076E-22     3.221142E-17     9.957034E-17     2.022553E-14
  2.430000     6.580664E-13     5.273803E-15     1.345898E-17     4.153947E-17     6.445874E-21     5.407064E-15     4.142988E-19     1.229603E-19     4.028948E-22     1.366783E-17     4.236176E-17     8.729981E-15
  2.450000     2.793766E-13     2.225075E-15     5.615084E-18     1.737585E-17     2.608041E-21     2.282251E-15     1.710838E-19     5.054733E-20     1.601648E-22     5.706555E-18     1.773196E-17     3.704973E-15
  2.470000     1.166199E-13     9.232918E-16     2.305021E-18     7.150898E-18     1.038918E-21     9.473936E-16     6.954020E-20     2.045637E-20     6.265692E-23     2.344280E-18     7.302247E-18     1.545992E-15
  2.490000     4.786400E-14     3.767841E-16     9.309904E-19     2.895235E-18     4.074371E-22     3.867666E-16     2.782069E-20     8.149433E-21     2.411952E-23     9.475103E-19     2.958373E-18     6.342669E-16
  2.510000     1.931478E-14     1.512140E-16     3.699521E-19     1.153176E-18     1.573008E-22     1.552765E-16     1.095413E-20     3.195708E-21     9.135647E-24     3.767698E-19     1.179034E-18     2.558421E-16
  2.530000     7.663145E-15     5.967935E-17     1.446289E-19     4.518315E-19     5.978233E-23     6.130390E-17     4.244645E-21     1.233448E-21     3.404518E-24     1.473892E-19     4.622298E-19     1.014612E-16
  2.550000     2.989186E-15     2.316203E-17     5.562294E-20     1.741441E-19     2.236495E-23     2.380039E-17     1.618577E-21     4.685582E-22     1.248228E-24     5.671963E-20     1.782503E-19     3.955936E-17
  2.570000     1.146357E-15     8.839711E-18     2.104377E-20     6.601987E-20     8.235668E-24     9.086205E-18     6.073388E-22     1.751742E-22     4.502269E-25     2.147143E-20     6.761239E-20     1.516399E-17
  2.590000     4.322161E-16     3.317394E-18     7.831511E-21     2.461829E-20     2.985033E-24     3.410926E-18     2.242393E-22     6.444910E-23     1.597523E-25     7.995222E-21     2.522492E-20     5.714601E-18
  2.610000     1.602098E-16     1.224174E-18     2.866837E-21     9.029059E-21     1.064886E-24     1.259051E-18     8.146184E-23     2.333356E-23     5.575972E-26     2.928367E-21     9.256046E-21     2.117195E-18
  2.630000     5.838185E-17     4.441874E-19     1.032237E-21     3.256968E-21     3.738923E-25     4.569678E-19     2.911640E-23     8.312669E-24     1.914402E-26     1.054945E-21     3.340402E-21     7.711388E-19
  2.650000     2.091516E-17     1.584734E-19     3.655603E-22     1.155464E-21     1.292007E-25     1.630759E-19     1.023864E-23     2.913896E-24     6.464968E-27     3.737906E-22     1.185592E-21     2.761184E-19
  2.670000     7.366018E-18     5.559104E-20     1.273289E-22     4.031415E-22     4.393843E-26     5.721990E-20     3.542008E-24     1.004989E-24     2.147354E-27     1.302586E-22     4.138301E-22     9.719503E-20
  2.690000     2.550276E-18     1.917354E-20     4.361830E-23     1.383260E-22     1.470527E-26     1.974007E-20     1.205427E-24     3.410223E-25     7.015010E-28     4.464262E-23     1.420516E-22     3.363360E-20
  2.710000     8.679985E-19     6.501909E-21     1.469504E-23     4.667481E-23     4.843258E-27     6.695555E-21     4.035511E-25     1.138464E-25     2.253851E-28     1.504684E-23     4.795074E-23     1.144138E-20
  2.730000     2.904175E-19     2.167765E-21     4.868780E-24     1.548752E-23     1.569734E-27     2.232816E-21     1.328942E-25     3.738977E-26     7.121635E-29     4.987468E-24     1.591688E-23     3.826082E-21
  2.750000     9.551982E-20     7.105730E-22     1.586368E-24     5.053479E-24     5.006417E-28     7.320491E-22     4.304745E-26     1.207996E-26     2.212982E-29     1.625707E-24     5.195448E-24     1.257756E-21
  2.770000     3.088350E-20     2.289934E-22     5.082889E-25     1.621427E-24     1.571190E-28     2.359616E-22     1.371535E-26     3.839203E-27     6.762485E-30     5.210986E-25     1.667553E-24     4.064439E-22
  2.790000     9.815604E-21     7.255180E-23     1.601506E-25     5.115544E-25     4.851987E-29     7.477380E-23     4.298035E-27     1.200225E-27     2.032135E-30     1.642487E-25     5.262813E-25     1.291107E-22
  2.810000     3.066625E-21     2.259839E-23     4.961884E-26     1.586953E-25     1.474311E-29     2.329475E-23     1.324713E-27     3.690753E-28     6.004882E-31     5.090702E-26     1.633157E-25     4.031602E-23
  2.830000     9.417879E-22     6.919971E-24     1.511661E-26     4.840661E-26     4.407840E-30     7.134453E-24     4.015590E-28     1.116305E-28     1.744820E-31     1.551447E-26     4.983110E-26     1.237492E-23
  2.850000     2.843088E-22     2.083160E-24     4.528372E-27     1.451791E-26     1.296639E-30     2.148085E-24     1.197124E-28     3.320871E-29     4.985169E-32     4.649111E-27     1.494949E-26     3.733815E-24
  2.870000     8.436615E-23     6.164906E-25     1.333828E-27     4.281085E-27     3.752823E-31     6.358062E-25     3.509769E-29     9.716464E-30     1.400496E-32     1.369832E-27     4.409582E-27     1.107401E-24
  2.890000     2.460838E-23     1.793536E-25     3.862945E-28     1.241210E-27     1.068641E-31     1.850013E-25     1.011941E-29     2.796008E-30     3.868535E-33     3.968440E-28     1.278808E-27     3.228462E-25
  2.910000     7.055556E-24     5.129420E-26     1.099991E-28     3.538104E-28     2.993850E-32     5.291713E-26     2.869182E-30     7.912785E-31     1.050665E-33     1.130366E-28     3.646212E-28     9.251689E-26
  2.930000     1.988425E-24     1.442101E-26     3.079665E-29     9.915666E-29     8.251664E-33     1.487936E-26     7.999734E-31     2.202261E-31     2.805600E-34     3.165608E-29     1.022116E-28     2.606021E-26
  2.950000     5.508246E-25     3.985538E-27     8.477217E-30     2.732069E-29     2.237462E-33     4.112762E-27     2.193294E-31     6.027606E-32     7.365837E-35     8.716167E-30     2.816906E-29     7.215442E-27
  2.970000     1.499825E-25     1.082773E-27     2.294197E-30     7.400705E-30     5.968454E-34     1.117480E-27     5.913055E-32     1.622355E-32     1.901275E-35     2.359484E-30     7.632238E-30     1.963690E-27
  2.990000     4.014095E-26     2.891631E-28     6.104195E-31     1.970875E-30     1.566207E-34     2.984682E-28     1.567511E-32     4.293990E-33     4.824876E-36     6.279487E-31     2.032975E-30     5.252971E-28
  3.010000     1.055970E-26     7.590988E-29     1.596758E-31     5.159923E-31     4.043029E-35     7.836177E-29     4.085858E-33     1.117582E-33     1.203754E-36     1.643009E-31     5.323614E-31     1.381198E-28
  3.030000     2.730418E-27     1.958843E-29     4.106350E-32     1.328064E-31     1.026654E-35     2.022340E-29     1.047179E-33     2.860164E-34     2.952517E-37     4.226277E-32     1.370469E-31     3.569630E-29
  3.050000     6.939334E-28     4.968697E-30     1.038179E-32     3.360322E-32     2.564425E-36     5.130309E-30     2.638851E-34     7.197567E-35     7.119391E-38     1.068738E-32     3.468278E-32     9.067837E-30
  3.070000     1.733463E-28     1.238863E-30     2.580369E-33     8.358388E-33     6.300773E-37     1.279289E-30     6.538173E-35     1.780960E-35     1.687649E-38     2.656894E-33     8.628500E-33     2.264096E-30
  3.090000     4.256150E-29     3.036252E-31     6.304904E-34     2.043801E-33     1.522736E-37     3.135637E-31     1.592713E-35     4.332986E-36     3.932813E-39     6.493225E-34     2.110220E-33     5.556405E-31
  3.110000     1.027122E-29     7.314463E-32     1.514455E-34     4.912738E-34     3.619692E-38     7.554593E-32     3.814610E-36     1.036516E-36     9.009491E-40     1.559999E-34     5.073249E-34     1.340289E-31
  3.130000     2.436283E-30     1.732023E-32     3.576100E-35     1.160840E-34     8.462990E-39     1.789045E-32     8.982286E-37     2.437880E-37     2.028928E-40     3.684346E-35     1.198962E-34     3.177650E-32
  3.150000     5.679778E-31     4.031327E-33     8.301051E-36     2.696375E-35     1.946124E-39     4.164404E-33     2.079412E-37     5.637514E-38     4.491553E-41     8.553885E-36     2.785356E-35     7.404814E-33
  3.170000     1.301459E-31     9.222788E-34     1.894181E-36     6.156618E-36     4.401503E-40     9.528019E-34     4.732645E-38     1.281723E-38     9.774265E-42     1.952217E-36     6.360735E-36     1.695979E-33
  3.190000     2.931049E-32     2.073924E-34     4.248832E-37     1.381827E-36     9.790491E-41     2.142730E-34     1.058938E-38     2.864999E-39     2.090855E-42     4.379755E-37     1.427844E-36     3.817886E-34
  3.210000     6.487940E-33     4.583920E-35     9.368559E-38     3.048668E-37     2.141757E-41     4.736354E-35     2.329344E-39     6.296095E-40     4.396534E-43     9.658808E-38     3.150625E-37     8.447324E-35
  3.230000     1.411495E-33     9.958449E-36     2.030609E-38     6.611611E-38     4.607738E-42     1.029034E-35     5.037178E-40     1.360277E-40     9.087379E-44     2.093847E-38     6.833625E-38     1.836991E-35
  3.250000     3.018137E-34     2.126444E-36     4.326391E-39     1.409422E-38     9.748699E-43     2.197465E-36     1.070842E-40     2.889257E-41     1.846305E-44     4.461794E-39     1.456934E-38     3.926308E-36
  3.270000     6.342835E-35     4.462937E-37     9.060803E-40     2.953301E-39     2.028320E-43     4.612298E-37     2.237906E-41     6.033108E-42     3.687230E-45     9.345729E-40     3.053226E-39     8.248012E-37
  3.290000     1.310119E-35     9.206398E-38     1.865284E-40     6.082796E-40     4.149988E-44     9.515106E-38     4.597602E-42     1.238471E-42     7.238094E-46     1.924207E-40     6.289338E-40     1.702942E-37
