  0.010000     1.541639E-01     1.309608E-01     6.444404E-02     7.571552E-02     1.931327E-02     1.110455E-01     3.808931E-02     3.194110E-02     9.655128E-03     5.287443E-02     6.254555E-02     2.962938E-03
  0.030000     1.541539E-01     1.307633E-01     6.423993E-02     7.549648E-02     1.922558E-02     1.108672E-01     3.794138E-02     3.181046E-02     9.607684E-03     5.270474E-02     6.236135E-02     2.951650E-03
  0.050000     1.541296E-01     1.303678E-01     6.383353E-02     7.506010E-02     1.905140E-02     1.105104E-01     3.764726E-02     3.155079E-02     9.513502E-03     5.236693E-02     6.199448E-02     2.929255E-03
  0.070000     1.540823E-01     1.297732E-01     6.322853E-02     7.440979E-02     1.879312E-02     1.099747E-01     3.721035E-02     3.116529E-02     9.373977E-03     5.186416E-02     6.144793E-02     2.896111E-03
  0.090000     1.539993E-01     1.289779E-01     6.243034E-02     7.355062E-02     1.845425E-02     1.092598E-01     3.663572E-02     3.065867E-02     9.191156E-03     5.120109E-02     6.072621E-02     2.852738E-03
  0.110000     1.538646E-01     1.279804E-01     6.144610E-02     7.248928E-02     1.803934E-02     1.083652E-01     3.592997E-02     3.003706E-02     8.967694E-03     5.038386E-02     5.983520E-02     2.799810E-03
  0.130000     1.536593E-01     1.267789E-01     6.028457E-02     7.123400E-02     1.755389E-02     1.072909E-01     3.510110E-02     2.930792E-02     8.706784E-03     4.941996E-02     5.878216E-02     2.738130E-03
  0.150000     1.533624E-01     1.253720E-01     5.895601E-02     6.979453E-02     1.700423E-02     1.060371E-01     3.415839E-02     2.847982E-02     8.412084E-03     4.831816E-02     5.757564E-02     2.668608E-03
  0.170000     1.529515E-01     1.237587E-01     5.747203E-02     6.818199E-02     1.639738E-02     1.046044E-01     3.311221E-02     2.756237E-02     8.087635E-03     4.708836E-02     5.622533E-02     2.592239E-03
  0.190000     1.524038E-01     1.219387E-01     5.584547E-02     6.640875E-02     1.574088E-02     1.029943E-01     3.197386E-02     2.656596E-02     7.737761E-03     4.574148E-02     5.474200E-02     2.510076E-03
  0.210000     1.516967E-01     1.199131E-01     5.409023E-02     6.448835E-02     1.504268E-02     1.012093E-01     3.075533E-02     2.550158E-02     7.366981E-03     4.428927E-02     5.313737E-02     2.423201E-03
  0.230000     1.508091E-01     1.176839E-01     5.222103E-02     6.243530E-02     1.431093E-02     9.925261E-02     2.946912E-02     2.438067E-02     6.979908E-03     4.274418E-02     5.142393E-02     2.332703E-03
  0.250000     1.497214E-01     1.152547E-01     5.025328E-02     6.026495E-02     1.355388E-02     9.712896E-02     2.812801E-02     2.321484E-02     6.581155E-03     4.111918E-02     4.961481E-02     2.239649E-03
  0.270000     1.484170E-01     1.126308E-01     4.820283E-02     5.799328E-02     1.277964E-02     9.484419E-02     2.674487E-02     2.201572E-02     6.175247E-03     3.942753E-02     4.772364E-02     2.145066E-03
  0.290000     1.468823E-01     1.098194E-01     4.608577E-02     5.563670E-02     1.199615E-02     9.240557E-02     2.533242E-02     2.079476E-02     5.766534E-03     3.768268E-02     4.576433E-02     2.049920E-03
  0.310000     1.451074E-01     1.068293E-01     4.391820E-02     5.321190E-02     1.121093E-02     8.982174E-02     2.390306E-02     1.956302E-02     5.359118E-03     3.589801E-02     4.375092E-02     1.955100E-03
  0.330000     1.430868E-01     1.036713E-01     4.171606E-02     5.073562E-02     1.043108E-02     8.710275E-02     2.246870E-02     1.833105E-02     4.956792E-03     3.408671E-02     4.169745E-02     1.861404E-03
  0.350000     1.408187E-01     1.003582E-01     3.949489E-02     4.822442E-02     9.663083E-03     8.425996E-02     2.104057E-02     1.710873E-02     4.562987E-03     3.226161E-02     3.961770E-02     1.769535E-03
  0.370000     1.383059E-01     9.690418E-02     3.726966E-02     4.569452E-02     8.912794E-03     8.130598E-02     1.962909E-02     1.590511E-02     4.180735E-03     3.043498E-02     3.752513E-02     1.680090E-03
  0.390000     1.355554E-01     9.332529E-02     3.505460E-02     4.316163E-02     8.185359E-03     7.825456E-02     1.824378E-02     1.472840E-02     3.812640E-03     2.861846E-02     3.543266E-02     1.593563E-03
  0.410000     1.325780E-01     8.963881E-02     3.286307E-02     4.064072E-02     7.485181E-03     7.512038E-02     1.689316E-02     1.358582E-02     3.460868E-03     2.682290E-02     3.335257E-02     1.510346E-03
  0.430000     1.293883E-01     8.586323E-02     3.070737E-02     3.814593E-02     6.815907E-03     7.191895E-02     1.558469E-02     1.248360E-02     3.127145E-03     2.505827E-02     3.129636E-02     1.430730E-03
  0.450000     1.260041E-01     8.201793E-02     2.859873E-02     3.569042E-02     6.180433E-03     6.866633E-02     1.432473E-02     1.142695E-02     2.812766E-03     2.333362E-02     2.927468E-02     1.354914E-03
  0.470000     1.224459E-01     7.812291E-02     2.654715E-02     3.328621E-02     5.580921E-03     6.537897E-02     1.311854E-02     1.042005E-02     2.518617E-03     2.165695E-02     2.729723E-02     1.283014E-03
  0.490000     1.187364E-01     7.419848E-02     2.456142E-02     3.094418E-02     5.018838E-03     6.207348E-02     1.197032E-02     9.466117E-03     2.245199E-03     2.003528E-02     2.537271E-02     1.215071E-03
  0.510000     1.149001E-01     7.026503E-02     2.264905E-02     2.867396E-02     4.495001E-03     5.876641E-02     1.088318E-02     8.567398E-03     1.992664E-03     1.847454E-02     2.350877E-02     1.151061E-03
  0.530000     1.109624E-01     6.634268E-02     2.081628E-02     2.648389E-02     4.009637E-03     5.547403E-02     9.859276E-03     7.725270E-03     1.760853E-03     1.697965E-02     2.171202E-02     1.090906E-03
  0.550000     1.069491E-01     6.245105E-02     1.906813E-02     2.438104E-02     3.562445E-03     5.221215E-02     8.899821E-03     6.940294E-03     1.549335E-03     1.555450E-02     1.998797E-02     1.034484E-03
  0.570000     1.028863E-01     5.860901E-02     1.740838E-02     2.237119E-02     3.152670E-03     4.899591E-02     8.005186E-03     6.212301E-03     1.357454E-03     1.420201E-02     1.834114E-02     9.816383E-04
  0.590000     9.879922E-02     5.483441E-02     1.583972E-02     2.045886E-02     2.779165E-03     4.583959E-02     7.174989E-03     5.540482E-03     1.184370E-03     1.292420E-02     1.677499E-02     9.321880E-04
  0.610000     9.471243E-02     5.114393E-02     1.436371E-02     1.864739E-02     2.440472E-03     4.275653E-02     6.408184E-03     4.923473E-03     1.029096E-03     1.172220E-02     1.529202E-02     8.859352E-04
  0.630000     9.064904E-02     4.755287E-02     1.298095E-02     1.693895E-02     2.134880E-03     3.975891E-02     5.703154E-03     4.359447E-03     8.905425E-04     1.059635E-02     1.389384E-02     8.426725E-04
  0.650000     8.663059E-02     4.407501E-02     1.169115E-02     1.533465E-02     1.860498E-03     3.685772E-02     5.057812E-03     3.846206E-03     7.675513E-04     9.546307E-03     1.258117E-02     8.021889E-04
  0.670000     8.267675E-02     4.072254E-02     1.049316E-02     1.383460E-02     1.615304E-03     3.406263E-02     4.469681E-03     3.381257E-03     6.589255E-04     8.571050E-03     1.135396E-02     7.642752E-04
  0.690000     7.880517E-02     3.750592E-02     9.385165E-03     1.243800E-02     1.397209E-03     3.138193E-02     3.935988E-03     2.961895E-03     5.634592E-04     7.669012E-03     1.021144E-02     7.287278E-04
  0.710000     7.503137E-02     3.443387E-02     8.364701E-03     1.114324E-02     1.204093E-03     2.882252E-02     3.453739E-03     2.585271E-03     4.799606E-04     6.838138E-03     9.152182E-03     6.953516E-04
  0.730000     7.136864E-02     3.151334E-02     7.428787E-03     9.947974E-03     1.033852E-03     2.638989E-02     3.019792E-03     2.248458E-03     4.072706E-04     6.075960E-03     8.174218E-03     6.639627E-04
  0.750000     6.782807E-02     2.874954E-02     6.574003E-03     8.849245E-03     8.844252E-04     2.408809E-02     2.630918E-03     1.948500E-03     3.442791E-04     5.379671E-03     7.275065E-03     6.343893E-04
  0.770000     6.441855E-02     2.614592E-02     5.796581E-03     7.843544E-03     7.538265E-04     2.191980E-02     2.283864E-03     1.682464E-03     2.899354E-04     4.746193E-03     6.451829E-03     6.064725E-04
  0.790000     6.114682E-02     2.370431E-02     5.092481E-03     6.926920E-03     6.401611E-04     1.988637E-02     1.975394E-03     1.447477E-03     2.432571E-04     4.172239E-03     5.701262E-03     5.800668E-04
  0.810000     5.801757E-02     2.142493E-02     4.457473E-03     6.095061E-03     5.416420E-04     1.798785E-02     1.702333E-03     1.240758E-03     2.033346E-04     3.654375E-03     5.019840E-03     5.550396E-04
  0.830000     5.503358E-02     1.930652E-02     3.887199E-03     5.343382E-03     4.565996E-04     1.622310E-02     1.461598E-03     1.059643E-03     1.693336E-04     3.189070E-03     4.403821E-03     5.312710E-04
  0.850000     5.219578E-02     1.734647E-02     3.377239E-03     4.667095E-03     3.834878E-04     1.458990E-02     1.250227E-03     9.016012E-04     1.404957E-04     2.772749E-03     3.849310E-03     5.086526E-04
  0.870000     4.950343E-02     1.554094E-02     2.923171E-03     4.061292E-03     3.208858E-04     1.308500E-02     1.065398E-03     7.642532E-04     1.161368E-04     2.401834E-03     3.352316E-03     4.870870E-04
  0.890000     4.695430E-02     1.388500E-02     2.520612E-03     3.521008E-03     2.674980E-04     1.170428E-02     9.044422E-04     6.453746E-04     9.564446E-05     2.072784E-03     2.908807E-03     4.664867E-04
  0.910000     4.454477E-02     1.237279E-02     2.165273E-03     3.041280E-03     2.221509E-04     1.044288E-02     7.648577E-04     5.429028E-04     7.847403E-05     1.782131E-03     2.514752E-03     4.467730E-04
  0.930000     4.227004E-02     1.099768E-02     1.852988E-03     2.617209E-03     1.837882E-04     9.295262E-03     6.443126E-04     4.549373E-04     6.414442E-05     1.526509E-03     2.166173E-03     4.278751E-04
  0.950000     4.012430E-02     9.752408E-03     1.579748E-03     2.244004E-03     1.514652E-04     8.255416E-03     5.406489E-04     3.797385E-04     5.223320E-05     1.302676E-03     1.859179E-03     4.097290E-04
  0.970000     3.810088E-02     8.629249E-03     1.341730E-03     1.917026E-03     1.243416E-04     7.316935E-03     4.518821E-04     3.157232E-04     4.237163E-05     1.107540E-03     1.590001E-03     3.922769E-04
  0.990000     3.619247E-02     7.620170E-03     1.135315E-03     1.631824E-03     1.016742E-04     6.473159E-03     3.761981E-04     2.614588E-04     3.423960E-05     9.381702E-04     1.355021E-03     3.754662E-04
  1.010000     3.439124E-02     6.716965E-03     9.571018E-04     1.384167E-03     8.280907E-05     5.717287E-03     3.119485E-04     2.156571E-04     2.756066E-05     7.918124E-04     1.150796E-03     3.592490E-04
  1.030000     3.268905E-02     5.911389E-03     8.039222E-04     1.170061E-03     6.717385E-05     5.042484E-03     2.576442E-04     1.771651E-04     2.209730E-05     6.658971E-04     9.740763E-04     3.435812E-04
  1.050000     3.107765E-02     5.195279E-03     6.728430E-04     9.857712E-04     5.427019E-05     4.441986E-03     2.119480E-04     1.449572E-04     1.764650E-05     5.580443E-04     8.218181E-04     3.284226E-04
  1.070000     2.954874E-02     4.560660E-03     5.611693E-04     8.278318E-04     4.366625E-05     3.909183E-03     1.736657E-04     1.181261E-04     1.403550E-05     4.660654E-04     6.911953E-04     3.137361E-04
  1.090000     2.809425E-02     3.999834E-03     4.664433E-04     6.930505E-04     3.498972E-05     3.437694E-03     1.417372E-04     9.587315E-05     1.111803E-05     3.879619E-04     5.796027E-04     2.994874E-04
  1.110000     2.670637E-02     3.505457E-03     3.864384E-04     5.785100E-04     2.792119E-05     3.021432E-03     1.152267E-04     7.749928E-05     8.770795E-06     3.219222E-04     4.846576E-04     2.856453E-04
  1.130000     2.537775E-02     3.070598E-03     3.191524E-04     4.815646E-04     2.218796E-05     2.654653E-03     9.331292E-05     6.239616E-05     6.890392E-06     2.663151E-04     4.041967E-04     2.721814E-04
  1.150000     2.410159E-02     2.688780E-03     2.627967E-04     3.998320E-04     1.755843E-05     2.331988E-03     7.527948E-05     5.003715E-05     5.390463E-06     2.196822E-04     3.362708E-04     2.590699E-04
  1.170000     2.287171E-02     2.354011E-03     2.157847E-04     3.311833E-04     1.383685E-05     2.048472E-03     6.050489E-05     3.996893E-05     4.199242E-06     1.807287E-04     2.791361E-04     2.462882E-04
  1.190000     2.168266E-02     2.060799E-03     1.767187E-04     2.737293E-04     1.085862E-05     1.799553E-03     4.845328E-05     3.180348E-05     3.257364E-06     1.483127E-04     2.312439E-04     2.338165E-04
  1.210000     2.052974E-02     1.804149E-03     1.443758E-04     2.258054E-04     8.486020E-06     1.581097E-03     3.866534E-05     2.521055E-05     2.515955E-06     1.214340E-04     1.912286E-04     2.216383E-04
  1.230000     1.940907E-02     1.579565E-03     1.176927E-04     1.859553E-04     6.604470E-06     1.389377E-03     3.074968E-05     1.991067E-05     1.934972E-06     9.922223E-05     1.578940E-04     2.097403E-04
  1.250000     1.831757E-02     1.383022E-03     9.575153E-05     1.529132E-04     5.119099E-06     1.221064E-03     2.437481E-05     1.566867E-05     1.481765E-06     8.092524E-05     1.301996E-04     1.981129E-04
  1.270000     1.725298E-02     1.210951E-03     7.776457E-05     1.255862E-04     3.951789E-06     1.073204E-03     1.926159E-05     1.228785E-05     1.129843E-06     6.589695E-05     1.072465E-04     1.867497E-04
  1.290000     1.621381E-02     1.060203E-03     6.306037E-05     1.030371E-04     3.038558E-06     9.431947E-04     1.517638E-05     9.604564E-06     8.578231E-07     5.358605E-05     8.826273E-05     1.756484E-04
  1.310000     1.519930E-02     9.280232E-04     5.107000E-05     8.446681E-05     2.327288E-06     8.287564E-04     1.192478E-05     7.483513E-06     6.485280E-07     4.352489E-05     7.258956E-05     1.648099E-04
  1.330000     1.420936E-02     8.120076E-04     4.131425E-05     6.919804E-05     1.775757E-06     7.279054E-04     9.345973E-06     5.813444E-06     4.882332E-07     3.531918E-05     5.966825E-05     1.542386E-04
  1.350000     1.324450E-02     7.100738E-04     3.339184E-05     5.666025E-05     1.349944E-06     6.389217E-04     7.307683E-06     4.503403E-06     3.660288E-07     2.863836E-05     4.902747E-05     1.439424E-04
  1.370000     1.230572E-02     6.204226E-04     2.696857E-05     4.637517E-05     1.022590E-06     5.603207E-04     5.701736E-06     3.479456E-06     2.732876E-07     2.320681E-05     4.027171E-05     1.339318E-04
  1.390000     1.139444E-02     5.415041E-04     2.176752E-05     3.794393E-05     7.719724E-07     4.908237E-04     4.440153E-06     2.681833E-06     2.032238E-07     1.879585E-05     3.307072E-05     1.242200E-04
  1.410000     1.051236E-02     4.719855E-04     1.756039E-05     3.103539E-05     5.808756E-07     4.293310E-04     3.451764E-06     2.062484E-06     1.505286E-07     1.521670E-05     2.714993E-05     1.148222E-04
  1.430000     9.661417E-03     4.107210E-04     1.415976E-05     2.537573E-05     4.357301E-07     3.748973E-04     2.679298E-06     1.582981E-06     1.110704E-07     1.231415E-05     2.228198E-05     1.057551E-04
  1.450000     8.843596E-03     3.567251E-04     1.141243E-05     2.073934E-05     3.258977E-07     3.267083E-04     2.076897E-06     1.212753E-06     8.165157E-08     9.961134E-06     1.827922E-05     9.703590E-05
  1.470000     8.060891E-03     3.091476E-04     9.193590E-06     1.694089E-05     2.430825E-07     2.840611E-04     1.608019E-06     9.276003E-07     5.981015E-08     8.053930E-06     1.498722E-05     8.868215E-05
  1.490000     7.315190E-03     2.672530E-04     7.401883E-06     1.382852E-05     1.808490E-07     2.463459E-04     1.243670E-06     7.084595E-07     4.366085E-08     6.508151E-06     1.227913E-05     8.071067E-05
  1.510000     6.608187E-03     2.304020E-04     5.955205E-06     1.127795E-05     1.342301E-07     2.130314E-04     9.609466E-07     5.403790E-07     3.176759E-08     5.255288E-06     1.005096E-05     7.313697E-05
  1.530000     5.941316E-03     1.980356E-04     4.787179E-06     9.187673E-06     9.941127E-08     1.836512E-04     7.418221E-07     4.116833E-07     2.304213E-08     4.239821E-06     8.217487E-06     6.597464E-05
  1.550000     5.315686E-03     1.696623E-04     3.844217E-06     7.474746E-06     7.347666E-08     1.577931E-04     5.721585E-07     3.132909E-07     1.666411E-08     3.416804E-06     6.708914E-06     5.923472E-05
  1.570000     4.732040E-03     1.448467E-04     3.083092E-06     6.071429E-06     5.420786E-08     1.350905E-04     4.409012E-07     2.381635E-07     1.201820E-08     2.749876E-06     5.468028E-06     5.292524E-05
  1.590000     4.190725E-03     1.232015E-04     2.468944E-06     4.922348E-06     3.992432E-08     1.152146E-04     3.394295E-07     1.808642E-07     8.645129E-09     2.209622E-06     4.447902E-06     4.705081E-05
  1.610000     3.691679E-03     1.043796E-04     1.973658E-06     3.982189E-06     2.935814E-08     9.786911E-05     2.610355E-07     1.372051E-07     6.203749E-09     1.772231E-06     3.609981E-06     4.161240E-05
  1.630000     3.234430E-03     8.806842E-05     1.574539E-06     3.213813E-06     2.155646E-08     8.278557E-05     2.005093E-07     1.039686E-07     4.441814E-09     1.418414E-06     2.922538E-06     3.660717E-05
  1.650000     2.818115E-03     7.398593E-05     1.253257E-06     2.586732E-06     1.580568E-08     6.971957E-05     1.538095E-07     7.868755E-08     3.173642E-09     1.132527E-06     2.359413E-06     3.202851E-05
  1.670000     2.441503E-03     6.187656E-05     9.949825E-07     2.075871E-06     1.157311E-08     5.844822E-05     1.178050E-07     5.947377E-08     2.263123E-09     9.018624E-07     1.898991E-06     2.786614E-05
  1.690000     2.103035E-03     5.150864E-05     7.877088E-07     1.660571E-06     8.462298E-09     4.876795E-05     9.007088E-08     4.488393E-08     1.610881E-09     7.160846E-07     1.523380E-06     2.410635E-05
  1.710000     1.800869E-03     4.267210E-05     6.216989E-07     1.323787E-06     6.178920E-09     4.049290E-05     6.872999E-08     3.381595E-08     1.144635E-09     5.667752E-07     1.217748E-06     2.073235E-05
  1.730000     1.532927E-03     3.517673E-05     4.890487E-07     1.051437E-06     4.504979E-09     3.345362E-05     5.232941E-08     2.542895E-08     8.119864E-10     4.470691E-07     9.697775E-07     1.772470E-05
  1.750000     1.296954E-03     2.885064E-05     3.833367E-07     8.318761E-07     3.279331E-09     2.749599E-05     3.974449E-08     1.908161E-08     5.750787E-10     3.513630E-07     7.692389E-07     1.506177E-05
  1.770000     1.090570E-03     2.353904E-05     2.993428E-07     6.554764E-07     2.383051E-09     2.248038E-05     3.010458E-08     1.428503E-08     4.066372E-10     2.750810E-07     6.076296E-07     1.272024E-05
  1.790000     9.113219E-04     1.910308E-05     2.328236E-07     5.142761E-07     1.728500E-09     1.828079E-05     2.273562E-08     1.066655E-08     2.870642E-10     2.144865E-07     4.778868E-07     1.067568E-05
  1.810000     7.567379E-04     1.541880E-05     1.803309E-07     4.016982E-07     1.251171E-09     1.478411E-05     1.711574E-08     7.942177E-09     2.023116E-10     1.665296E-07     3.741494E-07     8.903018E-06
  1.830000     6.243697E-04     1.237610E-05     1.390654E-07     3.123175E-07     9.036294E-10     1.188936E-05     1.284101E-08     5.895565E-09     1.423300E-10     1.287235E-07     2.915610E-07     7.377062E-06
  1.850000     5.118348E-04     9.877777E-06     1.067579E-07     2.416681E-07     6.510302E-10     9.506980E-06     9.598879E-09     4.361956E-09     9.994441E-11     9.904370E-08     2.261068E-07     6.072943E-06
  1.870000     4.168505E-04     7.838552E-06     8.157255E-08     1.860832E-07     4.677949E-10     7.557989E-06     7.147735E-09     3.215953E-09     7.004048E-11     7.584588E-08     1.744766E-07     4.966513E-06
  1.890000     3.372603E-04     6.184067E-06     6.202793E-08     1.425614E-07     3.351648E-10     5.973256E-06     5.300982E-09     2.362204E-09     4.897798E-11     5.779773E-08     1.339505E-07     4.034684E-06
  1.910000     2.710555E-04     4.849948E-06     4.693213E-08     1.086552E-07     2.393946E-10     4.692675E-06     3.914737E-09     1.728287E-09     3.416954E-11     4.382332E-08     1.023016E-07     3.255697E-06
  1.930000     2.163885E-04     3.780846E-06     3.532949E-08     8.237625E-08     1.704234E-10     3.664372E-06     2.878266E-09     1.259276E-09     2.377844E-11     3.305684E-08     7.771454E-08     2.609321E-06
  1.950000     1.715809E-04     2.929519E-06     2.645678E-08     6.211691E-08     1.208956E-10     2.843905E-06     2.106542E-09     9.135948E-10     1.650249E-11     2.480440E-08     5.871625E-08     2.076988E-06
  1.970000     1.351263E-04     2.255937E-06     1.970701E-08     4.658326E-08     8.544164E-11     2.193489E-06     1.534453E-09     6.598420E-10     1.141959E-11     1.851229E-08     4.411713E-08     1.641872E-06
  1.990000     1.056880E-04     1.726435E-06     1.459969E-08     3.473927E-08     6.014791E-11     1.681243E-06     1.112294E-09     4.743629E-10     7.877684E-12     1.374079E-08     3.296163E-08     1.288903E-06
  2.010000     8.209291E-05     1.312916E-06     1.075630E-08     2.575985E-08     4.216792E-11     1.280476E-06     8.022509E-10     3.393918E-10     5.416345E-12     1.014242E-08     2.448636E-08     1.004744E-06
  2.030000     6.332280E-05     9.921083E-07     7.880236E-09     1.899157E-08     2.943591E-11     9.690165E-07     5.756683E-10     2.416305E-10     3.710973E-12     7.444077E-09     1.808497E-08     7.777225E-07
  2.050000     4.850323E-05     7.448865E-07     5.740301E-09     1.391998E-08     2.045662E-11     7.285897E-07     4.109185E-10     1.711615E-10     2.533139E-12     5.432290E-09     1.327869E-08     5.977346E-07
  2.070000     3.689092E-05     5.556539E-07     4.157326E-09     1.014246E-08     1.415088E-11     5.442545E-07     2.917521E-10     1.206180E-10     1.722420E-12     3.941151E-09     9.691786E-09     4.561300E-07
  2.090000     2.786057E-05     4.117917E-07     2.993255E-09     7.345877E-09     9.742321E-12     4.038910E-07     2.060173E-10     8.455149E-11     1.166408E-12     2.842485E-09     7.031255E-09     3.455799E-07
  2.110000     2.089132E-05     3.031701E-07     2.142358E-09     5.288225E-09     6.674385E-12     2.977464E-07     1.446718E-10     5.895064E-11     7.865378E-13     2.037873E-09     5.070057E-09     2.599391E-07
  2.130000     1.555364E-05     2.217217E-07     1.524153E-09     3.783672E-09     4.549613E-12     2.180354E-07     1.010222E-10     4.087630E-11     5.280512E-13     1.452213E-09     3.633421E-09     1.941078E-07
  2.150000     1.149672E-05     1.610727E-07     1.077767E-09     2.690464E-09     3.085322E-12     1.585933E-07     7.014014E-11     2.818583E-11     3.529017E-13     1.028559E-09     2.587704E-09     1.438959E-07
  2.170000     8.436799E-06     1.162269E-07     7.574493E-10     1.901188E-09     2.081329E-12     1.145775E-07     4.841717E-11     1.932544E-11     2.347418E-13     7.240135E-10     1.831403E-09     1.058946E-07
  2.190000     6.146531E-06     8.329955E-08     5.290396E-10     1.335003E-09     1.396531E-12     8.221508E-08     3.322641E-11     1.317445E-11     1.553917E-13     5.064739E-10     1.287949E-09     7.735833E-08
  2.210000     4.445479E-06     5.929407E-08     3.672009E-10     9.314819E-10     9.319397E-13     5.858989E-08     2.266671E-11     8.929094E-12     1.023554E-13     3.520754E-10     8.999862E-10     5.609649E-08
  2.230000     3.191766E-06     4.191740E-08     2.532657E-10     6.457719E-10     6.184621E-13     4.146628E-08     1.537044E-11     6.016212E-12     6.707917E-14     2.431972E-10     6.248451E-10     4.037831E-08
  2.250000     2.274867E-06     2.942893E-08     1.735733E-10     4.448096E-10     4.081215E-13     2.914417E-08     1.035975E-11     4.029494E-12     4.373310E-14     1.669180E-10     4.310092E-10     2.884920E-08
  2.270000     1.609469E-06     2.051799E-08     1.181955E-10     3.043956E-10     2.677826E-13     2.034118E-08     6.939882E-12     2.682636E-12     2.836175E-14     1.138276E-10     2.953640E-10     2.045890E-08
  2.290000     1.130317E-06     1.420559E-08     7.996683E-11     2.069433E-10     1.746864E-13     1.409785E-08     4.620295E-12     1.775132E-12     1.829419E-14     7.712062E-11     2.010782E-10     1.440070E-08
  2.310000     7.879506E-07     9.766366E-09     5.375127E-11     1.397634E-10     1.132893E-13     9.702120E-09     3.056882E-12     1.167434E-12     1.173574E-14     5.191011E-11     1.359846E-10     1.006072E-08
  2.330000     5.452169E-07     6.667157E-09     3.589367E-11     9.376607E-11     7.303696E-14     6.629839E-09     2.009816E-12     7.630318E-13     7.486637E-15     3.471142E-11     9.135094E-11     6.976047E-09
  2.350000     3.744570E-07     4.519270E-09     2.381104E-11     6.248705E-11     4.680505E-14     4.498296E-09     1.313050E-12     4.956086E-13     4.749043E-15     2.305753E-11     6.095604E-11     4.800832E-09
  2.370000     2.552632E-07     3.041600E-09     1.569104E-11     4.136269E-11     2.981348E-14     3.030320E-09     8.523783E-13     3.198888E-13     2.995257E-15     1.521442E-11     4.040020E-11     3.279008E-09
  2.390000     1.727109E-07     2.032494E-09     1.027119E-11     2.719474E-11     1.887459E-14     2.026803E-09     5.497812E-13     2.051645E-13     1.878186E-15     9.972000E-12     2.659479E-11     2.222694E-09
  2.410000     1.159815E-07     1.348456E-09     6.678325E-12     1.775833E-11     1.187581E-14     1.345876E-09     3.523177E-13     1.307460E-13     1.170815E-15     6.491975E-12     1.738761E-11     1.495275E-09
  2.430000     7.730134E-08     8.882048E-10     4.312968E-12     1.151714E-11     7.425861E-15     8.872721E-10     2.243095E-13     8.278628E-14     7.255273E-16     4.197809E-12     1.129010E-11     9.982970E-10
  2.450000     5.113374E-08     5.808261E-10     2.766501E-12     7.418178E-12     4.614306E-15     5.807052E-10     1.418768E-13     5.208026E-14     4.468961E-16     2.695902E-12     7.280397E-12     6.614382E-10
  2.470000     3.356937E-08     3.770724E-10     1.762446E-12     4.745097E-12     2.849186E-15     3.773034E-10     8.914737E-14     3.255030E-14     2.736022E-16     1.719514E-12     4.662269E-12     4.349140E-10
  2.490000     2.187194E-08     2.430179E-10     1.115106E-12     3.014213E-12     1.748113E-15     2.433613E-10     5.564452E-14     2.021094E-14     1.664817E-16     1.089214E-12     2.964903E-12     2.837894E-10
  2.510000     1.414273E-08     1.554807E-10     7.006770E-13     1.901385E-12     1.065694E-15     1.558216E-10     3.450140E-14     1.246668E-14     1.006751E-16     6.851912E-13     1.872324E-12     1.837647E-10
  2.530000     9.075587E-09     9.874817E-11     4.372267E-13     1.191023E-12     6.454932E-16     9.903982E-11     2.124888E-14     7.638924E-15     6.050097E-17     4.280437E-13     1.174074E-12     1.180853E-10
  2.550000     5.779708E-09     6.225677E-11     2.709376E-13     7.408180E-13     3.884436E-16     6.248681E-11     1.299886E-14     4.649590E-15     3.612961E-17     2.655392E-13     7.310411E-13     7.529950E-11
  2.570000     3.652759E-09     3.896188E-11     1.667219E-13     4.575426E-13     2.322329E-16     3.913401E-11     7.898227E-15     2.811145E-15     2.143890E-17     1.635764E-13     4.519675E-13     4.764814E-11
  2.590000     2.290944E-09     2.420360E-11     1.018742E-13     2.805874E-13     1.379309E-16     2.432759E-11     4.766450E-15     1.688198E-15     1.264031E-17     1.000580E-13     2.774470E-13     2.991940E-11
  2.610000     1.425874E-09     1.492445E-11     6.181180E-14     1.708480E-13     8.138140E-17     1.501116E-11     2.856852E-15     1.006979E-15     7.404700E-18     6.077286E-14     1.691021E-13     1.864267E-11
  2.630000     8.806751E-10     9.134539E-12     3.723941E-14     1.032869E-13     4.769775E-17     9.193733E-12     1.700570E-15     5.965700E-16     4.309543E-18     3.665075E-14     1.023299E-13     1.152677E-11
  2.650000     5.397757E-10     5.549284E-12     2.227650E-14     6.199601E-14     2.776925E-17     5.588872E-12     1.005316E-15     3.510206E-16     2.491775E-18     2.194624E-14     6.147954E-14     7.072077E-12
  2.670000     3.282988E-10     3.346121E-12     1.323099E-14     3.694490E-14     1.605864E-17     3.372124E-12     5.901998E-16     2.051261E-16     1.431267E-18     1.304759E-14     3.667096E-14     4.305489E-12
  2.690000     1.981432E-10     2.002596E-12     7.802412E-15     2.185785E-14     9.223940E-18     2.019403E-12     3.440900E-16     1.190459E-16     8.166721E-19     7.701634E-15     2.171540E-14     2.600939E-12
  2.710000     1.186693E-10     1.189556E-12     4.568206E-15     1.283846E-14     5.262270E-18     1.200260E-12     1.992094E-16     6.861202E-17     4.628834E-19     4.513440E-15     1.276608E-14     1.559073E-12
  2.730000     7.052495E-11     7.013086E-13     2.655417E-15     7.486190E-15     2.981705E-18     7.080341E-13     1.145251E-16     3.927056E-17     2.605999E-19     2.626000E-15     7.450438E-15     9.273164E-13
  2.750000     4.158995E-11     4.103552E-13     1.532429E-15     4.333537E-15     1.677943E-18     4.145270E-13     6.537834E-17     2.232047E-17     1.457264E-19     1.516821E-15     4.316500E-15     5.472819E-13
  2.770000     2.433723E-11     2.383036E-13     8.779690E-16     2.490283E-15     9.377729E-19     2.408603E-13     3.705941E-17     1.259789E-17     8.093693E-20     8.697959E-16     2.482553E-15     3.204886E-13
  2.790000     1.413147E-11     1.373457E-13     4.993670E-16     1.420597E-15     5.204907E-19     1.388946E-13     2.085854E-17     7.060576E-18     4.464607E-20     4.951475E-16     1.417338E-15     1.862214E-13
  2.810000     8.142046E-12     7.856101E-14     2.819638E-16     8.044524E-16     2.868869E-19     7.948903E-14     1.165682E-17     3.929337E-18     2.445860E-20     2.798191E-16     8.032462E-16     1.073641E-13
  2.830000     4.654852E-12     4.459654E-14     1.580489E-16     4.521987E-16     1.570285E-19     4.514663E-14     6.468109E-18     2.171328E-18     1.330689E-20     1.569774E-16     4.518724E-16     6.141828E-14
  2.850000     2.640591E-12     2.512417E-14     8.794383E-17     2.523189E-16     8.535018E-20     2.544687E-14     3.563410E-18     1.191375E-18     7.189566E-21     8.741893E-17     2.523291E-16     3.486126E-14
  2.870000     1.486333E-12     1.404667E-14     4.857661E-17     1.397507E-16     4.606564E-20     1.423407E-14     1.949109E-18     6.490509E-19     3.857408E-21     4.832532E-17     1.398607E-16     1.963326E-14
  2.890000     8.301326E-13     7.793651E-15     2.663477E-17     7.683070E-17     2.468796E-20     7.901405E-15     1.058473E-18     3.510808E-19     2.055137E-21     2.651777E-17     7.694735E-17     1.097092E-14
  2.910000     4.600364E-13     4.291304E-15     1.449650E-17     4.192613E-17     1.313766E-20     4.352666E-15     5.706727E-19     1.885490E-19     1.087238E-21     1.444391E-17     4.201981E-17     6.082651E-15
  2.930000     2.529574E-13     2.344842E-15     7.831814E-18     2.270895E-17     6.941679E-21     2.379454E-15     3.054570E-19     1.005360E-19     5.711287E-22     7.809278E-18     2.277562E-17     3.346101E-15
  2.950000     1.380099E-13     1.271479E-15     4.199903E-18     1.220857E-17     3.641789E-21     1.290820E-15     1.623156E-19     5.322189E-20     2.978897E-22     4.190908E-18     1.225281E-17     1.826330E-15
  2.970000     7.470985E-14     6.841820E-16     2.235563E-18     6.514510E-18     1.896963E-21     6.948902E-16     8.562680E-20     2.797191E-20     1.542683E-22     2.232388E-18     6.542497E-18     9.890347E-16
  2.990000     4.012801E-14     3.653393E-16     1.181132E-18     3.450176E-18     9.810399E-22     3.712141E-16     4.484256E-20     1.459516E-20     7.932045E-23     1.180290E-18     3.467273E-18     5.314145E-16
  3.010000     2.138538E-14     1.935884E-16     6.193947E-19     1.813582E-18     5.037199E-22     1.967824E-16     2.331281E-20     7.560359E-21     4.049201E-23     6.193830E-19     1.823740E-18     2.832976E-16
  3.030000     1.130794E-14     1.017926E-16     3.223944E-19     9.461581E-19     2.567775E-22     1.035137E-16     1.203137E-20     3.887902E-21     2.052190E-23     3.226076E-19     9.520557E-19     1.498435E-16
  3.050000     5.932591E-15     5.311327E-17     1.665529E-19     4.899085E-19     1.299515E-22     5.403250E-17     6.163737E-21     1.984815E-21     1.032569E-23     1.667742E-19     4.932655E-19     7.863510E-17
  3.070000     3.088146E-15     2.750021E-17     8.539962E-20     2.517592E-19     6.529105E-23     2.798687E-17     3.134550E-21     1.005887E-21     5.157777E-24     8.556890E-20     2.536370E-19     4.094272E-17
  3.090000     1.594928E-15     1.412900E-17     4.346027E-20     1.284012E-19     3.256609E-23     1.438441E-17     1.582345E-21     5.060525E-22     2.557632E-24     4.357428E-20     1.294352E-19     2.115031E-17
  3.110000     8.172827E-16     7.203205E-18     2.195109E-20     6.499224E-20     1.612535E-23     7.336092E-18     7.928945E-22     2.527274E-22     1.259028E-24     2.202248E-20     6.555341E-20     1.084014E-17
  3.130000     4.155173E-16     3.643974E-18     1.100377E-20     3.264803E-20     7.926407E-24     3.712521E-18     3.943768E-22     1.252889E-22     6.152400E-25     1.104634E-20     3.294852E-20     5.512251E-18
  3.150000     2.095992E-16     1.829181E-18     5.474486E-21     1.627611E-20     3.867762E-24     1.864237E-18     1.947075E-22     6.165527E-23     2.984396E-25     5.498970E-21     1.643499E-20     2.780980E-18
  3.170000     1.048991E-16     9.111014E-19     2.703064E-21     8.052626E-21     1.873492E-24     9.288777E-19     9.541645E-23     3.011745E-23     1.437017E-25     2.716753E-21     8.135634E-21     1.392001E-18
  3.190000     5.208746E-17     4.503002E-19     1.324571E-21     3.953785E-21     9.008361E-25     4.592379E-19     4.641165E-23     1.460329E-23     6.868339E-26     1.332048E-21     3.996657E-21     6.912778E-19
  3.210000     2.566094E-17     2.208309E-19     6.441620E-22     1.926516E-21     4.299663E-25     2.252868E-19     2.240723E-23     7.028479E-24     3.258500E-26     6.481651E-22     1.948415E-21     3.405928E-19
  3.230000     1.254261E-17     1.074575E-19     3.108933E-22     9.315620E-22     2.037095E-25     1.096604E-19     1.073744E-23     3.357719E-24     1.534446E-26     3.129988E-22     9.426290E-22     1.664894E-19
  3.250000     6.082434E-18     5.188362E-20     1.489084E-22     4.470191E-22     9.580094E-26     5.296355E-20     5.106926E-24     1.592186E-24     7.172083E-27     1.499983E-22     4.525543E-22     8.074292E-20
  3.270000     2.926437E-18     2.485634E-20     7.078060E-23     2.128685E-22     4.472020E-26     2.538135E-20     2.410787E-24     7.493835E-25     3.327293E-27     7.133662E-23     2.156091E-22     3.884970E-20
  3.290000     1.396921E-18     1.181558E-20     3.338811E-23     1.005921E-22     2.072083E-26     1.206869E-20     1.129519E-24     3.500820E-25     1.532080E-27     3.366794E-23     1.019356E-22     1.854535E-20
