  0.010000     3.631653E-02     4.783753E-02     3.412177E-02     3.833388E-02     1.152380E-02     4.296666E-02     2.190964E-02     1.861857E-02     5.905958E-03     2.904134E-02     3.298338E-02     2.032789E-03
  0.030000     3.653838E-02     4.786598E-02     3.398750E-02     3.821194E-02     1.143484E-02     4.297111E-02     2.178016E-02     1.849796E-02     5.854362E-03     2.892155E-02     3.287073E-02     2.019141E-03
  0.050000     3.697620E-02     4.792007E-02     3.372049E-02     3.796893E-02     1.125910E-02     4.297812E-02     2.152365E-02     1.825926E-02     5.752568E-03     2.868349E-02     3.264646E-02     1.992184E-03
  0.070000     3.761847E-02     4.799429E-02     3.332375E-02     3.760657E-02     1.100081E-02     4.298394E-02     2.114497E-02     1.790739E-02     5.603311E-03     2.833018E-02     3.231266E-02     1.952585E-03
  0.090000     3.844835E-02     4.808063E-02     3.280173E-02     3.712747E-02     1.066614E-02     4.298316E-02     2.065117E-02     1.744951E-02     5.410541E-03     2.786606E-02     3.187242E-02     1.901309E-03
  0.110000     3.944427E-02     4.816888E-02     3.216025E-02     3.653507E-02     1.026290E-02     4.296885E-02     2.005134E-02     1.689481E-02     5.179249E-03     2.729690E-02     3.132980E-02     1.839586E-03
  0.130000     4.058055E-02     4.824703E-02     3.140642E-02     3.583372E-02     9.800273E-03     4.293287E-02     1.935625E-02     1.625412E-02     4.915251E-03     2.662968E-02     3.068978E-02     1.768858E-03
  0.150000     4.182826E-02     4.830167E-02     3.054848E-02     3.502859E-02     9.288418E-03     4.286615E-02     1.857806E-02     1.553962E-02     4.624946E-03     2.587243E-02     2.995818E-02     1.690726E-03
  0.170000     4.315598E-02     4.831847E-02     2.959564E-02     3.412567E-02     8.738126E-03     4.275897E-02     1.772992E-02     1.476439E-02     4.315051E-03     2.503407E-02     2.914158E-02     1.606889E-03
  0.190000     4.453069E-02     4.828265E-02     2.855798E-02     3.313173E-02     8.160411E-03     4.260132E-02     1.682558E-02     1.394198E-02     3.992340E-03     2.412419E-02     2.824722E-02     1.519079E-03
  0.210000     4.591860E-02     4.817949E-02     2.744616E-02     3.205425E-02     7.566135E-03     4.238321E-02     1.587899E-02     1.308603E-02     3.663395E-03     2.315286E-02     2.728290E-02     1.429003E-03
  0.230000     4.728592E-02     4.799472E-02     2.627132E-02     3.090136E-02     6.965663E-03     4.209495E-02     1.490395E-02     1.220986E-02     3.334386E-03     2.213042E-02     2.625683E-02     1.338282E-03
  0.250000     4.859959E-02     4.771496E-02     2.504484E-02     2.968173E-02     6.368566E-03     4.172740E-02     1.391370E-02     1.132611E-02     3.010884E-03     2.106728E-02     2.517751E-02     1.248403E-03
  0.270000     4.982788E-02     4.732805E-02     2.377812E-02     2.840448E-02     5.783384E-03     4.127226E-02     1.292065E-02     1.044642E-02     2.697719E-03     1.997371E-02     2.405362E-02     1.160677E-03
  0.290000     5.094089E-02     4.682334E-02     2.248247E-02     2.707905E-02     5.217451E-03     4.072224E-02     1.193617E-02     9.581263E-03     2.398894E-03     1.885971E-02     2.289393E-02     1.076212E-03
  0.310000     5.191111E-02     4.619197E-02     2.116887E-02     2.571512E-02     4.676805E-03     4.007124E-02     1.097032E-02     8.739698E-03     2.117538E-03     1.773481E-02     2.170710E-02     9.958958E-04
  0.330000     5.271374E-02     4.542701E-02     1.984790E-02     2.432250E-02     4.166147E-03     3.931452E-02     1.003184E-02     7.929340E-03     1.855911E-03     1.660802E-02     2.050170E-02     9.203892E-04
  0.350000     5.332715E-02     4.452372E-02     1.852957E-02     2.291097E-02     3.688878E-03     3.844883E-02     9.128020E-03     7.156313E-03     1.615448E-03     1.548771E-02     1.928606E-02     8.501338E-04
  0.370000     5.373319E-02     4.347962E-02     1.722326E-02     2.149024E-02     3.247177E-03     3.747260E-02     8.264734E-03     6.425289E-03     1.396837E-03     1.438155E-02     1.806823E-02     7.853673E-04
  0.390000     5.391765E-02     4.229466E-02     1.593763E-02     2.006984E-02     2.842125E-03     3.638599E-02     7.446500E-03     5.739571E-03     1.200111E-03     1.329651E-02     1.685593E-02     7.261456E-04
  0.410000     5.387051E-02     4.097132E-02     1.468060E-02     1.865900E-02     2.473845E-03     3.519112E-02     6.676561E-03     5.101220E-03     1.024763E-03     1.223883E-02     1.565652E-02     6.723712E-04
  0.430000     5.358635E-02     3.951470E-02     1.345932E-02     1.726662E-02     2.141671E-03     3.389208E-02     5.957006E-03     4.511192E-03     8.698627E-04     1.121403E-02     1.447696E-02     6.238233E-04
  0.450000     5.306453E-02     3.793258E-02     1.228013E-02     1.590116E-02     1.844301E-03     3.249507E-02     5.288902E-03     3.969503E-03     7.341640E-04     1.022692E-02     1.332377E-02     5.801885E-04
  0.470000     5.230934E-02     3.623539E-02     1.114855E-02     1.457056E-02     1.579961E-03     3.100841E-02     4.672437E-03     3.475383E-03     6.162127E-04     9.281655E-03     1.220304E-02     5.410901E-04
  0.490000     5.132999E-02     3.443615E-02     1.006933E-02     1.328220E-02     1.346543E-03     2.944251E-02     4.107051E-03     3.027431E-03     5.144353E-04     8.381701E-03     1.112034E-02     5.061150E-04
  0.510000     5.014041E-02     3.255027E-02     9.046384E-03     1.204280E-02     1.141733E-03     2.780977E-02     3.591574E-03     2.623757E-03     4.272150E-04     7.529903E-03     1.008075E-02     4.748356E-04
  0.530000     4.875879E-02     3.059530E-02     8.082851E-03     1.085834E-02     9.631093E-04     2.612434E-02     3.124339E-03     2.262108E-03     3.529515E-04     6.728481E-03     9.088758E-03     4.468294E-04
  0.550000     4.720706E-02     2.859058E-02     7.181066E-03     9.734024E-03     8.082347E-04     2.440187E-02     2.703294E-03     1.939978E-03     2.901067E-04     5.979049E-03     8.148246E-03     4.216921E-04
  0.570000     4.551007E-02     2.655669E-02     6.342587E-03     8.674182E-03     6.747165E-04     2.265910E-02     2.326089E-03     1.654698E-03     2.372351E-04     5.282623E-03     7.262443E-03     3.990482E-04
  0.590000     4.369471E-02     2.451498E-02     5.568202E-03     7.682228E-03     5.602558E-04     2.091342E-02     1.990162E-03     1.403514E-03     1.930045E-04     4.639641E-03     6.433875E-03     3.785569E-04
  0.610000     4.178896E-02     2.248687E-02     4.857952E-03     6.760615E-03     4.626809E-04     1.918236E-02     1.692801E-03     1.183648E-03     1.562054E-04     4.049971E-03     5.664329E-03     3.599153E-04
  0.630000     3.982092E-02     2.049328E-02     4.211163E-03     5.910814E-03     3.799678E-04     1.748305E-02     1.431210E-03     9.923475E-04     1.257548E-04     3.512935E-03     4.954837E-03     3.428590E-04
  0.650000     3.781794E-02     1.855398E-02     3.626485E-03     5.133306E-03     3.102520E-04     1.583171E-02     1.202550E-03     8.269214E-04     1.006931E-04     3.027337E-03     4.305657E-03     3.271605E-04
  0.670000     3.580582E-02     1.668701E-02     3.101943E-03     4.427607E-03     2.518324E-04     1.424318E-02     1.003987E-03     6.847734E-04     8.017849E-05     2.591497E-03     3.716293E-03     3.126270E-04
  0.690000     3.380818E-02     1.490817E-02     2.635005E-03     3.792313E-03     2.031706E-04     1.273046E-02     8.327267E-04     5.634228E-04     6.347864E-05     2.203299E-03     3.185522E-03     2.990965E-04
  0.710000     3.184603E-02     1.323066E-02     2.222654E-03     3.225175E-03     1.628857E-04     1.130442E-02     6.860471E-04     4.605229E-04     4.996094E-05     1.860250E-03     2.711448E-03     2.864343E-04
  0.730000     2.993743E-02     1.166480E-02     1.861477E-03     2.723192E-03     1.297471E-04     9.973527E-03     5.613253E-04     3.738737E-04     3.908265E-05     1.559537E-03     2.291571E-03     2.745289E-04
  0.750000     2.809745E-02     1.021789E-02     1.547757E-03     2.282727E-03     1.026660E-04     8.743794E-03     4.560607E-04     3.014306E-04     3.038107E-05     1.298107E-03     1.922880E-03     2.632884E-04
  0.770000     2.633810E-02     8.894240E-03     1.277568E-03     1.899637E-03     8.068516E-05     7.618720E-03     3.678953E-04     2.413111E-04     2.346402E-05     1.072736E-03     1.601949E-03     2.526371E-04
  0.790000     2.466850E-02     7.695278E-03     1.046870E-03     1.569406E-03     6.296907E-05     6.599416E-03     2.946286E-04     1.917965E-04     1.800106E-05     8.801080E-04     1.325051E-03     2.425125E-04
  0.810000     2.309504E-02     6.619780E-03     8.516063E-04     1.287287E-03     4.879352E-05     5.684786E-03     2.342296E-04     1.513331E-04     1.371543E-05     7.168882E-04     1.088262E-03     2.328626E-04
  0.830000     2.162161E-02     5.664194E-03     6.877831E-04     1.048434E-03     3.753536E-05     4.871786E-03     1.848438E-04     1.185288E-04     1.037673E-05     5.797913E-04     8.875768E-04     2.236441E-04
  0.850000     2.024988E-02     4.823013E-03     5.515482E-04     8.480259E-04     2.866252E-05     4.155742E-03     1.447972E-04     9.214931E-05     7.794398E-06     4.656436E-04     7.190042E-04     2.148201E-04
  0.870000     1.897954E-02     4.089187E-03     4.392523E-04     6.813748E-04     2.172434E-05     3.530681E-03     1.125957E-04     7.111070E-05     5.811845E-06     3.714342E-04     5.786592E-04     2.063595E-04
  0.890000     1.780857E-02     3.454534E-03     3.474988E-04     5.440174E-04     1.634231E-05     2.989686E-03     8.692102E-05     5.447128E-05     4.301342E-06     2.943559E-04     4.628379E-04     1.982351E-04
  0.910000     1.673347E-02     2.910150E-03     2.731779E-04     4.317863E-04     1.220131E-05     2.525230E-03     6.662356E-05     4.142152E-05     3.159461E-06     2.318349E-04     3.680764E-04     1.904233E-04
  0.930000     1.574954E-02     2.446784E-03     2.134886E-04     3.408605E-04     9.041378E-06     2.129491E-03     5.071279E-05     3.127306E-05     2.303110E-06     1.815485E-04     2.911944E-04     1.829031E-04
  0.950000     1.485108E-02     2.055160E-03     1.659463E-04     2.677968E-04     6.650092E-06     1.794628E-03     3.834526E-05     2.344708E-05     1.666092E-06     1.414333E-04     2.293214E-04     1.756557E-04
  0.970000     1.403165E-02     1.726259E-03     1.283803E-04     2.095435E-04     4.855546E-06     1.513011E-03     2.881136E-05     1.746225E-05     1.196114E-06     1.096837E-04     1.799097E-04     1.686640E-04
  0.990000     1.328425E-02     1.451531E-03     9.892159E-05     1.634380E-04     3.520017E-06     1.277406E-03     2.152121E-05     1.292289E-05     8.522415E-07     8.474219E-05     1.407328E-04     1.619121E-04
  1.010000     1.260154E-02     1.223056E-03     7.598368E-05     1.271923E-04     2.534292E-06     1.081106E-03     1.599031E-05     9.507382E-06     6.027260E-07     6.528479E-05     1.098748E-04     1.553849E-04
  1.030000     1.197604E-02     1.033647E-03     5.823835E-05     9.886897E-05     1.812658E-06     9.180238E-04     1.182545E-05     6.957315E-06     4.231752E-07     5.020118E-05     8.571079E-05     1.490679E-04
  1.050000     1.140029E-02     8.769037E-04     4.458844E-05     7.685019E-05     1.288553E-06     7.827340E-04     8.711252E-06     5.067399E-06     2.950318E-07     3.857272E-05     6.688203E-05     1.429467E-04
  1.070000     1.086702E-02     7.472270E-04     3.413935E-05     5.980337E-05     9.108280E-07     6.704870E-04     6.397721E-06     3.676396E-06     2.043167E-07     2.964921E-05     5.226753E-05     1.370067E-04
  1.090000     1.036924E-02     6.397959E-04     2.617071E-05     4.664492E-05     6.405922E-07     5.771917E-04     4.688953E-06     2.659077E-06     1.406045E-07     2.282557E-05     4.095449E-05     1.312325E-04
  1.110000     9.900390E-03     5.505231E-04     2.010944E-05     3.650463E-05     4.485876E-07     4.993771E-04     3.433148E-06     1.919250E-06     9.619851E-08     1.761968E-05     3.220870E-05     1.256082E-04
  1.130000     9.454408E-03     4.759922E-04     1.550478E-05     2.869177E-05     3.130306E-07     4.341406E-04     2.513959E-06     1.383817E-06     6.547353E-08     1.365172E-05     2.544654E-05     1.201168E-04
  1.150000     9.025796E-03     4.133851E-04     1.200606E-05     2.266411E-05     2.178690E-07     3.790867E-04     1.843145E-06     9.978104E-07     4.435980E-08     1.062570E-05     2.020916E-05     1.147400E-04
  1.170000     8.609671E-03     3.604059E-04     9.343173E-06     1.800031E-05     1.513918E-07     3.322632E-04     1.354449E-06     7.203046E-07     2.994195E-08     8.313289E-06     1.613944E-05     1.094590E-04
  1.190000     8.201806E-03     3.152055E-04     7.309993E-06     1.437600E-05     1.051379E-07     2.920975E-04     9.985851E-07     5.211195E-07     2.015194E-08     6.539905E-06     1.296201E-05     1.042542E-04
  1.210000     7.798654E-03     2.763093E-04     5.750499E-06     1.154343E-05     7.305062E-08     2.573356E-04     7.392096E-07     3.781948E-07     1.353664E-08     5.173185E-06     1.046622E-05     9.910602E-05
  1.230000     7.397373E-03     2.425526E-04     4.547421E-06     9.314742E-06     5.083213E-08     2.269878E-04     5.497289E-07     2.755357E-07     9.084363E-09     4.113443E-06     8.492026E-06     9.399586E-05
  1.250000     6.995840E-03     2.130223E-04     3.613096E-06     7.548166E-06     3.545719E-08     2.002786E-04     4.108149E-07     2.016272E-07     6.096835E-09     3.286017E-06     6.918461E-06     8.890686E-05
  1.270000     6.592659E-03     1.870067E-04     2.882255E-06     6.137135E-06     2.481176E-08     1.766048E-04     3.084966E-07     1.482298E-07     4.096018E-09     2.635193E-06     5.654399E-06     8.382518E-05
  1.290000     6.187166E-03     1.639535E-04     2.306397E-06     5.001643E-06     1.742788E-08     1.554994E-04     2.327159E-07     1.094758E-07     2.757076E-09     2.119474E-06     4.631283E-06     7.874122E-05
  1.310000     5.779418E-03     1.434342E-04     1.849476E-06     4.081574E-06     1.229150E-08     1.366015E-04     1.762496E-07     8.120000E-08     1.860732E-09     1.707935E-06     3.797478E-06     7.365076E-05
  1.330000     5.370169E-03     1.251158E-04     1.484634E-06     3.331604E-06     8.704860E-09     1.196317E-04     1.339127E-07     6.045067E-08     1.259794E-09     1.377470E-06     3.113947E-06     6.855600E-05
  1.350000     4.960829E-03     1.087375E-04     1.191761E-06     2.717350E-06     6.189047E-09     1.043726E-04     1.019788E-07     4.513566E-08     8.559065E-10     1.110719E-06     2.550992E-06     6.346623E-05
  1.370000     4.553398E-03     9.409267E-05     9.556884E-07     2.212503E-06     4.415645E-09     9.065285E-05     7.776032E-08     3.376897E-08     5.835560E-10     8.945408E-07     2.085804E-06     5.839807E-05
  1.390000     4.150373E-03     8.101412E-05     7.648629E-07     1.796703E-06     3.159293E-09     7.833455E-05     5.930861E-08     2.529097E-08     3.991863E-10     7.188828E-07     1.700669E-06     5.337529E-05
  1.410000     3.754635E-03     6.936336E-05     6.103848E-07     1.453993E-06     2.264975E-09     6.730397E-05     4.520070E-08     1.894177E-08     2.738491E-10     5.759666E-07     1.381636E-06     4.842801E-05
  1.430000     3.369315E-03     5.902201E-05     4.853113E-07     1.171686E-06     1.625650E-09     5.746390E-05     3.438854E-08     1.417246E-08     1.882832E-10     4.596934E-07     1.117559E-06     4.359137E-05
  1.450000     2.997636E-03     4.988552E-05     3.841565E-07     9.395521E-07     1.167009E-09     4.872815E-05     2.609295E-08     1.058326E-08     1.296387E-10     3.652176E-07     8.994023E-07     3.890380E-05
  1.470000     2.642753E-03     4.185857E-05     3.025309E-07     7.492275E-07     8.371392E-10     4.101743E-05     1.972891E-08     7.880416E-09     8.930980E-11     2.886393E-07     7.197321E-07     3.440494E-05
  1.490000     2.307597E-03     3.485186E-05     2.368823E-07     5.937919E-07     5.995185E-10     3.425652E-05     1.485300E-08     5.846142E-09     6.150419E-11     2.267839E-07     5.723601E-07     3.013334E-05
  1.510000     1.994725E-03     2.877992E-05     1.843091E-07     4.674611E-07     4.282686E-10     2.837231E-05     1.112620E-08     4.317636E-09     4.230093E-11     1.770415E-07     4.520802E-07     2.612429E-05
  1.530000     1.706195E-03     2.355992E-05     1.424230E-07     3.653646E-07     3.049248E-10     2.329279E-05     8.287422E-09     3.172302E-09     2.902988E-11     1.372511E-07     3.544788E-07     2.240773E-05
  1.550000     1.443476E-03     1.911104E-05     1.092490E-07     2.833802E-07     2.162290E-10     1.894650E-05     6.134446E-09     2.317276E-09     1.986196E-11     1.056138E-07     2.757958E-07     1.900672E-05
  1.570000     1.207393E-03     1.535445E-05     8.314896E-08     2.180111E-07     1.526126E-10     1.526267E-05     4.510027E-09     1.681912E-09     1.353749E-11     8.062863E-08     2.128201E-07     1.593619E-05
  1.590000     9.981088E-04     1.221360E-05     6.276350E-08     1.662904E-07     1.071414E-10     1.217156E-05     3.291655E-09     1.212328E-09     9.184960E-12     6.104250E-08     1.628094E-07     1.320248E-05
  1.610000     8.151543E-04     9.614792E-06     4.696646E-08     1.257065E-07     7.477800E-11     9.605143E-06     2.383858E-09     8.673920E-10     6.199406E-12     4.581100E-08     1.234271E-07     1.080336E-05
  1.630000     6.574858E-04     7.487849E-06     3.482786E-08     9.414121E-08     5.185831E-11     7.497867E-06     1.712340E-09     6.157339E-10     4.159974E-12     3.406669E-08     9.269073E-08     8.728609E-06
  1.650000     5.235751E-04     5.766827E-06     2.558346E-08     6.981850E-08     3.571787E-11     5.787489E-06     1.219461E-09     4.334812E-10     2.773657E-12     2.509278E-08     6.892765E-08     6.961067E-06
  1.670000     4.115173E-04     4.390641E-06     1.860921E-08     5.125935E-08     2.442214E-11     4.415812E-06     8.606945E-10     3.025351E-10     1.836568E-12     1.830073E-08     5.073707E-08     5.478025E-06
  1.690000     3.191486E-04     3.303589E-06     1.339928E-08     3.724233E-08     1.657035E-11     3.329320E-06     6.018330E-10     2.092418E-10     1.207081E-12     1.321107E-08     3.695571E-08     4.252774E-06
  1.710000     2.441636E-04     2.455692E-06     9.547157E-09     2.676808E-08     1.115211E-11     2.479643E-06     4.167731E-10     1.433625E-10     7.871068E-13     9.436528E-09     2.662670E-08     3.256211E-06
  1.730000     1.842245E-04     1.802859E-06     6.729246E-09     1.902720E-08     7.442065E-12     1.823821E-06     2.857443E-10     9.727309E-11     5.089764E-13     6.667318E-09     1.897115E-08     2.458359E-06
  1.750000     1.370550E-04     1.306851E-06     4.690554E-09     1.337139E-08     4.922431E-12     1.324382E-06     1.938978E-10     6.534034E-11     3.262363E-13     4.658228E-09     1.336218E-08     1.829696E-06
  1.770000     1.005155E-04     9.350843E-07     3.232348E-09     9.287393E-09     3.225955E-12     9.492190E-07     1.301832E-10     4.343797E-11     2.071784E-13     3.217305E-09     9.301226E-09     1.342236E-06
  1.790000     7.265709E-05     6.602759E-07     2.201530E-09     6.373885E-09     2.093993E-12     6.713261E-07     8.645655E-11     2.857134E-11     1.302998E-13     2.196048E-09     6.396764E-09     9.703254E-07
  1.810000     5.175492E-05     4.599881E-07     1.481579E-09     4.321059E-09     1.345795E-12     4.683950E-07     5.677807E-11     1.858845E-11     8.112248E-14     1.480986E-09     4.345308E-09     6.911499E-07
  1.830000     3.632300E-05     3.160942E-07     9.849285E-10     2.892940E-09     8.560910E-13     3.223342E-07     3.686267E-11     1.195888E-11     4.997481E-14     9.865210E-10     2.914803E-09     4.849836E-07
  1.850000     2.511314E-05     2.142118E-07     6.466294E-10     1.912250E-09     5.388300E-13     2.187386E-07     2.365399E-11     7.606070E-12     3.045021E-14     6.489322E-10     1.930278E-09     3.352126E-07
  1.870000     1.710202E-05     1.431334E-07     4.191531E-10     1.247681E-09     3.354516E-13     1.463473E-07     1.499774E-11     4.781285E-12     1.834336E-14     4.214306E-10     1.261684E-09     2.281893E-07
  1.890000     1.146997E-05     9.428189E-08     2.681988E-10     8.033764E-10     2.064966E-13     9.651717E-08     9.393937E-12     2.969885E-12     1.092049E-14     2.701392E-10     8.137764E-10     1.529674E-07
  1.910000     7.575177E-06     6.121095E-08     1.693607E-10     5.103854E-10     1.256499E-13     6.273505E-08     5.811254E-12     1.822406E-12     6.422594E-15     1.708794E-10     5.178351E-10     1.009677E-07
  1.930000     4.925930E-06     3.916267E-08     1.055236E-10     3.198548E-10     7.555143E-14     4.018203E-08     3.549743E-12     1.104499E-12     3.730098E-15     1.066453E-10     3.250293E-10     6.561453E-08
  1.950000     3.153568E-06     2.468827E-08     6.486066E-11     1.976967E-10     4.487691E-14     2.535734E-08     2.140606E-12     6.610085E-13     2.138529E-15     6.565365E-11     2.011942E-10     4.197682E-08
  1.970000     1.987429E-06     1.533281E-08     3.932108E-11     1.204921E-10     2.632545E-14     1.576393E-08     1.274092E-12     3.905545E-13     1.209891E-15     3.986200E-11     1.227981E-10     2.643452E-08
  1.990000     1.232866E-06     9.380083E-09     2.350735E-11     7.240264E-11     1.524679E-14     9.652872E-09     7.483497E-13     2.277736E-13     6.752630E-16     2.386520E-11     7.388851E-11     1.638509E-08
  2.010000     7.527275E-07     5.651846E-09     1.385612E-11     4.288605E-11     8.715901E-15     5.821381E-09     4.336771E-13     1.310961E-13     3.716742E-16     1.408651E-11     4.382286E-11     9.995561E-09
  2.030000     4.522951E-07     3.353674E-09     8.051345E-12     2.503662E-11     4.916594E-15     3.457182E-09     2.479183E-13     7.444944E-14     2.016928E-16     8.196036E-12     2.561513E-11     6.000874E-09
  2.050000     2.674457E-07     1.959522E-09     4.611235E-12     1.440354E-11     2.736063E-15     2.021613E-09     1.397835E-13     4.171023E-14     1.078800E-16     4.700030E-12     1.475371E-11     3.545199E-09
  2.070000     1.556139E-07     1.127282E-09     2.602700E-12     8.164618E-12     1.501739E-15     1.163882E-09     7.772078E-14     2.304941E-14     5.686001E-17     2.656016E-12     8.372500E-12     2.060902E-09
  2.090000     8.909059E-08     6.384477E-10     1.447534E-12     4.559514E-12     8.127769E-16     6.596494E-10     4.260724E-14     1.256155E-14     2.952489E-17     1.478885E-12     4.680604E-12     1.178794E-09
  2.110000     5.018327E-08     3.559498E-10     7.931834E-13     2.508204E-12     4.336744E-16     3.680203E-10     2.302657E-14     6.750328E-15     1.510056E-17     8.112519E-13     2.577438E-12     6.633730E-10
  2.130000     2.781024E-08     1.953373E-10     4.281585E-13     1.358994E-12     2.280784E-16     2.020916E-10     1.226625E-14     3.576353E-15     7.605661E-18     4.383700E-13     1.397861E-12     3.672766E-10
  2.150000     1.516163E-08     1.055065E-10     2.276512E-13     7.251600E-13     1.182087E-16     1.092215E-10     6.439780E-15     1.867788E-15     3.771743E-18     2.333131E-13     7.465882E-13     2.000426E-10
  2.170000     8.131301E-09     5.608391E-11     1.192123E-13     3.810362E-13     6.036454E-17     5.809233E-11     3.331576E-15     9.614501E-16     1.841354E-18     1.222933E-13     3.926405E-13     1.071826E-10
  2.190000     4.289698E-09     2.933801E-11     6.147681E-14     1.971384E-13     3.036745E-17     3.040537E-11     1.698217E-15     4.877318E-16     8.848247E-19     6.312281E-14     2.033121E-13     5.649107E-11
  2.210000     2.226007E-09     1.510175E-11     3.121744E-14     1.004171E-13     1.504736E-17     1.565935E-11     8.528031E-16     2.438011E-16     4.184491E-19     3.208092E-14     1.036443E-13     2.928667E-11
  2.230000     1.136164E-09     7.648931E-12     1.560764E-14     5.035436E-14     7.342994E-18     7.935286E-12     4.218587E-16     1.200710E-16     1.947328E-19     1.605253E-14     5.201203E-14     1.493404E-11
  2.250000     5.703653E-10     3.811755E-12     7.682317E-15     2.485551E-14     3.528476E-18     3.956319E-12     2.055418E-16     5.825573E-17     8.916555E-20     7.907481E-15     2.569228E-14     7.490068E-12
  2.270000     2.816089E-10     1.868855E-12     3.722414E-15     1.207619E-14     1.669345E-18     1.940601E-12     9.862861E-17     2.784126E-17     4.016718E-20     3.834370E-15     1.249130E-14     3.694701E-12
  2.290000     1.367432E-10     9.014252E-13     1.775413E-15     5.774655E-15     7.774947E-19     9.364287E-13     4.660495E-17     1.310518E-17     1.780003E-20     1.830108E-15     5.977057E-15     1.792434E-12
  2.310000     6.530047E-11     4.277258E-13     8.334568E-16     2.717565E-15     3.564450E-19     4.445143E-13     2.168434E-17     6.075153E-18     7.759037E-21     8.597130E-16     2.814565E-15     8.551918E-13
  2.330000     3.066655E-11     1.996468E-13     3.850739E-16     1.258527E-15     1.608369E-19     2.075627E-13     9.933596E-18     2.773254E-18     3.326583E-21     3.974601E-16     1.304220E-15     4.012609E-13
  2.350000     1.416245E-11     9.166449E-14     1.750864E-16     5.735165E-16     7.142239E-20     9.533370E-14     4.479972E-18     1.246522E-18     1.402688E-21     1.808287E-16     5.946735E-16     1.851487E-13
  2.370000     6.431680E-12     4.139649E-14     7.833929E-17     2.571603E-16     3.121039E-20     4.306847E-14     1.988919E-18     5.516329E-19     5.816579E-22     8.095571E-17     2.667899E-16     8.401036E-14
  2.390000     2.872180E-12     1.838791E-14     3.449046E-17     1.134519E-16     1.341972E-20     1.913689E-14     8.691570E-19     2.403276E-19     2.371877E-22     3.566214E-17     1.177603E-16     3.748453E-14
  2.410000     1.261214E-12     8.033245E-15     1.494118E-17     4.924314E-17     5.677178E-21     8.363084E-15     3.738405E-19     1.030684E-19     9.510669E-23     1.545690E-17     5.113802E-17     1.644627E-14
  2.430000     5.445600E-13     3.451630E-15     6.368146E-18     2.102732E-17     2.362843E-21     3.594424E-15     1.582526E-19     4.350937E-20     3.749753E-23     6.591262E-18     2.184655E-17     7.095267E-15
  2.450000     2.311918E-13     1.458537E-15     2.670304E-18     8.832930E-18     9.674322E-22     1.519308E-15     6.592688E-20     1.807771E-20     1.453608E-23     2.765182E-18     9.181111E-18     3.009858E-15
  2.470000     9.650713E-14     6.061169E-16     1.101555E-18     3.649964E-18     3.896386E-22     6.315423E-16     2.702675E-20     7.392264E-21     5.540218E-24     1.141213E-18     3.795433E-18     1.255422E-15
  2.490000     3.960936E-14     2.477013E-16     4.470217E-19     1.483598E-18     1.543595E-22     2.581583E-16     1.090231E-20     2.974788E-21     2.075988E-24     4.633160E-19     1.543344E-18     5.148628E-16
  2.510000     1.598377E-14     9.954523E-17     1.784468E-19     5.931574E-19     6.014654E-23     1.037731E-16     4.327241E-21     1.178017E-21     7.647619E-25     1.850276E-19     6.172795E-19     2.076071E-16
  2.530000     6.341546E-15     3.933879E-17     7.006927E-20     2.332558E-19     2.305003E-23     4.101918E-17     1.689850E-21     4.590268E-22     2.769600E-25     7.268182E-20     2.428298E-19     8.230650E-17
  2.550000     2.473650E-15     1.528688E-17     2.706250E-20     9.021682E-20     8.687507E-24     1.594342E-17     6.492424E-22     1.759910E-22     9.860177E-26     2.808202E-20     9.395229E-20     3.208183E-17
  2.570000     9.486391E-16     5.841211E-18     1.028046E-20     3.431783E-20     3.220046E-24     6.093371E-18     2.453950E-22     6.638735E-23     3.450781E-26     1.067155E-20     3.575056E-20     1.229448E-17
  2.590000     3.576650E-16     2.194640E-18     3.841015E-21     1.283851E-20     1.173692E-24     2.289843E-18     9.124399E-23     2.463768E-23     1.187146E-26     3.988487E-21     1.337871E-20     4.632119E-18
  2.610000     1.325738E-16     8.107559E-19     1.411409E-21     4.723437E-21     4.206821E-25     8.460896E-19     3.337359E-23     8.995234E-24     4.014539E-27     1.466072E-21     4.923661E-21     1.715778E-18
  2.630000     4.831017E-17     2.944925E-19     5.100569E-22     1.708980E-21     1.482676E-25     3.073833E-19     1.200724E-23     3.230746E-24     1.334450E-27     5.299740E-22     1.781933E-21     6.248102E-19
  2.650000     1.730664E-17     1.051736E-19     1.812716E-22     6.080494E-22     5.138259E-26     1.097966E-19     4.249203E-24     1.141435E-24     4.360093E-28     1.884052E-22     6.341786E-22     2.236836E-19
  2.670000     6.095009E-18     3.692998E-20     6.335390E-23     2.127411E-22     1.750851E-26     3.855971E-20     1.479037E-24     3.966792E-25     1.400259E-28     6.586542E-23     2.219409E-22     7.872514E-20
  2.690000     2.110172E-18     1.274922E-20     2.177392E-23     7.319199E-23     5.865879E-27     1.331396E-20     5.063393E-25     1.355968E-25     4.420108E-29     2.264312E-23     7.637606E-23     2.723831E-20
  2.710000     7.181871E-19     4.327251E-21     7.358819E-24     2.476077E-23     1.932215E-27     4.519622E-21     1.704827E-25     4.558947E-26     1.371395E-29     7.654512E-24     2.584407E-23     9.264644E-21
  2.730000     2.402862E-19     1.443968E-21     2.445548E-24     8.236506E-24     6.257555E-28     1.508380E-21     5.645215E-26     1.507539E-26     4.182072E-30     2.544429E-24     8.598802E-24     3.097804E-21
  2.750000     7.902895E-20     4.737108E-22     7.991539E-25     2.693954E-24     1.992371E-28     4.949102E-22     1.838351E-26     4.902825E-27     1.253470E-30     8.316571E-25     2.813060E-24     1.018242E-21
  2.770000     2.555084E-20     1.527819E-22     2.567795E-25     8.663557E-25     6.236519E-29     1.596403E-22     5.887227E-27     1.568135E-27     3.692531E-31     2.672818E-25     9.048459E-25     3.290140E-22
  2.790000     8.120468E-21     4.844262E-23     8.112529E-26     2.739379E-25     1.919159E-29     5.062358E-23     1.854024E-27     4.932484E-28     1.069098E-31     8.446092E-26     2.861647E-25     1.045057E-22
  2.810000     2.536936E-21     1.509989E-23     2.520048E-26     8.516268E-26     5.805875E-30     1.578161E-23     5.741560E-28     1.525738E-28     3.042213E-32     2.624187E-26     8.898054E-26     3.263044E-23
  2.830000     7.790877E-22     4.627058E-24     7.696780E-27     2.603033E-26     1.726649E-30     4.836513E-24     1.748410E-28     4.641023E-29     8.508167E-33     8.016360E-27     2.720216E-26     1.001519E-23
  2.850000     2.351838E-22     1.393847E-24     2.311259E-27     7.822311E-27     5.047917E-31     1.457103E-24     5.235334E-29     1.388209E-29     2.338582E-33     2.407660E-27     8.175860E-27     3.021652E-24
  2.870000     6.978608E-23     4.127614E-25     6.823686E-28     2.311044E-27     1.450724E-31     4.315386E-25     1.541427E-29     4.083119E-30     6.317362E-34     7.109521E-28     2.415894E-27     8.961374E-25
  2.890000     2.035480E-23     1.201577E-25     1.980673E-28     6.712618E-28     4.098402E-32     1.256364E-25     4.462408E-30     1.180903E-30     1.677189E-34     2.063979E-28     7.018264E-28     2.612437E-25
  2.910000     5.835764E-24     3.438488E-26     5.652262E-29     1.916811E-28     1.138139E-32     3.595614E-26     1.270205E-30     3.358235E-31     4.376110E-35     5.890914E-29     2.004389E-28     7.486081E-26
  2.930000     1.644591E-24     9.672579E-27     1.585771E-29     5.381007E-29     3.106850E-33     1.011550E-26     3.554898E-31     9.390152E-32     1.122151E-35     1.652972E-29     5.627671E-29     2.108613E-26
  2.950000     4.555588E-25     2.674676E-27     4.373816E-30     1.485042E-29     8.336508E-34     2.797397E-27     9.781852E-32     2.581602E-32     2.827926E-36     4.559816E-30     1.553328E-29     5.838073E-27
  2.970000     1.240377E-25     7.270259E-28     1.185976E-30     4.029011E-30     2.198776E-34     7.604470E-28     2.646350E-32     6.978339E-33     7.003839E-37     1.236578E-30     4.214829E-30     1.588799E-27
  2.990000     3.319575E-26     1.942558E-28     3.161405E-31     1.074576E-30     5.700405E-35     2.032018E-28     7.038785E-33     1.854608E-33     1.704720E-37     3.296717E-31     1.124276E-30     4.250033E-28
  3.010000     8.732285E-27     5.101988E-29     8.284521E-32     2.817403E-31     1.452624E-35     5.337354E-29     1.840623E-33     4.845979E-34     4.077711E-38     8.640171E-32     2.948064E-31     1.117470E-28
  3.030000     2.257808E-27     1.317172E-29     2.134184E-32     7.261542E-32     3.638470E-36     1.378036E-29     4.731967E-34     1.244893E-34     9.585703E-39     2.226064E-32     7.599177E-32     2.888001E-29
  3.050000     5.737952E-28     3.342558E-30     5.404656E-33     1.839804E-32     8.957729E-37     3.497253E-30     1.195972E-34     3.144099E-35     2.214489E-39     5.637965E-33     1.925559E-32     7.336233E-30
  3.070000     1.433293E-28     8.337683E-31     1.345459E-33     4.582181E-33     2.167636E-37     8.724132E-31     2.971642E-35     7.806688E-36     5.027630E-40     1.403690E-33     4.796263E-33     1.831727E-30
  3.090000     3.518993E-29     2.044270E-31     3.292565E-34     1.121827E-33     5.155609E-38     2.139156E-31     7.258745E-36     1.905623E-36     1.121738E-40     3.435413E-34     1.174357E-33     4.495285E-31
  3.110000     8.491896E-30     4.926679E-32     7.920535E-35     2.699780E-34     1.205244E-38     5.155665E-32     1.743051E-36     4.572986E-37     2.459552E-41     8.264966E-35     2.826470E-34     1.084327E-31
  3.130000     2.014148E-30     1.167051E-32     1.872951E-35     6.386676E-35     2.769285E-39     1.221365E-32     4.114683E-37     1.078821E-37     5.299750E-42     1.954577E-35     6.686992E-35     2.570791E-32
  3.150000     4.695435E-31     2.717328E-33     4.353566E-36     1.485120E-35     6.253953E-40     2.843947E-33     9.548490E-38     2.501953E-38     1.122246E-42     4.543701E-36     1.555090E-35     5.990662E-33
  3.170000     1.075861E-31     6.218817E-34     9.947335E-37     3.394564E-36     1.388137E-40     6.508936E-34     2.178210E-38     5.704053E-39     2.335354E-43     1.038264E-36     3.554795E-36     1.372087E-33
  3.190000     2.422867E-32     1.398891E-34     2.234122E-37     7.626733E-37     3.028292E-41     1.464226E-34     4.884569E-39     1.278371E-39     4.775819E-44     2.332074E-37     7.987374E-37     3.088766E-34
  3.210000     5.362832E-33     3.092914E-35     4.932209E-38     1.684307E-37     6.493037E-42     3.237522E-35     1.076736E-39     2.816398E-40     9.597807E-45     5.148845E-38     1.764088E-37     6.834121E-35
  3.230000     1.166670E-33     6.721352E-36     1.070303E-38     3.656190E-38     1.368295E-42     7.035927E-36     2.333159E-40     6.099435E-41     1.895501E-45     1.117394E-38     3.829655E-38     1.486183E-35
  3.250000     2.494529E-34     1.435647E-36     2.282962E-39     7.801127E-39     2.833939E-43     1.502904E-36     4.969656E-41     1.298490E-41     3.678771E-46     2.383572E-39     8.171822E-39     3.176523E-36
  3.270000     5.242205E-35     3.013966E-37     4.786456E-40     1.636077E-39     5.768696E-44     3.155296E-37     1.040522E-41     2.717294E-42     7.016280E-47     4.997719E-40     1.713936E-39     6.672975E-37
  3.290000     1.082736E-35     6.219079E-38     9.863909E-41     3.372597E-40     1.154087E-44     6.510962E-38     2.141483E-42     5.589577E-43     1.315030E-47     1.029992E-40     3.533323E-40     1.377758E-37
