      0.00000  -2.8009E+13  -1.6748E+13  -6.8063E+12  -8.2296E+12  -1.7949E+12  -1.4086E+13  -3.7493E+12  -3.0874E+12  -8.6317E+11  -5.5284E+12  -6.7312E+12
      0.00000  -2.8009E+13  -1.6748E+13  -6.8063E+12  -8.2296E+12  -1.7949E+12  -1.4086E+13  -3.7493E+12  -3.0874E+12  -8.6317E+11  -5.5284E+12  -6.7312E+12
      0.00000  -2.8009E+13  -1.6748E+13  -6.8063E+12  -8.2296E+12  -1.7949E+12  -1.4086E+13  -3.7493E+12  -3.0874E+12  -8.6317E+11  -5.5284E+12  -6.7312E+12
      0.00000  -2.8009E+13  -1.6748E+13  -6.8063E+12  -8.2296E+12  -1.7949E+12  -1.4086E+13  -3.7493E+12  -3.0874E+12  -8.6317E+11  -5.5284E+12  -6.7312E+12
      0.00000  -2.8009E+13  -1.6748E+13  -6.8063E+12  -8.2296E+12  -1.7949E+12  -1.4086E+13  -3.7493E+12  -3.0874E+12  -8.6317E+11  -5.5284E+12  -6.7312E+12
      0.00588   2.3497E+12   4.0564E+12   3.4622E+12   3.7744E+12   1.3901E+12   3.6977E+12   2.4199E+12   2.1133E+12   7.4565E+11   2.9407E+12   3.2475E+12
      0.01765   2.3022E+12   4.0350E+12   3.4749E+12   3.7827E+12   1.4050E+12   3.6845E+12   2.4379E+12   2.1311E+12   7.5545E+11   2.9546E+12   3.2584E+12
      0.02941   2.1961E+12   3.9865E+12   3.5014E+12   3.7994E+12   1.4379E+12   3.6543E+12   2.4767E+12   2.1698E+12   7.7717E+11   2.9842E+12   3.2813E+12
      0.04118   1.9984E+12   3.8930E+12   3.5446E+12   3.8239E+12   1.4973E+12   3.5950E+12   2.5448E+12   2.2384E+12   8.1713E+11   3.0344E+12   3.3186E+12
      0.05294   1.5834E+12   3.6861E+12   3.6115E+12   3.8512E+12   1.6143E+12   3.4596E+12   2.6708E+12   2.3681E+12   8.9857E+11   3.1207E+12   3.3767E+12
      0.06196   8.5157E+11   3.2867E+12   3.6556E+12   3.8252E+12   1.7893E+12   3.1868E+12   2.8354E+12   2.5460E+12   1.0295E+12   3.2134E+12   3.4178E+12
      0.06823   1.0118E+12   3.3607E+12   3.6361E+12   3.8200E+12   1.7412E+12   3.2366E+12   2.7902E+12   2.4974E+12   9.9328E+11   3.1867E+12   3.4018E+12
      0.07451   1.2078E+12   3.4500E+12   3.6070E+12   3.8087E+12   1.6785E+12   3.2962E+12   2.7296E+12   2.4330E+12   9.4697E+11   3.1500E+12   3.3783E+12
      0.08078   1.4582E+12   3.5618E+12   3.5611E+12   3.7862E+12   1.5921E+12   3.3702E+12   2.6437E+12   2.3424E+12   8.8437E+11   3.0967E+12   3.3422E+12
      0.08706   1.8220E+12   3.7195E+12   3.4761E+12   3.7365E+12   1.4524E+12   3.4738E+12   2.5004E+12   2.1930E+12   7.8561E+11   3.0057E+12   3.2770E+12
      0.09333   2.3314E+12   3.9305E+12   3.3238E+12   3.6356E+12   1.2336E+12   3.6102E+12   2.2676E+12   1.9529E+12   6.3537E+11   2.8540E+12   3.1624E+12
      0.09961   2.4587E+12   3.9804E+12   3.2928E+12   3.6156E+12   1.1950E+12   3.6412E+12   2.2219E+12   1.9072E+12   6.1049E+11   2.8205E+12   3.1367E+12
      0.10588   2.6111E+12   4.0388E+12   3.2517E+12   3.5878E+12   1.1469E+12   3.6774E+12   2.1640E+12   1.8497E+12   5.7979E+11   2.7775E+12   3.1030E+12
      0.11216   2.8021E+12   4.1102E+12   3.1941E+12   3.5469E+12   1.0835E+12   3.7210E+12   2.0864E+12   1.7728E+12   5.3981E+11   2.7193E+12   3.0564E+12
      0.11843   3.0761E+12   4.2092E+12   3.0995E+12   3.4767E+12   9.8590E+11   3.7809E+12   1.9649E+12   1.6532E+12   4.7926E+11   2.6275E+12   2.9813E+12
      0.12471   3.4554E+12   4.3374E+12   2.9455E+12   3.3563E+12   8.3959E+11   3.8566E+12   1.7779E+12   1.4707E+12   3.9036E+11   2.4840E+12   2.8608E+12
      0.13098   3.5406E+12   4.3594E+12   2.9078E+12   3.3250E+12   8.1170E+11   3.8673E+12   1.7373E+12   1.4326E+12   3.7466E+11   2.4484E+12   2.8292E+12
      0.13725   3.6411E+12   4.3849E+12   2.8619E+12   3.2865E+12   7.7829E+11   3.8796E+12   1.6884E+12   1.3868E+12   3.5593E+11   2.4055E+12   2.7910E+12
      0.14353   3.7654E+12   4.4161E+12   2.8032E+12   3.2368E+12   7.3621E+11   3.8947E+12   1.6267E+12   1.3290E+12   3.3246E+11   2.3514E+12   2.7427E+12
      0.14980   3.9413E+12   4.4607E+12   2.7177E+12   3.1642E+12   6.7542E+11   3.9169E+12   1.5375E+12   1.2455E+12   2.9869E+11   2.2740E+12   2.6735E+12
      0.15608   4.1818E+12   4.5194E+12   2.5936E+12   3.0572E+12   5.8944E+11   3.9459E+12   1.4104E+12   1.1266E+12   2.5137E+11   2.1639E+12   2.5742E+12
      0.16235   4.2355E+12   4.5194E+12   2.5504E+12   3.0167E+12   5.6801E+11   3.9405E+12   1.3731E+12   1.0935E+12   2.4062E+11   2.1258E+12   2.5372E+12
      0.16863   4.2986E+12   4.5197E+12   2.4997E+12   2.9689E+12   5.4293E+11   3.9343E+12   1.3296E+12   1.0547E+12   2.2808E+11   2.0813E+12   2.4940E+12
      0.17490   4.3766E+12   4.5208E+12   2.4378E+12   2.9105E+12   5.1226E+11   3.9277E+12   1.2764E+12   1.0074E+12   2.1274E+11   2.0273E+12   2.4416E+12
      0.18118   4.4878E+12   4.5256E+12   2.3531E+12   2.8308E+12   4.6965E+11   3.9217E+12   1.2032E+12   9.4204E+11   1.9137E+11   1.9542E+12   2.3709E+12
      0.18745   4.6399E+12   4.5334E+12   2.2372E+12   2.7217E+12   4.1155E+11   3.9151E+12   1.1035E+12   8.5295E+11   1.6231E+11   1.8554E+12   2.2752E+12
      0.19373   4.6649E+12   4.5122E+12   2.1885E+12   2.6718E+12   3.9459E+11   3.8938E+12   1.0687E+12   8.2351E+11   1.5469E+11   1.8141E+12   2.2322E+12
      0.20000   4.6932E+12   4.4872E+12   2.1321E+12   2.6138E+12   3.7501E+11   3.8689E+12   1.0285E+12   7.8952E+11   1.4589E+11   1.7665E+12   2.1825E+12
      0.20627   4.7265E+12   4.4563E+12   2.0638E+12   2.5435E+12   3.5136E+11   3.8387E+12   9.8009E+11   7.4856E+11   1.3526E+11   1.7093E+12   2.1227E+12
      0.21255   4.7693E+12   4.4134E+12   1.9710E+12   2.4477E+12   3.1899E+11   3.7975E+12   9.1426E+11   6.9274E+11   1.2064E+11   1.6321E+12   2.0419E+12
      0.21882   4.8236E+12   4.3546E+12   1.8466E+12   2.3188E+12   2.7577E+11   3.7420E+12   8.2647E+11   6.1831E+11   1.0114E+11   1.5295E+12   1.9342E+12
      0.22510   4.8519E+12   4.3342E+12   1.8033E+12   2.2728E+12   2.6400E+11   3.7214E+12   7.9896E+11   5.9593E+11   9.6265E+10   1.4929E+12   1.8948E+12
      0.23137   4.8853E+12   4.3109E+12   1.7537E+12   2.2201E+12   2.5053E+11   3.6980E+12   7.6752E+11   5.7034E+11   9.0669E+10   1.4512E+12   1.8497E+12
      0.23764   4.9267E+12   4.2835E+12   1.6947E+12   2.1573E+12   2.3441E+11   3.6706E+12   7.3012E+11   5.3985E+11   8.3959E+10   1.4018E+12   1.7963E+12
      0.24391   4.9861E+12   4.2495E+12   1.6168E+12   2.0744E+12   2.1264E+11   3.6363E+12   6.8024E+11   4.9904E+11   7.4834E+10   1.3368E+12   1.7262E+12
      0.25019   5.0675E+12   4.2056E+12   1.5139E+12   1.9650E+12   1.8375E+11   3.5923E+12   6.1441E+11   4.4510E+11   6.2704E+10   1.2517E+12   1.6344E+12
      0.25647   5.0797E+12   4.1703E+12   1.4700E+12   1.9153E+12   1.7496E+11   3.5607E+12   5.9056E+11   4.2656E+11   5.9385E+10   1.2153E+12   1.5929E+12
      0.26275   5.0939E+12   4.1294E+12   1.4200E+12   1.8586E+12   1.6495E+11   3.5242E+12   5.6349E+11   4.0550E+11   5.5601E+10   1.1741E+12   1.5456E+12
      0.26902   5.1103E+12   4.0800E+12   1.3608E+12   1.7913E+12   1.5306E+11   3.4805E+12   5.3149E+11   3.8056E+11   5.1089E+10   1.1254E+12   1.4898E+12
      0.27530   5.1300E+12   4.0133E+12   1.2827E+12   1.7024E+12   1.3709E+11   3.4221E+12   4.8899E+11   3.4735E+11   4.4987E+10   1.0614E+12   1.4165E+12
      0.28158   5.1537E+12   3.9238E+12   1.1806E+12   1.5860E+12   1.1616E+11   3.3446E+12   4.3361E+11   3.0402E+11   3.6966E+10   9.7835E+11   1.3210E+12
      0.28785   5.1785E+12   3.8892E+12   1.1423E+12   1.5407E+12   1.1029E+11   3.3135E+12   4.1537E+11   2.9042E+11   3.4923E+10   9.4661E+11   1.2831E+12
      0.29412   5.2080E+12   3.8492E+12   1.0988E+12   1.4891E+12   1.0363E+11   3.2778E+12   3.9474E+11   2.7501E+11   3.2599E+10   9.1070E+11   1.2402E+12
      0.30040   5.2436E+12   3.8006E+12   1.0475E+12   1.4280E+12   9.5721E+10   3.2348E+12   3.7038E+11   2.5680E+11   2.9833E+10   8.6843E+11   1.1895E+12
      0.30667   5.2871E+12   3.7335E+12   9.7967E+11   1.3472E+12   8.5114E+10   3.1760E+12   3.3807E+11   2.3258E+11   2.6095E+10   8.1281E+11   1.1228E+12
      0.31294   5.3419E+12   3.6417E+12   8.9119E+11   1.2414E+12   7.1240E+10   3.0967E+12   2.9604E+11   2.0102E+11   2.1187E+10   7.4060E+11   1.0360E+12
      0.31922   5.4175E+12   3.6187E+12   8.5966E+11   1.2026E+12   6.7467E+10   3.0752E+12   2.8274E+11   1.9147E+11   1.9971E+10   7.1443E+11   1.0035E+12
      0.32549   5.5203E+12   3.5966E+12   8.2426E+11   1.1591E+12   6.3200E+10   3.0542E+12   2.6776E+11   1.8070E+11   1.8593E+10   6.8511E+11   9.6717E+11
      0.33176   5.6726E+12   3.5789E+12   7.8311E+11   1.1086E+12   5.8167E+10   3.0366E+12   2.5023E+11   1.6807E+11   1.6960E+10   6.5111E+11   9.2521E+11
      0.33804   5.9496E+12   3.5791E+12   7.3028E+11   1.0445E+12   5.1476E+10   3.0333E+12   2.2732E+11   1.5148E+11   1.4769E+10   6.0766E+11   8.7216E+11
      0.34431   6.3403E+12   3.5844E+12   6.6187E+11   9.6120E+11   4.2778E+10   3.0342E+12   1.9771E+11   1.3000E+11   1.1910E+10   5.5165E+11   8.0361E+11
      0.35059   6.1327E+12   3.4509E+12   6.2984E+11   9.1671E+11   4.0183E+10   2.9215E+12   1.8697E+11   1.2269E+11   1.1141E+10   5.2511E+11   7.6664E+11
      0.35686   5.8660E+12   3.2938E+12   5.9359E+11   8.6626E+11   3.7232E+10   2.7894E+12   1.7480E+11   1.1440E+11   1.0266E+10   4.9512E+11   7.2478E+11
      0.36313   5.4940E+12   3.0984E+12   5.5075E+11   8.0652E+11   3.3721E+10   2.6257E+12   1.6041E+11   1.0457E+11   9.2200E+09   4.5976E+11   6.7532E+11
      0.36941   4.8547E+12   2.8161E+12   4.9363E+11   7.2660E+11   2.8969E+10   2.3907E+12   1.4116E+11   9.1392E+10   7.7956E+09   4.1274E+11   6.0939E+11
      0.37568   3.7415E+12   2.4175E+12   4.1907E+11   6.2187E+11   2.2728E+10   2.0605E+12   1.1605E+11   7.4167E+10   5.9166E+09   3.5153E+11   5.2323E+11
      0.38196   3.7089E+12   2.3530E+12   3.9739E+11   5.9166E+11   2.1248E+10   2.0050E+12   1.0921E+11   6.9649E+10   5.5102E+09   3.3341E+11   4.9788E+11
      0.38824   3.6711E+12   2.2773E+12   3.7278E+11   5.5729E+11   1.9562E+10   1.9400E+12   1.0145E+11   6.4522E+10   5.0469E+09   3.1287E+11   4.6910E+11
      0.39452   3.6254E+12   2.1844E+12   3.4362E+11   5.1650E+11   1.7554E+10   1.8606E+12   9.2250E+10   5.8433E+10   4.4927E+09   2.8857E+11   4.3500E+11
      0.40079   3.5638E+12   2.0557E+12   3.0461E+11   4.6190E+11   1.4826E+10   1.7514E+12   7.9888E+10   5.0226E+10   3.7354E+09   2.5617E+11   3.8951E+11
      0.40707   3.4798E+12   1.8778E+12   2.5352E+11   3.9015E+11   1.1236E+10   1.6013E+12   6.3709E+10   3.9470E+10   2.7353E+09   2.1382E+11   3.2989E+11
      0.41334   3.4404E+12   1.8093E+12   2.3807E+11   3.6748E+11   1.0416E+10   1.5427E+12   5.9419E+10   3.6742E+10   2.5268E+09   2.0084E+11   3.1079E+11
      0.41962   3.3935E+12   1.7286E+12   2.2043E+11   3.4154E+11   9.4773E+09   1.4738E+12   5.4521E+10   3.3626E+10   2.2877E+09   1.8604E+11   2.8896E+11
      0.42589   3.3344E+12   1.6284E+12   1.9930E+11   3.1042E+11   8.3476E+09   1.3886E+12   4.8651E+10   2.9886E+10   1.9993E+09   1.6833E+11   2.6283E+11
      0.43216   3.2490E+12   1.4860E+12   1.7040E+11   2.6783E+11   6.7839E+09   1.2680E+12   4.0594E+10   2.4741E+10   1.5982E+09   1.4416E+11   2.2713E+11
      0.43844   3.1230E+12   1.2850E+12   1.3201E+11   2.1107E+11   4.7011E+09   1.0988E+12   2.9907E+10   1.7911E+10   1.0625E+09   1.1212E+11   1.7966E+11
      0.44471   3.0800E+12   1.2276E+12   1.2343E+11   1.9783E+11   4.3469E+09   1.0498E+12   2.7803E+10   1.6622E+10   9.7932E+08   1.0486E+11   1.6843E+11
      0.45098   3.0283E+12   1.1607E+12   1.1365E+11   1.8272E+11   3.9416E+09   9.9287E+11   2.5402E+10   1.5152E+10   8.8419E+08   9.6593E+10   1.5564E+11
      0.45726   2.9622E+12   1.0789E+12   1.0196E+11   1.6467E+11   3.4546E+09   9.2333E+11   2.2528E+10   1.3390E+10   7.6920E+08   8.6727E+10   1.4037E+11
      0.46353   2.8643E+12   9.6447E+11   8.6024E+10   1.4006E+11   2.7811E+09   8.2644E+11   1.8588E+10   1.0967E+10   6.0978E+08   7.3297E+10   1.1960E+11
      0.46980   2.7158E+12   8.0659E+11   6.4942E+10   1.0746E+11   1.8847E+09   6.9322E+11   1.3370E+10   7.7552E+09   3.9695E+08   5.5559E+10   9.2123E+10
      0.47608   2.6659E+12   7.6239E+11   6.0243E+10   9.9898E+10   1.7302E+09   6.5545E+11   1.2337E+10   7.1443E+09   3.6340E+08   5.1555E+10   8.5671E+10
      0.48235   2.6046E+12   7.1096E+11   5.4858E+10   9.1234E+10   1.5525E+09   6.1157E+11   1.1152E+10   6.4433E+09   3.2461E+08   4.6970E+10   7.8282E+10
      0.48862   2.5242E+12   6.4790E+11   4.8364E+10   8.0783E+10   1.3370E+09   5.5785E+11   9.7191E+09   5.5952E+09   2.7755E+08   4.1447E+10   6.9379E+10
      0.49490   2.3994E+12   5.5868E+11   3.9340E+10   6.6269E+10   1.0343E+09   4.8202E+11   7.7199E+09   4.4095E+09   2.1116E+08   3.3783E+10   5.7032E+10
      0.50117   2.2010E+12   4.3553E+11   2.7276E+10   4.6848E+10   6.2764E+08   3.7759E+11   5.0437E+09   2.8205E+09   1.2199E+08   2.3547E+10   4.0531E+10
      0.50744   2.1532E+12   4.1120E+11   2.5340E+10   4.3614E+10   5.7679E+08   3.5672E+11   4.6599E+09   2.6015E+09   1.1173E+08   2.1884E+10   3.7750E+10
      0.51372   2.0955E+12   3.8321E+11   2.3123E+10   3.9915E+10   5.1811E+08   3.3271E+11   4.2197E+09   2.3501E+09   9.9943E+07   1.9982E+10   3.4570E+10
      0.51999   2.0214E+12   3.4928E+11   2.0453E+10   3.5460E+10   4.4710E+08   3.0366E+11   3.6879E+09   2.0460E+09   8.5610E+07   1.7693E+10   3.0745E+10
      0.52626   1.9099E+12   3.0190E+11   1.6743E+10   2.9276E+10   3.4733E+08   2.6316E+11   2.9453E+09   1.6205E+09   6.5299E+07   1.4516E+10   2.5442E+10
      0.53254   1.7417E+12   2.3779E+11   1.1789E+10   2.1022E+10   2.1313E+08   2.0843E+11   1.9511E+09   1.0502E+09   3.8139E+07   1.0278E+10   1.8372E+10
      0.53882   1.7061E+12   2.2622E+11   1.1041E+10   1.9734E+10   1.9708E+08   1.9844E+11   1.8159E+09   9.7541E+08   3.5103E+07   9.6310E+09   1.7255E+10
      0.54510   1.6646E+12   2.1308E+11   1.0191E+10   1.8271E+10   1.7882E+08   1.8711E+11   1.6617E+09   8.9026E+08   3.1643E+07   8.8957E+09   1.5988E+10
      0.55137   1.6135E+12   1.9742E+11   9.1746E+09   1.6524E+10   1.5665E+08   1.7363E+11   1.4768E+09   7.8774E+08   2.7501E+07   8.0181E+09   1.4478E+10
      0.55765   1.5411E+12   1.7610E+11   7.7821E+09   1.4136E+10   1.2583E+08   1.5529E+11   1.2214E+09   6.4606E+08   2.1708E+07   6.8169E+09   1.2415E+10
      0.56393   1.4399E+12   1.4790E+11   5.9406E+09   1.0982E+10   8.4778E+07   1.3108E+11   8.8233E+08   4.5743E+08   1.3964E+07   5.2304E+09   9.6933E+09
      0.57020   1.4156E+12   1.4189E+11   5.6097E+09   1.0396E+10   7.8901E+07   1.2586E+11   8.2751E+08   4.2809E+08   1.2878E+07   4.9418E+09   9.1816E+09
      0.57647   1.3881E+12   1.3516E+11   5.2371E+09   9.7371E+09   7.2360E+07   1.2002E+11   7.6540E+08   3.9475E+08   1.1803E+07   4.6173E+09   8.6070E+09
      0.58275   1.3557E+12   1.2732E+11   4.7985E+09   8.9631E+09   6.4349E+07   1.1323E+11   6.9189E+08   3.5527E+08   1.0429E+07   4.2356E+09   7.9331E+09
      0.58902   1.3127E+12   1.1704E+11   4.2130E+09   7.9336E+09   5.3617E+07   1.0435E+11   5.9279E+08   3.0181E+08   8.4703E+06   3.7272E+09   7.0379E+09
      0.59529   1.2563E+12   1.0383E+11   3.4522E+09   6.5993E+09   3.9329E+07   9.2956E+10   4.6295E+08   2.3164E+08   5.9868E+06   3.0675E+09   5.8795E+09
      0.60157   1.2362E+12   9.9744E+10   3.2602E+09   6.2494E+09   3.6641E+07   8.9380E+10   4.3387E+08   2.1651E+08   5.5548E+06   2.8987E+09   5.5717E+09
      0.60784   1.2134E+12   9.5167E+10   3.0438E+09   5.8556E+09   3.3436E+07   8.5383E+10   4.0100E+08   1.9949E+08   5.0415E+06   2.7088E+09   5.2257E+09
      0.61412   1.1866E+12   8.9823E+10   2.7885E+09   5.3919E+09   2.9733E+07   8.0723E+10   3.6195E+08   1.7919E+08   4.4215E+06   2.4849E+09   4.8186E+09
      0.62039   1.1511E+12   8.2782E+10   2.4459E+09   4.7716E+09   2.4586E+07   7.4597E+10   3.0903E+08   1.5155E+08   3.6033E+06   2.1850E+09   4.2752E+09
      0.62666   1.1047E+12   7.3709E+10   1.9992E+09   3.9653E+09   1.7772E+07   6.6715E+10   2.3947E+08   1.1519E+08   2.4530E+06   1.7946E+09   3.5695E+09
      0.63294   1.0900E+12   7.1144E+10   1.8955E+09   3.7708E+09   1.6561E+07   6.4458E+10   2.2512E+08   1.0803E+08   2.2836E+06   1.7028E+09   3.3971E+09
      0.63921   1.0737E+12   6.8297E+10   1.7791E+09   3.5529E+09   1.5218E+07   6.1957E+10   2.0909E+08   9.9892E+07   2.1117E+06   1.5998E+09   3.2041E+09
      0.64548   1.0550E+12   6.5008E+10   1.6426E+09   3.2977E+09   1.3542E+07   5.9072E+10   1.8996E+08   9.0284E+07   1.8321E+06   1.4792E+09   2.9785E+09
      0.65176   1.0311E+12   6.0752E+10   1.4611E+09   2.9603E+09   1.1354E+07   5.5350E+10   1.6421E+08   7.7256E+07   1.5120E+06   1.3191E+09   2.6807E+09
      0.65803   1.0008E+12   5.5342E+10   1.2258E+09   2.5246E+09   8.4331E+06   5.0628E+10   1.3066E+08   6.0253E+07   1.0342E+06   1.1121E+09   2.2969E+09
      0.66431   9.8922E+11   5.3593E+10   1.1661E+09   2.4089E+09   7.8401E+06   4.9077E+10   1.2320E+08   5.6743E+07   9.8595E+05   1.0587E+09   2.1933E+09
      0.67059   9.7663E+11   5.1667E+10   1.0995E+09   2.2799E+09   7.1693E+06   4.7372E+10   1.1489E+08   5.2694E+07   9.0548E+05   9.9914E+08   2.0781E+09
      0.67687   9.6247E+11   4.9467E+10   1.0217E+09   2.1302E+09   6.4578E+06   4.5428E+10   1.0512E+08   4.7896E+07   7.9791E+05   9.2989E+08   1.9445E+09
      0.68314   9.4501E+11   4.6675E+10   9.1987E+08   1.9347E+09   5.5057E+06   4.2969E+10   9.1976E+07   4.1516E+07   6.6831E+05   8.3914E+08   1.7705E+09
      0.68942   9.2358E+11   4.3180E+10   7.8898E+08   1.6848E+09   4.2098E+06   3.9899E+10   7.5084E+07   3.3258E+07   4.7942E+05   7.2291E+08   1.5485E+09
      0.69569   9.1392E+11   4.1889E+10   7.5155E+08   1.6100E+09   3.9252E+06   3.8746E+10   7.0832E+07   3.1310E+07   4.4130E+05   6.8925E+08   1.4809E+09
      0.70197   9.0362E+11   4.0480E+10   7.1000E+08   1.5270E+09   3.6304E+06   3.7489E+10   6.6174E+07   2.9148E+07   4.1251E+05   6.5180E+08   1.4061E+09
      0.70824   8.9242E+11   3.8893E+10   6.6186E+08   1.4314E+09   3.3051E+06   3.6078E+10   6.0727E+07   2.6541E+07   3.8540E+05   6.0853E+08   1.3201E+09
      0.71451   8.7954E+11   3.6934E+10   5.9938E+08   1.3081E+09   2.7579E+06   3.4344E+10   5.3448E+07   2.3148E+07   3.1001E+05   5.5253E+08   1.2095E+09
      0.72079   8.6468E+11   3.4532E+10   5.1984E+08   1.1521E+09   2.1303E+06   3.2226E+10   4.4013E+07   1.8706E+07   2.3548E+05   4.8137E+08   1.0699E+09
      0.72706   8.5472E+11   3.3449E+10   4.9459E+08   1.0994E+09   2.0058E+06   3.1246E+10   4.1486E+07   1.7621E+07   2.0583E+05   4.5830E+08   1.0218E+09
      0.73333   8.4408E+11   3.2267E+10   4.6649E+08   1.0410E+09   1.8237E+06   3.0180E+10   3.8706E+07   1.6352E+07   1.8804E+05   4.3269E+08   9.6855E+08
      0.73961   8.3252E+11   3.0938E+10   4.3398E+08   9.7383E+08   1.6263E+06   2.8985E+10   3.5459E+07   1.4862E+07   1.7703E+05   4.0318E+08   9.0744E+08
      0.74588   8.1923E+11   2.9302E+10   3.9195E+08   8.8752E+08   1.4086E+06   2.7519E+10   3.1102E+07   1.2950E+07   1.4145E+05   3.6504E+08   8.2913E+08
      0.75215   8.0390E+11   2.7301E+10   3.3855E+08   7.7849E+08   1.0749E+06   2.5734E+10   2.5511E+07   1.0430E+07   1.0419E+05   3.1671E+08   7.3044E+08
      0.75843   7.9349E+11   2.6374E+10   3.2098E+08   7.4047E+08   9.9018E+05   2.4887E+10   2.3962E+07   9.7510E+06   9.0633E+04   3.0050E+08   6.9534E+08
      0.76470   7.8236E+11   2.5362E+10   3.0140E+08   6.9817E+08   8.9701E+05   2.3964E+10   2.2270E+07   9.0082E+06   8.7244E+04   2.8250E+08   6.5641E+08
      0.77097   7.7023E+11   2.4219E+10   2.7866E+08   6.4933E+08   8.0553E+05   2.2924E+10   2.0220E+07   8.1578E+06   6.8610E+04   2.6163E+08   6.1146E+08
      0.77725   7.5625E+11   2.2802E+10   2.4904E+08   5.8611E+08   6.9287E+05   2.1642E+10   1.7494E+07   6.9558E+06   5.9292E+04   2.3445E+08   5.5346E+08
      0.78352   7.4008E+11   2.1060E+10   2.1112E+08   5.0570E+08   4.9721E+05   2.0071E+10   1.4011E+07   5.4447E+06   4.4893E+04   1.9982E+08   4.7994E+08
      0.78980   7.2917E+11   2.0286E+10   1.9949E+08   4.7933E+08   4.7942E+05   1.9355E+10   1.3108E+07   5.0763E+06   4.4893E+04   1.8895E+08   4.5534E+08
      0.79608   7.1747E+11   1.9439E+10   1.8645E+08   4.4998E+08   4.1589E+05   1.8573E+10   1.2095E+07   4.6799E+06   4.4893E+04   1.7680E+08   4.2798E+08
      0.80236   7.0470E+11   1.8478E+10   1.7125E+08   4.1590E+08   3.7862E+05   1.7688E+10   1.0919E+07   4.1818E+06   2.9646E+04   1.6268E+08   3.9622E+08
      0.80863   6.8993E+11   1.7278E+10   1.5127E+08   3.7134E+08   3.0578E+05   1.6588E+10   9.3106E+06   3.5228E+06   2.0329E+04   1.4412E+08   3.5492E+08
      0.81491   6.7279E+11   1.5793E+10   1.2555E+08   3.1439E+08   2.1769E+05   1.5234E+10   7.2421E+06   2.6919E+06   2.4564E+04   1.2032E+08   3.0218E+08
      0.82118   6.6135E+11   1.5171E+10   1.1833E+08   2.9732E+08   1.9990E+05   1.4650E+10   6.7703E+06   2.4793E+06   1.7788E+04   1.1351E+08   2.8602E+08
      0.82746   6.4908E+11   1.4490E+10   1.1026E+08   2.7824E+08   1.7788E+05   1.4012E+10   6.2240E+06   2.2785E+06   1.7788E+04   1.0590E+08   2.6799E+08
      0.83373   6.3567E+11   1.3719E+10   1.0089E+08   2.5616E+08   1.5670E+05   1.3291E+10   5.5930E+06   2.0405E+06   1.0164E+04   9.7057E+07   2.4715E+08
      0.84000   6.2018E+11   1.2757E+10   8.8588E+07   2.2733E+08   1.3214E+05   1.2398E+10   4.7663E+06   1.7339E+06   5.9292E+03   8.5455E+07   2.2002E+08
      0.84628   6.0221E+11   1.1570E+10   7.2744E+07   1.9055E+08   9.2327E+04   1.1299E+10   3.6473E+06   1.2773E+06   4.2352E+03   7.0601E+07   1.8547E+08
      0.85255   5.8991E+11   1.1058E+10   6.8161E+07   1.7914E+08   8.6397E+04   1.0812E+10   3.3568E+06   1.1782E+06   5.0822E+03   6.6224E+07   1.7454E+08
      0.85882   5.7667E+11   1.0496E+10   6.3034E+07   1.6641E+08   8.3009E+04   1.0277E+10   3.0900E+06   1.0800E+06   4.2352E+03   6.1314E+07   1.6235E+08
      0.86510   5.6213E+11   9.8551E+09   5.7060E+07   1.5154E+08   7.3692E+04   9.6706E+09   2.7317E+06   9.4529E+05   2.1176E+03   5.5564E+07   1.4811E+08
      0.87137   5.4525E+11   9.0495E+09   4.9048E+07   1.3196E+08   5.1669E+04   8.9113E+09   2.2556E+06   7.7334E+05   5.9292E+03   4.7968E+07   1.2946E+08
      0.87765   5.2557E+11   8.0477E+09   3.8742E+07   1.0678E+08   3.5575E+04   7.9709E+09   1.6339E+06   5.5565E+05   0.0000E+00   3.8147E+07   1.0549E+08
      0.88392   5.1206E+11   7.6376E+09   3.6021E+07   9.9654E+07   3.1340E+04   7.5743E+09   1.5323E+06   4.9043E+05   2.9646E+03   3.5513E+07   9.8529E+07
      0.89019   4.9738E+11   7.1839E+09   3.2963E+07   9.1606E+07   2.9646E+04   7.1364E+09   1.3586E+06   4.4977E+05   0.0000E+00   3.2536E+07   9.0718E+07
      0.89647   4.8108E+11   6.6627E+09   2.9339E+07   8.2162E+07   2.7105E+04   6.6350E+09   1.1901E+06   3.8455E+05   0.0000E+00   2.9032E+07   8.1537E+07
      0.90274   4.6173E+11   5.9965E+09   2.4477E+07   6.9511E+07   1.4400E+04   5.9975E+09   9.5630E+05   3.0832E+05   0.0000E+00   2.4316E+07   6.9294E+07
      0.90901   4.3878E+11   5.1598E+09   1.8135E+07   5.3141E+07   2.0329E+04   5.1998E+09   6.4629E+05   1.8804E+05   4.6587E+03   1.8187E+07   5.3452E+07
      0.91529   4.2453E+11   4.8569E+09   1.6724E+07   4.9174E+07   7.6233E+03   4.8996E+09   5.8530E+05   1.7788E+05   2.9646E+03   1.6791E+07   4.9508E+07
      0.92157   4.0894E+11   4.5185E+09   1.5109E+07   4.4669E+07   1.3553E+04   4.5653E+09   5.1838E+05   1.5247E+05   0.0000E+00   1.5195E+07   4.5057E+07
      0.92785   3.9148E+11   4.1251E+09   1.3215E+07   3.9314E+07   6.7763E+03   4.1779E+09   4.3834E+05   1.3849E+05   0.0000E+00   1.3303E+07   3.9727E+07
      0.93413   3.7070E+11   3.6121E+09   1.0567E+07   3.2003E+07   3.8116E+03   3.6759E+09   3.3119E+05   1.0334E+05   0.0000E+00   1.0684E+07   3.2457E+07
      0.94040   3.4589E+11   2.9564E+09   7.0587E+06   2.2313E+07   4.6587E+03   3.0370E+09   1.9101E+05   5.5057E+04   0.0000E+00   7.2375E+06   2.2930E+07
      0.94668   3.2913E+11   2.7425E+09   6.4379E+06   2.0416E+07   4.6587E+03   2.8195E+09   1.7025E+05   4.9551E+04   0.0000E+00   6.6060E+06   2.0994E+07
      0.95295   3.1046E+11   2.5016E+09   5.7420E+06   1.8248E+07   5.5057E+03   2.5750E+09   1.6094E+05   3.8116E+04   0.0000E+00   5.8822E+06   1.8775E+07
      0.95922   2.8914E+11   2.2184E+09   4.8802E+06   1.5642E+07   0.0000E+00   2.2885E+09   1.3002E+05   4.1081E+04   0.0000E+00   5.0153E+06   1.6114E+07
      0.96550   2.6321E+11   1.8437E+09   3.6867E+06   1.2026E+07   1.2705E+03   1.9118E+09   9.0633E+04   2.6682E+04   0.0000E+00   3.8095E+06   1.2448E+07
      0.97177   2.3145E+11   1.3587E+09   2.0888E+06   7.1837E+06   3.8116E+03   1.4265E+09   4.7010E+04   1.0164E+04   0.0000E+00   2.1881E+06   7.5598E+06
      0.97804   2.0776E+11   1.2049E+09   1.8489E+06   6.3746E+06   0.0000E+00   1.2644E+09   4.1505E+04   9.5291E+03   0.0000E+00   1.9382E+06   6.6956E+06
      0.98432   1.7920E+11   1.0246E+09   1.5700E+06   5.4180E+06   0.0000E+00   1.0746E+09   3.3881E+04   1.0164E+04   0.0000E+00   1.6460E+06   5.6902E+06
      0.99059   1.4231E+11   7.9941E+08   1.2284E+06   4.2299E+06   0.0000E+00   8.3785E+08   2.5623E+04   7.4115E+03   0.0000E+00   1.2845E+06   4.4369E+06
      0.99686   8.5178E+10   4.6609E+08   7.1553E+05   2.4631E+06   0.0000E+00   4.8801E+08   1.4611E+04   3.0705E+03   0.0000E+00   7.4708E+05   2.5842E+06
