  0.010000     9.735383E-02     1.017210E-01     5.839827E-02     6.797682E-02     1.658695E-02     8.962555E-02     3.422051E-02     2.833659E-02     8.128619E-03     4.933713E-02     5.795279E-02     3.131242E-03
  0.030000     9.749508E-02     1.016371E-01     5.821327E-02     6.778692E-02     1.650492E-02     8.953676E-02     3.407961E-02     2.821241E-02     8.084818E-03     4.917776E-02     5.778634E-02     3.118918E-03
  0.050000     9.777316E-02     1.014676E-01     5.784496E-02     6.740849E-02     1.634211E-02     8.935816E-02     3.379962E-02     2.796572E-02     7.997940E-03     4.886054E-02     5.745474E-02     3.094459E-03
  0.070000     9.817932E-02     1.012096E-01     5.729669E-02     6.684432E-02     1.610099E-02     8.908777E-02     3.338407E-02     2.759988E-02     7.869417E-03     4.838849E-02     5.696063E-02     3.058244E-03
  0.090000     9.870069E-02     1.008587E-01     5.657341E-02     6.609853E-02     1.578522E-02     8.872271E-02     3.283820E-02     2.711978E-02     7.701345E-03     4.776605E-02     5.630790E-02     3.010821E-03
  0.110000     9.932061E-02     1.004094E-01     5.568162E-02     6.517655E-02     1.539947E-02     8.825930E-02     3.216879E-02     2.653179E-02     7.496426E-03     4.699905E-02     5.550164E-02     2.952903E-03
  0.130000     1.000190E-01     9.985496E-02     5.462926E-02     6.408506E-02     1.494941E-02     8.769324E-02     3.138405E-02     2.584359E-02     7.257898E-03     4.609461E-02     5.454815E-02     2.885342E-03
  0.150000     1.007728E-01     9.918811E-02     5.342559E-02     6.283196E-02     1.444147E-02     8.701976E-02     3.049342E-02     2.506399E-02     6.989442E-03     4.506099E-02     5.345476E-02     2.809109E-03
  0.170000     1.015566E-01     9.840101E-02     5.208108E-02     6.142623E-02     1.388275E-02     8.623383E-02     2.950738E-02     2.420275E-02     6.695091E-03     4.390752E-02     5.222983E-02     2.725271E-03
  0.190000     1.023432E-01     9.748562E-02     5.060723E-02     5.987790E-02     1.328081E-02     8.533034E-02     2.843727E-02     2.327034E-02     6.379125E-03     4.264440E-02     5.088262E-02     2.634959E-03
  0.210000     1.031042E-01     9.643407E-02     4.901643E-02     5.819791E-02     1.264352E-02     8.430440E-02     2.729501E-02     2.227777E-02     6.045966E-03     4.128259E-02     4.942315E-02     2.539348E-03
  0.230000     1.038106E-01     9.523892E-02     4.732179E-02     5.639803E-02     1.197888E-02     8.315151E-02     2.609291E-02     2.123634E-02     5.700078E-03     3.983364E-02     4.786215E-02     2.439624E-03
  0.250000     1.044337E-01     9.389352E-02     4.553699E-02     5.449071E-02     1.129484E-02     8.186780E-02     2.484344E-02     2.015741E-02     5.345864E-03     3.830953E-02     4.621089E-02     2.336963E-03
  0.270000     1.049456E-01     9.239229E-02     4.367603E-02     5.248900E-02     1.059919E-02     8.045029E-02     2.355902E-02     1.905223E-02     4.987576E-03     3.672250E-02     4.448106E-02     2.232501E-03
  0.290000     1.053195E-01     9.073105E-02     4.175314E-02     5.040638E-02     9.899330E-03     7.889706E-02     2.225180E-02     1.793172E-02     4.629237E-03     3.508490E-02     4.268468E-02     2.127322E-03
  0.310000     1.055311E-01     8.890723E-02     3.978258E-02     4.825665E-02     9.202242E-03     7.720748E-02     2.093350E-02     1.680631E-02     4.274566E-03     3.340905E-02     4.083392E-02     2.022428E-03
  0.330000     1.055583E-01     8.692011E-02     3.777843E-02     4.605376E-02     8.514328E-03     7.538233E-02     1.961523E-02     1.568581E-02     3.926930E-03     3.170705E-02     3.894103E-02     1.918736E-03
  0.350000     1.053821E-01     8.477100E-02     3.575452E-02     4.381172E-02     7.841349E-03     7.342394E-02     1.830735E-02     1.457922E-02     3.589296E-03     2.999071E-02     3.701818E-02     1.817056E-03
  0.370000     1.049868E-01     8.246336E-02     3.372418E-02     4.154442E-02     7.188366E-03     7.133633E-02     1.701936E-02     1.349473E-02     3.264209E-03     2.827137E-02     3.507734E-02     1.718091E-03
  0.390000     1.043607E-01     8.000288E-02     3.170021E-02     3.926554E-02     6.559704E-03     6.912520E-02     1.575983E-02     1.243956E-02     2.953775E-03     2.655982E-02     3.313021E-02     1.622431E-03
  0.410000     1.034957E-01     7.739749E-02     2.969470E-02     3.698835E-02     5.958937E-03     6.679797E-02     1.453631E-02     1.141999E-02     2.659664E-03     2.486621E-02     3.118803E-02     1.530552E-03
  0.430000     1.023877E-01     7.465732E-02     2.771893E-02     3.472565E-02     5.388896E-03     6.436375E-02     1.335535E-02     1.044129E-02     2.383119E-03     2.319995E-02     2.926160E-02     1.442818E-03
  0.450000     1.010370E-01     7.179459E-02     2.578330E-02     3.248961E-02     4.851692E-03     6.183327E-02     1.222240E-02     9.507746E-03     2.124980E-03     2.156965E-02     2.736107E-02     1.359488E-03
  0.470000     9.944754E-02     6.882348E-02     2.389725E-02     3.029170E-02     4.348752E-03     5.921873E-02     1.114190E-02     8.622677E-03     1.885708E-03     1.998307E-02     2.549593E-02     1.280723E-03
  0.490000     9.762713E-02     6.575988E-02     2.206921E-02     2.814253E-02     3.880873E-03     5.653365E-02     1.011730E-02     7.788494E-03     1.665428E-03     1.844711E-02     2.367492E-02     1.206592E-03
  0.510000     9.558720E-02     6.262120E-02     2.030657E-02     2.605184E-02     3.448280E-03     5.379270E-02     9.151050E-03     7.006739E-03     1.463964E-03     1.696772E-02     2.190598E-02     1.137090E-03
  0.530000     9.334237E-02     5.942602E-02     1.861562E-02     2.402835E-02     3.050688E-03     5.101143E-02     8.244732E-03     6.278167E-03     1.280882E-03     1.554997E-02     2.019617E-02     1.072141E-03
  0.550000     9.091010E-02     5.619379E-02     1.700159E-02     2.207978E-02     2.687378E-03     4.820603E-02     7.399086E-03     5.602813E-03     1.115534E-03     1.419800E-02     1.855168E-02     1.011614E-03
  0.570000     8.831026E-02     5.294448E-02     1.546863E-02     2.021274E-02     2.357261E-03     4.539306E-02     6.614100E-03     4.980081E-03     9.671035E-04     1.291505E-02     1.697776E-02     9.553316E-04
  0.590000     8.556460E-02     4.969824E-02     1.401986E-02     1.843274E-02     2.058949E-03     4.258914E-02     5.889097E-03     4.408825E-03     8.346398E-04     1.170352E-02     1.547874E-02     9.030834E-04
  0.610000     8.269632E-02     4.647499E-02     1.265736E-02     1.674416E-02     1.790821E-03     3.981070E-02     5.222813E-03     3.887438E-03     7.171019E-04     1.056492E-02     1.405801E-02     8.546339E-04
  0.630000     7.972949E-02     4.329412E-02     1.138226E-02     1.515029E-02     1.551087E-03     3.707368E-02     4.613490E-03     3.413929E-03     6.133902E-04     9.500024E-03     1.271804E-02     8.097319E-04
  0.650000     7.668859E-02     4.017413E-02     1.019480E-02     1.365331E-02     1.337841E-03     3.439324E-02     4.058955E-03     2.986007E-03     5.223773E-04     8.508830E-03     1.146041E-02     7.681188E-04
  0.670000     7.359798E-02     3.713231E-02     9.094343E-03     1.225436E-02     1.149111E-03     3.178353E-02     3.556700E-03     2.601153E-03     4.429345E-04     7.590668E-03     1.028585E-02     7.295349E-04
  0.690000     7.048147E-02     3.418451E-02     8.079516E-03     1.095357E-02     9.829067E-04     2.925749E-02     3.103964E-03     2.256690E-03     3.739530E-04     6.744251E-03     9.194260E-03     6.937250E-04
  0.710000     6.736188E-02     3.134485E-02     7.148250E-03     9.750157E-03     8.372544E-04     2.682660E-02     2.697798E-03     1.949843E-03     3.143620E-04     5.967739E-03     8.184793E-03     6.604427E-04
  0.730000     6.426069E-02     2.862560E-02     6.297875E-03     8.642450E-03     7.102274E-04     2.450082E-02     2.335132E-03     1.677795E-03     2.631417E-04     5.258812E-03     7.255909E-03     6.294541E-04
  0.750000     6.119769E-02     2.603700E-02     5.525208E-03     7.628024E-03     5.999712E-04     2.228843E-02     2.012835E-03     1.437731E-03     2.193337E-04     4.614741E-03     6.405444E-03     6.005396E-04
  0.770000     5.819079E-02     2.358721E-02     4.826639E-03     6.703768E-03     5.047230E-04     2.019594E-02     1.727764E-03     1.226885E-03     1.820474E-04     4.032459E-03     5.630692E-03     5.734955E-04
  0.790000     5.525574E-02     2.128227E-02     4.198218E-03     5.865991E-03     4.228246E-04     1.822817E-02     1.476809E-03     1.042567E-03     1.504640E-04     3.508631E-03     4.928479E-03     5.481350E-04
  0.810000     5.240609E-02     1.912615E-02     3.635743E-03     5.110517E-03     3.527323E-04     1.638814E-02     1.256934E-03     8.821934E-04     1.238376E-04     3.039725E-03     4.295248E-03     5.242878E-04
  0.830000     4.965307E-02     1.712078E-02     3.134835E-03     4.432791E-03     2.930217E-04     1.467725E-02     1.065204E-03     7.433085E-04     1.014953E-04     2.622075E-03     3.727140E-03     5.018001E-04
  0.850000     4.700559E-02     1.526620E-02     2.691020E-03     3.827974E-03     2.423898E-04     1.309531E-02     8.988136E-04     6.235983E-04     8.283462E-05     2.251943E-03     3.220074E-03     4.805337E-04
  0.870000     4.447028E-02     1.356069E-02     2.299795E-03     3.291040E-03     1.996540E-04     1.164065E-02     7.551057E-04     5.209023E-04     6.732050E-05     1.925576E-03     2.769825E-03     4.603652E-04
  0.890000     4.205160E-02     1.200096E-02     1.956696E-03     2.816865E-03     1.637492E-04     1.031033E-02     6.315859E-04     4.332199E-04     5.448130E-05     1.639257E-03     2.372094E-03     4.411842E-04
  0.910000     3.975192E-02     1.058233E-02     1.657349E-03     2.400310E-03     1.337227E-04     9.100257E-03     5.259324E-04     3.587126E-04     4.390417E-05     1.389350E-03     2.022576E-03     4.228930E-04
  0.930000     3.757174E-02     9.298965E-03     1.397522E-03     2.036295E-03     1.087283E-04     8.005362E-03     4.360011E-04     2.957038E-04     3.523009E-05     1.172336E-03     1.717023E-03     4.054043E-04
  0.950000     3.550985E-02     8.144073E-03     1.173162E-03     1.719863E-03     8.801915E-05     7.019808E-03     3.598271E-04     2.426757E-04     2.814893E-05     9.848510E-04     1.451291E-03     3.886408E-04
  0.970000     3.356352E-02     7.110139E-03     9.804307E-04     1.446236E-03     7.094069E-05     6.137152E-03     2.956237E-04     1.982633E-04     2.239436E-05     8.237065E-04     1.221390E-03     3.725335E-04
  0.990000     3.172877E-02     6.189128E-03     8.157256E-04     1.210862E-03     5.692237E-05     5.350528E-03     2.417774E-04     1.612480E-04     1.773912E-05     6.859117E-04     1.023517E-03     3.570208E-04
  1.010000     3.000053E-02     5.372683E-03     6.756989E-04     1.009447E-03     4.547013E-05     4.652812E-03     1.968420E-04     1.305488E-04     1.399036E-05     5.686865E-04     8.540875E-04     3.420477E-04
  1.030000     2.837294E-02     4.652311E-03     5.572664E-04     8.379843E-04     3.615861E-05     4.036771E-03     1.595299E-04     1.052132E-04     1.098538E-05     4.694692E-04     7.097559E-04     3.275646E-04
  1.050000     2.683950E-02     4.019544E-03     4.576120E-04     6.927687E-04     2.862378E-05     3.495204E-03     1.287030E-04     8.440766E-05     8.587695E-06     3.859203E-04     5.874281E-04     3.135274E-04
  1.070000     2.539334E-02     3.466080E-03     3.741859E-04     5.704074E-04     2.255591E-05     3.021057E-03     1.033619E-04     6.740690E-05     6.683423E-06     3.159205E-04     4.842698E-04     2.998959E-04
  1.090000     2.402738E-02     2.983904E-03     3.046988E-04     4.678203E-04     1.769301E-05     2.607519E-03     8.263507E-05     5.358434E-05     5.178067E-06     2.575659E-04     3.977074E-04     2.866343E-04
  1.110000     2.273454E-02     2.565377E-03     2.471111E-04     3.822359E-04     1.381472E-05     2.248109E-03     6.576742E-05     4.240194E-05     3.993639E-06     2.091596E-04     3.254238E-04     2.737109E-04
  1.130000     2.150789E-02     2.203315E-03     1.996205E-04     3.111812E-04     1.073680E-05     1.936728E-03     5.210928E-05     3.340063E-05     3.066118E-06     1.692012E-04     2.653507E-04     2.610972E-04
  1.150000     2.034082E-02     1.891035E-03     1.606467E-04     2.524677E-04     8.306058E-06     1.667707E-03     4.110527E-05     2.619120E-05     2.343233E-06     1.363740E-04     2.156565E-04     2.487686E-04
  1.170000     1.922711E-02     1.622390E-03     1.288141E-04     2.041740E-04     6.395885E-06     1.435832E-03     3.228375E-05     2.044577E-05     1.782532E-06     1.095315E-04     1.747324E-04     2.367044E-04
  1.190000     1.816108E-02     1.391783E-03     1.029346E-04     1.646262E-04     4.902214E-06     1.236355E-03     2.524680E-05     1.588982E-05     1.349722E-06     8.768225E-05     1.411760E-04     2.248872E-04
  1.210000     1.713767E-02     1.194164E-03     8.198937E-05     1.323776E-04     3.740018E-06     1.064994E-03     1.966090E-05     1.229497E-05     1.017252E-06     6.997566E-05     1.137740E-04     2.133037E-04
  1.230000     1.615245E-02     1.025021E-03     6.511094E-05     1.061867E-04     2.840222E-06     9.179242E-04     1.524827E-05     9.472410E-06     7.631045E-07     5.568684E-05     9.148468E-05     2.019443E-04
  1.250000     1.520170E-02     8.803569E-04     5.156596E-05     8.499590E-05     2.147036E-06     7.917547E-04     1.177910E-05     7.267023E-06     5.697793E-07     4.420247E-05     7.342008E-05     1.908035E-04
  1.270000     1.428238E-02     7.566571E-04     4.073873E-05     6.791078E-05     1.615663E-06     6.835064E-04     9.064411E-06     5.552144E-06     4.234436E-07     3.500715E-05     5.882842E-05     1.798797E-04
  1.290000     1.339217E-02     6.508570E-04     3.211580E-05     5.417999E-05     1.210339E-06     5.905808E-04     6.949831E-06     4.224992E-06     3.132223E-07     2.767067E-05     4.707770E-05     1.691751E-04
  1.310000     1.252940E-02     5.603026E-04     2.527178E-05     4.317664E-05     9.026799E-07     5.107279E-04     5.310021E-06     3.202677E-06     2.306128E-07     2.183627E-05     3.764012E-05     1.586959E-04
  1.330000     1.169301E-02     4.827108E-04     1.985656E-05     3.438104E-05     6.702906E-07     4.420124E-04     4.043851E-06     2.418756E-06     1.690040E-07     1.721002E-05     3.007772E-05     1.484516E-04
  1.350000     1.088253E-02     4.161298E-04     1.558372E-05     2.736506E-05     4.956019E-07     3.827791E-04     3.070227E-06     1.820293E-06     1.232838E-07     1.355120E-05     2.402934E-05     1.384549E-04
  1.370000     1.009797E-02     3.588994E-04     1.222039E-05     2.177812E-05     3.649121E-07     3.316207E-04     2.324505E-06     1.365365E-06     8.952181E-08     1.066388E-05     1.919889E-05     1.287214E-04
  1.390000     9.339737E-03     3.096145E-04     9.578334E-06     1.733474E-05     2.675969E-07     2.873456E-04     1.755468E-06     1.020966E-06     6.471246E-08     8.389485E-06     1.534501E-05     1.192689E-04
  1.410000     8.608589E-03     2.670905E-04     7.506223E-06     1.380375E-05     1.954662E-07     2.489488E-04     1.322765E-06     7.612624E-07     4.657053E-08     6.600379E-06     1.227197E-05     1.101165E-04
  1.430000     7.905507E-03     2.303313E-04     5.883049E-06     1.099885E-05     1.422420E-07     2.155848E-04     9.947902E-07     5.661519E-07     3.336819E-08     5.194353E-06     9.821865E-06     1.012847E-04
  1.450000     7.231625E-03     1.985010E-04     4.612525E-06     8.770626E-06     1.031398E-07     1.865435E-04     7.469213E-07     4.200765E-07     2.380633E-08     4.089960E-06     7.867814E-06     9.279393E-05
  1.470000     6.588135E-03     1.708986E-04     3.618380E-06     6.999736E-06     7.453357E-08     1.612286E-04     5.600804E-07     3.110629E-07     1.691366E-08     3.222578E-06     6.308318E-06     8.466416E-05
  1.490000     5.976210E-03     1.469357E-04     2.840454E-06     5.591199E-06     5.369068E-08     1.391392E-04     4.195603E-07     2.299452E-07     1.196801E-08     2.541148E-06     5.062449E-06     7.691414E-05
  1.510000     5.396922E-03     1.261178E-04     2.231467E-06     4.469661E-06     3.856284E-08     1.198526E-04     3.140784E-07     1.697421E-07     8.435417E-09     2.005460E-06     4.065867E-06     6.956068E-05
  1.530000     4.851184E-03     1.080277E-04     1.754381E-06     3.575491E-06     2.762306E-08     1.030115E-04     2.350195E-07     1.251630E-07     5.923261E-09     1.583951E-06     3.267537E-06     6.261805E-05
  1.550000     4.339691E-03     9.231169E-05     1.380258E-06     2.861582E-06     1.973894E-08     8.831201E-05     1.758336E-07     9.221687E-08     4.144398E-09     1.251898E-06     2.627038E-06     5.609743E-05
  1.570000     3.862881E-03     7.866843E-05     1.086532E-06     2.290764E-06     1.407494E-08     7.549368E-05     1.315601E-07     6.790648E-08     2.889967E-09     9.899752E-07     2.112381E-06     5.000651E-05
  1.590000     3.420903E-03     6.683942E-05     8.556350E-07     1.833719E-06     1.001764E-08     6.433204E-05     9.845636E-08     4.999015E-08     2.008849E-09     7.830892E-07     1.698253E-06     4.434916E-05
  1.610000     3.013603E-03     5.660140E-05     6.738947E-07     1.467313E-06     7.118799E-09     5.463198E-05     7.370702E-08     3.679763E-08     1.392270E-09     6.194580E-07     1.364609E-06     3.912529E-05
  1.630000     2.640520E-03     4.776012E-05     5.306747E-07     1.173272E-06     5.052373E-09     4.622259E-05     5.520044E-08     2.708866E-08     9.623366E-10     4.898821E-07     1.095550E-06     3.433081E-05
  1.650000     2.300892E-03     4.014550E-05     4.176937E-07     9.371354E-07     3.582218E-09     3.895311E-05     4.135622E-08     1.994504E-08     6.635408E-10     3.871713E-07     8.784409E-07     2.995768E-05
  1.670000     1.993676E-03     3.360770E-05     3.284967E-07     7.474352E-07     2.537984E-09     3.268970E-05     3.099367E-08     1.468876E-08     4.565194E-10     3.056972E-07     7.032141E-07     2.599421E-05
  1.690000     1.717575E-03     2.801403E-05     2.580428E-07     5.950487E-07     1.797244E-09     2.731294E-05     2.323179E-08     1.082019E-08     3.134851E-10     2.410447E-07     5.618203E-07     2.242530E-05
  1.710000     1.471069E-03     2.324657E-05     2.023868E-07     4.726973E-07     1.272308E-09     2.271586E-05     1.741365E-08     7.971784E-09     2.149092E-10     1.897412E-07     4.478033E-07     1.923292E-05
  1.730000     1.252457E-03     1.920023E-05     1.584328E-07     3.745545E-07     9.005612E-10     1.880242E-05     1.304949E-08     5.873455E-09     1.471243E-10     1.490482E-07     3.559666E-07     1.639651E-05
  1.750000     1.059897E-03     1.578129E-05     1.237447E-07     2.959408E-07     6.374072E-10     1.548635E-05     9.774097E-09     4.326861E-09     1.006027E-10     1.167995E-07     2.821129E-07     1.389357E-05
  1.770000     8.914477E-04     1.290615E-05     9.640059E-08     2.330868E-07     4.511577E-10     1.269015E-05     7.314898E-09     3.186378E-09     6.872678E-11     9.127648E-08     2.228420E-07     1.170014E-05
  1.790000     7.451138E-04     1.050034E-05     7.487954E-08     1.829477E-07     3.193368E-10     1.034437E-05     5.468255E-09     2.345059E-09     4.691543E-11     7.111197E-08     1.753916E-07     9.791408E-06
  1.810000     6.188828E-04     8.497713E-06     5.797550E-08     1.430590E-07     2.260248E-10     8.386907E-06     4.081810E-09     1.724316E-09     3.200708E-11     5.521581E-08     1.375133E-07     8.142149E-06
  1.830000     5.107637E-04     6.839684E-06     4.473007E-08     1.114227E-07     1.599574E-10     6.762473E-06     3.041396E-09     1.266343E-09     2.182562E-11     4.271700E-08     1.073741E-07     6.727263E-06
  1.850000     4.188184E-04     5.474604E-06     3.438057E-08     8.641748E-08     1.131690E-10     5.422056E-06     2.261325E-09     9.285754E-10     1.487671E-11     3.291872E-08     8.347888E-08     5.522181E-06
  1.870000     3.411894E-04     4.357151E-06     2.631954E-08     6.672783E-08     8.002758E-11     4.322444E-06     1.677181E-09     6.796281E-10     1.013620E-11     2.526313E-08     6.460812E-08     4.503240E-06
  1.890000     2.761220E-04     3.447782E-06     2.006303E-08     5.128669E-08     5.655096E-11     3.425760E-06     1.240467E-09     4.963312E-10     6.903340E-12     1.930360E-08     4.976789E-08     3.647981E-06
  1.910000     2.219807E-04     2.712195E-06     1.522570E-08     3.922984E-08     3.992220E-11     2.699012E-06     9.146345E-10     3.615584E-10     4.699207E-12     1.468282E-08     3.814940E-08     2.935390E-06
  1.930000     1.772607E-04     2.120827E-06     1.150104E-08     2.985867E-08     2.814751E-11     2.113650E-06     6.721135E-10     2.626379E-10     3.196813E-12     1.111527E-08     2.909601E-08     2.346060E-06
  1.950000     1.405946E-04     1.648369E-06     8.645687E-09     2.261000E-08     1.981469E-11     1.645147E-06     4.921006E-10     1.901864E-10     2.173027E-12     8.373300E-09     2.207612E-08     1.862292E-06
  1.970000     1.107543E-04     1.273306E-06     6.466865E-09     1.703122E-08     1.392272E-11     1.272579E-06     3.588995E-10     1.372533E-10     1.475638E-12     6.275832E-09     1.666084E-08     1.468145E-06
  1.990000     8.664962E-05     9.774750E-07     4.812328E-09     1.275996E-08     9.761531E-12     9.782268E-07     2.606747E-10     9.869003E-11     1.000831E-12     4.679308E-09     1.250550E-08     1.149425E-06
  2.010000     6.732336E-05     7.456605E-07     3.562246E-09     9.507349E-09     6.827126E-12     7.472019E-07     1.885121E-10     7.068448E-11     6.777915E-13     3.470324E-09     9.334376E-09     8.936401E-07
  2.030000     5.194436E-05     5.652084E-07     2.622676E-09     7.044130E-09     4.761643E-12     5.670876E-07     1.357087E-10     5.041690E-11     4.582128E-13     2.559664E-09     6.927911E-09     6.899146E-07
  2.050000     3.979840E-05     4.256759E-07     1.920288E-09     5.189290E-09     3.310947E-12     4.276100E-07     9.723580E-11     3.580453E-11     3.091370E-13     1.877463E-09     5.112208E-09     5.288839E-07
  2.070000     3.027818E-05     3.185115E-07     1.398110E-09     3.800661E-09     2.294604E-12     3.203349E-07     6.933006E-11     2.531191E-11     2.080760E-13     1.369270E-09     3.750275E-09     4.025690E-07
  2.090000     2.287251E-05     2.367666E-07     1.012105E-09     2.767206E-09     1.584577E-12     2.383931E-07     4.918441E-11     1.780980E-11     1.396868E-13     9.928720E-10     2.734813E-09     3.042417E-07
  2.110000     1.715543E-05     1.748398E-07     7.284134E-10     2.002709E-09     1.090097E-12     1.762350E-07     3.471221E-11     1.247007E-11     9.350354E-14     7.157215E-10     1.982286E-09     2.282864E-07
  2.130000     1.277549E-05     1.282511E-07     5.211462E-10     1.440634E-09     7.469077E-13     1.294126E-07     2.436853E-11     8.687367E-12     6.239078E-14     5.128659E-10     1.428055E-09     1.700629E-07
  2.150000     9.445559E-06     9.344585E-08     3.706247E-10     1.029950E-09     5.095990E-13     9.438965E-08     1.701439E-11     6.020831E-12     4.148751E-14     3.652898E-10     1.022426E-09     1.257747E-07
  2.170000     6.933259E-06     6.762633E-08     2.619801E-10     7.317690E-10     3.461516E-13     6.837780E-08     1.181395E-11     4.150664E-12     2.748585E-14     2.585901E-10     7.274394E-10     9.234597E-08
  2.190000     5.052354E-06     4.860801E-08     1.840472E-10     5.166520E-10     2.340467E-13     4.919587E-08     8.156810E-12     2.845901E-12     1.813810E-14     1.819264E-10     5.142934E-10     6.730864E-08
  2.210000     3.654972E-06     3.469897E-08     1.284952E-10     3.624605E-10     1.574944E-13     3.515166E-08     5.599516E-12     1.940507E-12     1.191975E-14     1.271918E-10     3.612828E-10     4.870124E-08
  2.230000     2.624799E-06     2.459933E-08     8.914823E-11     2.526592E-10     1.054599E-13     2.494299E-08     3.821611E-12     1.315708E-12     7.799078E-15     8.836382E-11     2.521621E-10     3.497955E-08
  2.250000     1.871193E-06     1.731849E-08     6.145810E-11     1.749832E-10     7.025988E-14     1.757596E-08     2.592817E-12     8.869747E-13     5.079649E-15     6.099789E-11     1.748574E-10     2.493920E-08
  2.270000     1.324160E-06     1.210765E-08     4.209790E-11     1.203984E-10     4.656580E-14     1.229818E-08     1.748608E-12     5.944728E-13     3.292744E-15     4.183646E-11     1.204582E-10     1.764960E-08
  2.290000     9.301459E-07     8.405363E-09     2.865049E-11     8.229712E-11     3.069819E-14     8.544723E-09     1.172131E-12     3.960826E-13     2.123933E-15     2.850826E-11     8.243554E-11     1.239827E-08
  2.310000     6.485458E-07     5.794075E-09     1.937181E-11     5.588134E-11     2.012770E-14     5.894884E-09     7.808950E-13     2.623244E-13     1.363051E-15     1.929918E-11     5.603984E-11     8.644743E-09
  2.330000     4.488482E-07     3.965772E-09     1.301226E-11     3.769174E-11     1.312394E-14     4.037923E-09     5.170271E-13     1.726869E-13     8.701748E-16     1.297890E-11     3.784105E-11     5.982725E-09
  2.350000     3.083319E-07     2.695090E-09     8.682762E-12     2.525240E-11     8.509009E-15     2.746202E-09     3.401818E-13     1.129842E-13     5.525384E-16     8.670542E-12     2.538012E-11     4.109541E-09
  2.370000     2.102272E-07     1.818473E-09     5.755267E-12     1.680418E-11     5.485252E-15     1.854321E-09     2.224130E-13     7.346585E-14     3.489176E-16     5.753658E-12     1.690712E-11     2.801734E-09
  2.390000     1.422664E-07     1.218191E-09     3.789270E-12     1.110635E-11     3.515425E-15     1.243091E-09     1.444894E-13     4.747185E-14     2.190958E-16     3.792381E-12     1.118596E-11     1.895798E-09
  2.410000     9.555445E-08     8.101883E-10     2.478047E-12     7.290339E-12     2.239679E-15     8.273205E-10     9.326432E-14     3.048205E-14     1.367872E-16     2.482741E-12     7.349991E-12     1.273156E-09
  2.430000     6.369814E-08     5.349424E-10     1.609567E-12     4.752576E-12     1.418355E-15     5.466207E-10     5.981035E-14     1.944848E-14     8.490043E-17     1.614302E-12     4.796164E-12     8.485708E-10
  2.450000     4.214273E-08     3.506442E-10     1.038334E-12     3.076800E-12     8.927752E-16     3.585324E-10     3.810633E-14     1.232927E-14     5.238207E-17     1.042449E-12     3.107985E-12     5.613128E-10
  2.470000     2.767143E-08     2.281675E-10     6.652370E-13     1.978075E-12     5.585027E-16     2.334478E-10     2.411891E-14     7.765649E-15     3.212340E-17     6.685370E-13     1.999982E-12     3.684900E-10
  2.490000     1.803212E-08     1.473866E-10     4.232641E-13     1.262829E-12     3.472194E-16     1.508899E-10     1.516486E-14     4.859434E-15     1.957883E-17     4.257755E-13     1.277971E-12     2.400735E-10
  2.510000     1.166169E-08     9.450802E-11     2.674402E-13     8.005527E-13     2.145108E-16     9.681205E-11     9.471539E-15     3.020933E-15     1.185879E-17     2.692808E-13     8.108664E-13     1.552224E-10
  2.530000     7.484627E-09     6.015563E-11     1.678058E-13     5.039243E-13     1.316840E-16     6.165779E-11     5.876059E-15     1.865627E-15     7.137511E-18     1.691161E-13     5.108549E-13     9.959805E-11
  2.550000     4.767232E-09     3.800767E-11     1.045535E-13     3.149613E-13     8.032093E-17     3.897863E-11     3.620912E-15     1.144507E-15     4.268465E-18     1.054643E-13     3.195601E-13     6.342023E-11
  2.570000     3.013314E-09     2.383661E-11     6.468554E-14     1.954577E-13     4.867553E-17     2.445887E-11     2.216150E-15     6.974353E-16     2.536196E-18     6.530608E-14     1.984731E-13     4.007561E-11
  2.590000     1.890161E-09     1.483842E-11     3.973744E-14     1.204314E-13     2.930584E-17     1.523383E-11     1.347144E-15     4.221479E-16     1.497095E-18     4.015282E-14     1.223864E-13     2.513060E-11
  2.610000     1.176588E-09     9.168362E-12     2.423838E-14     7.367260E-14     1.752813E-17     9.417520E-12     8.132923E-16     2.537955E-16     8.778926E-19     2.451208E-14     7.492635E-14     1.563835E-11
  2.630000     7.268023E-10     5.622755E-12     1.467933E-14     4.474454E-14     1.041435E-17     5.778442E-12     4.876212E-16     1.515466E-16     5.113653E-19     1.485711E-14     4.554023E-14     9.656949E-12
  2.650000     4.455221E-10     3.422568E-12     8.826651E-15     2.697931E-14     6.146412E-18     3.519041E-12     2.903402E-16     8.987435E-17     2.958639E-19     8.940594E-15     2.747921E-14     5.917596E-12
  2.670000     2.710059E-10     2.067726E-12     5.269399E-15     1.614982E-14     3.603157E-18     2.127012E-12     1.716748E-16     5.293443E-17     1.700192E-19     5.341526E-15     1.646080E-14     3.598344E-12
  2.690000     1.635838E-10     1.239838E-12     3.123134E-15     9.597106E-15     2.097955E-18     1.275970E-12     1.008016E-16     3.096274E-17     9.703414E-20     3.168257E-15     9.788706E-15     2.171241E-12
  2.710000     9.798272E-11     7.378373E-13     1.837697E-15     5.661594E-15     1.213224E-18     7.596781E-13     5.877284E-17     1.798561E-17     5.499820E-20     1.865610E-15     5.778533E-15     1.300041E-12
  2.730000     5.823743E-11     4.357864E-13     1.073497E-15     3.315533E-15     6.967848E-19     4.488803E-13     3.402686E-17     1.037487E-17     3.095617E-20     1.090579E-15     3.386247E-15     7.724072E-13
  2.750000     3.434744E-11     2.554452E-13     6.225310E-16     1.927413E-15     3.974212E-19     2.632311E-13     1.956100E-17     5.942906E-18     1.730212E-20     6.328762E-16     1.969786E-15     4.553778E-13
  2.770000     2.010121E-11     1.486027E-13     3.583812E-16     1.112230E-15     2.251025E-19     1.531947E-13     1.116534E-17     3.380347E-18     9.602506E-21     3.645833E-16     1.137392E-15     2.663974E-13
  2.790000     1.167298E-11     8.579348E-14     2.048066E-16     6.370939E-16     1.266104E-19     8.847976E-14     6.327816E-18     1.909228E-18     5.291552E-21     2.084885E-16     6.519046E-16     1.546385E-13
  2.810000     6.726199E-12     4.915584E-14     1.161845E-16     3.622376E-16     7.071350E-20     5.071456E-14     3.560618E-18     1.070723E-18     2.895185E-21     1.183493E-16     3.708787E-16     8.906991E-14
  2.830000     3.845761E-12     2.795011E-14     6.542590E-17     2.044356E-16     3.921596E-20     2.884725E-14     1.989189E-18     5.962213E-19     1.572701E-21     6.668673E-17     2.094335E-16     5.090578E-14
  2.850000     2.181807E-12     1.577154E-14     3.657124E-17     1.145210E-16     2.159414E-20     1.628373E-14     1.103304E-18     3.296387E-19     8.481558E-22     3.729880E-17     1.173868E-16     2.886840E-14
  2.870000     1.228199E-12     8.831655E-15     2.029131E-17     6.367532E-17     1.180611E-20     9.121711E-15     6.075381E-19     1.809500E-19     4.540968E-22     2.070733E-17     6.530462E-17     1.624408E-14
  2.890000     6.860186E-13     4.907747E-15     1.117515E-17     3.514049E-17     6.408572E-21     5.070686E-15     3.321244E-19     9.861848E-20     2.413509E-22     1.141089E-17     3.605894E-17     9.069449E-15
  2.910000     3.802027E-13     2.706386E-15     6.108878E-18     1.924810E-17     3.453708E-21     2.797181E-15     1.802469E-19     5.336143E-20     1.273392E-22     6.241279E-18     1.976148E-17     5.024323E-15
  2.930000     2.090757E-13     1.481017E-15     3.314572E-18     1.046417E-17     1.847851E-21     1.531205E-15     9.711035E-20     2.866529E-20     6.669198E-23     3.388280E-18     1.074872E-17     2.761737E-15
  2.950000     1.140770E-13     8.042459E-16     1.785024E-18     5.646142E-18     9.815042E-22     8.317648E-16     5.193797E-20     1.528747E-20     3.467129E-23     1.825701E-18     5.802550E-18     1.506234E-15
  2.970000     6.175845E-14     4.333828E-16     9.541234E-19     3.023589E-18     5.175465E-22     4.483510E-16     2.757514E-20     8.093865E-21     1.789115E-23     9.763783E-19     3.108847E-18     8.150898E-16
  2.990000     3.317382E-14     2.317418E-16     5.061768E-19     1.606983E-18     2.709110E-22     2.398182E-16     1.453301E-20     4.254110E-21     9.163600E-24     5.182484E-19     1.653073E-18     4.376419E-16
  3.010000     1.768043E-14     1.229654E-16     2.665205E-19     8.476405E-19     1.407708E-22     1.272883E-16     7.603094E-21     2.219654E-21     4.658451E-24     2.730128E-19     8.723514E-19     2.331472E-16
  3.030000     9.349454E-15     6.474462E-17     1.392783E-19     4.437294E-19     7.260998E-23     6.703996E-17     3.948337E-21     1.149680E-21     2.350462E-24     1.427405E-19     4.568692E-19     1.232359E-16
  3.050000     4.905384E-15     3.382693E-17     7.223622E-20     2.305288E-19     3.717640E-23     3.503594E-17     2.035259E-21     5.911209E-22     1.177038E-24     7.406698E-20     2.374586E-19     6.463051E-17
  3.070000     2.553589E-15     1.753703E-17     3.718255E-20     1.188577E-19     1.889363E-23     1.816876E-17     1.041356E-21     3.016997E-22     5.849828E-25     3.814254E-20     1.224826E-19     3.363017E-17
  3.090000     1.318918E-15     9.021543E-18     1.899461E-20     6.081620E-20     9.530832E-24     9.348997E-18     5.288667E-22     1.528499E-22     2.885368E-25     1.949380E-20     6.269688E-20     1.736240E-17
  3.110000     6.758830E-16     4.605038E-18     9.629928E-21     3.088135E-20     4.772041E-24     4.773417E-18     2.665957E-22     7.686700E-23     1.412392E-25     9.887359E-21     3.184916E-20     8.893592E-18
  3.130000     3.436448E-16     2.332438E-18     4.845203E-21     1.556156E-20     2.371518E-24     2.418328E-18     1.333870E-22     3.836999E-23     6.861148E-26     4.976861E-21     1.605557E-20     4.519909E-18
  3.150000     1.733527E-16     1.172217E-18     2.419313E-21     7.781898E-21     1.169738E-24     1.215681E-18     6.624011E-23     1.901138E-23     3.307630E-26     2.486092E-21     8.032014E-21     2.279109E-18
  3.170000     8.676251E-17     5.845536E-19     1.198832E-21     3.861789E-21     5.726415E-25     6.063724E-19     3.264893E-23     9.349721E-24     1.582369E-26     1.232425E-21     3.987400E-21     1.140202E-18
  3.190000     4.308363E-17     2.892382E-19     5.895301E-22     1.901769E-21     2.782278E-25     3.001040E-19     1.597171E-23     4.563945E-24     7.512100E-27     6.062907E-22     1.964343E-21     5.659495E-19
  3.210000     2.122605E-17     1.420036E-19     2.876936E-22     9.293711E-22     1.341634E-25     1.473716E-19     7.754651E-24     2.211221E-24     3.538919E-27     2.959876E-22     9.602912E-22     2.787090E-19
  3.230000     1.037531E-17     6.917554E-20     1.393242E-22     4.506904E-22     6.420605E-26     7.180635E-20     3.736765E-24     1.063330E-24     1.654354E-27     1.433951E-22     4.658462E-22     1.361758E-19
  3.250000     5.031604E-18     3.343586E-20     6.695616E-23     2.168809E-22     3.049433E-26     3.471492E-20     1.787089E-24     5.075064E-25     7.674110E-28     6.893796E-23     2.242499E-22     6.601205E-20
  3.270000     2.420936E-18     1.603528E-20     3.193140E-23     1.035652E-22     1.437329E-26     1.665219E-20     8.482197E-25     2.404069E-25     3.532345E-28     3.288836E-23     1.071194E-22     3.174817E-20
  3.290000     1.155660E-18     7.630308E-21     1.511140E-23     4.907417E-23     6.723277E-27     7.925484E-21     3.995550E-25     1.130260E-25     1.613346E-28     1.556974E-23     5.077463E-23     1.514904E-20
