  0.010000     2.332983E+00     1.039051E+01     8.638987E-01     7.446559E-01     1.482956E+00     5.093989E-01
  0.030000     2.324469E+00     1.035425E+01     8.607268E-01     7.419939E-01     1.473317E+00     5.077291E-01
  0.050000     2.307568E+00     1.028225E+01     8.544082E-01     7.366891E-01     1.454311E+00     5.043749E-01
  0.070000     2.282530E+00     1.017556E+01     8.449934E-01     7.287804E-01     1.426464E+00     4.993092E-01
  0.090000     2.249721E+00     1.003568E+01     8.325579E-01     7.183262E-01     1.390533E+00     4.924955E-01
  0.110000     2.209616E+00     9.864593E+00     8.172029E-01     7.054049E-01     1.347465E+00     4.838938E-01
  0.130000     2.162780E+00     9.664637E+00     7.990542E-01     6.901149E-01     1.298349E+00     4.734665E-01
  0.150000     2.109858E+00     9.438493E+00     7.782626E-01     6.725751E-01     1.244367E+00     4.611864E-01
  0.170000     2.051556E+00     9.189098E+00     7.550032E-01     6.529242E-01     1.186737E+00     4.470446E-01
  0.190000     1.988624E+00     8.919579E+00     7.294739E-01     6.313211E-01     1.126667E+00     4.310590E-01
  0.210000     1.921838E+00     8.633174E+00     7.018948E-01     6.079433E-01     1.065308E+00     4.132816E-01
  0.230000     1.851983E+00     8.333163E+00     6.725056E-01     5.829864E-01     1.003712E+00     3.938052E-01
  0.250000     1.779833E+00     8.022799E+00     6.415634E-01     5.566616E-01     9.428103E-01     3.727678E-01
  0.270000     1.706142E+00     7.705242E+00     6.093401E-01     5.291944E-01     8.833900E-01     3.503549E-01
  0.290000     1.631623E+00     7.383507E+00     5.761180E-01     5.008208E-01     8.260868E-01     3.267984E-01
  0.310000     1.556942E+00     7.060412E+00     5.421869E-01     4.717850E-01     7.713843E-01     3.023726E-01
  0.330000     1.482708E+00     6.738544E+00     5.078390E-01     4.423351E-01     7.196217E-01     2.773875E-01
  0.350000     1.409464E+00     6.420225E+00     4.733647E-01     4.127194E-01     6.710066E-01     2.521784E-01
  0.370000     1.337683E+00     6.107498E+00     4.390477E-01     3.831825E-01     6.256325E-01     2.270936E-01
  0.390000     1.267771E+00     5.802117E+00     4.051606E-01     3.539606E-01     5.834978E-01     2.024806E-01
  0.410000     1.200059E+00     5.505540E+00     3.719599E-01     3.252781E-01     5.445257E-01     1.786719E-01
  0.430000     1.134813E+00     5.218945E+00     3.396826E-01     2.973433E-01     5.085832E-01     1.559709E-01
  0.450000     1.072230E+00     4.943236E+00     3.085417E-01     2.703454E-01     4.754986E-01     1.346399E-01
  0.470000     1.012450E+00     4.679063E+00     2.787241E-01     2.444514E-01     4.450764E-01     1.148904E-01
  0.490000     9.555558E-01     4.426846E+00     2.503873E-01     2.198036E-01     4.171098E-01     9.687649E-02
  0.510000     9.015816E-01     4.186798E+00     2.236589E-01     1.965186E-01     3.913903E-01     8.069230E-02
  0.530000     8.505200E-01     3.958951E+00     1.986350E-01     1.746861E-01     3.677148E-01     6.637232E-02
  0.550000     8.023280E-01     3.743185E+00     1.753809E-01     1.543687E-01     3.458909E-01     5.389564E-02
  0.570000     7.569330E-01     3.539251E+00     1.539316E-01     1.356027E-01     3.257396E-01     4.319274E-02
  0.590000     7.142399E-01     3.346799E+00     1.342940E-01     1.183992E-01     3.070969E-01     3.415423E-02
  0.610000     6.741357E-01     3.165400E+00     1.164483E-01     1.027462E-01     2.898144E-01     2.664087E-02
  0.630000     6.364953E-01     2.994566E+00     1.003516E-01     8.861063E-02     2.737591E-01     2.049384E-02
  0.650000     6.011855E-01     2.833771E+00     8.594040E-02     7.594098E-02     2.588122E-01     1.554448E-02
  0.670000     5.680690E-01     2.682466E+00     7.313440E-02     6.467048E-02     2.448681E-01     1.162306E-02
  0.690000     5.370076E-01     2.540090E+00     6.183970E-02     5.471999E-02     2.318332E-01     8.565950E-03
  0.710000     5.078647E-01     2.406087E+00     5.195245E-02     4.600104E-02     2.196245E-01     6.221083E-03
  0.730000     4.805070E-01     2.279908E+00     4.336211E-02     3.841881E-02     2.081684E-01     4.451656E-03
  0.750000     4.548066E-01     2.161024E+00     3.595459E-02     3.187491E-02     1.973994E-01     3.138174E-03
  0.770000     4.306417E-01     2.048926E+00     2.961507E-02     2.626988E-02     1.872592E-01     2.179071E-03
  0.790000     4.078972E-01     1.943131E+00     2.423048E-02     2.150542E-02     1.776958E-01     1.490210E-03
  0.810000     3.864653E-01     1.843184E+00     1.969152E-02     1.748621E-02     1.686625E-01     1.003581E-03
  0.830000     3.662457E-01     1.748659E+00     1.589434E-02     1.412148E-02     1.601173E-01     6.654822E-04
  0.850000     3.471451E-01     1.659157E+00     1.274180E-02     1.132611E-02     1.520224E-01     4.344639E-04
  0.870000     3.290777E-01     1.574310E+00     1.014436E-02     9.021483E-03     1.443436E-01     2.792291E-04
  0.890000     3.119642E-01     1.493774E+00     8.020560E-03     7.135968E-03     1.370496E-01     1.766514E-04
  0.910000     2.957319E-01     1.417236E+00     6.297277E-03     5.605157E-03     1.301121E-01     1.099981E-04
  0.930000     2.803141E-01     1.344403E+00     4.909663E-03     4.371854E-03     1.235053E-01     6.741083E-05
  0.950000     2.656500E-01     1.275008E+00     3.800884E-03     3.385869E-03     1.172052E-01     4.065531E-05
  0.970000     2.516836E-01     1.208807E+00     2.921701E-03     2.603670E-03     1.111899E-01     2.412777E-05
  0.990000     2.383643E-01     1.145574E+00     2.229924E-03     1.987915E-03     1.054392E-01     1.408964E-05
  1.010000     2.256457E-01     1.085105E+00     1.689790E-03     1.506925E-03     9.993414E-02     8.095405E-06
  1.030000     2.134857E-01     1.027211E+00     1.271306E-03     1.134107E-03     9.465729E-02     4.576224E-06
  1.050000     2.018462E-01     9.717235E-01     9.495743E-04     8.473682E-04     8.959224E-02     2.544966E-06
  1.070000     1.906927E-01     9.184872E-01     7.041358E-04     6.285404E-04     8.472368E-02     1.392322E-06
  1.090000     1.799942E-01     8.673636E-01     5.183469E-04     4.628342E-04     8.003722E-02     7.493066E-07
  1.110000     1.697230E-01     8.182282E-01     3.787996E-04     3.383277E-04     7.551945E-02     3.966624E-07
  1.130000     1.598545E-01     7.709709E-01     2.747972E-04     2.455040E-04     7.115784E-02     2.065405E-07
  1.150000     1.503671E-01     7.254944E-01     1.978875E-04     1.768390E-04     6.694080E-02     1.057778E-07
  1.170000     1.412420E-01     6.817147E-01     1.414546E-04     1.264405E-04     6.285781E-02     5.328087E-08
  1.190000     1.324630E-01     6.395599E-01     1.003689E-04     8.973733E-05     5.889946E-02     2.639491E-08
  1.210000     1.240165E-01     5.989697E-01     7.068954E-05     6.321643E-05     5.505764E-02     1.285955E-08
  1.230000     1.158915E-01     5.598950E-01     4.941694E-05     4.420259E-05     5.132574E-02     6.161322E-09
  1.250000     1.080789E-01     5.222969E-01     3.428883E-05     3.067737E-05     4.769882E-02     2.903025E-09
  1.270000     1.005720E-01     4.861463E-01     2.361443E-05     2.113163E-05     4.417382E-02     1.345067E-09
  1.290000     9.336555E-02     4.514222E-01     1.614144E-05     1.444723E-05     4.074968E-02     6.128308E-10
  1.310000     8.645631E-02     4.181116E-01     1.095064E-05     9.803141E-06     3.742751E-02     2.745551E-10
  1.330000     7.984221E-02     3.862075E-01     7.373298E-06     6.601886E-06     3.421053E-02     1.209483E-10
  1.350000     7.352230E-02     3.557081E-01     4.927221E-06     4.412513E-06     3.110405E-02     5.238908E-11
  1.370000     6.749648E-02     3.266152E-01     3.267786E-06     2.926932E-06     2.811521E-02     2.231221E-11
  1.390000     6.176513E-02     2.989330E-01     2.150850E-06     1.926821E-06     2.525266E-02     9.343201E-12
  1.410000     5.632885E-02     2.726663E-01     1.404963E-06     1.258827E-06     2.252608E-02     3.846725E-12
  1.430000     5.118814E-02     2.478193E-01     9.107780E-07     8.161710E-07     1.994561E-02     1.557114E-12
  1.450000     4.634314E-02     2.243944E-01     5.859315E-07     5.251468E-07     1.752122E-02     6.196908E-13
  1.470000     4.179331E-02     2.023904E-01     3.740782E-07     3.353199E-07     1.526202E-02     2.424641E-13
  1.490000     3.753724E-02     1.818017E-01     2.370030E-07     2.124769E-07     1.317558E-02     9.326746E-14
  1.510000     3.357241E-02     1.626174E-01     1.490102E-07     1.336081E-07     1.126742E-02     3.527085E-14
  1.530000     2.989507E-02     1.448203E-01     9.297024E-08     8.337157E-08     9.540465E-03     1.311288E-14
  1.550000     2.650010E-02     1.283866E-01     5.756161E-08     5.162525E-08     7.994786E-03     4.792584E-15
  1.570000     2.338094E-02     1.132853E-01     3.536537E-08     3.172203E-08     6.627465E-03     1.721968E-15
  1.590000     2.052963E-02     9.947851E-02     2.156133E-08     1.934239E-08     5.432649E-03     6.082161E-16
  1.610000     1.793679E-02     8.692144E-02     1.304429E-08     1.170322E-08     4.401791E-03     2.111848E-16
  1.630000     1.559176E-02     7.556293E-02     7.830848E-09     7.026555E-09     3.524038E-03     7.208312E-17
  1.650000     1.348268E-02     6.534605E-02     4.664839E-09     4.186178E-09     2.786727E-03     2.418609E-17
  1.670000     1.159671E-02     5.620891E-02     2.757403E-09     2.474726E-09     2.175954E-03     7.977259E-18
  1.690000     9.920170E-03     4.808558E-02     1.617319E-09     1.451667E-09     1.677160E-03     2.586384E-18
  1.710000     8.438787E-03     4.090717E-02     9.412815E-10     8.449561E-10     1.275690E-03     8.242875E-19
  1.730000     7.137896E-03     3.460283E-02     5.435859E-10     4.880056E-10     9.572979E-04     2.582299E-19
  1.750000     6.002673E-03     2.910091E-02     3.114859E-10     2.796635E-10     7.085543E-04     7.951922E-20
  1.770000     5.018342E-03     2.432995E-02     1.771033E-10     1.590244E-10     5.171586E-04     2.406973E-20
  1.790000     4.170382E-03     2.021969E-02     9.991489E-11     8.972342E-11     3.721401E-04     7.161436E-21
  1.810000     3.444706E-03     1.670196E-02     5.593012E-11     5.022950E-11     2.639583E-04     2.094377E-21
  1.830000     2.827820E-03     1.371143E-02     3.106493E-11     2.790101E-11     1.845146E-04     6.020486E-22
  1.850000     2.306956E-03     1.118625E-02     1.711990E-11     1.537752E-11     1.270920E-04     1.701089E-22
  1.870000     1.870167E-03     9.068577E-03     9.361289E-12     8.409210E-12     8.624406E-05     4.724300E-23
  1.890000     1.506410E-03     7.304905E-03     5.078914E-12     4.562722E-12     5.765005E-05     1.289615E-23
  1.910000     1.205582E-03     5.846285E-03     2.734037E-12     2.456350E-12     3.795511E-05     3.460119E-24
  1.930000     9.585443E-04     4.648430E-03     1.460271E-12     1.312053E-12     2.460853E-05     9.124893E-25
  1.950000     7.571141E-04     3.671688E-03     7.738485E-13     6.953521E-13     1.571067E-05     2.365196E-25
  1.970000     5.940431E-04     2.880926E-03     4.068828E-13     3.656356E-13     9.875281E-06     6.025685E-26
  1.990000     4.629744E-04     2.245330E-03     2.122616E-13     1.907568E-13     6.110904E-06     1.508838E-26
  2.010000     3.583888E-04     1.738145E-03     1.098651E-13     9.874094E-14     3.722384E-06     3.713414E-27
  2.030000     2.755419E-04     1.336372E-03     5.641993E-14     5.071052E-14     2.231814E-06     8.982472E-28
  2.050000     2.103948E-04     1.020428E-03     2.874666E-14     2.583927E-14     1.316982E-06     2.135540E-28
  2.070000     1.595424E-04     7.738028E-04     1.453190E-14     1.306297E-14     7.648088E-07     4.990068E-29
  2.090000     1.201410E-04     5.827095E-04     7.288458E-15     6.552113E-15     4.370647E-07     1.146014E-29
  2.110000     8.983841E-05     4.357417E-04     3.626813E-15     3.260591E-15     2.457700E-07     2.586756E-30
  2.130000     6.670688E-05     3.235516E-04     1.790561E-15     1.609849E-15     1.359799E-07     5.738538E-31
  2.150000     4.918133E-05     2.385497E-04     8.770523E-16     7.885802E-16     7.402143E-08     1.251195E-31
  2.170000     3.600269E-05     1.746299E-04     4.262190E-16     3.832454E-16     3.964174E-08     2.681174E-32
  2.190000     2.616732E-05     1.269253E-04     2.054988E-16     1.847892E-16     2.088515E-08     5.646754E-33
  2.210000     1.888248E-05     9.159092E-05     9.829992E-17     8.839815E-17     1.082408E-08     1.168812E-33
  2.230000     1.352757E-05     6.561722E-05     4.665121E-17     4.195417E-17     5.518136E-09     2.377722E-34
  2.250000     9.621197E-06     4.666930E-05     2.196529E-17     1.975472E-17     2.767089E-09     4.753852E-35
  2.270000     6.793191E-06     3.295187E-05     1.026062E-17     9.228452E-18     1.364788E-09     9.341079E-36
  2.290000     4.761482E-06     2.309682E-05     4.755234E-18     4.277083E-18     6.620668E-10     1.803904E-36
  2.310000     3.313009E-06     1.607075E-05     2.186401E-18     1.966644E-18     3.158762E-10     3.423679E-37
  2.330000     2.288254E-06     1.109996E-05     9.973464E-19     8.971436E-19     1.482162E-10     6.386081E-38
  2.350000     1.568832E-06     7.610215E-06     4.513562E-19     4.060268E-19     6.839491E-11     1.170674E-38
  2.370000     1.067652E-06     5.179087E-06     2.026508E-19     1.823067E-19     3.103758E-11     2.109096E-39
  2.390000     7.211971E-07     3.498489E-06     9.026758E-20     8.120911E-20     1.385080E-11     3.734340E-40
  2.410000     4.835489E-07     2.345685E-06     3.989040E-20     3.588885E-20     6.078176E-12     6.498112E-41
  2.430000     3.217957E-07     1.561034E-06     1.748867E-20     1.573497E-20     2.622837E-12     1.111258E-41
  2.450000     2.125519E-07     1.031097E-06     7.606692E-21     6.844195E-21     1.112905E-12     1.867651E-42
  2.470000     1.393435E-07     6.759648E-07     3.282347E-21     2.953440E-21     4.643263E-13     3.084810E-43
  2.490000     9.066467E-08     4.398228E-07     1.405146E-21     1.264392E-21     1.904834E-13     5.007391E-44
  2.510000     5.854791E-08     2.840229E-07     5.967680E-22     5.370101E-22     7.683345E-14     7.988107E-45
  2.530000     3.752319E-08     1.820304E-07     2.514409E-22     2.262710E-22     3.047151E-14     1.252346E-45
  2.550000     2.386692E-08     1.157825E-07     1.051021E-22     9.458454E-23     1.188172E-14     1.929531E-46
  2.570000     1.506589E-08     7.308753E-08     4.358436E-23     3.922429E-23     4.555110E-15     2.921628E-47
  2.590000     9.438195E-09     4.578671E-08     1.793053E-23     1.613737E-23     1.716898E-15     4.347532E-48
  2.610000     5.867766E-09     2.846592E-08     7.318087E-24     6.586461E-24     6.362220E-16     6.357761E-49
  2.630000     3.620266E-09     1.756284E-08     2.963078E-24     2.666934E-24     2.317847E-16     9.137096E-50
  2.650000     2.216597E-09     1.075333E-08     1.190224E-24     1.071303E-24     8.301677E-17     1.290487E-50
  2.670000     1.346810E-09     6.533774E-09     4.743005E-25     4.269246E-25     2.923112E-17     1.791182E-51
  2.690000     8.120707E-10     3.939612E-09     1.875067E-25     1.687828E-25     1.011853E-17     2.443236E-52
  2.710000     4.858975E-10     2.357251E-09     7.353893E-26     6.619761E-26     3.443310E-18     3.275139E-53
  2.730000     2.885055E-10     1.399642E-09     2.861241E-26     2.575685E-26     1.151902E-18     4.314512E-54
  2.750000     1.699877E-10     8.246733E-10     1.104402E-26     9.942111E-27     3.788179E-19     5.585608E-55
  2.770000     9.938724E-11     4.821660E-10     4.228973E-27     3.807142E-27     1.224660E-19     7.106328E-56
  2.790000     5.766194E-11     2.797413E-10     1.606485E-27     1.446284E-27     3.891939E-20     8.884952E-57
  2.810000     3.319627E-11     1.610491E-10     6.054131E-28     5.450558E-28     1.215841E-20     1.091690E-57
  2.830000     1.896387E-11     9.200199E-11     2.263390E-28     2.037796E-28     3.733734E-21     1.318186E-58
  2.850000     1.074975E-11     5.215188E-11     8.394577E-29     7.558091E-29     1.127097E-21     1.564181E-59
  2.870000     6.046442E-12     2.933411E-11     3.088654E-29     2.780957E-29     3.344464E-22     1.824019E-60
  2.890000     3.374646E-12     1.637203E-11     1.127379E-29     1.015095E-29     9.755167E-23     2.090271E-61
  2.910000     1.868873E-12     9.066829E-12     4.082258E-30     3.675770E-30     2.796932E-23     2.354000E-62
  2.930000     1.026955E-12     4.982282E-12     1.466425E-30     1.320440E-30     7.882506E-24     2.605193E-63
  2.950000     5.599379E-13     2.716553E-12     5.225734E-31     4.705625E-31     2.183626E-24     2.833364E-64
  2.970000     3.029300E-13     1.469676E-12     1.847406E-31     1.663578E-31     5.945937E-25     3.028261E-65
  2.990000     1.626131E-13     7.889259E-13     6.478949E-32     5.834396E-32     1.591428E-25     3.180621E-66
  3.010000     8.661176E-14     4.202026E-13     2.254099E-32     2.029900E-32     4.186728E-26     3.282898E-67
  3.030000     4.577238E-14     2.220683E-13     7.779776E-33     7.006144E-33     1.082632E-26     3.329886E-68
  3.050000     2.400119E-14     1.164440E-13     2.663706E-33     2.398879E-33     2.751705E-27     3.319152E-69
  3.070000     1.248712E-14     6.058255E-14     9.047530E-34     8.148205E-34     6.874402E-28     3.251248E-70
  3.090000     6.445984E-15     3.127344E-14     3.048580E-34     2.745613E-34     1.688018E-28     3.129664E-71
  3.110000     3.301500E-15     1.601765E-14     1.019034E-34     9.177827E-35     4.074045E-29     2.960528E-72
  3.130000     1.677746E-15     8.139824E-15     3.379110E-35     3.043428E-35     9.664473E-30     2.752100E-73
  3.150000     8.459249E-16     4.104135E-15     1.111574E-35     1.001171E-35     2.253365E-30     2.514098E-74
  3.170000     4.231806E-16     2.053130E-15     3.627405E-36     3.267195E-36     5.163969E-31     2.256952E-75
  3.190000     2.100418E-16     1.019055E-15     1.174289E-36     1.057701E-36     1.163139E-31     1.991061E-76
  3.210000     1.034356E-16     5.018374E-16     3.771155E-37     3.396810E-37     2.574978E-32     1.726108E-77
  3.230000     5.053782E-17     2.451944E-16     1.201418E-37     1.082180E-37     5.602823E-33     1.470525E-78
  3.250000     2.449870E-17     1.188607E-16     3.796936E-38     3.420168E-38     1.198200E-33     1.231110E-79
  3.270000     1.178279E-17     5.716682E-17     1.190397E-38     1.072295E-38     2.518483E-34     1.012842E-80
  3.290000     5.622500E-18     2.727888E-17     3.702277E-39     3.335030E-39     5.202758E-35     8.188520E-82
