  0.010000     9.142453E-02     8.877104E-02     5.853889E-02     6.621089E-02     1.739025E-02     8.112632E-02     3.614940E-02     2.994575E-02     8.533614E-03     5.253380E-02     5.977766E-02     3.554339E-03
  0.030000     9.157523E-02     8.877852E-02     5.839227E-02     6.607896E-02     1.730037E-02     8.111043E-02     3.600788E-02     2.981645E-02     8.484155E-03     5.239203E-02     5.964578E-02     3.541825E-03
  0.050000     9.187130E-02     8.879001E-02     5.809961E-02     6.581496E-02     1.712208E-02     8.107596E-02     3.572651E-02     2.955959E-02     8.386131E-03     5.210927E-02     5.938224E-02     3.516972E-03
  0.070000     9.230222E-02     8.879865E-02     5.766203E-02     6.541867E-02     1.685826E-02     8.101764E-02     3.530861E-02     2.917862E-02     8.241305E-03     5.168712E-02     5.898750E-02     3.480128E-03
  0.090000     9.285260E-02     8.879442E-02     5.708129E-02     6.488980E-02     1.651316E-02     8.092778E-02     3.475911E-02     2.867860E-02     8.052252E-03     5.112795E-02     5.846227E-02     3.431802E-03
  0.110000     9.350248E-02     8.876447E-02     5.635976E-02     6.422817E-02     1.609224E-02     8.079649E-02     3.408437E-02     2.806608E-02     7.822281E-03     5.043493E-02     5.780764E-02     3.372653E-03
  0.130000     9.422796E-02     8.869347E-02     5.550050E-02     6.343376E-02     1.560203E-02     8.061201E-02     3.329213E-02     2.734899E-02     7.555334E-03     4.961205E-02     5.702509E-02     3.303469E-03
  0.150000     9.500175E-02     8.856413E-02     5.450732E-02     6.250691E-02     1.504996E-02     8.036111E-02     3.239132E-02     2.653639E-02     7.255873E-03     4.866410E-02     5.611657E-02     3.225153E-03
  0.170000     9.579389E-02     8.835772E-02     5.338478E-02     6.144845E-02     1.444415E-02     8.002947E-02     3.139188E-02     2.563833E-02     6.928749E-03     4.759665E-02     5.508466E-02     3.138694E-03
  0.190000     9.657255E-02     8.805464E-02     5.213828E-02     6.025987E-02     1.379324E-02     7.960220E-02     3.030459E-02     2.466560E-02     6.579071E-03     4.641609E-02     5.393257E-02     3.045151E-03
  0.210000     9.730482E-02     8.763510E-02     5.077405E-02     5.894347E-02     1.310613E-02     7.906428E-02     2.914089E-02     2.362953E-02     6.212069E-03     4.512959E-02     5.266430E-02     2.945621E-03
  0.230000     9.795755E-02     8.707970E-02     4.929923E-02     5.750252E-02     1.239179E-02     7.840112E-02     2.791262E-02     2.254173E-02     5.832963E-03     4.374503E-02     5.128466E-02     2.841221E-03
  0.250000     9.849821E-02     8.637008E-02     4.772181E-02     5.594135E-02     1.165908E-02     7.759903E-02     2.663187E-02     2.141391E-02     5.446840E-03     4.227105E-02     4.979937E-02     2.733063E-03
  0.270000     9.889571E-02     8.548954E-02     4.605067E-02     5.426549E-02     1.091655E-02     7.664571E-02     2.531075E-02     2.025763E-02     5.058544E-03     4.071692E-02     4.821506E-02     2.622233E-03
  0.290000     9.912114E-02     8.442361E-02     4.429552E-02     5.248172E-02     1.017230E-02     7.553071E-02     2.396126E-02     1.908415E-02     4.672583E-03     3.909250E-02     4.653935E-02     2.509770E-03
  0.310000     9.914855E-02     8.316054E-02     4.246682E-02     5.059806E-02     9.433823E-03     7.424585E-02     2.259503E-02     1.790422E-02     4.293047E-03     3.740816E-02     4.478076E-02     2.396656E-03
  0.330000     9.895551E-02     8.169174E-02     4.057575E-02     4.862383E-02     8.707909E-03     7.278554E-02     2.122324E-02     1.672795E-02     3.923558E-03     3.567472E-02     4.294874E-02     2.283794E-03
  0.350000     9.852370E-02     8.001216E-02     3.863406E-02     4.656952E-02     8.000573E-03     7.114708E-02     1.985645E-02     1.556468E-02     3.567222E-03     3.390328E-02     4.105358E-02     2.172006E-03
  0.370000     9.783933E-02     7.812051E-02     3.665396E-02     4.444677E-02     7.316997E-03     6.933085E-02     1.850450E-02     1.442291E-02     3.226617E-03     3.210516E-02     3.910631E-02     2.062022E-03
  0.390000     9.689338E-02     7.601941E-02     3.464797E-02     4.226815E-02     6.661510E-03     6.734043E-02     1.717639E-02     1.331017E-02     2.903785E-03     3.029174E-02     3.711858E-02     1.954475E-03
  0.410000     9.568186E-02     7.371545E-02     3.262876E-02     4.004708E-02     6.037589E-03     6.518261E-02     1.588026E-02     1.223306E-02     2.600250E-03     2.847434E-02     3.510253E-02     1.849904E-03
  0.430000     9.420581E-02     7.121906E-02     3.060900E-02     3.779758E-02     5.447883E-03     6.286732E-02     1.462328E-02     1.119716E-02     2.317043E-03     2.666409E-02     3.307063E-02     1.748752E-03
  0.450000     9.247119E-02     6.854440E-02     2.860116E-02     3.553403E-02     4.894258E-03     6.040750E-02     1.341165E-02     1.020706E-02     2.054737E-03     2.487177E-02     3.103547E-02     1.651369E-03
  0.470000     9.048874E-02     6.570899E-02     2.661733E-02     3.327100E-02     4.377849E-03     5.781882E-02     1.225061E-02     9.266396E-03     1.813499E-03     2.310770E-02     2.900959E-02     1.558022E-03
  0.490000     8.827356E-02     6.273337E-02     2.466907E-02     3.102293E-02     3.899133E-03     5.511934E-02     1.114442E-02     8.377878E-03     1.593133E-03     2.138159E-02     2.700528E-02     1.468897E-03
  0.510000     8.584475E-02     5.964064E-02     2.276723E-02     2.880392E-02     3.458002E-03     5.232917E-02     1.009637E-02     7.543337E-03     1.393142E-03     1.970245E-02     2.503442E-02     1.384110E-03
  0.530000     8.322485E-02     5.645588E-02     2.092180E-02     2.662746E-02     3.053843E-03     4.947000E-02     9.108872E-03     6.763803E-03     1.212777E-03     1.807844E-02     2.310822E-02     1.303710E-03
  0.550000     8.043921E-02     5.320562E-02     1.914181E-02     2.450626E-02     2.685618E-03     4.656457E-02     8.183459E-03     6.039568E-03     1.051094E-03     1.651683E-02     2.123712E-02     1.227695E-03
  0.570000     7.751540E-02     4.991718E-02     1.743516E-02     2.245195E-02     2.351946E-03     4.363624E-02     7.320866E-03     5.370265E-03     9.070003E-04     1.502388E-02     1.943061E-02     1.156015E-03
  0.590000     7.448245E-02     4.661809E-02     1.580859E-02     2.047500E-02     2.051173E-03     4.070841E-02     6.521088E-03     4.754954E-03     7.793048E-04     1.360482E-02     1.769707E-02     1.088580E-03
  0.610000     7.137018E-02     4.333547E-02     1.426760E-02     1.858450E-02     1.781445E-03     3.780401E-02     5.783458E-03     4.192193E-03     6.667562E-04     1.226380E-02     1.604372E-02     1.025270E-03
  0.630000     6.820849E-02     4.009543E-02     1.281643E-02     1.678811E-02     1.540770E-03     3.494508E-02     5.106717E-03     3.680127E-03     5.680800E-04     1.100390E-02     1.447650E-02     9.659402E-04
  0.650000     6.502671E-02     3.692256E-02     1.145803E-02     1.509193E-02     1.327076E-03     3.215225E-02     4.489093E-03     3.216557E-03     4.820079E-04     9.827112E-03     1.300005E-02     9.104279E-04
  0.670000     6.185294E-02     3.383944E-02     1.019413E-02     1.350052E-02     1.138256E-03     2.944440E-02     3.928379E-03     2.799018E-03     4.073021E-04     8.734392E-03     1.161768E-02     8.585569E-04
  0.690000     5.871354E-02     3.086628E-02     9.025263E-03     1.201688E-02     9.722132E-04     2.683832E-02     3.422005E-03     2.424843E-03     3.427747E-04     7.725712E-03     1.033138E-02     8.101428E-04
  0.710000     5.563261E-02     2.802059E-02     7.950830E-03     1.064250E-02     8.268906E-04     2.434849E-02     2.967119E-03     2.091231E-03     2.873018E-04     6.800117E-03     9.141914E-03     7.649963E-04
  0.730000     5.263165E-02     2.531698E-02     6.969212E-03     9.377441E-03     7.003009E-04     2.198685E-02     2.560653E-03     1.795298E-03     2.398329E-04     5.955817E-03     8.048826E-03     7.229266E-04
  0.750000     4.972920E-02     2.276700E-02     6.077868E-03     8.220419E-03     5.905460E-04     1.976275E-02     2.199391E-03     1.534131E-03     1.993971E-04     5.190277E-03     7.050580E-03     6.837437E-04
  0.770000     4.694069E-02     2.037917E-02     5.273457E-03     7.168965E-03     4.958329E-04     1.768292E-02     1.880031E-03     1.304833E-03     1.651062E-04     4.500323E-03     6.144653E-03     6.472606E-04
  0.790000     4.427835E-02     1.815897E-02     4.551967E-03     6.219552E-03     4.144837E-04     1.575152E-02     1.599242E-03     1.104558E-03     1.361549E-04     3.882247E-03     5.327667E-03     6.132944E-04
  0.810000     4.175116E-02     1.610900E-02     3.908842E-03     5.367759E-03     3.449422E-04     1.397025E-02     1.353713E-03     9.305474E-04     1.118189E-04     3.331919E-03     4.595522E-03     5.816675E-04
  0.830000     3.936500E-02     1.422920E-02     3.339120E-03     4.608438E-03     2.857767E-04     1.233855E-02     1.140196E-03     7.801546E-04     9.145177E-05     2.844898E-03     3.943543E-03     5.522086E-04
  0.850000     3.712274E-02     1.251707E-02     2.837553E-03     3.935879E-03     2.356801E-04     1.085381E-02     9.555493E-04     6.508661E-04     7.448067E-05     2.416536E-03     3.366610E-03     5.247529E-04
  0.870000     3.502454E-02     1.096795E-02     2.398731E-03     3.343977E-03     1.934674E-04     9.511606E-03     7.967612E-04     5.403178E-04     6.040133E-05     2.042076E-03     2.859305E-03     4.991428E-04
  0.890000     3.306806E-02     9.575408E-03     2.017194E-03     2.826381E-03     1.580719E-04     8.306010E-03     6.609804E-04     4.463062E-04     4.877251E-05     1.716745E-03     2.416034E-03     4.752276E-04
  0.910000     3.124886E-02     8.331504E-03     1.687528E-03     2.376643E-03     1.285395E-04     7.229862E-03     5.455327E-04     3.667958E-04     3.921044E-05     1.435835E-03     2.031149E-03     4.528639E-04
  0.930000     2.956067E-02     7.227176E-03     1.404452E-03     1.988344E-03     1.040226E-04     6.275060E-03     4.479345E-04     2.999212E-04     3.138320E-05     1.194770E-03     1.699054E-03     4.319159E-04
  0.950000     2.799577E-02     6.252548E-03     1.162888E-03     1.655204E-03     8.377274E-05     5.432850E-03     3.659008E-04     2.439881E-04     2.500526E-05     9.891684E-04     1.414294E-03     4.122545E-04
  0.970000     2.654538E-02     5.397244E-03     9.580243E-04     1.371174E-03     6.713343E-05     4.694081E-03     2.973482E-04     1.974691E-04     1.983232E-05     8.148838E-04     1.171632E-03     3.937581E-04
  0.990000     2.519996E-02     4.650671E-03     7.853517E-04     1.130517E-03     5.353213E-05     4.049450E-03     2.403940E-04     1.589985E-04     1.565646E-05     6.680448E-04     9.661118E-04     3.763121E-04
  1.010000     2.394954E-02     4.002264E-03     6.407000E-04     9.278556E-04     4.247282E-05     3.489712E-03     1.933515E-04     1.273649E-04     1.230159E-05     5.450758E-04     7.931015E-04     3.598088E-04
  1.030000     2.278404E-02     3.441706E-03     5.202534E-04     7.582199E-04     3.352842E-05     3.005859E-03     1.547224E-04     1.015019E-04     9.619417E-06     4.427112E-04     6.483253E-04     3.441477E-04
  1.050000     2.169349E-02     2.959093E-03     4.205589E-04     6.170659E-04     2.633350E-05     2.589269E-03     1.231870E-04     8.047803E-05     7.485643E-06     3.580003E-04     5.278818E-04     3.292347E-04
  1.070000     2.066829E-02     2.545078E-03     3.385239E-04     5.002879E-04     2.057740E-05     2.231817E-03     9.759241E-05     6.348605E-05     5.796665E-06     2.883036E-04     4.282499E-04     3.149828E-04
  1.090000     1.969938E-02     2.190966E-03     2.714065E-04     4.042151E-04     1.599765E-05     1.925959E-03     7.693974E-05     4.983154E-05     4.466579E-06     2.312838E-04     3.462860E-04     3.013120E-04
  1.110000     1.877839E-02     1.888780E-03     2.167995E-04     3.255999E-04     1.237399E-05     1.664786E-03     6.037057E-05     3.892176E-05     3.424538E-06     1.848906E-04     2.792117E-04     2.881487E-04
  1.130000     1.789774E-02     1.631294E-03     1.726094E-04     2.615981E-04     9.522724E-06     1.442048E-03     4.715304E-05     3.025458E-05     2.612439E-06     1.473426E-04     2.245960E-04     2.754264E-04
  1.150000     1.705075E-02     1.412045E-03     1.370325E-04     2.097425E-04     7.291710E-06     1.252162E-03     3.666822E-05     2.340787E-05     1.982894E-06     1.171062E-04     1.803319E-04     2.630857E-04
  1.170000     1.623163E-02     1.225314E-03     1.085287E-04     1.679135E-04     5.555734E-06     1.090196E-03     2.839676E-05     1.802935E-05     1.497476E-06     9.287257E-05     1.446106E-04     2.510740E-04
  1.190000     1.543556E-02     1.066102E-03     8.579472E-05     1.343066E-04     4.212454E-06     9.518423E-04     2.190631E-05     1.382733E-05     1.125205E-06     7.353487E-05     1.158933E-04     2.393459E-04
  1.210000     1.465863E-02     9.300775E-04     6.773692E-05     1.073994E-04     3.178774E-06     8.333759E-04     1.683972E-05     1.056201E-05     8.412543E-07     5.816484E-05     9.288242E-05     2.278632E-04
  1.230000     1.389784E-02     8.135303E-04     5.344558E-05     8.591849E-05     2.387688E-06     7.316084E-04     1.290422E-05     8.037764E-06     6.258466E-07     4.599061E-05     7.449331E-05     2.165951E-04
  1.250000     1.315103E-02     7.133093E-04     4.217006E-05     6.880772E-05     1.785525E-06     6.438366E-04     9.861646E-06     6.096153E-06     4.633236E-07     3.637550E-05     5.982675E-05     2.055177E-04
  1.270000     1.241684E-02     6.267628E-04     3.329594E-05     5.519835E-05     1.329593E-06     5.677890E-04     7.519701E-06     4.609805E-06     3.413651E-07     2.879857E-05     4.814339E-05     1.946146E-04
  1.290000     1.169465E-02     5.516770E-04     2.632422E-05     4.438131E-05     9.861596E-07     5.015723E-04     5.724272E-06     3.477063E-06     2.503380E-07     2.283682E-05     3.883997E-05     1.838762E-04
  1.310000     1.098444E-02     4.862174E-04     2.085262E-05     3.578222E-05     7.287578E-07     4.436204E-04     4.352743E-06     2.617371E-06     1.827581E-07     1.814934E-05     3.142798E-05     1.733000E-04
  1.330000     1.028678E-02     4.288737E-04     1.655920E-05     2.893909E-05     5.367583E-07     3.926463E-04     3.308251E-06     1.967348E-06     1.328474E-07     1.446333E-05     2.551459E-05     1.628896E-04
  1.350000     9.602660E-03     3.784088E-04     1.318804E-05     2.348283E-05     3.941918E-07     3.475980E-04     2.514805E-06     1.477466E-06     9.617420E-08     1.156193E-05     2.078601E-05     1.526546E-04
  1.370000     8.933474E-03     3.338128E-04     1.053699E-05     1.912032E-05     2.887787E-07     3.076187E-04     1.913188E-06     1.109285E-06     6.936071E-08     9.273861E-06     1.699306E-05     1.426097E-04
  1.390000     8.280865E-03     2.942633E-04     8.447300E-06     1.562008E-05     2.111384E-07     2.720119E-04     1.457554E-06     8.331649E-07     4.984925E-08     7.464582E-06     1.393895E-05     1.327745E-04
  1.410000     7.646663E-03     2.590898E-04     6.794955E-06     1.280014E-05     1.541516E-07     2.402111E-04     1.112621E-06     6.263962E-07     3.571539E-08     6.028970E-06     1.146894E-05     1.231718E-04
  1.430000     7.032791E-03     2.277444E-04     5.483501E-06     1.051799E-05     1.124490E-07     2.117541E-04     8.513976E-07     4.716810E-07     2.552031E-08     4.885228E-06     9.461805E-06     1.138276E-04
  1.450000     6.441177E-03     1.997763E-04     4.438186E-06     8.662331E-06     8.200631E-08     1.862613E-04     6.533391E-07     3.559190E-07     1.819503E-08     3.969920E-06     7.822799E-06     1.047692E-04
  1.470000     5.873683E-03     1.748114E-04     3.601220E-06     7.146335E-06     5.982463E-08     1.634174E-04     5.028834E-07     2.692397E-07     1.295021E-08     3.233967E-06     6.477954E-06     9.602472E-05
  1.490000     5.332034E-03     1.525352E-04     2.927990E-06     5.902281E-06     4.368202E-08     1.429579E-04     3.882901E-07     2.042408E-07     9.206483E-09     2.639428E-06     5.369498E-06     8.762192E-05
  1.510000     4.817759E-03     1.326799E-04     2.384050E-06     4.877258E-06     3.194069E-08     1.246564E-04     3.007310E-07     1.553934E-07     6.541072E-09     2.156970E-06     4.452216E-06     7.958712E-05
  1.530000     4.332140E-03     1.150132E-04     1.942767E-06     4.029792E-06     2.339932E-08     1.083163E-04     2.335834E-07     1.185816E-07     4.647197E-09     1.763865E-06     3.690591E-06     7.194436E-05
  1.550000     3.876177E-03     9.933076E-05     1.583485E-06     3.327213E-06     1.718053E-08     9.376355E-05     1.818864E-07     9.074864E-08     3.303415E-09     1.442444E-06     3.056567E-06     6.471448E-05
  1.570000     3.450562E-03     8.544952E-05     1.290113E-06     2.743617E-06     1.264592E-08     8.084155E-05     1.419251E-07     6.962844E-08     2.350676E-09     1.178903E-06     2.527829E-06     5.791451E-05
  1.590000     3.055658E-03     7.320349E-05     1.050041E-06     2.258309E-06     9.332416E-09     6.940713E-05     1.109146E-07     5.354146E-08     1.675257E-09     9.623856E-07     2.086478E-06     5.155708E-05
  1.610000     2.691503E-03     6.244036E-05     8.533157E-07     1.854607E-06     6.904894E-09     5.932795E-05     8.676344E-08     4.124234E-08     1.196173E-09     7.842893E-07     1.718023E-06     4.565008E-05
  1.630000     2.357810E-03     5.301919E-05     6.920176E-07     1.518941E-06     5.121177E-09     5.048063E-05     6.789518E-08     3.180600E-08     8.559522E-10     6.377409E-07     1.410623E-06     4.019643E-05
  1.650000     2.053987E-03     4.480888E-05     5.597943E-07     1.240174E-06     3.806355E-09     4.274948E-05     5.311660E-08     2.454329E-08     6.139231E-10     5.172000E-07     1.154510E-06     3.519411E-05
  1.670000     1.779158E-03     3.768715E-05     4.515066E-07     1.009086E-06     2.834041E-09     3.602581E-05     4.151953E-08     1.893885E-08     4.413633E-10     4.181627E-07     9.415521E-07     3.063627E-05
  1.690000     1.532198E-03     3.153992E-05     3.629645E-07     8.179838E-07     2.112782E-09     3.020745E-05     3.240861E-08     1.460537E-08     3.180151E-10     3.369383E-07     7.649348E-07     2.651155E-05
  1.710000     1.311765E-03     2.626091E-05     2.907283E-07     6.604140E-07     1.576248E-09     2.519861E-05     2.524796E-08     1.125020E-08     2.295970E-10     2.704815E-07     6.189071E-07     2.280449E-05
  1.730000     1.116342E-03     2.175149E-05     2.319577E-07     5.309331E-07     1.176170E-09     2.090981E-05     1.962192E-08     8.650915E-09     1.660355E-10     2.162653E-07     4.985956E-07     1.949607E-05
  1.750000     9.442784E-04     1.792045E-05     1.842971E-07     4.249368E-07     8.772884E-10     1.725781E-05     1.520610E-08     6.637452E-09     1.202161E-10     1.721839E-07     3.998577E-07     1.656431E-05
  1.770000     7.938293E-04     1.468396E-05     1.457873E-07     3.385237E-07     6.537239E-10     1.416569E-05     1.174592E-08     5.079031E-09     8.710315E-11     1.364776E-07     3.191676E-07     1.398492E-05
  1.790000     6.631983E-04     1.196544E-05     1.147961E-07     2.683873E-07     4.863958E-10     1.156280E-05     9.040656E-09     3.874566E-09     6.312152E-11     1.076741E-07     2.535236E-07     1.173194E-05
  1.810000     5.505734E-04     9.695356E-06     8.996308E-08     2.117280E-07     3.611657E-10     9.384703E-06     6.931462E-09     2.945575E-09     4.572446E-11     8.454127E-08     2.003743E-07     9.778399E-06
  1.830000     4.541619E-04     7.811040E-06     7.015586E-08     1.661805E-07     2.675096E-10     7.573056E-06     5.292318E-09     2.230909E-09     3.309038E-11     6.604933E-08     1.575552E-07     8.096949E-06
  1.850000     3.722196E-04     6.256429E-06     5.443340E-08     1.297521E-07     1.975613E-10     6.075437E-06     4.023106E-09     1.682811E-09     2.391103E-11     5.133948E-08     1.232365E-07     6.660393E-06
  1.870000     3.030763E-04     4.981737E-06     4.201593E-08     1.007702E-07     1.454206E-10     4.845115E-06     3.044262E-09     1.263926E-09     1.724294E-11     3.969765E-08     9.587686E-08     5.442195E-06
  1.890000     2.451553E-04     3.943097E-06     3.225966E-08     7.783766E-08     1.066503E-10     3.840756E-06     2.292604E-09     9.450315E-10     1.240306E-11     3.053233E-08     7.418446E-08     4.416894E-06
  1.910000     1.969885E-04     3.102155E-06     2.463528E-08     5.979228E-08     7.790717E-11     3.026097E-06     1.718037E-09     7.032748E-10     8.895199E-12     2.335567E-08     5.708156E-08     3.560434E-06
  1.930000     1.572264E-04     2.425647E-06     1.870962E-08     4.567303E-08     5.667029E-11     2.369580E-06     1.280946E-09     5.208160E-10     6.357921E-12     1.776728E-08     4.367415E-08     2.850413E-06
  1.950000     1.246441E-04     1.884948E-06     1.413004E-08     3.468947E-08     4.103867E-11     1.843962E-06     9.500991E-10     3.837592E-10     4.527386E-12     1.344025E-08     3.322484E-08     2.266256E-06
  1.970000     9.814238E-05     1.455626E-06     1.061100E-08     2.619535E-08     2.958016E-11     1.425923E-06     7.009655E-10     2.813134E-10     3.210778E-12     1.010918E-08     2.512914E-08     1.789308E-06
  1.990000     7.674650E-05     1.116995E-06     7.922637E-09     1.966560E-08     2.121768E-11     1.095661E-06     5.143624E-10     2.051290E-10     2.267129E-12     7.559839E-09     1.889453E-08     1.402866E-06
  2.010000     5.960149E-05     8.516804E-07     5.881000E-09     1.467628E-08     1.514313E-11     8.364993E-07     3.753578E-10     1.487724E-10     1.593430E-12     5.620378E-09     1.412238E-08     1.092152E-06
  2.030000     4.596557E-05     6.452090E-07     4.339804E-09     1.088731E-08     1.075207E-11     6.345108E-07     2.723879E-10     1.073083E-10     1.114500E-12     4.153790E-09     1.049213E-08     8.442440E-07
  2.050000     3.520194E-05     4.856215E-07     3.183445E-09     8.027736E-09     7.594032E-12     4.781586E-07     1.965446E-10     7.697004E-11     7.755849E-13     3.051550E-09     7.747747E-09     6.479690E-07
  2.070000     2.676955E-05     3.631159E-07     2.321160E-09     5.883103E-09     5.334674E-12     3.579654E-07     1.410045E-10     5.489737E-11     5.369100E-13     2.228259E-09     5.686123E-09     4.937712E-07
  2.090000     2.021340E-05     2.697241E-07     1.682156E-09     4.284839E-09     3.726960E-12     2.662096E-07     1.005710E-10     3.893048E-11     3.696803E-13     1.617163E-09     4.147250E-09     3.735662E-07
  2.110000     1.515462E-05     1.990213E-07     1.211590E-09     3.101361E-09     2.589247E-12     1.966520E-07     7.131025E-11     2.744768E-11     2.531284E-13     1.166431E-09     3.005955E-09     2.805857E-07
  2.130000     1.128089E-05     1.458692E-07     8.672586E-10     2.230672E-09     1.788662E-12     1.442926E-07     5.026238E-11     1.923845E-11     1.723409E-13     8.360973E-10     2.165005E-09     2.092214E-07
  2.150000     8.337173E-06     1.061919E-07     6.169089E-10     1.594268E-09     1.228532E-12     1.051578E-07     3.521439E-11     1.340466E-11     1.166588E-13     5.955574E-10     1.549409E-09     1.548733E-07
  2.170000     6.117276E-06     7.678279E-08     4.360638E-10     1.132157E-09     8.389150E-13     7.611507E-08     2.452215E-11     9.284038E-12     7.850222E-14     4.215377E-10     1.101748E-09     1.138059E-07
  2.190000     4.456026E-06     5.513943E-08     3.062763E-10     7.988221E-10     5.695011E-13     5.471592E-08     1.697205E-11     6.391292E-12     5.250959E-14     2.964649E-10     7.783680E-10     8.301560E-08
  2.210000     3.222366E-06     3.932498E-08     2.137420E-10     5.599772E-10     3.843178E-13     3.906186E-08     1.167413E-11     4.373080E-12     3.490989E-14     2.071633E-10     5.463285E-10     6.011047E-08
  2.230000     2.313277E-06     2.785258E-08     1.482035E-10     3.899845E-10     2.577990E-13     2.769309E-08     7.980087E-12     2.973792E-12     2.306614E-14     1.438249E-10     3.809506E-10     4.320418E-08
  2.250000     1.648520E-06     1.959009E-08     1.020937E-10     2.698120E-10     1.718873E-13     1.949632E-08     5.420782E-12     2.009723E-12     1.514553E-14     9.920134E-11     2.638820E-10     3.082314E-08
  2.270000     1.166175E-06     1.368251E-08     6.987028E-11     1.854356E-10     1.139086E-13     1.362955E-08     3.659040E-12     1.349719E-12     9.882002E-15     6.797412E-11     1.815759E-10     2.182701E-08
  2.290000     8.188901E-07     9.489387E-09     4.750286E-11     1.265974E-10     7.502380E-14     9.461117E-09     2.454162E-12     9.007656E-13     6.406590E-15     4.626937E-11     1.241069E-10     1.534154E-08
  2.310000     5.707813E-07     6.534897E-09     3.208210E-11     8.584955E-11     4.910791E-14     6.521107E-09     1.635502E-12     5.973401E-13     4.126695E-15     3.128595E-11     8.425686E-11     1.070268E-08
  2.330000     3.948993E-07     4.468414E-09     2.152304E-11     5.782504E-11     3.194441E-14     4.462768E-09     1.082908E-12     3.935990E-13     2.640856E-15     2.101326E-11     5.681579E-11     7.410657E-09
  2.350000     2.711855E-07     3.033673E-09     1.434252E-11     3.868493E-11     2.064960E-14     3.032342E-09     7.123730E-13     2.576857E-13     1.678915E-15     1.401874E-11     3.805141E-11     5.092772E-09
  2.370000     1.848422E-07     2.044898E-09     9.493184E-12     2.570394E-11     1.326430E-14     2.045643E-09     4.655651E-13     1.676150E-13     1.060304E-15     9.289219E-12     2.531014E-11     3.473582E-09
  2.390000     1.250494E-07     1.368515E-09     6.240890E-12     1.696187E-11     8.466349E-15     1.370085E-09     3.022691E-13     1.083189E-13     6.651615E-16     6.113479E-12     1.671956E-11     2.351363E-09
  2.410000     8.396541E-08     9.092649E-10     4.074871E-12     1.111601E-11     5.369469E-15     9.110013E-10     1.949534E-13     6.954198E-14     4.144735E-16     3.995961E-12     1.096850E-11     1.579698E-09
  2.430000     5.595635E-08     5.997672E-10     2.642403E-12     7.234541E-12     3.383564E-15     6.013581E-10     1.249037E-13     4.435325E-14     2.565185E-16     2.593956E-12     7.145728E-12     1.053256E-09
  2.450000     3.701018E-08     3.927492E-10     1.701717E-12     4.675688E-12     2.118411E-15     3.940751E-10     7.948988E-14     2.810110E-14     1.576786E-16     1.672239E-12     4.622844E-12     6.969373E-10
  2.470000     2.429455E-08     2.553156E-10     1.088341E-12     3.000813E-12     1.317725E-15     2.563576E-10     5.024874E-14     1.768581E-14     9.625869E-17     1.070567E-12     2.969763E-12     4.576644E-10
  2.490000     1.582724E-08     1.647627E-10     6.912220E-13     1.912397E-12     8.143356E-16     1.655482E-10     3.155008E-14     1.105645E-14     5.835819E-17     6.806071E-13     1.894398E-12     2.982556E-10
  2.510000     1.023303E-08     1.055479E-10     4.359458E-13     1.210181E-12     4.999575E-16     1.061218E-10     1.967539E-14     6.865631E-15     3.513507E-17     4.296675E-13     1.199900E-12     1.928914E-10
  2.530000     6.565976E-09     6.711816E-11     2.730214E-13     7.604016E-13     3.049302E-16     6.752686E-11     1.218653E-14     4.234529E-15     2.100584E-17     2.693453E-13     7.546239E-13     1.237983E-10
  2.550000     4.181041E-09     4.236637E-11     1.697844E-13     4.743998E-13     1.847535E-16     4.265126E-11     7.496472E-15     2.594035E-15     1.247048E-17     1.676543E-13     4.712122E-13     7.884768E-11
  2.570000     2.642128E-09     2.654509E-11     1.048392E-13     2.938617E-13     1.111982E-16     2.674003E-11     4.579739E-15     1.578262E-15     7.351137E-18     1.036184E-13     2.921402E-13     4.983460E-11
  2.590000     1.656922E-09     1.650899E-11     6.427805E-14     1.807288E-13     6.648184E-17     1.664019E-11     2.778554E-15     9.536781E-16     4.302683E-18     6.358638E-14     1.798225E-13     3.125620E-11
  2.610000     1.031155E-09     1.019112E-11     3.912944E-14     1.103537E-13     3.948182E-17     1.027810E-11     1.674089E-15     5.723098E-16     2.500479E-18     3.874229E-14     1.098914E-13     1.945361E-11
  2.630000     6.368156E-10     6.244250E-12     2.365024E-14     6.689772E-14     2.328996E-17     6.301124E-12     1.001632E-15     3.410788E-16     1.442753E-18     2.343633E-14     6.667154E-14     1.201486E-11
  2.650000     3.902717E-10     3.797418E-12     1.419213E-14     4.026151E-14     1.364603E-17     3.834127E-12     5.951075E-16     2.018648E-16     8.264812E-19     1.407559E-14     4.015726E-14     7.363553E-12
  2.670000     2.373444E-10     2.292128E-12     8.455315E-15     2.405545E-14     7.941444E-18     2.315533E-12     3.510988E-16     1.186415E-16     4.700380E-19     8.392789E-15     2.401181E-14     4.478191E-12
  2.690000     1.432336E-10     1.373170E-12     5.001175E-15     1.426830E-14     4.590260E-18     1.387921E-12     2.056832E-16     6.924238E-17     2.653872E-19     4.968195E-15     1.425324E-14     2.702467E-12
  2.710000     8.577500E-11     8.164667E-13     2.936734E-15     8.401503E-15     2.635176E-18     8.256596E-13     1.196445E-16     4.012871E-17     1.487517E-19     2.919673E-15     8.398876E-15     1.618293E-12
  2.730000     5.097085E-11     4.818084E-13     1.711979E-15     4.910875E-15     1.502472E-18     4.874763E-13     6.910364E-17     2.309274E-17     8.276900E-20     1.703350E-15     4.912911E-15     9.615881E-13
  2.750000     3.005552E-11     2.821797E-13     9.907502E-16     2.849504E-15     8.507802E-19     2.856380E-13     3.962899E-17     1.319539E-17     4.571792E-20     9.865033E-16     2.852714E-15     5.669608E-13
  2.770000     1.758588E-11     1.640161E-13     5.691846E-16     1.641270E-15     4.784465E-19     1.661049E-13     2.256416E-17     7.486618E-18     2.506731E-20     5.671653E-16     1.644263E-15     3.317000E-13
  2.790000     1.021028E-11     9.461303E-14     3.246062E-16     9.383886E-16     2.672051E-19     9.586220E-14     1.275586E-17     4.217503E-18     1.364337E-20     3.236897E-16     9.407401E-16     1.925588E-13
  2.810000     5.882219E-12     5.416430E-14     1.837667E-16     5.325616E-16     1.481979E-19     5.490413E-14     7.159384E-18     2.358968E-18     7.370860E-21     1.833783E-16     5.342518E-16     1.109184E-13
  2.830000     3.362568E-12     3.077284E-14     1.032703E-16     3.000086E-16     8.162376E-20     3.120686E-14     3.989398E-18     1.310014E-18     3.952650E-21     1.031239E-16     3.011569E-16     6.339618E-14
  2.850000     1.907322E-12     1.735039E-14     5.760693E-17     1.677517E-16     4.464359E-20     1.760262E-14     2.206969E-18     7.222844E-19     2.103892E-21     5.756452E-17     1.685012E-16     3.595331E-14
  2.870000     1.073487E-12     9.708066E-15     3.189754E-17     9.310278E-17     2.424717E-20     9.853307E-15     1.212087E-18     3.953756E-19     1.111513E-21     3.189536E-17     9.357703E-17     2.023151E-14
  2.890000     5.994959E-13     5.390551E-15     1.753135E-17     5.128776E-17     1.307717E-20     5.473424E-15     6.608629E-19     2.148682E-19     5.828457E-22     1.754164E-17     5.158046E-17     1.129610E-14
  2.910000     3.321919E-13     2.970338E-15     9.564064E-18     2.804230E-17     7.003393E-21     3.017200E-15     3.577017E-19     1.159276E-19     3.033422E-22     9.575810E-18     2.821916E-17     6.258020E-15
  2.930000     1.826428E-13     1.624225E-15     5.178828E-18     1.521793E-17     3.724237E-21     1.650488E-15     1.922006E-19     6.209343E-20     1.566912E-22     5.188444E-18     1.532286E-17     3.439941E-15
  2.950000     9.963771E-14     8.813522E-16     2.783401E-18     8.196603E-18     1.966490E-21     8.959412E-16     1.025192E-19     3.301722E-20     8.033068E-23     2.790284E-18     8.257829E-18     1.876153E-15
  2.970000     5.393241E-14     4.745824E-16     1.484803E-18     4.381694E-18     1.031013E-21     4.826158E-16     5.428306E-20     1.742866E-20     4.087301E-23     1.489371E-18     4.416890E-18     1.015281E-15
  2.990000     2.896531E-14     2.535879E-16     7.861481E-19     2.324740E-18     5.367178E-22     2.579730E-16     2.853154E-20     9.132887E-21     2.063969E-23     7.890319E-19     2.344694E-18     5.451329E-16
  3.010000     1.543499E-14     1.344608E-16     4.131201E-19     1.224123E-18     2.774149E-22     1.368339E-16     1.488609E-20     4.750790E-21     1.034367E-23     4.148751E-19     1.235290E-18     2.904121E-16
  3.030000     8.160777E-15     7.074730E-17     2.154661E-19     6.397177E-19     1.423665E-22     7.202051E-17     7.709459E-21     2.453183E-21     5.144525E-24     2.165038E-19     6.458913E-19     1.535045E-16
  3.050000     4.281062E-15     3.693744E-17     1.115337E-19     3.317869E-19     7.253908E-23     3.761473E-17     3.963220E-21     1.257458E-21     2.539268E-24     1.121330E-19     3.351603E-19     8.050433E-17
  3.070000     2.228250E-15     1.913652E-17     5.729976E-20     1.707782E-19     3.669571E-23     1.949375E-17     2.022306E-21     6.398080E-22     1.243824E-24     5.763889E-20     1.726009E-19     4.188968E-17
  3.090000     1.150711E-15     9.837728E-18     2.921549E-20     8.723740E-20     1.843020E-23     1.002456E-17     1.024268E-21     3.231409E-22     6.046311E-25     2.940402E-20     8.821167E-20     2.162631E-17
  3.110000     5.895992E-16     5.018326E-18     1.478366E-20     4.422475E-20     9.189863E-24     5.115215E-18     5.149231E-22     1.619996E-22     2.916744E-25     1.488681E-20     4.474008E-20     1.107755E-17
  3.130000     2.997320E-16     2.540106E-18     7.424282E-21     2.224926E-20     4.549303E-24     2.589932E-18     2.569372E-22     8.061376E-23     1.396295E-25     7.479893E-21     2.251907E-20     5.629743E-18
  3.150000     1.511796E-16     1.275764E-18     3.700201E-21     1.110832E-20     2.235786E-24     1.301174E-18     1.272512E-22     3.981730E-23     6.633186E-26     3.729779E-21     1.124819E-20     2.838674E-18
  3.170000     7.565449E-17     6.357871E-19     1.830164E-21     5.503765E-21     1.090833E-24     6.486370E-19     6.255194E-23     1.952072E-23     3.127004E-26     1.845696E-21     5.575567E-21     1.420112E-18
  3.190000     3.756264E-17     3.143927E-19     8.983458E-22     2.706110E-21     5.283503E-25     3.208372E-19     3.051818E-23     9.498951E-24     1.462821E-26     9.064037E-22     2.742618E-21     7.048681E-19
  3.210000     1.850356E-17     1.542587E-19     4.376043E-22     1.320385E-21     2.540471E-25     1.574641E-19     1.477780E-23     4.587810E-24     6.790574E-27     4.417368E-22     1.338774E-21     3.471122E-19
  3.230000     9.043379E-18     7.510014E-20     2.115435E-22     6.393249E-22     1.212630E-25     7.668123E-20     7.102138E-24     2.199276E-24     3.128021E-27     2.136394E-22     6.485012E-22     1.695926E-19
  3.250000     4.385108E-18     3.627795E-20     1.014831E-22     3.071880E-22     5.745890E-26     3.705143E-20     3.387594E-24     1.046389E-24     1.429805E-27     1.025347E-22     3.117254E-22     8.220857E-20
  3.270000     2.109611E-18     1.738814E-20     4.831246E-23     1.464687E-22     2.702681E-26     1.776342E-20     1.603657E-24     4.941294E-25     6.485205E-28     4.883461E-23     1.486920E-22     3.953658E-20
  3.290000     1.006921E-18     8.269305E-21     2.282402E-23     6.930097E-23     1.261926E-26     8.449890E-21     7.534335E-25     2.315886E-25     2.918817E-28     2.308067E-23     7.038064E-23     1.886476E-20
