  0.010000     3.224264E-02     3.709800E-02     3.166817E-02     3.398923E-02     1.245948E-02     3.512592E-02     2.267157E-02     1.960119E-02     6.530497E-03     2.908197E-02     3.148007E-02     2.218863E-03
  0.030000     3.250854E-02     3.723821E-02     3.160500E-02     3.396205E-02     1.235177E-02     3.522385E-02     2.254772E-02     1.947411E-02     6.463876E-03     2.900631E-02     3.143361E-02     2.205625E-03
  0.050000     3.303288E-02     3.751336E-02     3.147775E-02     3.390560E-02     1.213948E-02     3.541571E-02     2.230223E-02     1.922275E-02     6.332826E-03     2.885486E-02     3.133954E-02     2.179480E-03
  0.070000     3.380101E-02     3.791307E-02     3.128468E-02     3.381585E-02     1.182871E-02     3.569359E-02     2.193946E-02     1.885263E-02     6.141613E-03     2.862740E-02     3.119568E-02     2.141080E-03
  0.090000     3.479153E-02     3.842219E-02     3.102335E-02     3.368701E-02     1.142821E-02     3.604595E-02     2.146576E-02     1.837173E-02     5.896328E-03     2.832369E-02     3.099889E-02     2.091364E-03
  0.110000     3.597702E-02     3.902127E-02     3.069092E-02     3.351192E-02     1.094894E-02     3.645797E-02     2.088929E-02     1.779016E-02     5.604561E-03     2.794359E-02     3.074533E-02     2.031514E-03
  0.130000     3.732482E-02     3.968719E-02     3.028433E-02     3.328243E-02     1.040354E-02     3.691194E-02     2.021969E-02     1.711979E-02     5.274990E-03     2.748718E-02     3.043071E-02     1.962911E-03
  0.150000     3.879809E-02     4.039383E-02     2.980067E-02     3.298987E-02     9.805719E-03     3.738785E-02     1.946785E-02     1.637376E-02     4.916939E-03     2.695489E-02     3.005055E-02     1.887069E-03
  0.170000     4.035683E-02     4.111286E-02     2.923746E-02     3.262556E-02     9.169668E-03     3.786390E-02     1.864554E-02     1.556603E-02     4.539924E-03     2.634766E-02     2.960051E-02     1.805575E-03
  0.190000     4.195902E-02     4.181451E-02     2.859298E-02     3.218127E-02     8.509451E-03     3.831709E-02     1.776508E-02     1.471089E-02     4.153228E-03     2.566704E-02     2.907667E-02     1.720027E-03
  0.210000     4.356172E-02     4.246840E-02     2.786651E-02     3.164976E-02     7.838481E-03     3.872387E-02     1.683901E-02     1.382250E-02     3.765518E-03     2.491534E-02     2.847586E-02     1.631977E-03
  0.230000     4.512214E-02     4.304434E-02     2.705854E-02     3.102513E-02     7.169071E-03     3.906071E-02     1.587979E-02     1.291450E-02     3.384541E-03     2.409568E-02     2.779586E-02     1.542876E-03
  0.250000     4.659864E-02     4.351306E-02     2.617096E-02     3.030320E-02     6.512089E-03     3.930473E-02     1.489946E-02     1.199964E-02     3.016902E-03     2.321208E-02     2.703568E-02     1.454037E-03
  0.270000     4.795168E-02     4.384698E-02     2.520714E-02     2.948180E-02     5.876730E-03     3.943424E-02     1.390946E-02     1.108952E-02     2.667927E-03     2.226943E-02     2.619570E-02     1.366601E-03
  0.290000     4.914459E-02     4.402086E-02     2.417193E-02     2.856093E-02     5.270397E-03     3.942930E-02     1.292038E-02     1.019441E-02     2.341620E-03     2.127351E-02     2.527776E-02     1.281522E-03
  0.310000     5.014438E-02     4.401244E-02     2.307165E-02     2.754285E-02     4.698692E-03     3.927232E-02     1.194183E-02     9.323082E-03     2.040693E-03     2.023092E-02     2.428527E-02     1.199555E-03
  0.330000     5.092235E-02     4.380309E-02     2.191398E-02     2.643215E-02     4.165488E-03     3.894848E-02     1.098233E-02     8.482841E-03     1.766666E-03     1.914902E-02     2.322321E-02     1.121267E-03
  0.350000     5.145468E-02     4.337829E-02     2.070781E-02     2.523563E-02     3.673086E-03     3.844632E-02     1.004929E-02     7.679493E-03     1.520009E-03     1.803582E-02     2.209808E-02     1.047043E-03
  0.370000     5.172290E-02     4.272820E-02     1.946307E-02     2.396220E-02     3.222410E-03     3.775812E-02     9.148965E-03     6.917446E-03     1.300318E-03     1.689988E-02     2.091782E-02     9.771089E-04
  0.390000     5.171431E-02     4.184806E-02     1.819053E-02     2.262268E-02     2.813234E-03     3.688032E-02     8.286494E-03     6.199825E-03     1.106503E-03     1.575017E-02     1.969171E-02     9.115538E-04
  0.410000     5.142224E-02     4.073849E-02     1.690154E-02     2.122957E-02     2.444426E-03     3.581385E-02     7.465980E-03     5.528612E-03     9.369749E-04     1.459595E-02     1.843017E-02     8.503553E-04
  0.430000     5.084626E-02     3.940576E-02     1.560783E-02     1.979670E-02     2.114169E-03     3.456428E-02     6.690557E-03     4.904811E-03     7.898141E-04     1.344658E-02     1.714459E-02     7.934050E-04
  0.450000     4.999222E-02     3.786177E-02     1.432122E-02     1.833895E-02     1.820179E-03     3.314193E-02     5.962476E-03     4.328601E-03     6.629251E-04     1.231140E-02     1.584706E-02     7.405320E-04
  0.470000     4.887212E-02     3.612392E-02     1.305338E-02     1.687182E-02     1.559883E-03     3.156172E-02     5.283206E-03     3.799490E-03     5.541575E-04     1.119952E-02     1.455007E-02     6.915239E-04
  0.490000     4.750385E-02     3.421476E-02     1.181554E-02     1.541105E-02     1.330569E-03     2.984289E-02     4.653517E-03     3.316450E-03     4.614019E-04     1.011965E-02     1.326626E-02     6.461444E-04
  0.510000     4.591072E-02     3.216138E-02     1.061828E-02     1.397215E-02     1.129504E-03     2.800853E-02     4.073562E-03     2.878034E-03     3.826582E-04     9.079943E-03     1.200802E-02     6.041477E-04
  0.530000     4.412081E-02     2.999465E-02     9.471239E-03     1.256999E-02     9.540147E-04     2.608486E-02     3.542948E-03     2.482472E-03     3.160793E-04     8.087760E-03     1.078720E-02     5.652890E-04
  0.550000     4.216616E-02     2.774817E-02     8.382894E-03     1.121840E-02     8.015498E-04     2.410039E-02     3.060793E-03     2.127752E-03     2.599945E-04     7.149549E-03     9.614762E-03     5.293324E-04
  0.570000     4.008179E-02     2.545719E-02     7.360392E-03     9.929741E-03     6.697101E-04     2.208499E-02     2.625782E-03     1.811672E-03     2.129171E-04     6.270669E-03     8.500456E-03     4.960559E-04
  0.590000     3.790466E-02     2.315732E-02     6.409378E-03     8.714604E-03     5.562662E-04     2.006878E-02     2.236214E-03     1.531896E-03     1.735406E-04     5.455280E-03     7.452589E-03     4.652541E-04
  0.610000     3.567244E-02     2.088330E-02     5.533904E-03     7.581552E-03     4.591630E-04     1.808110E-02     1.890041E-03     1.285987E-03     1.407275E-04     4.706264E-03     6.477791E-03     4.367394E-04
  0.630000     3.342236E-02     1.866780E-02     4.736382E-03     6.536946E-03     3.765149E-04     1.614946E-02     1.584920E-03     1.071439E-03     1.134932E-04     4.025185E-03     5.580887E-03     4.103418E-04
  0.650000     3.119003E-02     1.654028E-02     4.017607E-03     5.584864E-03     3.065977E-04     1.429857E-02     1.318256E-03     8.857061E-04     9.098908E-05     3.412306E-03     4.764831E-03     3.859077E-04
  0.670000     2.900831E-02     1.452608E-02     3.376830E-03     4.727126E-03     2.478383E-04     1.254962E-02     1.087255E-03     7.262316E-04     7.248482E-05     2.866654E-03     4.030725E-03     3.632982E-04
  0.690000     2.690639E-02     1.264575E-02     2.811895E-03     3.963406E-03     1.988045E-04     1.091969E-02     8.889828E-04     5.904758E-04     5.735265E-05     2.386119E-03     3.377913E-03     3.423868E-04
  0.710000     2.490896E-02     1.091462E-02     2.319416E-03     3.291422E-03     1.581956E-04     9.421330E-03     7.204187E-04     4.759452E-04     4.505294E-05     1.967607E-03     2.804137E-03     3.230576E-04
  0.730000     2.303569E-02     9.342603E-03     1.894990E-03     2.707202E-03     1.248343E-04     8.062543E-03     5.785194E-04     3.802215E-04     3.512191E-05     1.607211E-03     2.305759E-03     3.052022E-04
  0.750000     2.130092E-02     7.934400E-03     1.533439E-03     2.205387E-03     9.766011E-05     6.846831E-03     4.602761E-04     3.009897E-04     2.716136E-05     1.300403E-03     1.878016E-03     2.887190E-04
  0.770000     1.971355E-02     6.689799E-03     1.229043E-03     1.779568E-03     7.572334E-05     5.773549E-03     3.627696E-04     2.360630E-04     2.082998E-05     1.042235E-03     1.515293E-03     2.735103E-04
  0.790000     1.827732E-02     5.604280E-03     9.757855E-04     1.422627E-03     5.817998E-05     4.838395E-03     2.832189E-04     1.834053E-04     1.583622E-05     8.275331E-04     1.211413E-03     2.594821E-04
  0.810000     1.699118E-02     4.669724E-03     7.675730E-04     1.127064E-03     4.428633E-05     4.034032E-03     2.190220E-04     1.411479E-04     1.193213E-05     6.510784E-04     9.599034E-04     2.465428E-04
  0.830000     1.584994E-02     3.875226E-03     5.984266E-04     8.852974E-04     3.339351E-05     3.350784E-03     1.677869E-04     1.076011E-04     8.908130E-06     5.077680E-04     7.542483E-04     2.346031E-04
  0.850000     1.484499E-02     3.207930E-03     4.626444E-04     6.899181E-04     2.494147E-05     2.777356E-03     1.273528E-04     8.126035E-05     6.588379E-06     3.927461E-04     5.880996E-04     2.235758E-04
  0.870000     1.396514E-02     2.653845E-03     3.549253E-04     5.339012E-04     1.845251E-05     2.301525E-03     9.580107E-05     6.080621E-05     4.826609E-06     3.015056E-04     4.554509E-04     2.133766E-04
  0.890000     1.319745E-02     2.198578E-03     2.704560E-04     4.107607E-04     1.352414E-05     1.910772E-03     7.145713E-05     4.509955E-05     3.502329E-06     2.299592E-04     3.507657E-04     2.039242E-04
  0.910000     1.252803E-02     1.827967E-03     2.049614E-04     3.146534E-04     9.821627E-06     1.592812E-03     5.288388E-05     3.317222E-05     2.517337E-06     1.744803E-04     2.690624E-04     1.951417E-04
  0.930000     1.194275E-02     1.528582E-03     1.547238E-04     2.404349E-04     7.070355E-06     1.336027E-03     3.886872E-05     2.421424E-05     1.792506E-06     1.319173E-04     2.059600E-04     1.869565E-04
  0.950000     1.142784E-02     1.288090E-03     1.165751E-04     1.836735E-04     5.048086E-06     1.129766E-03     2.840540E-05     1.755860E-05     1.264847E-06     9.958614E-05     1.576872E-04     1.793014E-04
  0.970000     1.097036E-02     1.095493E-03     8.786764E-05     1.406304E-04     3.577521E-06     9.645436E-04     2.067274E-05     1.266469E-05     8.848459E-07     7.524471E-05     1.210644E-04     1.721150E-04
  0.990000     1.055851E-02     9.412350E-04     6.643071E-05     1.082138E-04     2.519226E-06     8.321336E-04     1.501153E-05     9.101209E-06     6.140902E-07     5.705535E-05     9.346377E-05     1.653416E-04
  1.010000     1.018181E-02     8.172220E-04     5.051716E-05     8.391633E-05     1.765141E-06     7.255744E-04     1.090126E-05     6.529506E-06     4.231747E-07     4.353944E-05     7.275509E-05     1.589314E-04
  1.030000     9.831231E-03     7.167564E-04     3.874607E-05     6.574270E-05     1.232733E-06     6.391126E-04     7.937520E-06     4.687816E-06     2.898973E-07     3.352862E-05     5.724395E-05     1.528398E-04
  1.050000     9.499105E-03     6.344201E-04     3.004514E-05     5.213391E-05     8.598952E-07     5.680988E-04     5.811160E-06     3.376958E-06     1.977256E-07     2.611578E-05     4.560692E-05     1.470269E-04
  1.070000     9.179096E-03     5.659243E-04     2.359592E-05     4.189344E-05     6.005689E-07     5.088568E-04     4.289545E-06     2.447702E-06     1.345204E-07     2.060873E-05     3.682864E-05     1.414567E-04
  1.090000     8.866048E-03     5.079441E-04     1.878405E-05     3.411860E-05     4.210938E-07     4.585402E-04     3.200320E-06     1.789928E-06     9.149219E-08     1.648796E-05     3.014334E-05     1.360959E-04
  1.110000     8.555839E-03     4.579541E-04     1.515565E-05     2.813946E-05     2.972203E-07     4.149897E-04     2.417690E-06     1.323569E-06     6.236523E-08     1.336975E-05     2.498297E-05     1.309134E-04
  1.130000     8.245233E-03     4.140732E-04     1.238043E-05     2.346647E-05     2.117209E-07     3.765996E-04     1.851147E-06     9.912307E-07     4.271960E-08     1.097493E-05     2.093255E-05     1.258788E-04
  1.150000     7.931736E-03     3.749260E-04     1.022130E-05     1.974686E-05     1.525186E-07     3.421987E-04     1.436437E-06     7.523154E-07     2.948371E-08     9.103134E-06     1.769322E-05     1.209619E-04
  1.170000     7.613482E-03     3.395252E-04     8.510085E-06     1.672952E-05     1.112530E-07     3.109485E-04     1.128487E-06     5.784516E-07     2.055009E-08     7.612285E-06     1.505234E-05     1.161324E-04
  1.190000     7.289132E-03     3.071731E-04     7.128607E-06     1.423733E-05     8.220048E-08     2.822593E-04     8.959910E-07     4.500172E-07     1.448984E-08     6.402569E-06     1.286005E-05     1.113593E-04
  1.210000     6.957820E-03     2.773841E-04     5.994302E-06     1.214611E-05     6.148013E-08     2.557234E-04     7.173676E-07     3.535490E-07     1.034440E-08     5.404265E-06     1.101132E-05     1.066120E-04
  1.230000     6.619104E-03     2.498236E-04     5.049537E-06     1.036878E-05     4.647902E-08     2.310627E-04     5.777922E-07     2.798532E-07     7.476476E-09     4.568713E-06     9.432587E-06     1.018602E-04
  1.250000     6.272955E-03     2.242626E-04     4.253863E-06     8.843893E-06     3.544505E-08     2.080894E-04     4.670714E-07     2.226554E-07     5.465158E-09     3.861757E-06     8.071944E-06     9.707585E-05
  1.270000     5.919750E-03     2.005432E-04     3.578511E-06     7.527405E-06     2.720329E-08     1.866774E-04     3.781478E-07     1.776526E-07     4.033444E-09     3.259089E-06     6.892226E-06     9.223413E-05
  1.290000     5.560280E-03     1.785548E-04     3.002567E-06     6.386986E-06     2.096202E-08     1.667410E-04     3.060681E-07     1.418617E-07     2.999009E-09     2.743022E-06     5.866132E-06     8.731544E-05
  1.310000     5.195754E-03     1.582164E-04     2.510373E-06     5.398097E-06     1.618217E-08     1.482199E-04     2.472841E-07     1.131783E-07     2.241279E-09     2.300283E-06     4.972920E-06     8.230717E-05
  1.330000     4.827801E-03     1.394647E-04     2.089786E-06     4.541390E-06     1.249085E-08     1.310692E-04     1.991874E-07     9.008369E-08     1.679742E-09     1.920551E-06     4.196199E-06     7.720523E-05
  1.350000     4.458448E-03     1.222459E-04     1.731038E-06     3.800993E-06     9.624689E-09     1.152515E-04     1.598027E-07     7.145139E-08     1.259845E-09     1.595490E-06     3.522481E-06     7.201540E-05
  1.370000     4.090085E-03     1.065096E-04     1.426004E-06     3.163422E-06     7.393245E-09     1.007328E-04     1.275899E-07     5.642247E-08     9.439251E-10     1.318134E-06     2.940250E-06     6.675399E-05
  1.390000     3.725412E-03     9.220569E-05     1.167738E-06     2.616884E-06     5.655379E-09     8.747836E-05     1.013157E-07     4.432455E-08     7.054176E-10     1.082498E-06     2.439387E-06     6.144787E-05
  1.410000     3.367347E-03     7.928136E-05     9.501748E-07     2.150855E-06     4.304113E-09     7.545058E-05     7.997092E-08     3.461956E-08     5.251726E-10     8.833276E-07     2.010811E-06     5.613369E-05
  1.430000     3.018928E-03     6.767974E-05     7.679514E-07     1.755821E-06     3.256799E-09     6.460759E-05     6.271694E-08     2.686970E-08     3.891008E-10     7.159506E-07     1.646261E-06     5.085638E-05
  1.450000     2.683195E-03     5.733894E-05     6.162901E-07     1.423121E-06     2.448668E-09     5.490220E-05     4.884979E-08     2.071478E-08     2.866577E-10     5.761826E-07     1.338174E-06     4.566688E-05
  1.470000     2.363053E-03     4.819184E-05     4.909232E-07     1.144855E-06     1.828474E-09     4.628150E-05     3.777556E-08     1.585658E-08     2.098480E-10     4.602651E-07     1.079608E-06     4.061940E-05
  1.490000     2.061151E-03     4.016610E-05     3.880423E-07     9.138249E-07     1.355459E-09     3.868685E-05     2.899262E-08     1.204765E-08     1.525562E-10     3.648263E-07     8.642017E-07     3.576830E-05
  1.510000     1.779761E-03     3.318477E-05     3.042599E-07     7.235007E-07     9.971569E-10     3.205423E-05     2.207793E-08     9.082846E-09     1.100818E-10     2.868507E-07     6.861468E-07     3.116505E-05
  1.530000     1.520679E-03     2.716710E-05     2.365787E-07     5.679873E-07     7.277419E-10     2.631501E-05     1.667613E-08     6.792655E-09     7.880629E-11     2.236563E-07     5.401700E-07     2.685526E-05
  1.550000     1.285149E-03     2.202965E-05     1.823635E-07     4.420015E-07     5.267397E-10     2.139687E-05     1.249034E-08     5.037695E-09     5.594755E-11     1.728727E-07     4.215171E-07     2.287631E-05
  1.570000     1.073829E-03     1.768764E-05     1.393157E-07     3.408452E-07     3.780035E-10     1.722510E-05     9.274146E-09     3.704071E-09     3.937326E-11     1.324213E-07     3.259360E-07     1.925553E-05
  1.590000     8.867832E-04     1.405632E-05     1.054461E-07     2.603773E-07     2.688805E-10     1.372392E-05     6.824563E-09     2.699387E-09     2.745704E-11     1.004948E-07     2.496572E-07     1.600922E-05
  1.610000     7.235095E-04     1.105244E-05     7.904976E-08     1.969824E-07     1.895280E-10     1.081792E-05     4.975762E-09     1.949282E-09     1.896598E-11     7.553567E-08     1.893717E-07     1.314245E-05
  1.630000     5.830000E-04     8.595688E-06     5.867895E-08     1.475361E-07     1.323516E-10     8.433510E-06     3.593455E-09     1.394425E-09     1.297199E-11     5.621530E-08     1.422039E-07     1.064957E-05
  1.650000     4.638234E-04     6.609889E-06     4.311717E-08     1.093668E-07     9.154210E-11     6.500208E-06     2.569914E-09     9.879054E-10     8.781942E-12     4.141178E-08     1.056822E-07     8.515464E-06
  1.670000     3.642231E-04     5.024120E-06     3.135313E-08     8.021617E-08     6.269685E-11     4.951778E-06     1.819557E-09     6.929876E-10     5.882665E-12     3.018807E-08     7.770659E-08     6.717168E-06
  1.690000     2.822229E-04     3.773504E-06     2.255555E-08     5.819736E-08     4.251126E-11     3.727149E-06     1.275096E-09     4.811909E-10     3.897684E-12     2.177041E-08     5.651372E-08     5.225850E-06
  1.710000     2.157320E-04     2.799762E-06     1.604905E-08     4.175305E-08     2.852981E-11     2.771065E-06     8.841802E-10     3.306624E-10     2.553533E-12     1.552740E-08     4.064131E-08     4.008859E-06
  1.730000     1.626408E-04     2.051480E-06     1.129154E-08     2.961412E-08     1.894683E-11     2.034463E-06     6.065303E-10     2.248139E-10     1.653620E-12     1.095002E-08     2.889220E-08     3.031702E-06
  1.750000     1.209037E-04     1.484114E-06     7.853316E-09     2.075967E-08     1.244876E-11     1.474589E-06     4.115031E-10     1.511923E-10     1.058159E-12     7.633131E-09     2.029913E-08     2.259799E-06
  1.770000     8.860414E-05     1.059769E-06     5.398085E-09     1.437946E-08     8.090587E-12     1.054874E-06     2.760578E-10     1.005550E-10     6.688892E-13     5.258380E-09     1.409117E-08     1.659946E-06
  1.790000     6.400122E-05     7.467832E-07     3.666126E-09     9.839163E-09     5.200119E-12     7.446218E-07     1.830767E-10     6.612208E-11     4.175582E-13     3.578959E-09     9.662330E-09     1.201400E-06
  1.810000     4.555794E-05     5.191811E-07     2.459540E-09     6.649115E-09     3.304794E-12     5.185351E-07     1.199981E-10     4.297958E-11     2.573457E-13     2.406103E-09     6.543028E-09     8.566140E-07
  1.830000     3.195278E-05     3.560333E-07     1.629599E-09     4.436704E-09     2.076322E-12     3.561522E-07     7.771944E-11     2.760939E-11     1.565442E-13     1.597445E-09     4.374600E-09     6.016258E-07
  1.850000     2.207772E-05     2.407808E-07     1.066087E-09     2.922488E-09     1.289402E-12     2.412244E-07     4.972859E-11     1.752423E-11     9.396509E-14     1.047119E-09     2.887123E-09     4.161552E-07
  1.870000     1.502581E-05     1.605570E-07     6.884901E-10     1.899980E-09     7.913213E-13     1.610842E-07     3.142783E-11     1.098803E-11     5.564168E-14     6.775374E-10     1.880478E-09     2.834785E-07
  1.890000     1.007167E-05     1.055443E-07     4.388422E-10     1.218882E-09     4.798635E-13     1.060360E-07     1.961408E-11     6.804769E-12     3.249667E-14     4.326630E-10     1.208537E-09     1.901396E-07
  1.910000     6.647994E-06     6.838553E-08     2.760197E-10     7.714487E-10     2.874853E-13     6.879396E-08     1.208601E-11     4.161364E-12     1.871497E-14     2.726221E-10     7.662257E-10     1.255649E-07
  1.930000     4.320706E-06     4.366653E-08     1.712820E-10     4.816205E-10     1.701301E-13     4.398204E-08     7.351538E-12     2.512499E-12     1.062583E-14     1.694676E-10     4.791584E-10     8.163291E-08
  1.950000     2.764693E-06     2.747405E-08     1.048445E-10     2.965371E-10     9.943778E-14     2.770540E-08     4.413424E-12     1.497428E-12     5.946725E-15     1.039081E-10     2.954957E-10     5.224263E-08
  1.970000     1.741499E-06     1.703040E-08     6.329483E-11     1.800347E-10     5.739384E-14     1.719322E-08     2.614569E-12     8.808054E-13     3.279871E-15     6.283114E-11     1.796803E-10     3.290873E-08
  1.990000     1.079800E-06     1.039914E-08     3.767975E-11     1.077624E-10     3.270872E-14     1.050987E-08     1.528194E-12     5.112523E-13     1.782491E-15     3.746221E-11     1.077105E-10     2.040281E-08
  2.010000     6.589749E-07     6.254414E-09     2.211553E-11     6.358369E-11     1.840299E-14     6.327485E-09     8.811332E-13     2.927801E-13     9.543816E-16     2.202101E-11     6.364418E-11     1.244886E-08
  2.030000     3.957898E-07     3.704597E-09     1.279592E-11     3.697676E-11     1.022077E-14     3.751537E-09     5.010968E-13     1.653983E-13     5.033591E-16     1.275976E-11     3.706293E-11     7.474806E-09
  2.050000     2.339361E-07     2.160790E-09     7.297415E-12     2.119126E-11     5.602648E-15     2.190203E-09     2.810310E-13     9.215920E-14     2.614785E-16     7.286982E-12     2.126876E-11     4.416452E-09
  2.070000     1.360618E-07     1.240957E-09     4.101389E-12     1.196665E-11     3.030846E-15     1.258962E-09     1.554094E-13     5.064095E-14     1.337647E-16     4.101050E-12     1.202569E-11     2.567579E-09
  2.090000     7.786679E-08     7.016663E-10     2.271439E-12     6.657665E-12     1.617861E-15     7.124472E-10     8.472884E-14     2.743849E-14     6.738194E-17     2.274201E-12     6.698679E-12     1.468677E-09
  2.110000     4.384484E-08     3.905663E-10     1.239442E-12     3.648831E-12     8.520654E-16     3.968856E-10     4.553641E-14     1.465737E-14     3.341904E-17     1.242500E-12     3.675612E-12     8.265274E-10
  2.130000     2.428900E-08     2.139989E-10     6.662780E-13     1.969786E-12     4.426967E-16     2.176277E-10     2.412154E-14     7.718518E-15     1.631730E-17     6.687247E-13     1.986475E-12     4.576094E-10
  2.150000     1.323737E-08     1.154106E-10     3.528095E-13     1.047301E-12     2.268764E-16     1.174531E-10     1.259266E-14     4.006272E-15     7.842699E-18     3.545145E-13     1.057313E-12     2.492404E-10
  2.170000     7.096962E-09     6.125815E-11     1.840071E-13     5.483615E-13     1.146754E-16     6.238555E-11     6.478068E-15     2.049389E-15     3.710279E-18     1.851020E-13     5.541769E-13     1.335390E-10
  2.190000     3.742839E-09     3.199889E-11     9.451366E-14     2.827248E-13     5.716080E-17     3.260935E-11     3.283528E-15     1.033087E-15     1.727569E-18     9.517764E-14     2.860066E-13     7.037941E-11
  2.210000     1.941636E-09     1.644862E-11     4.780557E-14     1.435233E-13     2.809454E-17     1.677298E-11     1.639671E-15     5.131339E-16     7.916231E-19     4.819087E-14     1.453274E-13     3.648489E-11
  2.230000     9.907274E-10     8.319926E-12     2.380929E-14     7.173068E-14     1.361414E-17     8.489086E-12     8.065832E-16     2.511082E-16     3.569637E-19     2.402488E-14     7.269859E-14     1.860346E-11
  2.250000     4.972132E-10     4.140749E-12     1.167511E-14     3.529195E-14     6.503591E-18     4.227356E-12     3.908187E-16     1.210554E-16     1.583882E-19     1.179200E-14     3.579943E-14     9.329792E-12
  2.270000     2.454239E-10     2.027603E-12     5.636189E-15     1.709231E-14     3.062389E-18     2.071141E-12     1.865067E-16     5.748557E-17     6.914923E-20     5.697806E-15     1.735261E-14     4.601852E-12
  2.290000     1.191410E-10     9.768054E-13     2.678467E-15     8.147936E-15     1.421222E-18     9.982994E-13     8.765314E-17     2.688719E-17     2.970241E-20     2.710120E-15     8.278665E-15     2.232346E-12
  2.310000     5.688017E-11     4.629482E-13     1.252941E-15     3.822838E-15     6.499933E-19     4.733699E-13     4.056550E-17     1.238527E-17     1.255197E-20     1.268814E-15     3.887161E-15     1.064989E-12
  2.330000     2.670561E-11     2.158415E-13     5.768829E-16     1.765170E-15     2.929222E-19     2.208049E-13     1.848531E-17     5.618272E-18     5.218252E-21     5.846629E-16     1.796193E-15     4.996553E-13
  2.350000     1.233027E-11     9.899110E-14     2.614133E-16     8.020871E-16     1.300601E-19     1.013132E-13     8.293595E-18     2.509586E-18     2.134077E-21     2.651443E-16     8.167606E-16     2.305288E-13
  2.370000     5.598335E-12     4.465778E-14     1.165796E-16     3.586452E-16     5.689014E-20     4.572502E-14     3.663297E-18     1.103748E-18     8.585133E-22     1.183316E-16     3.654534E-16     1.045919E-13
  2.390000     2.499480E-12     1.981620E-14     5.116178E-17     1.577944E-16     2.451233E-20     2.029810E-14     1.592880E-18     4.779402E-19     3.397168E-22     5.196781E-17     1.608941E-16     4.666348E-14
  2.410000     1.097321E-12     8.648661E-15     2.209386E-17     6.830902E-17     1.040258E-20     8.862462E-15     6.817823E-19     2.037429E-19     1.322216E-22     2.245736E-17     6.969412E-17     2.047163E-14
  2.430000     4.736971E-13     3.712504E-15     9.388064E-18     2.909386E-17     4.347722E-21     3.805704E-15     2.872307E-19     8.550021E-20     5.061588E-23     9.548817E-18     2.970146E-17     8.831078E-15
  2.450000     2.010668E-13     1.567326E-15     3.924966E-18     1.219102E-17     1.789383E-21     1.607247E-15     1.190998E-19     3.531822E-20     1.905698E-23     3.994704E-18     1.245272E-17     3.745857E-15
  2.470000     8.391572E-14     6.507468E-16     1.614467E-18     5.025440E-18     7.251426E-22     6.675495E-16     4.860260E-20     1.435986E-20     7.056506E-24     1.644153E-18     5.136119E-18     1.562269E-15
  2.490000     3.443503E-14     2.657120E-16     6.533338E-19     2.037904E-18     2.893214E-22     2.726617E-16     1.951870E-20     5.746393E-21     2.569683E-24     6.657357E-19     2.083875E-18     6.406467E-16
  2.510000     1.389322E-14     1.066949E-16     2.600959E-19     8.129246E-19     1.136410E-22     1.095196E-16     7.713669E-21     2.263126E-21     9.202598E-25     2.651819E-19     8.316795E-19     2.583040E-16
  2.530000     5.511160E-15     4.213062E-17     1.018604E-19     3.189748E-19     4.393881E-23     4.325886E-17     2.999621E-21     8.771351E-22     3.240931E-25     1.039082E-19     3.264905E-19     1.023966E-16
  2.550000     2.149376E-15     1.635918E-17     3.924031E-20     1.231077E-19     1.672179E-23     1.680204E-17     1.147743E-21     3.345379E-22     1.122395E-25     4.004994E-20     1.260663E-19     3.990928E-17
  2.570000     8.241456E-16     6.246312E-18     1.486954E-20     4.673265E-20     6.263297E-24     6.417148E-18     4.320906E-22     1.255518E-22     3.822321E-26     1.518389E-20     4.787686E-20     1.529287E-17
  2.590000     3.106779E-16     2.345167E-18     5.542225E-21     1.744806E-20     2.308735E-24     2.409932E-18     1.600427E-22     4.636370E-23     1.279980E-26     5.662093E-21     1.788281E-20     5.761341E-18
  2.610000     1.151396E-16     8.657681E-19     2.031779E-21     6.406937E-21     8.374581E-25     8.898979E-19     5.831880E-23     1.684574E-23     4.214672E-27     2.076675E-21     6.569236E-21     2.133885E-18
  2.630000     4.195086E-17     3.142662E-19     7.325871E-22     2.313752E-21     2.989084E-25     3.231016E-19     2.090614E-23     6.021983E-24     1.364580E-27     7.491055E-22     2.373283E-21     7.770069E-19
  2.650000     1.502631E-17     1.121638E-19     2.597876E-22     8.217367E-22     1.049709E-25     1.153433E-19     7.372480E-24     2.117908E-24     4.344103E-28     2.657578E-22     8.431925E-22     2.781498E-19
  2.670000     5.291188E-18     3.936025E-20     9.060248E-23     2.870024E-22     3.626826E-26     4.048477E-20     2.557471E-24     7.327821E-25     1.359747E-28     9.272237E-23     2.946010E-22     9.788743E-20
  2.690000     1.831630E-18     1.358016E-20     3.107500E-23     9.857420E-23     1.232774E-26     1.397103E-20     8.726672E-25     2.494165E-25     4.184703E-29     3.181452E-23     1.012185E-22     3.386596E-20
  2.710000     6.233049E-19     4.606657E-21     1.048140E-23     3.329310E-23     4.122046E-27     4.740186E-21     2.928946E-25     8.351052E-26     1.266228E-29     1.073486E-23     3.419739E-23     1.151815E-20
  2.730000     2.085145E-19     1.536360E-21     3.476577E-24     1.105726E-23     1.355783E-27     1.581192E-21     9.669050E-26     2.750470E-26     3.766969E-30     3.561937E-24     1.136115E-23     3.851056E-21
  2.750000     6.857094E-20     5.037543E-22     1.133961E-24     3.611042E-24     4.386226E-28     5.185480E-22     3.139433E-26     8.910593E-27     1.101788E-30     1.162206E-24     3.711398E-24     1.265754E-21
  2.770000     2.216700E-20     1.623890E-22     3.637028E-25     1.159575E-24     1.395704E-28     1.671867E-22     1.002535E-26     2.839393E-27     3.168275E-31     3.728864E-25     1.192145E-24     4.089656E-22
  2.790000     7.044212E-21     5.146350E-23     1.147063E-25     3.661318E-25     4.367927E-29     5.299275E-23     3.148587E-27     8.899162E-28     8.956945E-32     1.176403E-25     3.765192E-25     1.298934E-22
  2.810000     2.200452E-21     1.603396E-23     3.557210E-26     1.136681E-25     1.344364E-29     1.651303E-23     9.724928E-28     2.743239E-28     2.489447E-32     3.649325E-26     1.169238E-25     4.055511E-23
  2.830000     6.756802E-22     4.911055E-24     1.084686E-26     3.469712E-26     4.069103E-30     5.058554E-24     2.953925E-28     8.316791E-29     6.802142E-33     1.113104E-26     3.569997E-26     1.244682E-23
  2.850000     2.039464E-22     1.478752E-24     3.252083E-27     1.041343E-26     1.211163E-30     1.523385E-24     8.823542E-29     2.479778E-29     1.827185E-33     3.338236E-27     1.071701E-26     3.755094E-24
  2.870000     6.051078E-23     4.377204E-25     9.586792E-28     3.072778E-27     3.544957E-31     4.509947E-25     2.591824E-29     7.271470E-30     4.825116E-34     9.843457E-28     3.163093E-27     1.113600E-24
  2.890000     1.764767E-23     1.273719E-25     2.778630E-28     8.914519E-28     1.020254E-31     1.312520E-25     7.486455E-30     2.096874E-30     1.252611E-34     2.853773E-28     9.178580E-28     3.246233E-25
  2.910000     5.059131E-24     3.643517E-26     7.918185E-29     2.542650E-28     2.887210E-32     3.754983E-26     2.126398E-30     5.946365E-31     3.196704E-35     8.134377E-29     2.618527E-28     9.301825E-26
  2.930000     1.425592E-24     1.024550E-26     2.218454E-29     7.130008E-29     8.033546E-33     1.056022E-26     5.938823E-31     1.658246E-31     8.019767E-36     2.279579E-29     7.344282E-29     2.619939E-26
  2.950000     3.948589E-25     2.832081E-27     6.110789E-30     1.965628E-29     2.197765E-33     2.919416E-27     1.630925E-31     4.547306E-32     1.977832E-36     6.280632E-30     2.025097E-29     7.253462E-27
  2.970000     1.075010E-25     7.695450E-28     1.654853E-30     5.327381E-30     5.911356E-34     7.933639E-28     4.403888E-32     1.226187E-32     4.794915E-37     1.701231E-30     5.489592E-30     1.973909E-27
  2.990000     2.876760E-26     2.055481E-28     4.405849E-31     1.419453E-30     1.563194E-34     2.119328E-28     1.169225E-32     3.251224E-33     1.142699E-37     4.530305E-31     1.462937E-30     5.279992E-28
  3.010000     7.566805E-27     5.396846E-29     1.153191E-31     3.718068E-31     4.063938E-35     5.565044E-29     3.052185E-33     8.476475E-34     2.676937E-38     1.186014E-31     3.832630E-31     1.388227E-28
  3.030000     1.956303E-27     1.392866E-29     2.967348E-32     9.574065E-32     1.038673E-35     1.436415E-29     7.833691E-34     2.172965E-34     6.164467E-39     3.052416E-32     9.870700E-32     3.587618E-29
  3.050000     4.971317E-28     3.533598E-30     7.506276E-33     2.423554E-32     2.609744E-36     3.644419E-30     1.976773E-34     5.477095E-35     1.395405E-39     7.722954E-33     2.499040E-32     9.113119E-30
  3.070000     1.241698E-28     8.811705E-31     1.866654E-33     6.030884E-33     6.446068E-37     9.088867E-31     4.904268E-35     1.357374E-35     3.104908E-40     1.920893E-33     6.219673E-33     2.275308E-30
  3.090000     3.048363E-29     2.159902E-31     4.563317E-34     1.475285E-33     1.565166E-37     2.228028E-31     1.196221E-35     3.307445E-36     6.791054E-41     4.696750E-34     1.521689E-33     5.583712E-31
  3.110000     7.355653E-30     5.203980E-32     1.096654E-34     3.547582E-34     3.735823E-38     5.368559E-32     2.868542E-36     7.923579E-37     1.460032E-41     1.128914E-34     3.659679E-34     1.346830E-31
  3.130000     1.744524E-30     1.232427E-32     2.590749E-35     8.385824E-35     8.765249E-39     1.271503E-32     6.762651E-37     1.866286E-37     3.085465E-42     2.667401E-35     8.651959E-35     3.193059E-32
  3.150000     4.066600E-31     2.868851E-33     6.016485E-36     1.948548E-35     2.021561E-39     2.960030E-33     1.567372E-37     4.321714E-38     6.409276E-43     6.195477E-36     2.010646E-35     7.440512E-33
  3.170000     9.317135E-32     6.564053E-34     1.373464E-36     4.450659E-36     4.582968E-40     6.773158E-34     3.571249E-38     9.838921E-39     1.308653E-43     1.414541E-36     4.593061E-36     1.704112E-33
  3.190000     2.098106E-32     1.476219E-34     3.082082E-37     9.992654E-37     1.021263E-40     1.523349E-34     7.999357E-39     2.202145E-39     2.626418E-44     3.174726E-37     1.031359E-36     3.836106E-34
  3.210000     4.643702E-33     3.263178E-35     6.798588E-38     2.205345E-37     2.236932E-41     3.367579E-35     1.761453E-39     4.845569E-40     5.181129E-45     7.003936E-38     2.276431E-37     8.487459E-35
  3.230000     1.010162E-33     7.089887E-36     1.474133E-38     4.784178E-38     4.816000E-42     7.317174E-36     3.812963E-40     1.048184E-40     1.004624E-45     1.518865E-38     4.938924E-38     1.845684E-35
  3.250000     2.159759E-34     1.514062E-36     3.141911E-39     1.020163E-38     1.019138E-42     1.562693E-36     8.113797E-41     2.229043E-41     1.914688E-46     3.237675E-39     1.053270E-38     3.944822E-36
  3.270000     4.538427E-35     3.177978E-37     6.582430E-40     2.138254E-39     2.119763E-43     3.280240E-37     1.697268E-41     4.659951E-42     3.586791E-47     6.783914E-40     2.207864E-39     8.286779E-37
  3.290000     9.373222E-36     6.556297E-38     1.355532E-40     4.405274E-40     4.333553E-44     6.767636E-38     3.490087E-42     9.576802E-43     6.604268E-48     1.397194E-40     4.549119E-40     1.710923E-37
