      0.00588   1.7940E+12   2.7998E+12   3.3351E+12   3.3292E+12   2.0243E+12   2.7939E+12   3.0206E+12   2.8037E+12   1.1154E+12   3.1469E+12   3.1800E+12
      0.01765   1.7369E+12   2.7539E+12   3.3055E+12   3.2955E+12   2.0295E+12   2.7579E+12   3.0062E+12   2.7952E+12   1.1252E+12   3.1254E+12   3.1549E+12
      0.02941   1.6105E+12   2.6521E+12   3.2391E+12   3.2203E+12   2.0389E+12   2.6779E+12   2.9721E+12   2.7740E+12   1.1461E+12   3.0767E+12   3.0986E+12
      0.04118   1.3794E+12   2.4650E+12   3.1141E+12   3.0800E+12   2.0488E+12   2.5300E+12   2.9025E+12   2.7269E+12   1.1817E+12   2.9840E+12   2.9924E+12
      0.05294   9.1242E+11   2.0833E+12   2.8492E+12   2.7870E+12   2.0392E+12   2.2247E+12   2.7363E+12   2.6012E+12   1.2414E+12   2.7826E+12   2.7663E+12
      0.06196   1.4501E+11   1.4424E+12   2.3766E+12   2.2746E+12   1.9274E+12   1.6998E+12   2.3949E+12   2.3123E+12   1.2848E+12   2.4086E+12   2.3568E+12
      0.06823   2.9978E+11   1.5637E+12   2.4566E+12   2.3632E+12   1.9326E+12   1.7980E+12   2.4487E+12   2.3556E+12   1.2565E+12   2.4699E+12   2.4256E+12
      0.07451   4.8879E+11   1.7090E+12   2.5467E+12   2.4649E+12   1.9197E+12   1.9140E+12   2.5022E+12   2.3939E+12   1.2077E+12   2.5365E+12   2.5025E+12
      0.08078   7.2649E+11   1.8850E+12   2.6429E+12   2.5781E+12   1.8620E+12   2.0516E+12   2.5409E+12   2.4081E+12   1.1176E+12   2.6023E+12   2.5834E+12
      0.08706   1.0519E+12   2.1029E+12   2.7132E+12   2.6811E+12   1.6508E+12   2.2135E+12   2.4888E+12   2.3050E+12   9.1224E+11   2.6300E+12   2.6404E+12
      0.09333   1.4536E+12   2.2732E+12   2.4978E+12   2.5606E+12   9.7646E+11   2.3105E+12   1.9302E+12   1.6577E+12   4.5669E+11   2.3677E+12   2.4655E+12
      0.09961   1.6619E+12   2.4308E+12   2.5828E+12   2.6623E+12   9.7448E+11   2.4358E+12   1.9623E+12   1.6763E+12   4.4941E+11   2.4297E+12   2.5421E+12
      0.10588   1.9235E+12   2.6282E+12   2.6853E+12   2.7869E+12   9.6898E+11   2.5919E+12   1.9971E+12   1.6945E+12   4.3919E+11   2.5033E+12   2.6349E+12
      0.11216   2.2741E+12   2.8918E+12   2.8155E+12   2.9486E+12   9.5698E+11   2.7987E+12   2.0344E+12   1.7106E+12   4.2392E+11   2.5948E+12   2.7533E+12
      0.11843   2.8338E+12   3.3110E+12   3.0068E+12   3.1943E+12   9.2891E+11   3.1244E+12   2.0747E+12   1.7195E+12   3.9680E+11   2.7253E+12   2.9296E+12
      0.12471   3.6976E+12   3.9480E+12   3.2493E+12   3.5308E+12   8.5927E+11   3.6112E+12   2.0809E+12   1.6843E+12   3.4601E+11   2.8788E+12   3.1604E+12
      0.13098   3.7472E+12   3.9676E+12   3.2202E+12   3.5126E+12   8.2708E+11   3.6227E+12   2.0325E+12   1.6374E+12   3.3048E+11   2.8479E+12   3.1388E+12
      0.13725   3.8037E+12   3.9885E+12   3.1807E+12   3.4865E+12   7.8800E+11   3.6346E+12   1.9717E+12   1.5793E+12   3.1185E+11   2.8073E+12   3.1093E+12
      0.14353   3.8700E+12   4.0107E+12   3.1237E+12   3.4467E+12   7.3799E+11   3.6463E+12   1.8911E+12   1.5033E+12   2.8836E+11   2.7505E+12   3.0665E+12
      0.14980   3.9560E+12   4.0345E+12   3.0267E+12   3.3746E+12   6.6400E+11   3.6568E+12   1.7662E+12   1.3876E+12   2.5418E+11   2.6568E+12   2.9930E+12
      0.15608   4.0650E+12   4.0550E+12   2.8622E+12   3.2457E+12   5.5767E+11   3.6613E+12   1.5760E+12   1.2152E+12   2.0614E+11   2.5030E+12   2.8673E+12
      0.16235   4.1100E+12   4.0692E+12   2.8255E+12   3.2187E+12   5.3572E+11   3.6688E+12   1.5334E+12   1.1774E+12   1.9672E+11   2.4672E+12   2.8391E+12
      0.16863   4.1604E+12   4.0836E+12   2.7785E+12   3.1828E+12   5.0954E+11   3.6758E+12   1.4814E+12   1.1317E+12   1.8557E+11   2.4219E+12   2.8025E+12
      0.17490   4.2187E+12   4.0977E+12   2.7142E+12   3.1319E+12   4.7665E+11   3.6816E+12   1.4145E+12   1.0734E+12   1.7170E+11   2.3613E+12   2.7521E+12
      0.18118   4.2920E+12   4.1096E+12   2.6112E+12   3.0467E+12   4.2899E+11   3.6834E+12   1.3147E+12   9.8749E+11   1.5180E+11   2.2663E+12   2.6704E+12
      0.18745   4.3827E+12   4.1143E+12   2.4484E+12   2.9062E+12   3.6210E+11   3.6765E+12   1.1692E+12   8.6404E+11   1.2428E+11   2.1193E+12   2.5396E+12
      0.19373   4.4289E+12   4.1295E+12   2.4153E+12   2.8797E+12   3.4903E+11   3.6854E+12   1.1388E+12   8.3874E+11   1.1911E+11   2.0881E+12   2.5131E+12
      0.20000   4.4808E+12   4.1455E+12   2.3747E+12   2.8464E+12   3.3375E+11   3.6945E+12   1.1030E+12   8.0895E+11   1.1309E+11   2.0502E+12   2.4804E+12
      0.20627   4.5405E+12   4.1623E+12   2.3223E+12   2.8021E+12   3.1502E+11   3.7035E+12   1.0585E+12   7.7220E+11   1.0574E+11   2.0020E+12   2.4378E+12
      0.21255   4.6148E+12   4.1795E+12   2.2445E+12   2.7339E+12   2.8884E+11   3.7112E+12   9.9544E+11   7.2046E+11   9.5515E+10   1.9317E+12   2.3739E+12
      0.21882   4.7068E+12   4.1950E+12   2.1306E+12   2.6308E+12   2.5321E+11   3.7156E+12   9.0805E+11   6.4927E+11   8.1696E+10   1.8305E+12   2.2794E+12
      0.22510   4.7601E+12   4.2141E+12   2.0992E+12   2.6040E+12   2.4424E+11   3.7281E+12   8.8404E+11   6.3017E+11   7.8390E+10   1.8015E+12   2.2534E+12
      0.23137   4.8204E+12   4.2352E+12   2.0618E+12   2.5714E+12   2.3388E+11   3.7417E+12   8.5619E+11   6.0807E+11   7.4583E+10   1.7672E+12   2.2221E+12
      0.23764   4.8905E+12   4.2586E+12   2.0152E+12   2.5298E+12   2.2140E+11   3.7567E+12   8.2244E+11   5.8137E+11   7.0004E+10   1.7250E+12   2.1830E+12
      0.24391   4.9774E+12   4.2845E+12   1.9492E+12   2.4692E+12   2.0439E+11   3.7724E+12   7.7632E+11   5.4497E+11   6.3765E+10   1.6662E+12   2.1271E+12
      0.25019   5.0856E+12   4.3129E+12   1.8569E+12   2.3819E+12   1.8171E+11   3.7886E+12   7.1425E+11   4.9620E+11   5.5466E+10   1.5851E+12   2.0481E+12
      0.25647   5.1678E+12   4.3508E+12   1.8262E+12   2.3552E+12   1.7492E+11   3.8166E+12   6.9369E+11   4.8049E+11   5.3130E+10   1.5570E+12   2.0223E+12
      0.26275   5.2689E+12   4.3994E+12   1.7911E+12   2.3247E+12   1.6718E+11   3.8531E+12   6.7023E+11   4.6256E+11   5.0463E+10   1.5248E+12   1.9929E+12
      0.26902   5.4020E+12   4.4670E+12   1.7495E+12   2.2889E+12   1.5798E+11   3.9048E+12   6.4248E+11   4.4134E+11   4.7290E+10   1.4871E+12   1.9586E+12
      0.27530   5.6110E+12   4.5836E+12   1.6967E+12   2.2454E+12   1.4577E+11   3.9960E+12   6.0617E+11   4.1345E+11   4.3049E+10   1.4392E+12   1.9166E+12
      0.28158   5.9024E+12   4.7551E+12   1.6250E+12   2.1852E+12   1.2964E+11   4.1306E+12   5.5810E+11   3.7660E+11   3.7444E+10   1.3751E+12   1.8597E+12
      0.28785   5.8670E+12   4.6962E+12   1.5713E+12   2.1211E+12   1.2343E+11   4.0769E+12   5.3495E+11   3.6019E+11   3.5518E+10   1.3291E+12   1.8042E+12
      0.29412   5.8243E+12   4.6262E+12   1.5101E+12   2.0477E+12   1.1641E+11   4.0134E+12   5.0877E+11   3.4163E+11   3.3337E+10   1.2768E+12   1.7409E+12
      0.30040   5.7716E+12   4.5399E+12   1.4380E+12   1.9606E+12   1.0815E+11   3.9357E+12   4.7808E+11   3.1987E+11   3.0763E+10   1.2155E+12   1.6661E+12
      0.30667   5.7029E+12   4.4239E+12   1.3442E+12   1.8469E+12   9.7302E+10   3.8323E+12   4.3822E+11   2.9153E+11   2.7361E+10   1.1362E+12   1.5691E+12
      0.31294   5.6112E+12   4.2662E+12   1.2229E+12   1.6987E+12   8.3294E+10   3.6930E+12   3.8701E+11   2.5509E+11   2.2952E+10   1.0341E+12   1.4435E+12
      0.31922   5.5191E+12   4.1607E+12   1.1633E+12   1.6223E+12   7.8110E+10   3.5991E+12   3.6509E+11   2.4016E+11   2.1452E+10   9.8335E+11   1.3779E+12
      0.32549   5.3939E+12   4.0266E+12   1.0936E+12   1.5322E+12   7.2136E+10   3.4806E+12   3.3978E+11   2.2295E+11   1.9725E+10   9.2419E+11   1.3008E+12
      0.33176   5.2065E+12   3.8438E+12   1.0080E+12   1.4203E+12   6.4903E+10   3.3203E+12   3.0908E+11   2.0210E+11   1.7632E+10   8.5167E+11   1.2054E+12
      0.33804   4.8502E+12   3.5454E+12   8.8682E+11   1.2599E+12   5.4839E+10   3.0611E+12   2.6635E+11   1.7312E+11   1.4719E+10   7.4948E+11   1.0693E+12
      0.34431   4.1229E+12   3.0642E+12   7.2020E+11   1.0361E+12   4.1343E+10   2.6475E+12   2.0883E+11   1.3418E+11   1.0813E+10   6.0956E+11   8.8045E+11
      0.35059   4.1013E+12   3.0109E+12   6.8618E+11   9.9116E+11   3.8862E+10   2.5994E+12   1.9737E+11   1.2658E+11   1.0133E+10   5.8056E+11   8.4188E+11
      0.35686   4.0747E+12   2.9452E+12   6.4703E+11   9.3913E+11   3.6026E+10   2.5405E+12   1.8429E+11   1.1792E+11   9.3549E+09   5.4725E+11   7.9733E+11
      0.36313   4.0401E+12   2.8597E+12   5.9989E+11   8.7604E+11   3.2636E+10   2.4643E+12   1.6866E+11   1.0756E+11   8.4232E+09   5.0728E+11   7.4350E+11
      0.36941   3.9887E+12   2.7315E+12   5.3562E+11   7.8937E+11   2.8021E+10   2.3513E+12   1.4749E+11   9.3531E+10   7.1511E+09   4.5300E+11   6.6991E+11
      0.37568   3.9116E+12   2.5370E+12   4.4955E+11   6.7200E+11   2.1922E+10   2.1815E+12   1.1953E+11   7.5006E+10   5.4685E+09   3.8061E+11   5.7072E+11
      0.38196   3.8824E+12   2.4673E+12   4.2378E+11   6.3562E+11   2.0445E+10   2.1196E+12   1.1196E+11   7.0157E+10   5.0862E+09   3.5865E+11   5.3957E+11
      0.38824   3.8462E+12   2.3821E+12   3.9429E+11   5.9378E+11   1.8759E+10   2.0443E+12   1.0334E+11   6.4632E+10   4.6498E+09   3.3357E+11   5.0382E+11
      0.39452   3.7994E+12   2.2726E+12   3.5906E+11   5.4357E+11   1.6748E+10   1.9481E+12   9.3085E+10   5.8055E+10   4.1282E+09   3.0370E+11   4.6105E+11
      0.40079   3.7310E+12   2.1130E+12   3.1180E+11   4.7590E+11   1.4028E+10   1.8091E+12   7.9333E+10   4.9217E+10   3.4196E+09   2.6375E+11   4.0363E+11
      0.40707   3.6256E+12   1.8756E+12   2.4917E+11   3.8554E+11   1.0436E+10   1.6043E+12   6.1235E+10   3.7580E+10   2.4820E+09   2.1100E+11   3.2728E+11
      0.41334   3.5589E+12   1.7633E+12   2.2653E+11   3.5149E+11   9.4218E+09   1.5070E+12   5.5419E+10   3.3982E+10   2.2379E+09   1.9179E+11   2.9829E+11
      0.41962   3.4689E+12   1.6213E+12   1.9994E+11   3.1127E+11   8.2389E+09   1.3844E+12   4.8627E+10   2.9782E+10   1.9532E+09   1.6924E+11   2.6409E+11
      0.42589   3.3341E+12   1.4277E+12   1.6677E+11   2.6085E+11   6.7763E+09   1.2179E+12   4.0221E+10   2.4587E+10   1.6015E+09   1.4116E+11   2.2129E+11
      0.43216   3.0673E+12   1.1082E+12   1.1829E+11   1.8657E+11   4.6596E+09   9.4460E+11   2.8042E+10   1.7067E+10   1.0925E+09   1.0018E+11   1.5834E+11
      0.43844   2.3883E+12   5.7814E+11   5.0710E+10   8.1906E+10   1.7585E+09   4.9435E+11   1.1302E+10   6.7453E+09   3.9561E+08   4.3147E+10   6.9840E+10
      0.44471   2.3001E+12   5.3085E+11   4.5830E+10   7.4139E+10   1.5801E+09   4.5396E+11   1.0181E+10   6.0711E+09   3.5494E+08   3.8995E+10   6.3218E+10
      0.45098   2.1840E+12   4.7419E+11   4.0100E+10   6.5008E+10   1.3707E+09   4.0562E+11   8.8662E+09   5.2803E+09   3.0715E+08   3.4124E+10   5.5440E+10
      0.45726   2.0167E+12   4.0167E+11   3.2943E+10   5.3587E+10   1.1099E+09   3.4386E+11   7.2269E+09   4.2949E+09   2.4781E+08   2.8045E+10   4.5722E+10
      0.46353   1.7137E+12   2.9118E+11   2.2397E+10   3.6725E+10   7.2650E+08   2.4995E+11   4.8172E+09   2.8466E+09   1.6058E+08   1.9099E+10   3.1392E+10
      0.46980   1.1415E+12   1.3058E+11   7.7637E+09   1.3264E+10   1.9678E+08   1.1377E+11   1.4851E+09   8.4399E+08   4.0163E+07   6.6980E+09   1.1477E+10
      0.47608   1.1368E+12   1.2843E+11   7.5386E+09   1.2909E+10   1.8832E+08   1.1194E+11   1.4323E+09   8.1230E+08   3.8298E+07   6.5057E+09   1.1173E+10
      0.48235   1.1320E+12   1.2612E+11   7.2915E+09   1.2520E+10   1.7914E+08   1.0998E+11   1.3742E+09   7.7712E+08   3.6250E+07   6.2951E+09   1.0841E+10
      0.48862   1.1273E+12   1.2358E+11   7.0111E+09   1.2080E+10   1.6835E+08   1.0783E+11   1.3075E+09   7.3676E+08   3.3727E+07   6.0565E+09   1.0466E+10
      0.49490   1.1230E+12   1.2060E+11   6.6621E+09   1.1538E+10   1.5433E+08   1.0531E+11   1.2227E+09   6.8509E+08   3.0590E+07   5.7604E+09   1.0005E+10
      0.50117   1.1192E+12   1.1708E+11   6.2298E+09   1.0871E+10   1.3640E+08   1.0234E+11   1.1158E+09   6.1964E+08   2.6366E+07   5.3942E+09   9.4393E+09
      0.50744   1.1120E+12   1.1485E+11   6.0311E+09   1.0548E+10   1.3007E+08   1.0045E+11   1.0730E+09   5.9445E+08   2.5009E+07   5.2251E+09   9.1645E+09
      0.51372   1.1044E+12   1.1244E+11   5.8126E+09   1.0195E+10   1.2314E+08   9.8418E+10   1.0254E+09   5.6648E+08   2.3576E+07   5.0392E+09   8.8638E+09
      0.51999   1.0962E+12   1.0976E+11   5.5643E+09   9.7946E+09   1.1517E+08   9.6165E+10   9.7091E+08   5.3439E+08   2.1879E+07   4.8285E+09   8.5238E+09
      0.52626   1.0869E+12   1.0655E+11   5.2535E+09   9.2966E+09   1.0469E+08   9.3471E+10   9.0140E+08   4.9309E+08   1.9534E+07   4.5653E+09   8.1020E+09
      0.53254   1.0763E+12   1.0269E+11   4.8677E+09   8.6822E+09   9.1295E+07   9.0251E+10   8.1406E+08   4.4102E+08   1.6624E+07   4.2395E+09   7.5828E+09
      0.53882   1.0689E+12   1.0063E+11   4.7057E+09   8.4130E+09   8.7056E+07   8.8500E+10   7.8139E+08   4.2241E+08   1.5831E+07   4.1006E+09   7.3521E+09
      0.54510   1.0610E+12   9.8401E+10   4.5275E+09   8.1179E+09   8.2240E+07   8.6611E+10   7.4527E+08   4.0181E+08   1.4887E+07   3.9483E+09   7.0996E+09
      0.55137   1.0525E+12   9.5927E+10   4.3249E+09   7.7837E+09   7.6545E+07   8.4518E+10   7.0400E+08   3.7792E+08   1.3697E+07   3.7752E+09   6.8139E+09
      0.55765   1.0430E+12   9.2954E+10   4.0705E+09   7.3670E+09   6.9272E+07   8.2013E+10   6.5091E+08   3.4726E+08   1.2223E+07   3.5585E+09   6.4589E+09
      0.56393   1.0321E+12   8.9389E+10   3.7547E+09   6.8524E+09   5.9999E+07   7.9020E+10   5.8417E+08   3.0855E+08   1.0346E+07   3.2902E+09   6.0215E+09
      0.57020   1.0244E+12   8.7497E+10   3.6242E+09   6.6303E+09   5.7082E+07   7.7403E+10   5.5992E+08   2.9502E+08   9.7646E+06   3.1778E+09   5.8300E+09
      0.57647   1.0163E+12   8.5451E+10   3.4807E+09   6.3870E+09   5.3770E+07   7.5659E+10   5.3298E+08   2.7994E+08   9.1412E+06   3.0543E+09   5.6203E+09
      0.58275   1.0075E+12   8.3179E+10   3.3173E+09   6.1108E+09   4.9917E+07   7.3725E+10   5.0196E+08   2.6265E+08   8.4093E+06   2.9139E+09   5.3829E+09
      0.58902   9.9767E+11   8.0446E+10   3.1118E+09   5.7659E+09   4.4896E+07   7.1409E+10   4.6229E+08   2.4024E+08   7.4844E+06   2.7377E+09   5.0873E+09
      0.59529   9.8646E+11   7.7165E+10   2.8561E+09   5.3392E+09   3.8472E+07   6.8638E+10   4.1215E+08   2.1187E+08   6.2477E+06   2.5191E+09   4.7223E+09
      0.60157   9.7852E+11   7.5439E+10   2.7524E+09   5.1582E+09   3.6565E+07   6.7153E+10   3.9420E+08   2.0213E+08   5.9072E+06   2.4291E+09   4.5651E+09
      0.60784   9.7012E+11   7.3572E+10   2.6382E+09   4.9596E+09   3.4352E+07   6.5550E+10   3.7444E+08   1.9143E+08   5.5243E+06   2.3303E+09   4.3928E+09
      0.61412   9.6109E+11   7.1497E+10   2.5082E+09   4.7340E+09   3.1864E+07   6.3773E+10   3.5165E+08   1.7902E+08   5.0449E+06   2.2177E+09   4.1977E+09
      0.62039   9.5089E+11   6.8998E+10   2.3442E+09   4.4517E+09   2.8487E+07   6.1641E+10   3.2234E+08   1.6295E+08   4.4368E+06   2.0762E+09   3.9541E+09
      0.62666   9.3932E+11   6.5995E+10   2.1398E+09   4.1019E+09   2.4181E+07   5.9089E+10   2.8530E+08   1.4254E+08   3.6965E+06   1.9002E+09   3.6528E+09
      0.63294   9.3110E+11   6.4429E+10   2.0583E+09   3.9559E+09   2.2875E+07   5.7733E+10   2.7231E+08   1.3578E+08   3.4661E+06   1.8292E+09   3.5253E+09
      0.63921   9.2241E+11   6.2735E+10   1.9687E+09   3.7958E+09   2.1455E+07   5.6268E+10   2.5815E+08   1.2821E+08   3.2153E+06   1.7509E+09   3.3854E+09
      0.64548   9.1306E+11   6.0852E+10   1.8664E+09   3.6137E+09   1.9814E+07   5.4643E+10   2.4154E+08   1.1944E+08   2.9663E+06   1.6619E+09   3.2267E+09
      0.65176   9.0250E+11   5.8579E+10   1.7372E+09   3.3853E+09   1.7627E+07   5.2691E+10   2.2038E+08   1.0818E+08   2.6021E+06   1.5495E+09   3.0281E+09
      0.65803   8.9052E+11   5.5844E+10   1.5757E+09   3.1016E+09   1.4788E+07   5.0351E+10   1.9332E+08   9.3806E+07   2.0752E+06   1.4097E+09   2.7821E+09
      0.66431   8.8199E+11   5.4432E+10   1.5127E+09   2.9853E+09   1.3974E+07   4.9119E+10   1.8427E+08   8.9116E+07   1.9761E+06   1.3542E+09   2.6798E+09
      0.67059   8.7297E+11   5.2904E+10   1.4433E+09   2.8576E+09   1.3080E+07   4.7787E+10   1.7413E+08   8.3995E+07   1.8254E+06   1.2930E+09   2.5674E+09
      0.67687   8.6326E+11   5.1202E+10   1.3640E+09   2.7123E+09   1.1960E+07   4.6308E+10   1.6236E+08   7.7985E+07   1.6593E+06   1.2234E+09   2.4397E+09
      0.68314   8.5229E+11   4.9146E+10   1.2633E+09   2.5294E+09   1.0578E+07   4.4529E+10   1.4712E+08   7.0131E+07   1.4484E+06   1.1354E+09   2.2796E+09
      0.68942   8.3985E+11   4.6669E+10   1.1375E+09   2.3020E+09   8.7922E+06   4.2393E+10   1.2791E+08   6.0136E+07   1.1782E+06   1.0254E+09   2.0808E+09
      0.69569   8.3098E+11   4.5403E+10   1.0894E+09   2.2107E+09   8.2721E+06   4.1280E+10   1.2158E+08   5.6965E+07   1.0639E+06   9.8277E+08   1.9997E+09
      0.70197   8.2160E+11   4.4033E+10   1.0364E+09   2.1102E+09   7.7097E+06   4.0076E+10   1.1450E+08   5.3482E+07   1.0291E+06   9.3570E+08   1.9106E+09
      0.70824   8.1149E+11   4.2505E+10   9.7570E+08   1.9956E+09   7.0473E+06   3.8737E+10   1.0629E+08   4.9477E+07   9.1480E+05   8.8201E+08   1.8091E+09
      0.71451   8.0007E+11   4.0657E+10   8.9852E+08   1.8512E+09   6.1545E+06   3.7125E+10   9.5744E+07   4.4195E+07   7.9621E+05   8.1389E+08   1.6816E+09
      0.72079   7.8711E+11   3.8427E+10   8.0186E+08   1.6712E+09   5.0415E+06   3.5187E+10   8.2194E+07   3.7376E+07   6.2765E+05   7.2878E+08   1.5231E+09
      0.72706   7.7784E+11   3.7292E+10   7.6532E+08   1.5996E+09   4.7535E+06   3.4180E+10   7.7846E+07   3.5294E+07   5.7852E+05   6.9613E+08   1.4590E+09
      0.73333   7.6801E+11   3.6061E+10   7.2493E+08   1.5208E+09   4.3749E+06   3.3090E+10   7.2939E+07   3.3007E+07   5.2855E+05   6.5996E+08   1.3884E+09
      0.73961   7.5741E+11   3.4684E+10   6.7850E+08   1.4305E+09   3.9675E+06   3.1873E+10   6.7245E+07   3.0259E+07   4.8366E+05   6.1856E+08   1.3078E+09
      0.74588   7.4542E+11   3.3006E+10   6.1896E+08   1.3156E+09   3.4432E+06   3.0397E+10   5.9806E+07   2.6653E+07   4.0573E+05   5.6562E+08   1.2055E+09
      0.75215   7.3178E+11   3.0970E+10   5.4392E+08   1.1714E+09   2.7097E+06   2.8614E+10   5.0313E+07   2.2041E+07   3.0663E+05   4.9891E+08   1.0775E+09
      0.75843   7.2206E+11   2.9977E+10   5.1749E+08   1.1178E+09   2.5589E+06   2.7724E+10   4.7469E+07   2.0730E+07   2.8630E+05   4.7505E+08   1.0290E+09
      0.76470   7.1174E+11   2.8898E+10   4.8822E+08   1.0585E+09   2.3378E+06   2.6758E+10   4.4286E+07   1.9285E+07   2.4225E+05   4.4860E+08   9.7545E+08
      0.77097   7.0061E+11   2.7688E+10   4.5445E+08   9.9053E+08   2.1074E+06   2.5679E+10   4.0559E+07   1.7539E+07   2.3802E+05   4.1817E+08   9.1411E+08
      0.77725   6.8799E+11   2.6210E+10   4.1097E+08   9.0362E+08   1.7737E+06   2.4366E+10   3.5731E+07   1.5337E+07   1.9566E+05   3.7914E+08   8.3600E+08
      0.78352   6.7362E+11   2.4411E+10   3.5606E+08   7.9437E+08   1.3849E+06   2.2775E+10   2.9468E+07   1.2422E+07   1.4823E+05   3.2989E+08   7.3802E+08
      0.78980   6.6334E+11   2.3544E+10   3.3715E+08   7.5464E+08   1.2655E+06   2.1990E+10   2.7667E+07   1.1613E+07   1.2113E+05   3.1263E+08   7.0168E+08
      0.79608   6.5241E+11   2.2598E+10   3.1618E+08   7.1050E+08   1.1672E+06   2.1135E+10   2.5645E+07   1.0739E+07   1.3468E+05   2.9351E+08   6.6140E+08
      0.80236   6.4057E+11   2.1534E+10   2.9183E+08   6.5962E+08   1.0435E+06   2.0175E+10   2.3271E+07   9.7028E+06   1.1181E+05   2.7131E+08   6.1501E+08
      0.80863   6.2711E+11   2.0220E+10   2.6014E+08   5.9387E+08   8.6821E+05   1.8996E+10   2.0098E+07   8.2738E+06   8.4703E+04   2.4261E+08   5.5533E+08
      0.81491   6.1173E+11   1.8610E+10   2.1978E+08   5.1055E+08   6.5476E+05   1.7558E+10   1.6026E+07   6.4646E+06   5.5904E+04   2.0599E+08   4.7983E+08
      0.82118   6.0083E+11   1.7878E+10   2.0718E+08   4.8283E+08   5.9462E+05   1.6887E+10   1.4976E+07   6.0233E+06   5.7598E+04   1.9437E+08   4.5417E+08
      0.82746   5.8920E+11   1.7078E+10   1.9315E+08   4.5198E+08   5.3702E+05   1.6154E+10   1.3769E+07   5.5083E+06   5.3363E+04   1.8138E+08   4.2569E+08
      0.83373   5.7658E+11   1.6174E+10   1.7678E+08   4.1629E+08   4.8027E+05   1.5329E+10   1.2397E+07   4.9297E+06   4.5740E+04   1.6632E+08   3.9275E+08
      0.84000   5.6218E+11   1.5053E+10   1.5539E+08   3.6992E+08   3.9218E+05   1.4311E+10   1.0552E+07   4.1200E+06   3.3881E+04   1.4665E+08   3.5012E+08
      0.84628   5.4568E+11   1.3675E+10   1.2803E+08   3.1089E+08   2.8206E+05   1.3063E+10   8.1222E+06   3.1052E+06   2.8799E+04   1.2153E+08   2.9592E+08
      0.85255   5.3393E+11   1.3061E+10   1.1987E+08   2.9203E+08   2.5665E+05   1.2493E+10   7.5361E+06   2.8841E+06   1.6094E+04   1.1388E+08   2.7826E+08
      0.85882   5.2133E+11   1.2387E+10   1.1068E+08   2.7095E+08   2.2531E+05   1.1867E+10   6.8677E+06   2.6131E+06   2.7105E+04   1.0531E+08   2.5852E+08
      0.86510   5.0759E+11   1.1621E+10   9.9975E+07   2.4633E+08   2.0244E+05   1.1158E+10   6.0563E+06   2.2988E+06   1.4400E+04   9.5301E+07   2.3549E+08
      0.87137   4.9178E+11   1.0657E+10   8.5737E+07   2.1394E+08   1.4145E+05   1.0271E+10   4.9983E+06   1.8711E+06   2.4564E+04   8.2012E+07   2.0529E+08
      0.87765   4.7352E+11   9.4606E+09   6.7295E+07   1.7230E+08   1.0588E+05   9.1729E+09   3.6109E+06   1.3104E+06   7.6233E+03   6.4882E+07   1.6656E+08
      0.88392   4.6060E+11   8.9695E+09   6.2514E+07   1.6059E+08   8.3856E+04   8.7086E+09   3.3187E+06   1.1799E+06   1.3553E+04   6.0346E+07   1.5541E+08
      0.89019   4.4660E+11   8.4263E+09   5.7144E+07   1.4744E+08   8.0468E+04   8.1962E+09   3.0019E+06   1.0622E+06   2.9646E+03   5.5222E+07   1.4290E+08
      0.89647   4.3108E+11   7.8029E+09   5.0786E+07   1.3200E+08   7.1151E+04   7.6098E+09   2.6199E+06   9.3089E+05   0.0000E+00   4.9186E+07   1.2822E+08
      0.90274   4.1267E+11   7.0069E+09   4.2230E+07   1.1139E+08   5.1669E+04   6.8652E+09   2.0829E+06   7.3861E+05   5.9292E+03   4.1120E+07   1.0871E+08
      0.90901   3.9089E+11   6.0103E+09   3.1170E+07   8.4785E+07   2.7952E+04   5.9362E+09   1.3841E+06   4.6756E+05   2.5411E+03   3.0627E+07   8.3539E+07
      0.91529   3.7783E+11   5.6505E+09   2.8692E+07   7.8323E+07   2.3717E+04   5.5868E+09   1.2689E+06   4.2267E+05   0.0000E+00   2.8219E+07   7.7243E+07
      0.92157   3.6357E+11   5.2476E+09   2.5875E+07   7.1001E+07   2.3717E+04   5.1967E+09   1.1138E+06   3.7269E+05   0.0000E+00   2.5481E+07   7.0075E+07
      0.92785   3.4766E+11   4.7777E+09   2.2484E+07   6.2198E+07   1.7788E+04   4.7434E+09   9.5206E+05   3.2103E+05   0.0000E+00   2.2186E+07   6.1522E+07
      0.93413   3.2880E+11   4.1626E+09   1.7821E+07   5.0129E+07   1.1858E+04   4.1537E+09   7.3268E+05   2.2870E+05   0.0000E+00   1.7655E+07   4.9839E+07
      0.94040   3.0638E+11   3.3735E+09   1.1585E+07   3.4137E+07   5.9292E+03   3.4009E+09   4.0658E+05   1.3129E+05   0.0000E+00   1.1643E+07   3.4384E+07
      0.94668   2.9102E+11   3.1190E+09   1.0514E+07   3.1082E+07   5.9292E+03   3.1469E+09   3.6084E+05   1.0927E+05   0.0000E+00   1.0565E+07   3.1330E+07
      0.95295   2.7392E+11   2.8304E+09   9.2911E+06   2.7586E+07   3.8116E+03   2.8598E+09   3.1213E+05   9.7409E+04   0.0000E+00   9.3462E+06   2.7823E+07
      0.95922   2.5438E+11   2.4878E+09   7.8020E+06   2.3328E+07   2.9646E+03   2.5202E+09   2.5835E+05   7.8774E+04   0.0000E+00   7.8558E+06   2.3567E+07
      0.96550   2.3049E+11   2.0263E+09   5.6836E+06   1.7314E+07   0.0000E+00   2.0655E+09   1.7915E+05   5.8445E+04   0.0000E+00   5.7488E+06   1.7587E+07
      0.97177   2.0113E+11   1.4215E+09   2.8079E+06   9.2250E+06   0.0000E+00   1.4726E+09   7.1574E+04   1.5247E+04   0.0000E+00   2.9079E+06   9.5757E+06
      0.97804   1.8030E+11   1.2615E+09   2.4941E+06   8.1798E+06   0.0000E+00   1.3061E+09   5.8445E+04   1.6094E+04   0.0000E+00   2.5779E+06   8.4868E+06
      0.98432   1.5527E+11   1.0737E+09   2.1172E+06   6.9626E+06   3.8116E+03   1.1109E+09   5.0398E+04   1.1011E+04   0.0000E+00   2.1915E+06   7.2186E+06
      0.99059   1.2306E+11   8.3858E+08   1.6547E+06   5.4382E+06   0.0000E+00   8.6691E+08   4.0869E+04   1.0800E+04   0.0000E+00   1.7104E+06   5.6309E+06
      0.99686   7.3427E+10   4.8969E+08   9.6541E+05   3.1765E+06   1.0588E+02   5.0562E+08   2.4776E+04   7.3057E+03   0.0000E+00   9.9844E+05   3.2828E+06
