  0.010000     6.611192E-02     5.623488E-02     3.223712E-02     3.682909E-02     1.063553E-02     4.840684E-02     2.030991E-02     1.725000E-02     5.386694E-03     2.687548E-02     3.092620E-02     2.278091E-03
  0.030000     6.620549E-02     5.620285E-02     3.214535E-02     3.673923E-02     1.058249E-02     4.835674E-02     2.023022E-02     1.717702E-02     5.355427E-03     2.678988E-02     3.083927E-02     2.260987E-03
  0.050000     6.638674E-02     5.613573E-02     3.196196E-02     3.655922E-02     1.047723E-02     4.825466E-02     2.007165E-02     1.703196E-02     5.293498E-03     2.661920E-02     3.066562E-02     2.227241E-03
  0.070000     6.664422E-02     5.602754E-02     3.168732E-02     3.628859E-02     1.032143E-02     4.809694E-02     1.983583E-02     1.681655E-02     5.202094E-03     2.636443E-02     3.040574E-02     2.177760E-03
  0.090000     6.696131E-02     5.586975E-02     3.132205E-02     3.592674E-02     1.011749E-02     4.787837E-02     1.952520E-02     1.653336E-02     5.082943E-03     2.602714E-02     3.006039E-02     2.113855E-03
  0.110000     6.731707E-02     5.565171E-02     3.086709E-02     3.547309E-02     9.868549E-03     4.759250E-02     1.914291E-02     1.618574E-02     4.938251E-03     2.560941E-02     2.963068E-02     2.037188E-03
  0.130000     6.768704E-02     5.536126E-02     3.032384E-02     3.492729E-02     9.578316E-03     4.723203E-02     1.869287E-02     1.577774E-02     4.770626E-03     2.511389E-02     2.911815E-02     1.949695E-03
  0.150000     6.804438E-02     5.498544E-02     2.969424E-02     3.428940E-02     9.251023E-03     4.678928E-02     1.817960E-02     1.531406E-02     4.582990E-03     2.454382E-02     2.852486E-02     1.853512E-03
  0.170000     6.836103E-02     5.451121E-02     2.898090E-02     3.356011E-02     8.891292E-03     4.625669E-02     1.760828E-02     1.479995E-02     4.378485E-03     2.390305E-02     2.785347E-02     1.750881E-03
  0.190000     6.860886E-02     5.392622E-02     2.818722E-02     3.274096E-02     8.504021E-03     4.562732E-02     1.698457E-02     1.424111E-02     4.160377E-03     2.319605E-02     2.710731E-02     1.644064E-03
  0.210000     6.876085E-02     5.321957E-02     2.731751E-02     3.183457E-02     8.094273E-03     4.489534E-02     1.631464E-02     1.364362E-02     3.931965E-03     2.242795E-02     2.629050E-02     1.535254E-03
  0.230000     6.879217E-02     5.238244E-02     2.637700E-02     3.084472E-02     7.667163E-03     4.405650E-02     1.560503E-02     1.301383E-02     3.696493E-03     2.160449E-02     2.540796E-02     1.426493E-03
  0.250000     6.868106E-02     5.140870E-02     2.537195E-02     2.977656E-02     7.227758E-03     4.310845E-02     1.486261E-02     1.235825E-02     3.457074E-03     2.073203E-02     2.446547E-02     1.319614E-03
  0.270000     6.840951E-02     5.029525E-02     2.430959E-02     2.863655E-02     6.780983E-03     4.205106E-02     1.409444E-02     1.168350E-02     3.216627E-03     1.981749E-02     2.346962E-02     1.216184E-03
  0.290000     6.796376E-02     4.904232E-02     2.319804E-02     2.743250E-02     6.331543E-03     4.088650E-02     1.330770E-02     1.099613E-02     2.977832E-03     1.886826E-02     2.242779E-02     1.117472E-03
  0.310000     6.733447E-02     4.765345E-02     2.204627E-02     2.617344E-02     5.883852E-03     3.961930E-02     1.250959E-02     1.030260E-02     2.743084E-03     1.789215E-02     2.134804E-02     1.024443E-03
  0.330000     6.651671E-02     4.613546E-02     2.086384E-02     2.486944E-02     5.441976E-03     3.825622E-02     1.170720E-02     9.609153E-03     2.514481E-03     1.689720E-02     2.023898E-02     9.377545E-04
  0.350000     6.550972E-02     4.449806E-02     1.966077E-02     2.353138E-02     5.009590E-03     3.680606E-02     1.090738E-02     8.921693E-03     2.293807E-03     1.589157E-02     1.910959E-02     8.577810E-04
  0.370000     6.431654E-02     4.275352E-02     1.844726E-02     2.217065E-02     4.589939E-03     3.527934E-02     1.011667E-02     8.245737E-03     2.082531E-03     1.488338E-02     1.796901E-02     7.846461E-04
  0.390000     6.294349E-02     4.091614E-02     1.723343E-02     2.079885E-02     4.185819E-03     3.368790E-02     9.341118E-03     7.586311E-03     1.881818E-03     1.388053E-02     1.682636E-02     7.182631E-04
  0.410000     6.139966E-02     3.900168E-02     1.602910E-02     1.942747E-02     3.799564E-03     3.204454E-02     8.586246E-03     6.947883E-03     1.692539E-03     1.289052E-02     1.569049E-02     6.583801E-04
  0.430000     5.969638E-02     3.702685E-02     1.484355E-02     1.806756E-02     3.433037E-03     3.036260E-02     7.856921E-03     6.334312E-03     1.515293E-03     1.192034E-02     1.456982E-02     6.046246E-04
  0.450000     5.784671E-02     3.500874E-02     1.368526E-02     1.672950E-02     3.087642E-03     2.865556E-02     7.157307E-03     5.748805E-03     1.350429E-03     1.097629E-02     1.347211E-02     5.565464E-04
  0.470000     5.586515E-02     3.296439E-02     1.256183E-02     1.542275E-02     2.764340E-03     2.693675E-02     6.490821E-03     5.193901E-03     1.198071E-03     1.006393E-02     1.240435E-02     5.136540E-04
  0.490000     5.376729E-02     3.091043E-02     1.147981E-02     1.415568E-02     2.463676E-03     2.521905E-02     5.860119E-03     4.671477E-03     1.058142E-03     9.187965E-03     1.137267E-02     4.754443E-04
  0.510000     5.156968E-02     2.886274E-02     1.044465E-02     1.293552E-02     2.185810E-03     2.351468E-02     5.267111E-03     4.182769E-03     9.303980E-04     8.352265E-03     1.038226E-02     4.414253E-04
  0.530000     4.928969E-02     2.683631E-02     9.460710E-03     1.176823E-02     1.930561E-03     2.183511E-02     4.712994E-03     3.728411E-03     8.144506E-04     7.559836E-03     9.437348E-03     4.111314E-04
  0.550000     4.694548E-02     2.484506E-02     8.531253E-03     1.065861E-02     1.697455E-03     2.019092E-02     4.198309E-03     3.308499E-03     7.097980E-04     6.812871E-03     8.541258E-03     3.841321E-04
  0.570000     4.455593E-02     2.290182E-02     7.658551E-03     9.610278E-03     1.485771E-03     1.859177E-02     3.723016E-03     2.922652E-03     6.158505E-04     6.112801E-03     7.696427E-03     3.600366E-04
  0.590000     4.214055E-02     2.101821E-02     6.843952E-03     8.625787E-03     1.294593E-03     1.704640E-02     3.286569E-03     2.570088E-03     5.319563E-04     5.460374E-03     6.904485E-03     3.384936E-04
  0.610000     3.971933E-02     1.920470E-02     6.087989E-03     7.706722E-03     1.122857E-03     1.556260E-02     2.888004E-03     2.249697E-03     4.574238E-04     4.855728E-03     6.166339E-03     3.191899E-04
  0.630000     3.731245E-02     1.747051E-02     5.390479E-03     6.853798E-03     9.693971E-04     1.414718E-02     2.526017E-03     1.960114E-03     3.915423E-04     4.298480E-03     5.482247E-03     3.018463E-04
  0.650000     3.494000E-02     1.582359E-02     4.750628E-03     6.066960E-03     8.329827E-04     1.280596E-02     2.199042E-03     1.699782E-03     3.335983E-04     3.787795E-03     4.851898E-03     2.862147E-04
  0.670000     3.262151E-02     1.427058E-02     4.167116E-03     5.345473E-03     7.123532E-04     1.154374E-02     1.905313E-03     1.467013E-03     2.828901E-04     3.322456E-03     4.274481E-03     2.720744E-04
  0.690000     3.037549E-02     1.281669E-02     3.638179E-03     4.688001E-03     6.062450E-04     1.036419E-02     1.642925E-03     1.260030E-03     2.387379E-04     2.900925E-03     3.748742E-03     2.592288E-04
  0.710000     2.821887E-02     1.146568E-02     3.161669E-03     4.092671E-03     5.134126E-04     9.269864E-03     1.409877E-03     1.077013E-03     2.004914E-04     2.521384E-03     3.273032E-03     2.475035E-04
  0.730000     2.616654E-02     1.021977E-02     2.735119E-03     3.557134E-03     4.326444E-04     8.262131E-03     1.204110E-03     9.161227E-04     1.675357E-04     2.181782E-03     2.845352E-03     2.367440E-04
  0.750000     2.423093E-02     9.079632E-03     2.355785E-03     3.078620E-03     3.627740E-04     7.341143E-03     1.023536E-03     7.755287E-04     1.392936E-04     1.879872E-03     2.463390E-03     2.268142E-04
  0.770000     2.242159E-02     8.044386E-03     2.020700E-03     2.653993E-03     3.026878E-04     6.505856E-03     8.660652E-04     6.534277E-04     1.152278E-04     1.613243E-03     2.124567E-03     2.175955E-04
  0.790000     2.074507E-02     7.111673E-03     1.726720E-03     2.279808E-03     2.513308E-04     5.754082E-03     7.296257E-04     5.480588E-04     9.484076E-05     1.379356E-03     1.826076E-03     2.089853E-04
  0.810000     1.920479E-02     6.277767E-03     1.470575E-03     1.952381E-03     2.077098E-04     5.082571E-03     6.121836E-04     4.577175E-04     7.767473E-05     1.175583E-03     1.564931E-03     2.008959E-04
  0.830000     1.780111E-02     5.537736E-03     1.248924E-03     1.667856E-03     1.708965E-04     4.487147E-03     5.117624E-04     3.807681E-04     6.331074E-05     9.992492E-04     1.338025E-03     1.932534E-04
  0.850000     1.653159E-02     4.885649E-03     1.058409E-03     1.422285E-03     1.400296E-04     3.962867E-03     4.264609E-04     3.156550E-04     5.136771E-05     8.476718E-04     1.142187E-03     1.859962E-04
  0.870000     1.539129E-02     4.314817E-03     8.957151E-04     1.211705E-03     1.143155E-04     3.504211E-03     3.544702E-04     2.609136E-04     4.150117E-05     7.182064E-04     9.742414E-04     1.790736E-04
  0.890000     1.437317E-02     3.818036E-03     7.576205E-04     1.032217E-03     9.302994E-05     3.105274E-03     2.940900E-04     2.151794E-04     3.340207E-05     6.082879E-04     8.310688E-04     1.724447E-04
  0.910000     1.346855E-02     3.387843E-03     6.410500E-04     8.800551E-04     7.551814E-05     2.759969E-03     2.437417E-04     1.771961E-04     2.679532E-05     5.154695E-04     7.096616E-04     1.660763E-04
  0.930000     1.266762E-02     3.016749E-03     5.431169E-04     7.516505E-04     6.119397E-05     2.462207E-03     2.019789E-04     1.458208E-04     2.143824E-05     4.374557E-04     6.071722E-04     1.599423E-04
  0.950000     1.195985E-02     2.697448E-03     4.611565E-04     6.436832E-04     4.953873E-05     2.206063E-03     1.674943E-04     1.200272E-04     1.711885E-05     3.721287E-04     5.209532E-04     1.540219E-04
  0.970000     1.133441E-02     2.422986E-03     3.927496E-04     5.531180E-04     4.009865E-05     1.985912E-03     1.391230E-04     9.890567E-05     1.365387E-05     3.175667E-04     4.485857E-04     1.482985E-04
  0.990000     1.078055E-02     2.186894E-03     3.357358E-04     4.772278E-04     3.248152E-05     1.796527E-03     1.158408E-04     8.166062E-05     1.088655E-05     2.720535E-04     3.878972E-04     1.427588E-04
  1.010000     1.028784E-02     1.983280E-03     2.882157E-04     4.136025E-04     2.635245E-05     1.633152E-03     9.676044E-05     6.760570E-05     8.684355E-06     2.340806E-04     3.369682E-04     1.373917E-04
  1.030000     9.846418E-03     1.806875E-03     2.485453E-04     3.601462E-04     2.142901E-05     1.491539E-03     8.112314E-05     5.615650E-05     6.936475E-06     2.023424E-04     2.941298E-04     1.321871E-04
  1.050000     9.447116E-03     1.653057E-03     2.153220E-04     3.150636E-04     1.747584E-05     1.367962E-03     6.828903E-05     4.682183E-05     5.551323E-06     1.757250E-04     2.579525E-04     1.271358E-04
  1.070000     9.081536E-03     1.517832E-03     1.873663E-04     2.768393E-04     1.429913E-05     1.259207E-03     5.772524E-05     3.919398E-05     4.454040E-06     1.532917E-04     2.272300E-04     1.222281E-04
  1.090000     8.742096E-03     1.397809E-03     1.636992E-04     2.442114E-04     1.174103E-05     1.162541E-03     4.899337E-05     3.293849E-05     3.584088E-06     1.342650E-04     2.009578E-04     1.174534E-04
  1.110000     8.422029E-03     1.290148E-03     1.435182E-04     2.161429E-04     9.674315E-06     1.075678E-03     4.173675E-05     2.778399E-05     2.893004E-06     1.180078E-04     1.783106E-04     1.127997E-04
  1.130000     8.115360E-03     1.192511E-03     1.261729E-04     1.917915E-04     7.997428E-06     9.967345E-04     3.566821E-05     2.351245E-05     2.342344E-06     1.040036E-04     1.586180E-04     1.082531E-04
  1.150000     7.816875E-03     1.102997E-03     1.111418E-04     1.704810E-04     6.629942E-06     9.241819E-04     3.055852E-05     1.995024E-05     1.901860E-06     9.183854E-05     1.413423E-04     1.037977E-04
  1.170000     7.522085E-03     1.020091E-03     9.801070E-05     1.516738E-04     5.508600E-06     8.567999E-04     2.622613E-05     1.696004E-05     1.547911E-06     8.118382E-05     1.260561E-04     9.941555E-05
  1.190000     7.227200E-03     9.426064E-04     8.645288E-05     1.349467E-04     4.583900E-06     7.936336E-04     2.252802E-05     1.443381E-05     1.262115E-06     7.178054E-05     1.124232E-04     9.508687E-05
  1.210000     6.929103E-03     8.696338E-04     7.621261E-05     1.199689E-04     3.817221E-06     7.339528E-04     1.935197E-05     1.228689E-05     1.030228E-06     6.342613E-05     1.001814E-04     9.079075E-05
  1.230000     6.625345E-03     8.004977E-04     6.709041E-05     1.064840E-04     3.178455E-06     6.772170E-04     1.660998E-05     1.045291E-05     8.412254E-07     5.596287E-05     8.912771E-05     8.650599E-05
  1.250000     6.314140E-03     7.347158E-04     5.893100E-05     9.429339E-05     2.644088E-06     6.230428E-04     1.423299E-05     8.879809E-06     6.865654E-07     4.926825E-05     7.910560E-05     8.221233E-05
  1.270000     5.994376E-03     6.719640E-04     5.161324E-05     8.324410E-05     2.195678E-06     5.711769E-04     1.216648E-05     7.526496E-06     5.596087E-07     4.324696E-05     6.999480E-05     7.789182E-05
  1.290000     5.665620E-03     6.120463E-04     4.504200E-05     7.321744E-05     1.818656E-06     5.214712E-04     1.036704E-05     6.360282E-06     4.551654E-07     3.782443E-05     6.170265E-05     7.353035E-05
  1.310000     5.328122E-03     5.548674E-04     3.914163E-05     6.412059E-05     1.501399E-06     4.738620E-04     8.799693E-06     5.354850E-06     3.691471E-07     3.294161E-05     5.415713E-05     6.911918E-05
  1.330000     4.982808E-03     5.004090E-04     3.385083E-05     5.587949E-05     1.234532E-06     4.283498E-04     7.435769E-06     4.488702E-06     2.983022E-07     2.855080E-05     4.730123E-05     6.465627E-05
  1.350000     4.631255E-03     4.487083E-04     2.911857E-05     4.843339E-05     1.010383E-06     3.849832E-04     6.251340E-06     3.743973E-06     2.400171E-07     2.461245E-05     4.108852E-05     6.014733E-05
  1.370000     4.275640E-03     3.998392E-04     2.490101E-05     4.173053E-05     8.225970E-07     3.438419E-04     5.226021E-06     3.105552E-06     1.921674E-07     2.109266E-05     3.547963E-05     5.560631E-05
  1.390000     3.918663E-03     3.538945E-04     2.115918E-05     3.572481E-05     6.658304E-07     3.050236E-04     4.342084E-06     2.560425E-06     1.530076E-07     1.796126E-05     3.043958E-05     5.105547E-05
  1.410000     3.563447E-03     3.109713E-04     1.785730E-05     3.037341E-05     5.355404E-07     2.686298E-04     3.583829E-06     2.097208E-06     1.210892E-07     1.519046E-05     2.593579E-05     4.652465E-05
  1.430000     3.213400E-03     2.711568E-04     1.496158E-05     2.563505E-05     4.278246E-07     2.347553E-04     2.937138E-06     1.705807E-06     9.520021E-08     1.275392E-05     2.193664E-05     4.205000E-05
  1.450000     2.872066E-03     2.345177E-04     1.243948E-05     2.146883E-05     3.393060E-07     2.034772E-04     2.389165E-06     1.377185E-06     7.432041E-08     1.062607E-05     1.841056E-05     3.767219E-05
  1.470000     2.542964E-03     2.010906E-04     1.025924E-05     1.783364E-05     2.670480E-07     1.748477E-04     1.928143E-06     1.103200E-06     5.758745E-08     8.781768E-06     1.532541E-05     3.343413E-05
  1.490000     2.229418E-03     1.708758E-04     8.389746E-06     1.468785E-05     2.084924E-07     1.488874E-04     1.543260E-06     8.764967E-07     4.427126E-08     7.196204E-06     1.264837E-05     2.937850E-05
  1.510000     1.934401E-03     1.438332E-04     6.800498E-06     1.198944E-05     1.614116E-07     1.255813E-04     1.224583E-06     6.904361E-07     3.375408E-08     5.844859E-06     1.034589E-05     2.554528E-05
  1.530000     1.660403E-03     1.198811E-04     5.461784E-06     9.696203E-06     1.238718E-07     1.048777E-04     9.630214E-07     5.390435E-07     2.551451E-08     4.703662E-06     8.384013E-06     2.196948E-05
  1.550000     1.409322E-03     9.889730E-05     4.344890E-06     7.766270E-06     9.420207E-08     8.668819E-05     7.503039E-07     4.169727E-07     1.911434E-08     3.749188E-06     6.728689E-06     1.867921E-05
  1.570000     1.182400E-03     8.072273E-05     3.422370E-06     6.158594E-06     7.096787E-08     7.089088E-05     5.789656E-07     3.194750E-07     1.418747E-08     2.958897E-06     5.346295E-06     1.569435E-05
  1.590000     9.801980E-04     6.516691E-05     2.668316E-06     4.833526E-06     5.294757E-08     5.733446E-05     4.423317E-07     2.423702E-07     1.043023E-08     2.311379E-06     4.204103E-06     1.302583E-05
  1.610000     8.026135E-04     5.201482E-05     2.058602E-06     3.753359E-06     3.911003E-08     4.584417E-05     3.344979E-07     1.820147E-07     7.592780E-09     1.786583E-06     3.270777E-06     1.067551E-05
  1.630000     6.489326E-04     4.103470E-05     1.571087E-06     2.882800E-06     2.859354E-08     3.622855E-05     2.503016E-07     1.352680E-07     5.471508E-09     1.366006E-06     2.516805E-06     8.636760E-06
  1.650000     5.179166E-04     3.198617E-05     1.185749E-06     2.189359E-06     2.068566E-08     2.828645E-05     1.852838E-07     9.945496E-08     3.902098E-09     1.032834E-06     1.914865E-06     6.895421E-06
  1.670000     4.079085E-04     2.462800E-05     8.847614E-07     1.643622E-06     1.480407E-08     2.181402E-05     1.356432E-07     7.232447E-08     2.753368E-09     7.720280E-07     1.440094E-06     5.431234E-06
  1.690000     3.169513E-04     1.872527E-05     6.525026E-07     1.219408E-06     1.047842E-08     1.661113E-05     9.818212E-08     5.200684E-08     1.921763E-09     5.703490E-07     1.070252E-06     4.219432E-06
  1.710000     2.429077E-04     1.405535E-05     4.754956E-07     8.938042E-07     7.333461E-09     1.248681E-05     7.024765E-08     3.696962E-08     1.326488E-09     4.163310E-07     7.857923E-07     3.232409E-06
  1.730000     1.835730E-04     1.041259E-05     3.423019E-07     6.470995E-07     5.073657E-09     9.263646E-06     4.966964E-08     2.597378E-08     9.052657E-10     3.002045E-07     5.698295E-07     2.441311E-06
  1.750000     1.367735E-04     7.611575E-06     2.433691E-07     4.626250E-07     3.469248E-09     6.780887E-06     3.469835E-08     1.803149E-08     6.106943E-10     2.137816E-07     4.080291E-07     1.817436E-06
  1.770000     1.004464E-04     5.488964E-06     1.708496E-07     3.265238E-07     2.344005E-09     4.896287E-06     2.394351E-08     1.236624E-08     4.071508E-10     1.503132E-07     2.884329E-07     1.333388E-06
  1.790000     7.269856E-05     3.904032E-06     1.184019E-07     2.274739E-07     1.564590E-09     3.486830E-06     1.631678E-08     8.376477E-09     2.682144E-10     1.043281E-07     2.012376E-07     9.639244E-07
  1.810000     5.184440E-05     2.738142E-06     8.098551E-08     1.563821E-07     1.031514E-09     2.448451E-06     1.097888E-08     5.602906E-09     1.745499E-10     7.146448E-08     1.385453E-07     6.865190E-07
  1.830000     3.642448E-05     1.893373E-06     5.466027E-08     1.060702E-07     6.715811E-10     1.694990E-06     7.292437E-09     3.700052E-09     1.121982E-10     4.830322E-08     9.410333E-08     4.816414E-07
  1.850000     2.520788E-05     1.290554E-06     3.639721E-08     7.096874E-08     4.317081E-10     1.156596E-06     4.780739E-09     2.411919E-09     7.121991E-11     3.220883E-08     6.304715E-08     3.328129E-07
  1.870000     1.718190E-05     8.669704E-07     2.390652E-08     4.683045E-08     2.739511E-10     7.777919E-07     3.092755E-09     1.551668E-09     4.463654E-11     2.118395E-08     4.165756E-08     2.264796E-07
  1.890000     1.153300E-05     5.739207E-07     1.548604E-08     3.047206E-08     1.715823E-10     5.154004E-07     1.974003E-09     9.850090E-10     2.761721E-11     1.374030E-08     2.714032E-08     1.517616E-07
  1.910000     7.622529E-06     3.743306E-07     9.891620E-09     1.954860E-08     1.060515E-10     3.364827E-07     1.242878E-09     6.168992E-10     1.686548E-11     8.787596E-09     1.743241E-08     1.001275E-07
  1.930000     4.960131E-06     2.405218E-07     6.229148E-09     1.236238E-08     6.467514E-11     2.164005E-07     7.718242E-10     3.811106E-10     1.016434E-11     5.540642E-09     1.103707E-08     6.503707E-08
  1.950000     3.177460E-06     1.522276E-07     3.866860E-09     7.705419E-09     3.891061E-11     1.370805E-07     4.726611E-10     2.322115E-10     6.044434E-12     3.443507E-09     6.887148E-09     4.158586E-08
  1.970000     2.003636E-06     9.488971E-08     2.365890E-09     4.733008E-09     2.309114E-11     8.551911E-08     2.854034E-10     1.395238E-10     3.546218E-12     2.109262E-09     4.235006E-09     2.617404E-08
  1.990000     1.243571E-06     5.824816E-08     1.426519E-09     2.864619E-09     1.351475E-11     5.253779E-08     1.698966E-10     8.265764E-11     2.052334E-12     1.273181E-09     2.565901E-09     1.621443E-08
  2.010000     7.596255E-07     3.520758E-08     8.475222E-10     1.708167E-09     7.800057E-12     3.178014E-08     9.969387E-11     4.827580E-11     1.171508E-12     7.572227E-10     1.531590E-09     9.885672E-09
  2.030000     4.566381E-07     2.095257E-08     4.960917E-10     1.003403E-09     4.438724E-12     1.892659E-08     5.765727E-11     2.779273E-11     6.594793E-13     4.436884E-10     9.005554E-10     5.931358E-09
  2.050000     2.701201E-07     1.227565E-08     2.860614E-10     5.805673E-10     2.490206E-12     1.109637E-08     3.286157E-11     1.577010E-11     3.660682E-13     2.560962E-10     5.215484E-10     3.502008E-09
  2.070000     1.572262E-07     7.079777E-09     1.624781E-10     3.308380E-10     1.377136E-12     6.403887E-09     1.845524E-11     8.818348E-12     2.003438E-13     1.455966E-10     2.974739E-10     2.034550E-09
  2.090000     9.004267E-08     4.019075E-09     9.089144E-11     1.856605E-10     7.506435E-13     3.637685E-09     1.021174E-11     4.858930E-12     1.080920E-13     8.152232E-11     1.670818E-10     1.163008E-09
  2.110000     5.073432E-08     2.245587E-09     5.007260E-11     1.025942E-10     4.032343E-13     2.033722E-09     5.566496E-12     2.637832E-12     5.748659E-14     4.495070E-11     9.240478E-11     6.540885E-10
  2.130000     2.812298E-08     1.234807E-09     2.716346E-11     5.581944E-11     2.134531E-13     1.118953E-09     2.988968E-12     1.410787E-12     3.013348E-14     2.440563E-11     5.031588E-11     3.619155E-10
  2.150000     1.533572E-08     6.681956E-10     1.450904E-11     2.989992E-11     1.113331E-13     6.058370E-10     1.580795E-12     7.432594E-13     1.556673E-14     1.304664E-11     2.697267E-11     1.970034E-10
  2.170000     8.226390E-09     3.558072E-10     7.629983E-12     1.576669E-11     5.721117E-14     3.227721E-10     8.233865E-13     3.856937E-13     7.924434E-15     6.866339E-12     1.423363E-11     1.054912E-10
  2.190000     4.340670E-09     1.864257E-10     3.950068E-12     8.183952E-12     2.896217E-14     1.692022E-10     4.223449E-13     1.971188E-13     3.974851E-15     3.557420E-12     7.393447E-12     5.556679E-11
  2.210000     2.252827E-09     9.610626E-11     2.013020E-12     4.181245E-12     1.444229E-14     8.726923E-11     2.133186E-13     9.921079E-14     1.964335E-15     1.814241E-12     3.779950E-12     2.879078E-11
  2.230000     1.150019E-09     4.874481E-11     1.009769E-12     2.102507E-12     7.093456E-15     4.428308E-11     1.060848E-13     4.916985E-14     9.563451E-16     9.106961E-13     1.901966E-12     1.467281E-11
  2.250000     5.773928E-10     2.432279E-11     4.985356E-13     1.040471E-12     3.431314E-15     2.210620E-11     5.194047E-14     2.399457E-14     4.586496E-16     4.499254E-13     9.418221E-13     7.354939E-12
  2.270000     2.851094E-10     1.193948E-11     2.422377E-13     5.067053E-13     1.634591E-15     1.085598E-11     2.503542E-14     1.152837E-14     2.166604E-16     2.187600E-13     4.589413E-13     3.626062E-12
  2.290000     1.384557E-10     5.765336E-12     1.158327E-13     2.428219E-13     7.667785E-16     5.244243E-12     1.187871E-14     5.452954E-15     1.008036E-16     1.046715E-13     2.200604E-13     1.758195E-12
  2.310000     6.612338E-11     2.738493E-12     5.450529E-14     1.144992E-13     3.541695E-16     2.491936E-12     5.547782E-15     2.539066E-15     4.618890E-17     4.928290E-14     1.038243E-13     8.384190E-13
  2.330000     3.105496E-11     1.279466E-12     2.523708E-14     5.312215E-14     1.610651E-16     1.164699E-12     2.550214E-15     1.163765E-15     2.084167E-17     2.283217E-14     4.819531E-14     3.931913E-13
  2.350000     1.434255E-11     5.879746E-13     1.149765E-14     2.424852E-14     7.211261E-17     5.354226E-13     1.153757E-15     5.250215E-16     9.260409E-18     1.040778E-14     2.201089E-14     1.813355E-13
  2.370000     6.513721E-12     2.657573E-13     5.153779E-15     1.088954E-14     3.178423E-17     2.420860E-13     5.136960E-16     2.331219E-16     4.051361E-18     4.667737E-15     9.889552E-15     8.224061E-14
  2.390000     2.908896E-12     1.181390E-13     2.272836E-15     4.810928E-15     1.379035E-17     1.076509E-13     2.250752E-16     1.018726E-16     1.745083E-18     2.059545E-15     4.371211E-15     3.667774E-14
  2.410000     1.277359E-12     5.164978E-14     9.860882E-16     2.090853E-15     5.889456E-18     4.707894E-14     9.704091E-17     4.381016E-17     7.400284E-19     8.939905E-16     1.900615E-15     1.608500E-14
  2.430000     5.515351E-13     2.220734E-14     4.208710E-16     8.938721E-16     2.475631E-18     2.024804E-14     4.116852E-17     1.854011E-17     3.089377E-19     3.817437E-16     8.128978E-16     6.936352E-15
  2.450000     2.341527E-13     9.389981E-15     1.767053E-16     3.758954E-16     1.024196E-18     8.563942E-15     1.718451E-17     7.720524E-18     1.269574E-19     1.603504E-16     3.419872E-16     2.941190E-15
  2.470000     9.774220E-14     3.904455E-15     7.297928E-17     1.554825E-16     4.170063E-19     3.561941E-15     7.057480E-18     3.163418E-18     5.135522E-20     6.625370E-17     1.415140E-16     1.226274E-15
  2.490000     4.011558E-14     1.596510E-15     2.964711E-17     6.325627E-17     1.670866E-19     1.456835E-15     2.851563E-18     1.275325E-18     2.044687E-20     2.692623E-17     5.759562E-17     5.027073E-16
  2.510000     1.618765E-14     6.419295E-16     1.184627E-17     2.531149E-17     6.588075E-20     5.859137E-16     1.133491E-18     5.058474E-19     8.012381E-21     1.076342E-17     2.305499E-17     2.026272E-16
  2.530000     6.422241E-15     2.538029E-16     4.655673E-18     9.961150E-18     2.556064E-20     2.317106E-16     4.432376E-19     1.973938E-19     3.090054E-21     4.231748E-18     9.076357E-18     8.030206E-17
  2.550000     2.505035E-15     9.867095E-17     1.799574E-18     3.855363E-18     9.758004E-21     9.010259E-17     1.704987E-19     7.577820E-20     1.172786E-21     1.636324E-18     3.514116E-18     3.128919E-17
  2.570000     9.606344E-16     3.771860E-17     6.841161E-19     1.467479E-18     3.665276E-21     3.445070E-17     6.451416E-20     2.861767E-20     4.380249E-22     6.222789E-19     1.338029E-18     1.198651E-17
  2.590000     3.621703E-16     1.417706E-17     2.557697E-19     5.493094E-19     1.354533E-21     1.295147E-17     2.401166E-20     1.063130E-20     1.609851E-22     2.327309E-19     5.010115E-19     4.514559E-18
  2.610000     1.342368E-16     5.239286E-18     9.404052E-20     2.022034E-19     4.924838E-22     4.787311E-18     8.790371E-21     3.884942E-21     5.821832E-23     8.559804E-20     1.844806E-19     1.671686E-18
  2.630000     4.891337E-17     1.903728E-18     3.400284E-20     7.319390E-20     1.761554E-22     1.739833E-18     3.165158E-21     1.396410E-21     2.071582E-23     3.096009E-20     6.679801E-20     6.085612E-19
  2.650000     1.752166E-17     6.801060E-19     1.209033E-20     2.605345E-20     6.198470E-23     6.216683E-19     1.120915E-21     4.936930E-22     7.252613E-24     1.101179E-20     2.378347E-20     2.177999E-19
  2.670000     6.170336E-18     2.388797E-19     4.227390E-21     9.119043E-21     2.145565E-23     2.183924E-19     3.904141E-22     1.716730E-22     2.498154E-24     3.851411E-21     8.326754E-21     7.663177E-20
  2.690000     2.136105E-18     8.249081E-20     1.453474E-21     3.138461E-21     7.305524E-24     7.542873E-20     1.337337E-22     5.871297E-23     8.465626E-25     1.324578E-21     2.866521E-21     2.650647E-20
  2.710000     7.269617E-19     2.800582E-20     4.913975E-22     1.062083E-21     2.446802E-24     2.561235E-20     4.505118E-23     1.974877E-23     2.822263E-25     4.479413E-22     9.702956E-22     9.013243E-21
  2.730000     2.432038E-19     9.347612E-21     1.633575E-22     3.533984E-22     8.060633E-25     8.550055E-21     1.492484E-23     6.532920E-24     9.255898E-26     1.489501E-22     3.229338E-22     3.012945E-21
  2.750000     7.998239E-20     3.067300E-21     5.339699E-23     1.156184E-22     2.611852E-25     2.806007E-21     4.862277E-24     2.125316E-24     2.986116E-26     4.869980E-23     1.056757E-22     9.900949E-22
  2.770000     2.585704E-20     9.894837E-22     1.716156E-23     3.719092E-23     8.323833E-26     9.053212E-22     1.557706E-24     6.799501E-25     9.476480E-27     1.565567E-23     3.400009E-23     3.198402E-22
  2.790000     8.217114E-21     3.137993E-22     5.423132E-24     1.176214E-23     2.609039E-26     2.871475E-22     4.907228E-25     2.139225E-25     2.958184E-27     4.948411E-24     1.075526E-23     1.015676E-22
  2.810000     2.566915E-21     9.783189E-23     1.684958E-24     3.657361E-24     8.042807E-27     8.953442E-23     1.520134E-25     6.618367E-26     9.082952E-28     1.537805E-24     3.344952E-24     3.170577E-23
  2.830000     7.882267E-22     2.998393E-23     5.147134E-25     1.118082E-24     2.438330E-27     2.744431E-23     4.630337E-26     2.013492E-26     2.743084E-28     4.698622E-25     1.022774E-24     9.729223E-24
  2.850000     2.379218E-22     9.033809E-24     1.545865E-25     3.360442E-25     7.269813E-28     8.269642E-24     1.386817E-26     6.023425E-27     8.147953E-29     1.411451E-25     3.074565E-25     2.934745E-24
  2.870000     7.059228E-23     2.675608E-24     4.564573E-26     9.929555E-26     2.131518E-28     2.449560E-24     4.084062E-27     1.771830E-27     2.380359E-29     4.168504E-26     9.086461E-26     8.701835E-25
  2.890000     2.058809E-23     7.790016E-25     1.325086E-26     2.884477E-26     6.145801E-29     7.132663E-25     1.182561E-27     5.124792E-28     6.839259E-30     1.210338E-26     2.640016E-26     2.536271E-25
  2.910000     5.902111E-24     2.229533E-25     3.781785E-27     8.237620E-27     1.742535E-29     2.041611E-25     3.366702E-28     1.457462E-28     1.932574E-30     3.454925E-27     7.540723E-27     7.266424E-26
  2.930000     1.663135E-24     6.272553E-26     1.061089E-27     2.312746E-27     4.858343E-30     5.744436E-26     9.423830E-29     4.075456E-29     5.370475E-31     9.695486E-28     2.117425E-27     2.046363E-26
  2.950000     4.606526E-25     1.734704E-26     2.926864E-28     6.383221E-28     1.331951E-30     1.588805E-26     2.593488E-29     1.120483E-29     1.467667E-31     2.674814E-28     5.845020E-28     5.664708E-27
  2.970000     1.254128E-25     4.715775E-27     7.936759E-29     1.731936E-28     3.590649E-31     4.319551E-27     7.017262E-30     3.028837E-30     3.944300E-32     7.254451E-29     1.586139E-28     1.541353E-27
  2.990000     3.356059E-26     1.260153E-27     2.115768E-29     4.619535E-29     9.517717E-32     1.154376E-27     1.866683E-30     8.049723E-31     1.042389E-32     1.934180E-29     4.231251E-29     4.122427E-28
  3.010000     8.827417E-27     3.310028E-28     5.544615E-30     1.211251E-29     2.480614E-32     3.032445E-28     4.881868E-31     2.103356E-31     2.708927E-33     5.069502E-30     1.109592E-29     1.083744E-28
  3.030000     2.282187E-27     8.546236E-29     1.428394E-30     3.122012E-30     6.356876E-33     7.830180E-29     1.255184E-31     5.403365E-32     6.922494E-34     1.306184E-30     2.860354E-30     2.800405E-29
  3.050000     5.799350E-28     2.168948E-29     3.617368E-31     7.910327E-31     1.601690E-33     1.987377E-29     3.172697E-32     1.364674E-32     1.739468E-34     3.308331E-31     7.248261E-31     7.112653E-30
  3.070000     1.448490E-28     5.410671E-30     9.005347E-32     1.970196E-31     3.967849E-34     4.958094E-30     7.883938E-33     3.388438E-33     4.297839E-35     8.237099E-32     1.805513E-31     1.775646E-30
  3.090000     3.555960E-29     1.326714E-30     2.203771E-32     4.823639E-32     9.664216E-35     1.215828E-30     1.925952E-33     8.271230E-34     1.044131E-35     2.016024E-32     4.420952E-32     4.357050E-31
  3.110000     8.580273E-30     3.197600E-31     5.301347E-33     1.160878E-32     2.314224E-35     2.930551E-31     4.625188E-34     1.984881E-34     2.494148E-36     4.850301E-33     1.064082E-32     1.050841E-31
  3.130000     2.034912E-30     7.575110E-32     1.253589E-33     2.746250E-33     5.448346E-36     6.942932E-32     1.091917E-34     4.682597E-35     5.857929E-37     1.147067E-33     2.517531E-33     2.491078E-32
  3.150000     4.743383E-31     1.763877E-32     2.913863E-34     6.386040E-34     1.261065E-36     1.616777E-32     2.534086E-35     1.085979E-35     1.352735E-37     2.666564E-34     5.854780E-34     5.804180E-33
  3.170000     1.086742E-31     4.037008E-33     6.657695E-35     1.459679E-34     2.869572E-37     3.700562E-33     5.781211E-36     2.475896E-36     3.071288E-38     6.093319E-35     1.338378E-34     1.329215E-33
  3.190000     2.447135E-32     9.081543E-34     1.495256E-35     3.279544E-35     6.419444E-38     8.325172E-34     1.296514E-36     5.549001E-37     6.855833E-39     1.368645E-35     3.007292E-35     2.991905E-34
  3.210000     5.416024E-33     2.008010E-34     3.300958E-36     7.242632E-36     1.411797E-38     1.840873E-34     2.858197E-37     1.222541E-37     1.504613E-39     3.021754E-36     6.641981E-36     6.619063E-35
  3.230000     1.178128E-33     4.363907E-35     7.162980E-37     1.572181E-36     3.052360E-39     4.000891E-35     6.193822E-38     2.647729E-38     3.246438E-40     6.557749E-37     1.441921E-36     1.439259E-35
  3.250000     2.518787E-34     9.321502E-36     1.527823E-37     3.354508E-37     6.487573E-40     8.546527E-36     1.319388E-38     5.636897E-39     6.886539E-41     1.398861E-37     3.076831E-37     3.075905E-36
  3.270000     5.292677E-35     1.957017E-36     3.203131E-38     7.035123E-38     1.355521E-40     1.794403E-36     2.762672E-39     1.179665E-39     1.436150E-41     2.933018E-38     6.453289E-38     6.460948E-37
  3.290000     1.093056E-35     4.038308E-37     6.600778E-39     1.450201E-38     2.784211E-41     3.702928E-37     5.686239E-40     2.426747E-40     2.944404E-42     6.044667E-39     1.330365E-38     1.333850E-37
