      0.00588   5.2623E+12   4.8878E+12   3.0878E+12   3.4670E+12   1.1221E+12   4.2834E+12   2.0393E+12   1.7572E+12   5.8738E+11   2.5986E+12   2.9441E+12
      0.01765   5.2285E+12   4.8764E+12   3.0965E+12   3.4735E+12   1.1304E+12   4.2798E+12   2.0500E+12   1.7675E+12   5.9295E+11   2.6093E+12   2.9536E+12
      0.02941   5.1521E+12   4.8489E+12   3.1140E+12   3.4859E+12   1.1485E+12   4.2700E+12   2.0727E+12   1.7895E+12   6.0512E+11   2.6315E+12   2.9731E+12
      0.04118   5.0064E+12   4.7901E+12   3.1402E+12   3.5017E+12   1.1800E+12   4.2448E+12   2.1106E+12   1.8268E+12   6.2692E+11   2.6677E+12   3.0035E+12
      0.05294   4.6898E+12   4.6401E+12   3.1694E+12   3.5069E+12   1.2374E+12   4.1672E+12   2.1731E+12   1.8904E+12   6.6898E+11   2.7232E+12   3.0444E+12
      0.06196   4.1058E+12   4.3052E+12   3.1448E+12   3.4348E+12   1.3088E+12   3.9625E+12   2.2291E+12   1.9553E+12   7.2951E+11   2.7590E+12   3.0486E+12
      0.06823   4.2322E+12   4.3784E+12   3.1509E+12   3.4518E+12   1.2911E+12   4.0082E+12   2.2160E+12   1.9398E+12   7.1423E+11   2.7518E+12   3.0488E+12
      0.07451   4.3854E+12   4.4627E+12   3.1515E+12   3.4653E+12   1.2659E+12   4.0588E+12   2.1944E+12   1.9157E+12   6.9375E+11   2.7371E+12   3.0429E+12
      0.08078   4.5783E+12   4.5606E+12   3.1398E+12   3.4697E+12   1.2277E+12   4.1140E+12   2.1571E+12   1.8762E+12   6.6455E+11   2.7083E+12   3.0246E+12
      0.08706   4.8517E+12   4.6795E+12   3.0945E+12   3.4466E+12   1.1587E+12   4.1722E+12   2.0808E+12   1.7990E+12   6.1519E+11   2.6433E+12   2.9734E+12
      0.09333   5.2120E+12   4.7893E+12   2.9715E+12   3.3510E+12   1.0368E+12   4.2029E+12   1.9306E+12   1.6524E+12   5.3381E+11   2.5056E+12   2.8509E+12
      0.09961   5.2934E+12   4.8203E+12   2.9561E+12   3.3411E+12   1.0189E+12   4.2162E+12   1.9089E+12   1.6311E+12   5.2165E+11   2.4856E+12   2.8341E+12
      0.10588   5.3867E+12   4.8520E+12   2.9336E+12   3.3248E+12   9.9599E+11   4.2277E+12   1.8803E+12   1.6033E+12   5.0647E+11   2.4587E+12   2.8106E+12
      0.11216   5.4957E+12   4.8822E+12   2.8985E+12   3.2967E+12   9.6488E+11   4.2347E+12   1.8400E+12   1.5645E+12   4.8638E+11   2.4201E+12   2.7755E+12
      0.11843   5.6309E+12   4.9029E+12   2.8330E+12   3.2390E+12   9.1501E+11   4.2272E+12   1.7723E+12   1.5005E+12   4.5528E+11   2.3538E+12   2.7126E+12
      0.12471   5.7926E+12   4.8998E+12   2.7201E+12   3.1341E+12   8.3869E+11   4.1919E+12   1.6645E+12   1.3997E+12   4.0913E+11   2.2462E+12   2.6074E+12
      0.13098   5.9042E+12   4.9541E+12   2.7232E+12   3.1438E+12   8.3109E+11   4.2237E+12   1.6581E+12   1.3924E+12   4.0320E+11   2.2421E+12   2.6072E+12
      0.13725   6.0414E+12   5.0209E+12   2.7279E+12   3.1564E+12   8.2232E+11   4.2633E+12   1.6510E+12   1.3841E+12   3.9631E+11   2.2381E+12   2.6079E+12
      0.14353   6.2217E+12   5.1099E+12   2.7364E+12   3.1753E+12   8.1208E+11   4.3168E+12   1.6436E+12   1.3751E+12   3.8804E+11   2.2352E+12   2.6113E+12
      0.14980   6.5060E+12   5.2547E+12   2.7571E+12   3.2123E+12   7.9974E+11   4.4063E+12   1.6382E+12   1.3663E+12   3.7726E+11   2.2377E+12   2.6239E+12
      0.15608   6.9245E+12   5.4670E+12   2.7885E+12   3.2676E+12   7.8251E+11   4.5381E+12   1.6314E+12   1.3546E+12   3.6224E+11   2.2435E+12   2.6443E+12
      0.16235   6.8994E+12   5.4178E+12   2.7403E+12   3.2161E+12   7.6212E+11   4.4940E+12   1.5962E+12   1.3235E+12   3.5176E+11   2.2036E+12   2.6012E+12
      0.16863   6.8710E+12   5.3615E+12   2.6856E+12   3.1576E+12   7.3901E+11   4.4439E+12   1.5562E+12   1.2884E+12   3.3987E+11   2.1585E+12   2.5524E+12
      0.17490   6.8376E+12   5.2951E+12   2.6215E+12   3.0889E+12   7.1188E+11   4.3850E+12   1.5094E+12   1.2471E+12   3.2591E+11   2.1058E+12   2.4953E+12
      0.18118   6.7956E+12   5.2093E+12   2.5388E+12   3.0004E+12   6.7657E+11   4.3095E+12   1.4489E+12   1.1936E+12   3.0767E+11   2.0381E+12   2.4220E+12
      0.18745   6.7422E+12   5.0986E+12   2.4328E+12   2.8869E+12   6.3123E+11   4.2129E+12   1.3714E+12   1.1251E+12   2.8425E+11   1.9518E+12   2.3285E+12
      0.19373   6.7095E+12   5.0420E+12   2.3840E+12   2.8335E+12   6.1302E+11   4.1631E+12   1.3379E+12   1.0961E+12   2.7525E+11   1.9117E+12   2.2843E+12
      0.20000   6.6724E+12   4.9778E+12   2.3291E+12   2.7734E+12   5.9256E+11   4.1069E+12   1.3002E+12   1.0635E+12   2.6514E+11   1.8668E+12   2.2347E+12
      0.20627   6.6292E+12   4.9029E+12   2.2656E+12   2.7039E+12   5.6879E+11   4.0417E+12   1.2566E+12   1.0258E+12   2.5339E+11   1.8150E+12   2.1773E+12
      0.21255   6.5754E+12   4.8082E+12   2.1852E+12   2.6160E+12   5.3841E+11   3.9598E+12   1.2013E+12   9.7776E+11   2.3829E+11   1.7497E+12   2.1053E+12
      0.21882   6.5079E+12   4.6884E+12   2.0842E+12   2.5054E+12   4.9995E+11   3.8569E+12   1.1315E+12   9.1719E+11   2.1915E+11   1.6680E+12   2.0150E+12
      0.22510   6.4630E+12   4.6187E+12   2.0317E+12   2.4467E+12   4.8283E+11   3.7965E+12   1.0978E+12   8.8862E+11   2.1105E+11   1.6253E+12   1.9667E+12
      0.23137   6.4113E+12   4.5390E+12   1.9726E+12   2.3803E+12   4.6358E+11   3.7278E+12   1.0599E+12   8.5647E+11   2.0194E+11   1.5772E+12   1.9124E+12
      0.23764   6.3498E+12   4.4450E+12   1.9036E+12   2.3029E+12   4.4114E+11   3.6471E+12   1.0157E+12   8.1905E+11   1.9131E+11   1.5213E+12   1.8491E+12
      0.24391   6.2698E+12   4.3233E+12   1.8152E+12   2.2036E+12   4.1217E+11   3.5433E+12   9.5906E+11   7.7093E+11   1.7755E+11   1.4500E+12   1.7683E+12
      0.25019   6.1653E+12   4.1658E+12   1.7025E+12   2.0768E+12   3.7527E+11   3.4100E+12   8.8697E+11   7.0972E+11   1.6000E+11   1.3594E+12   1.6656E+12
      0.25647   6.1059E+12   4.0827E+12   1.6488E+12   2.0151E+12   3.5994E+11   3.3391E+12   8.5470E+11   6.8291E+11   1.5303E+11   1.3160E+12   1.6152E+12
      0.26275   6.0359E+12   3.9863E+12   1.5875E+12   1.9445E+12   3.4254E+11   3.2571E+12   8.1801E+11   6.5246E+11   1.4513E+11   1.2664E+12   1.5578E+12
      0.26902   5.9494E+12   3.8695E+12   1.5145E+12   1.8604E+12   3.2192E+11   3.1582E+12   7.7453E+11   6.1638E+11   1.3577E+11   1.2077E+12   1.4896E+12
      0.27530   5.8285E+12   3.7098E+12   1.4169E+12   1.7476E+12   2.9442E+11   3.0240E+12   7.1656E+11   5.6827E+11   1.2328E+11   1.1294E+12   1.3985E+12
      0.28158   5.6595E+12   3.4936E+12   1.2885E+12   1.5987E+12   2.5853E+11   2.8435E+12   6.4077E+11   5.0544E+11   1.0700E+11   1.0267E+12   1.2786E+12
      0.28785   5.5974E+12   3.4164E+12   1.2458E+12   1.5484E+12   2.4771E+11   2.7785E+12   6.1666E+11   4.8576E+11   1.0224E+11   9.9233E+11   1.2379E+12
      0.29412   5.5242E+12   3.3271E+12   1.1971E+12   1.4910E+12   2.3541E+11   2.7036E+12   5.8924E+11   4.6339E+11   9.6833E+10   9.5321E+11   1.1915E+12
      0.30040   5.4335E+12   3.2190E+12   1.1390E+12   1.4225E+12   2.2080E+11   2.6133E+12   5.5666E+11   4.3682E+11   9.0412E+10   9.0670E+11   1.1363E+12
      0.30667   5.3050E+12   3.0700E+12   1.0606E+12   1.3298E+12   2.0108E+11   2.4897E+12   5.1274E+11   4.0099E+11   8.1744E+10   8.4403E+11   1.0618E+12
      0.31294   5.1238E+12   2.8678E+12   9.5689E+11   1.2067E+12   1.7519E+11   2.3229E+12   4.5498E+11   3.5390E+11   7.0373E+10   7.6145E+11   9.6333E+11
      0.31922   5.0735E+12   2.8111E+12   9.2915E+11   1.1735E+12   1.6878E+11   2.2755E+12   4.4006E+11   3.4189E+11   6.7623E+10   7.3915E+11   9.3646E+11
      0.32549   5.0170E+12   2.7478E+12   8.9834E+11   1.1366E+12   1.6163E+11   2.2227E+12   4.2346E+11   3.2853E+11   6.4554E+10   7.1442E+11   9.0666E+11
      0.33176   4.9518E+12   2.6750E+12   8.6298E+11   1.0942E+12   1.5338E+11   2.1622E+12   4.0438E+11   3.1314E+11   6.0999E+10   6.8607E+11   8.7252E+11
      0.33804   4.8712E+12   2.5840E+12   8.1843E+11   1.0410E+12   1.4281E+11   2.0867E+12   3.8015E+11   2.9355E+11   5.6418E+10   6.5041E+11   8.2965E+11
      0.34431   4.7695E+12   2.4694E+12   7.6241E+11   9.7404E+11   1.2938E+11   1.9919E+12   3.4959E+11   2.6879E+11   5.0585E+10   6.0568E+11   7.7594E+11
      0.35059   4.7010E+12   2.4071E+12   7.3624E+11   9.4195E+11   1.2402E+11   1.9410E+12   3.3633E+11   2.5830E+11   4.8379E+10   5.8488E+11   7.5033E+11
      0.35686   4.6238E+12   2.3377E+12   7.0724E+11   9.0636E+11   1.1805E+11   1.8844E+12   3.2161E+11   2.4666E+11   4.5923E+10   5.6185E+11   7.2196E+11
      0.36313   4.5337E+12   2.2577E+12   6.7398E+11   8.6558E+11   1.1117E+11   1.8193E+12   3.0472E+11   2.3327E+11   4.3085E+10   5.3547E+11   6.8949E+11
      0.36941   4.4185E+12   2.1568E+12   6.3197E+11   8.1410E+11   1.0236E+11   1.7375E+12   2.8326E+11   2.1624E+11   3.9435E+10   5.0222E+11   6.4860E+11
      0.37568   4.2712E+12   2.0299E+12   5.7937E+11   7.4967E+11   9.1257E+10   1.6350E+12   2.5633E+11   1.9482E+11   3.4815E+10   4.6066E+11   5.9753E+11
      0.38196   4.1947E+12   1.9688E+12   5.5663E+11   7.2126E+11   8.7040E+10   1.5853E+12   2.4537E+11   1.8629E+11   3.3135E+10   4.4259E+11   5.7487E+11
      0.38824   4.1081E+12   1.9008E+12   5.3142E+11   6.8976E+11   8.2350E+10   1.5301E+12   2.3320E+11   1.7680E+11   3.1264E+10   4.2257E+11   5.4977E+11
      0.39452   4.0069E+12   1.8224E+12   5.0251E+11   6.5363E+11   7.6938E+10   1.4667E+12   2.1922E+11   1.6590E+11   2.9099E+10   3.9963E+11   5.2103E+11
      0.40079   3.8774E+12   1.7236E+12   4.6595E+11   6.0802E+11   6.9995E+10   1.3869E+12   2.0144E+11   1.5199E+11   2.6307E+10   3.7068E+11   4.8481E+11
      0.40707   3.7113E+12   1.5994E+12   4.2017E+11   5.5093E+11   6.1227E+10   1.2870E+12   1.7910E+11   1.3449E+11   2.2769E+10   3.3450E+11   4.3956E+11
      0.41334   3.6232E+12   1.5392E+12   4.0046E+11   5.2581E+11   5.7952E+10   1.2383E+12   1.7010E+11   1.2759E+11   2.1508E+10   3.1883E+11   4.1953E+11
      0.41962   3.5228E+12   1.4719E+12   3.7854E+11   4.9787E+11   5.4301E+10   1.1839E+12   1.6008E+11   1.1992E+11   2.0100E+10   3.0140E+11   3.9726E+11
      0.42589   3.4045E+12   1.3940E+12   3.5333E+11   4.6573E+11   5.0078E+10   1.1211E+12   1.4853E+11   1.1106E+11   1.8468E+10   2.8138E+11   3.7167E+11
      0.43216   3.2519E+12   1.2955E+12   3.2138E+11   4.2507E+11   4.4656E+10   1.0418E+12   1.3383E+11   9.9760E+10   1.6363E+10   2.5606E+11   3.3936E+11
      0.43844   3.0541E+12   1.1711E+12   2.8129E+11   3.7404E+11   3.7799E+10   9.4210E+11   1.1532E+11   8.5516E+10   1.3692E+10   2.2433E+11   2.9888E+11
      0.44471   2.9420E+12   1.1074E+12   2.6305E+11   3.5032E+11   3.5091E+10   8.9069E+11   1.0743E+11   7.9579E+10   1.2685E+10   2.0980E+11   2.7994E+11
      0.45098   2.8089E+12   1.0337E+12   2.4217E+11   3.2313E+11   3.1994E+10   8.3132E+11   9.8416E+10   7.2792E+10   1.1535E+10   1.9318E+11   2.5826E+11
      0.45726   2.6418E+12   9.4388E+11   2.1701E+11   2.9036E+11   2.8265E+10   7.5913E+11   8.7564E+10   6.4625E+10   1.0148E+10   1.7317E+11   2.3213E+11
      0.46353   2.3972E+12   8.1763E+11   1.8212E+11   2.4485E+11   2.3093E+10   6.5786E+11   7.2528E+10   5.3305E+10   8.2231E+09   1.4545E+11   1.9590E+11
      0.46980   2.0442E+12   6.4531E+11   1.3548E+11   1.8389E+11   1.6199E+10   5.2003E+11   5.2483E+10   3.8219E+10   5.6566E+09   1.0842E+11   1.4743E+11
      0.47608   1.9762E+12   6.1436E+11   1.2766E+11   1.7356E+11   1.5140E+10   4.9521E+11   4.9253E+10   3.5821E+10   5.2740E+09   1.0219E+11   1.3918E+11
      0.48235   1.8974E+12   5.7892E+11   1.1875E+11   1.6176E+11   1.3931E+10   4.6681E+11   4.5570E+10   3.3087E+10   4.8371E+09   9.5096E+10   1.2977E+11
      0.48862   1.8008E+12   5.3619E+11   1.0806E+11   1.4760E+11   1.2478E+10   4.3260E+11   4.1148E+10   2.9803E+10   4.3116E+09   8.6581E+10   1.1848E+11
      0.49490   1.6635E+12   4.7676E+11   9.3266E+10   1.2801E+11   1.0464E+10   3.8509E+11   3.5030E+10   2.5257E+10   3.5826E+09   7.4813E+10   1.0288E+11
      0.50117   1.4739E+12   3.9692E+11   7.3577E+10   1.0192E+11   7.7830E+09   3.2135E+11   2.6893E+10   1.9210E+10   2.6115E+09   5.9159E+10   8.2105E+10
      0.50744   1.4434E+12   3.8425E+11   7.0553E+10   9.7886E+10   7.3954E+09   3.1122E+11   2.5674E+10   1.8314E+10   2.4745E+09   5.6747E+10   7.8881E+10
      0.51372   1.4093E+12   3.7014E+11   6.7179E+10   9.3386E+10   6.9611E+09   2.9994E+11   2.4312E+10   1.7311E+10   2.3207E+09   5.4058E+10   7.5290E+10
      0.51999   1.3698E+12   3.5379E+11   6.3259E+10   8.8160E+10   6.4529E+09   2.8689E+11   2.2725E+10   1.6141E+10   2.1402E+09   5.0935E+10   7.1122E+10
      0.52626   1.3184E+12   3.3257E+11   5.8137E+10   8.1343E+10   5.7810E+09   2.6997E+11   2.0640E+10   1.4601E+10   1.9008E+09   4.6859E+10   6.5690E+10
      0.53254   1.2524E+12   3.0551E+11   5.1584E+10   7.2630E+10   4.9144E+09   2.4841E+11   1.7963E+10   1.2621E+10   1.5912E+09   4.1648E+10   5.8754E+10
      0.53882   1.2300E+12   2.9669E+11   4.9600E+10   6.9953E+10   4.6793E+09   2.4135E+11   1.7191E+10   1.2060E+10   1.5102E+09   4.0062E+10   5.6611E+10
      0.54510   1.2052E+12   2.8691E+11   4.7395E+10   6.6980E+10   4.4163E+09   2.3354E+11   1.6330E+10   1.1434E+10   1.4198E+09   3.8300E+10   5.4233E+10
      0.55137   1.1766E+12   2.7566E+11   4.4844E+10   6.3542E+10   4.1094E+09   2.2455E+11   1.5331E+10   1.0706E+10   1.3139E+09   3.6263E+10   5.1485E+10
      0.55765   1.1398E+12   2.6117E+11   4.1531E+10   5.9087E+10   3.7056E+09   2.1299E+11   1.4025E+10   9.7523E+09   1.1739E+09   3.3620E+10   4.7929E+10
      0.56393   1.0931E+12   2.4283E+11   3.7313E+10   5.3424E+10   3.1864E+09   1.9836E+11   1.2355E+10   8.5314E+09   9.9341E+08   3.0259E+10   4.3411E+10
      0.57020   1.0770E+12   2.3669E+11   3.6001E+10   5.1636E+10   3.0424E+09   1.9344E+11   1.1862E+10   8.1772E+09   9.4539E+08   2.9208E+10   4.1976E+10
      0.57647   1.0594E+12   2.2996E+11   3.4556E+10   4.9667E+10   2.8825E+09   1.8806E+11   1.1316E+10   7.7848E+09   8.9192E+08   2.8050E+10   4.0398E+10
      0.58275   1.0396E+12   2.2234E+11   3.2905E+10   4.7422E+10   2.6978E+09   1.8197E+11   1.0689E+10   7.3335E+09   8.2998E+08   2.6729E+10   3.8600E+10
      0.58902   1.0151E+12   2.1284E+11   3.0814E+10   4.4588E+10   2.4592E+09   1.7439E+11   9.8872E+09   6.7544E+09   7.4941E+08   2.5058E+10   3.6333E+10
      0.59529   9.8511E+11   2.0112E+11   2.8201E+10   4.1054E+10   2.1562E+09   1.6505E+11   8.8782E+09   6.0237E+09   6.4672E+08   2.2971E+10   3.3509E+10
      0.60157   9.7104E+11   1.9603E+11   2.7188E+10   3.9654E+10   2.0554E+09   1.6096E+11   8.5132E+09   5.7658E+09   6.1430E+08   2.2157E+10   3.2383E+10
      0.60784   9.5562E+11   1.9042E+11   2.6069E+10   3.8107E+10   1.9432E+09   1.5646E+11   8.1084E+09   5.4795E+09   5.7806E+08   2.1257E+10   3.1139E+10
      0.61412   9.3810E+11   1.8404E+11   2.4783E+10   3.6334E+10   1.8129E+09   1.5135E+11   7.6410E+09   5.1482E+09   5.3598E+08   2.0225E+10   2.9714E+10
      0.62039   9.1609E+11   1.7598E+11   2.3136E+10   3.4069E+10   1.6427E+09   1.4490E+11   7.0374E+09   4.7191E+09   4.8063E+08   1.8904E+10   2.7896E+10
      0.62666   8.8869E+11   1.6592E+11   2.1060E+10   3.1221E+10   1.4255E+09   1.3685E+11   6.2719E+09   4.1736E+09   4.0972E+08   1.7240E+10   2.5612E+10
      0.63294   8.7755E+11   1.6200E+11   2.0328E+10   3.0196E+10   1.3593E+09   1.3370E+11   6.0187E+09   3.9975E+09   3.8915E+08   1.6649E+10   2.4784E+10
      0.63921   8.6530E+11   1.5767E+11   1.9515E+10   2.9059E+10   1.2852E+09   1.3023E+11   5.7368E+09   3.8012E+09   3.6615E+08   1.5994E+10   2.3867E+10
      0.64548   8.5125E+11   1.5271E+11   1.8576E+10   2.7748E+10   1.1988E+09   1.2624E+11   5.4096E+09   3.5728E+09   3.3915E+08   1.5238E+10   2.2810E+10
      0.65176   8.3305E+11   1.4630E+11   1.7353E+10   2.6043E+10   1.0844E+09   1.2110E+11   4.9805E+09   3.2726E+09   3.0343E+08   1.4253E+10   2.1437E+10
      0.65803   8.0992E+11   1.3818E+11   1.5794E+10   2.3873E+10   9.3711E+08   1.1459E+11   4.4309E+09   2.8872E+09   2.5705E+08   1.2999E+10   1.9690E+10
      0.66431   8.0385E+11   1.3582E+11   1.5355E+10   2.3254E+10   8.9985E+08   1.1269E+11   4.2828E+09   2.7853E+09   2.4586E+08   1.2644E+10   1.9190E+10
      0.67059   7.9760E+11   1.3330E+11   1.4880E+10   2.2587E+10   8.5903E+08   1.1068E+11   4.1213E+09   2.6740E+09   2.3354E+08   1.2260E+10   1.8652E+10
      0.67687   7.9112E+11   1.3058E+11   1.4351E+10   2.1848E+10   8.1250E+08   1.0851E+11   3.9397E+09   2.5482E+09   2.1944E+08   1.1834E+10   1.8056E+10
      0.68314   7.8430E+11   1.2745E+11   1.3713E+10   2.0962E+10   7.5405E+08   1.0602E+11   3.7158E+09   2.3922E+09   2.0142E+08   1.1321E+10   1.7343E+10
      0.68942   7.7709E+11   1.2385E+11   1.2944E+10   1.9902E+10   6.8126E+08   1.0316E+11   3.4419E+09   2.2003E+09   1.7890E+08   1.0704E+10   1.6493E+10
      0.69569   7.7056E+11   1.2152E+11   1.2554E+10   1.9342E+10   6.5224E+08   1.0129E+11   3.3179E+09   2.1167E+09   1.7057E+08   1.0387E+10   1.6038E+10
      0.70197   7.6384E+11   1.1904E+11   1.2131E+10   1.8737E+10   6.2034E+08   9.9294E+10   3.1824E+09   2.0251E+09   1.6136E+08   1.0044E+10   1.5547E+10
      0.70824   7.5688E+11   1.1636E+11   1.1660E+10   1.8066E+10   5.8393E+08   9.7139E+10   3.0296E+09   1.9215E+09   1.5080E+08   9.6622E+09   1.5003E+10
      0.71451   7.4955E+11   1.1327E+11   1.1089E+10   1.7258E+10   5.3788E+08   9.4669E+10   2.8406E+09   1.7924E+09   1.3731E+08   9.2004E+09   1.4350E+10
      0.72079   7.4180E+11   1.0970E+11   1.0399E+10   1.6289E+10   4.8037E+08   9.1828E+10   2.6084E+09   1.6331E+09   1.2031E+08   8.6442E+09   1.3569E+10
      0.72706   7.3476E+11   1.0740E+11   1.0054E+10   1.5784E+10   4.5807E+08   8.9969E+10   2.5053E+09   1.5651E+09   1.1423E+08   8.3623E+09   1.3156E+10
      0.73333   7.2751E+11   1.0496E+11   9.6787E+09   1.5236E+10   4.3334E+08   8.7993E+10   2.3923E+09   1.4904E+09   1.0741E+08   8.0561E+09   1.2709E+10
      0.73961   7.2000E+11   1.0230E+11   9.2583E+09   1.4625E+10   4.0500E+08   8.5849E+10   2.2641E+09   1.4053E+09   9.9610E+07   7.7137E+09   1.2212E+10
      0.74588   7.1211E+11   9.9222E+10   8.7439E+09   1.3884E+10   3.6880E+08   8.3377E+10   2.1039E+09   1.2982E+09   8.9498E+07   7.2958E+09   1.1609E+10
      0.75215   7.0380E+11   9.5647E+10   8.1181E+09   1.2988E+10   3.2321E+08   8.0519E+10   1.9054E+09   1.1650E+09   7.6682E+07   6.7885E+09   1.0883E+10
      0.75843   6.9610E+11   9.3410E+10   7.8220E+09   1.2544E+10   3.0690E+08   7.8695E+10   1.8232E+09   1.1121E+09   7.2469E+07   6.5451E+09   1.0518E+10
      0.76470   6.8816E+11   9.1023E+10   7.4994E+09   1.2062E+10   2.8884E+08   7.6751E+10   1.7329E+09   1.0539E+09   6.7802E+07   6.2802E+09   1.0122E+10
      0.77097   6.7992E+11   8.8419E+10   7.1368E+09   1.1522E+10   2.6805E+08   7.4637E+10   1.6302E+09   9.8752E+08   6.2380E+07   5.9828E+09   9.6799E+09
      0.77725   6.7125E+11   8.5389E+10   6.6904E+09   1.0863E+10   2.4136E+08   7.2189E+10   1.5008E+09   9.0330E+08   5.5325E+07   5.6179E+09   9.1415E+09
      0.78352   6.6208E+11   8.1856E+10   6.1448E+09   1.0064E+10   2.0754E+08   6.9347E+10   1.3400E+09   7.9797E+08   4.6395E+07   5.1726E+09   8.4893E+09
      0.78980   6.5361E+11   7.9676E+10   5.8934E+09   9.6770E+09   1.9595E+08   6.7556E+10   1.2755E+09   7.5770E+08   4.3556E+07   4.9645E+09   8.1690E+09
      0.79608   6.4485E+11   7.7340E+10   5.6182E+09   9.2549E+09   1.8299E+08   6.5641E+10   1.2043E+09   7.1310E+08   4.0420E+07   4.7369E+09   7.8200E+09
      0.80236   6.3574E+11   7.4779E+10   5.3066E+09   8.7796E+09   1.6803E+08   6.3547E+10   1.1227E+09   6.6177E+08   3.6785E+07   4.4797E+09   7.4275E+09
      0.80863   6.2614E+11   7.1769E+10   4.9182E+09   8.1920E+09   1.4850E+08   6.1100E+10   1.0186E+09   5.9588E+08   3.1936E+07   4.1599E+09   6.9439E+09
      0.81491   6.1598E+11   6.8231E+10   4.4388E+09   7.4716E+09   1.2355E+08   5.8236E+10   8.8790E+08   5.1265E+08   2.5727E+07   3.7660E+09   6.3524E+09
      0.82118   6.0653E+11   6.6146E+10   4.2356E+09   7.1491E+09   1.1596E+08   5.6508E+10   8.4059E+08   4.8407E+08   2.4047E+07   3.5963E+09   6.0830E+09
      0.82746   5.9672E+11   6.3903E+10   4.0122E+09   6.7959E+09   1.0750E+08   5.4653E+10   7.8813E+08   4.5230E+08   2.2114E+07   3.4100E+09   5.7883E+09
      0.83373   5.8648E+11   6.1433E+10   3.7582E+09   6.3959E+09   9.7617E+07   5.2616E+10   7.2766E+08   4.1556E+08   1.9883E+07   3.1984E+09   5.4551E+09
      0.84000   5.7561E+11   5.8508E+10   3.4385E+09   5.8971E+09   8.4635E+07   5.0216E+10   6.4985E+08   3.6792E+08   1.6905E+07   2.9330E+09   5.0410E+09
      0.84628   5.6404E+11   5.5045E+10   3.0411E+09   5.2813E+09   6.7906E+07   4.7388E+10   5.5134E+08   3.0731E+08   1.3068E+07   2.6036E+09   4.5310E+09
      0.85255   5.5335E+11   5.3058E+10   2.8807E+09   5.0178E+09   6.3223E+07   4.5724E+10   5.1784E+08   2.8783E+08   1.2080E+07   2.4684E+09   4.3086E+09
      0.85882   5.4220E+11   5.0908E+10   2.7033E+09   4.7272E+09   5.7942E+07   4.3929E+10   4.8043E+08   2.6605E+08   1.0987E+07   2.3189E+09   4.0638E+09
      0.86510   5.3049E+11   4.8520E+10   2.4994E+09   4.3950E+09   5.1693E+07   4.1939E+10   4.3690E+08   2.4057E+08   9.6998E+06   2.1475E+09   3.7844E+09
      0.87137   5.1796E+11   4.5647E+10   2.2383E+09   3.9732E+09   4.3327E+07   3.9560E+10   3.7978E+08   2.0693E+08   7.9515E+06   1.9285E+09   3.4307E+09
      0.87765   5.0449E+11   4.2201E+10   1.9092E+09   3.4453E+09   3.2464E+07   3.6720E+10   3.0662E+08   1.6361E+08   5.6616E+06   1.6531E+09   2.9892E+09
      0.88392   4.9208E+11   4.0363E+10   1.7926E+09   3.2450E+09   2.9967E+07   3.5161E+10   2.8538E+08   1.5185E+08   5.1851E+06   1.5535E+09   2.8182E+09
      0.89019   4.7899E+11   3.8359E+10   1.6627E+09   3.0226E+09   2.7112E+07   3.3465E+10   2.6151E+08   1.3859E+08   4.6612E+06   1.4428E+09   2.6285E+09
      0.89647   4.6503E+11   3.6107E+10   1.5120E+09   2.7657E+09   2.3721E+07   3.1566E+10   2.3344E+08   1.2299E+08   4.0243E+06   1.3145E+09   2.4097E+09
      0.90274   4.4962E+11   3.3345E+10   1.3155E+09   2.4338E+09   1.9103E+07   2.9251E+10   1.9607E+08   1.0202E+08   3.1565E+06   1.1477E+09   2.1281E+09
      0.90901   4.3258E+11   2.9983E+10   1.0654E+09   2.0138E+09   1.3034E+07   2.6446E+10   1.4774E+08   7.4811E+07   2.0193E+06   9.3573E+08   1.7724E+09
      0.91529   4.1863E+11   2.8374E+10   9.8840E+08   1.8745E+09   1.1891E+07   2.5055E+10   1.3585E+08   6.8556E+07   1.8270E+06   8.6881E+08   1.6512E+09
      0.92157   4.0376E+11   2.6598E+10   9.0156E+08   1.7177E+09   1.0557E+07   2.3523E+10   1.2230E+08   6.1478E+07   1.6174E+06   7.9341E+08   1.5150E+09
      0.92785   3.8776E+11   2.4571E+10   7.9888E+08   1.5334E+09   8.9506E+06   2.1779E+10   1.0610E+08   5.2975E+07   1.3510E+06   7.0445E+08   1.3552E+09
      0.93413   3.7004E+11   2.2014E+10   6.6086E+08   1.2877E+09   6.7102E+06   1.9596E+10   8.3830E+07   4.1203E+07   9.8086E+05   5.8520E+08   1.1429E+09
      0.94040   3.5033E+11   1.8828E+10   4.8068E+08   9.6881E+08   3.7151E+06   1.6888E+10   5.4349E+07   2.5558E+07   4.7900E+05   4.2993E+08   8.6821E+08
      0.94668   3.3274E+11   1.7475E+10   4.3814E+08   8.8566E+08   3.3305E+06   1.5690E+10   4.9162E+07   2.3060E+07   4.3622E+05   3.9213E+08   7.9423E+08
      0.95295   3.1353E+11   1.5958E+10   3.8949E+08   7.9082E+08   2.8960E+06   1.4350E+10   4.3178E+07   2.0184E+07   3.7651E+05   3.4896E+08   7.0998E+08
      0.95922   2.9221E+11   1.4185E+10   3.3084E+08   6.7693E+08   2.3543E+06   1.2789E+10   3.5908E+07   1.6682E+07   3.0027E+05   2.9701E+08   6.0905E+08
      0.96550   2.6755E+11   1.1861E+10   2.4924E+08   5.1965E+08   1.5869E+06   1.0756E+10   2.5612E+07   1.1691E+07   1.9418E+05   2.2492E+08   4.7010E+08
      0.97177   2.3876E+11   8.8755E+09   1.4024E+08   3.1060E+08   5.3956E+05   8.1569E+09   1.1704E+07   4.9234E+06   5.5481E+04   1.2885E+08   2.8583E+08
      0.97804   2.1298E+11   7.8601E+09   1.2416E+08   2.7500E+08   4.8027E+05   7.2217E+09   1.0362E+07   4.3624E+06   4.8704E+04   1.1405E+08   2.5299E+08
      0.98432   1.8237E+11   6.6734E+09   1.0538E+08   2.3341E+08   4.0679E+05   6.1294E+09   8.7964E+06   3.7001E+06   4.1716E+04   9.6761E+07   2.1466E+08
      0.99059   1.4351E+11   5.1965E+09   8.2025E+07   1.8169E+08   3.1573E+05   4.7710E+09   6.8415E+06   2.8801E+06   3.2293E+04   7.5287E+07   1.6702E+08
      0.99686   8.4740E+10   3.0212E+09   4.7662E+07   1.0558E+08   1.8508E+05   2.7722E+09   3.9784E+06   1.6731E+06   1.7999E+04   4.3720E+07   9.6990E+07
