  0.010000     1.451084E-01     1.119559E-01     5.776976E-02     6.721554E-02     1.732096E-02     9.462397E-02     3.468089E-02     2.905274E-02     8.468184E-03     4.753470E-02     5.563605E-02     3.387833E-03
  0.030000     1.450377E-01     1.117761E-01     5.761261E-02     6.704530E-02     1.725700E-02     9.445669E-02     3.456945E-02     2.895529E-02     8.433989E-03     4.740003E-02     5.548822E-02     3.373251E-03
  0.050000     1.448938E-01     1.114163E-01     5.729938E-02     6.670579E-02     1.712981E-02     9.412220E-02     3.434761E-02     2.876135E-02     8.366029E-03     4.713171E-02     5.519354E-02     3.344321E-03
  0.070000     1.446716E-01     1.108757E-01     5.683220E-02     6.619894E-02     1.694081E-02     9.362071E-02     3.401740E-02     2.847282E-02     8.265154E-03     4.673178E-02     5.475398E-02     3.301510E-03
  0.090000     1.443641E-01     1.101536E-01     5.621425E-02     6.552767E-02     1.669209E-02     9.295256E-02     3.358187E-02     2.809254E-02     8.132616E-03     4.620329E-02     5.417250E-02     3.245497E-03
  0.110000     1.439619E-01     1.092492E-01     5.544973E-02     6.469587E-02     1.638640E-02     9.211836E-02     3.304498E-02     2.762417E-02     7.970042E-03     4.555024E-02     5.345300E-02     3.177159E-03
  0.130000     1.434544E-01     1.081617E-01     5.454388E-02     6.370841E-02     1.602706E-02     9.111909E-02     3.241161E-02     2.707224E-02     7.779399E-03     4.477757E-02     5.260030E-02     3.097545E-03
  0.150000     1.428292E-01     1.068907E-01     5.350289E-02     6.257110E-02     1.561792E-02     8.995617E-02     3.168743E-02     2.644199E-02     7.562952E-03     4.389110E-02     5.162014E-02     3.007848E-03
  0.170000     1.420737E-01     1.054364E-01     5.233391E-02     6.129075E-02     1.516328E-02     8.863166E-02     3.087888E-02     2.573932E-02     7.323219E-03     4.289749E-02     5.051912E-02     2.909373E-03
  0.190000     1.411746E-01     1.037994E-01     5.104496E-02     5.987509E-02     1.466784E-02     8.714830E-02     2.999302E-02     2.497072E-02     7.062919E-03     4.180413E-02     4.930466E-02     2.803501E-03
  0.210000     1.401188E-01     1.019818E-01     4.964489E-02     5.833275E-02     1.413658E-02     8.550972E-02     2.903749E-02     2.414316E-02     6.784919E-03     4.061910E-02     4.798493E-02     2.691659E-03
  0.230000     1.388940E-01     9.998633E-02     4.814329E-02     5.667324E-02     1.357469E-02     8.372050E-02     2.802038E-02     2.326397E-02     6.492182E-03     3.935110E-02     4.656880E-02     2.575283E-03
  0.250000     1.374889E-01     9.781731E-02     4.655044E-02     5.490684E-02     1.298750E-02     8.178626E-02     2.695010E-02     2.234074E-02     6.187712E-03     3.800930E-02     4.506572E-02     2.455791E-03
  0.270000     1.358938E-01     9.548042E-02     4.487715E-02     5.304457E-02     1.238037E-02     7.971374E-02     2.583530E-02     2.138126E-02     5.874501E-03     3.660328E-02     4.348571E-02     2.334545E-03
  0.290000     1.341008E-01     9.298290E-02     4.313471E-02     5.109810E-02     1.175864E-02     7.751082E-02     2.468476E-02     2.039333E-02     5.555486E-03     3.514293E-02     4.183917E-02     2.212835E-03
  0.310000     1.321043E-01     9.033359E-02     4.133474E-02     4.907959E-02     1.112754E-02     7.518656E-02     2.350725E-02     1.938473E-02     5.233500E-03     3.363831E-02     4.013685E-02     2.091849E-03
  0.330000     1.299013E-01     8.754289E-02     3.948907E-02     4.700161E-02     1.049210E-02     7.275114E-02     2.231142E-02     1.836309E-02     4.911231E-03     3.209957E-02     3.838969E-02     1.972663E-03
  0.350000     1.274913E-01     8.462279E-02     3.760962E-02     4.487701E-02     9.857121E-03     7.021582E-02     2.110575E-02     1.733578E-02     4.591197E-03     3.053680E-02     3.660873E-02     1.856224E-03
  0.370000     1.248768E-01     8.158670E-02     3.570824E-02     4.271875E-02     9.227097E-03     6.759282E-02     1.989838E-02     1.630987E-02     4.275708E-03     2.895995E-02     3.480496E-02     1.743342E-03
  0.390000     1.220629E-01     7.844940E-02     3.379663E-02     4.053979E-02     8.606181E-03     6.489527E-02     1.869707E-02     1.529202E-02     3.966853E-03     2.737871E-02     3.298923E-02     1.634690E-03
  0.410000     1.190577E-01     7.522678E-02     3.188613E-02     3.835290E-02     7.998146E-03     6.213696E-02     1.750911E-02     1.428840E-02     3.666479E-03     2.580241E-02     3.117214E-02     1.530804E-03
  0.430000     1.158720E-01     7.193569E-02     2.998766E-02     3.617055E-02     7.406356E-03     5.933229E-02     1.634123E-02     1.330471E-02     3.376188E-03     2.423992E-02     2.936389E-02     1.432083E-03
  0.450000     1.125192E-01     6.859369E-02     2.811158E-02     3.400473E-02     6.833749E-03     5.649600E-02     1.519960E-02     1.234603E-02     3.097326E-03     2.269958E-02     2.757419E-02     1.338805E-03
  0.470000     1.090148E-01     6.521882E-02     2.626757E-02     3.186684E-02     6.282832E-03     5.364301E-02     1.408972E-02     1.141690E-02     2.830992E-03     2.118910E-02     2.581218E-02     1.251128E-03
  0.490000     1.053768E-01     6.182929E-02     2.446459E-02     2.976758E-02     5.755678E-03     5.078825E-02     1.301643E-02     1.052121E-02     2.578042E-03     1.971552E-02     2.408633E-02     1.169109E-03
  0.510000     1.016247E-01     5.844329E-02     2.271072E-02     2.771682E-02     5.253934E-03     4.794642E-02     1.198387E-02     9.662245E-03     2.339100E-03     1.828516E-02     2.240438E-02     1.092712E-03
  0.530000     9.777963E-02     5.507866E-02     2.101320E-02     2.572351E-02     4.778834E-03     4.513181E-02     1.099551E-02     8.842682E-03     2.114569E-03     1.690358E-02     2.077325E-02     1.021825E-03
  0.550000     9.386366E-02     5.175268E-02     1.937828E-02     2.379562E-02     4.331224E-03     4.235814E-02     1.005412E-02     8.064586E-03     1.904655E-03     1.557553E-02     1.919905E-02     9.562709E-04
  0.570000     8.989971E-02     4.848182E-02     1.781129E-02     2.194009E-02     3.911583E-03     3.963834E-02     9.161811E-03     7.329444E-03     1.709377E-03     1.430499E-02     1.768702E-02     8.958232E-04
  0.590000     8.591104E-02     4.528154E-02     1.631659E-02     2.016278E-02     3.520055E-03     3.698447E-02     8.320029E-03     6.638194E-03     1.528594E-03     1.309514E-02     1.624150E-02     8.402158E-04
  0.610000     8.192083E-02     4.216608E-02     1.489755E-02     1.846850E-02     3.156478E-03     3.440752E-02     7.529631E-03     5.991261E-03     1.362022E-03     1.194839E-02     1.486596E-02     7.891562E-04
  0.630000     7.795186E-02     3.914834E-02     1.355662E-02     1.686095E-02     2.820423E-03     3.191733E-02     6.790901E-03     5.388598E-03     1.209255E-03     1.086640E-02     1.356301E-02     7.423351E-04
  0.650000     7.402615E-02     3.623969E-02     1.229534E-02     1.534278E-02     2.511221E-03     2.952252E-02     6.103605E-03     4.829733E-03     1.069787E-03     9.850106E-03     1.233443E-02     6.994349E-04
  0.670000     7.016457E-02     3.344994E-02     1.111442E-02     1.391565E-02     2.228007E-03     2.723036E-02     5.467038E-03     4.313813E-03     9.430293E-04     8.899788E-03     1.118118E-02     6.601377E-04
  0.690000     6.638658E-02     3.078721E-02     1.001373E-02     1.258023E-02     1.969750E-03     2.504682E-02     4.880084E-03     3.839658E-03     8.283326E-04     8.015098E-03     1.010348E-02     6.241313E-04
  0.710000     6.270996E-02     2.825797E-02     8.992443E-03     1.133630E-02     1.735283E-03     2.297648E-02     4.341266E-03     3.405808E-03     7.250005E-04     7.195126E-03     9.100848E-03     5.911138E-04
  0.730000     5.915053E-02     2.586698E-02     8.049056E-03     1.018282E-02     1.523341E-03     2.102260E-02     3.848801E-03     3.010572E-03     6.323073E-04     6.438457E-03     8.172159E-03     5.607974E-04
  0.750000     5.572202E-02     2.361733E-02     7.181492E-03     9.118003E-03     1.332585E-03     1.918710E-02     3.400659E-03     2.652074E-03     5.495115E-04     5.743235E-03     7.315729E-03     5.329114E-04
  0.770000     5.243590E-02     2.151052E-02     6.387166E-03     8.139396E-03     1.161632E-03     1.747066E-02     2.994612E-03     2.328299E-03     4.758682E-04     5.107222E-03     6.529366E-03     5.072034E-04
  0.790000     4.930130E-02     1.954654E-02     5.663072E-03     7.243979E-03     1.009077E-03     1.587273E-02     2.628284E-03     2.037136E-03     4.106399E-04     4.527869E-03     5.810453E-03     4.834405E-04
  0.810000     4.632500E-02     1.772395E-02     5.005859E-03     6.428255E-03     8.735148E-04     1.439170E-02     2.299198E-03     1.776413E-03     3.531053E-04     4.002367E-03     5.156013E-03     4.614097E-04
  0.830000     4.351140E-02     1.604005E-02     4.411908E-03     5.688337E-03     7.535575E-04     1.302494E-02     2.004819E-03     1.543933E-03     3.025668E-04     3.527719E-03     4.562783E-03     4.409174E-04
  0.850000     4.086265E-02     1.449096E-02     3.877405E-03     5.020038E-03     6.478521E-04     1.176894E-02     1.742593E-03     1.337508E-03     2.583563E-04     3.100786E-03     4.027284E-03     4.217890E-04
  0.870000     3.837869E-02     1.307182E-02     3.398411E-03     4.418954E-03     5.550921E-04     1.061942E-02     1.509982E-03     1.154980E-03     2.198399E-04     2.718350E-03     3.545882E-03     4.038677E-04
  0.890000     3.605746E-02     1.177693E-02     2.970929E-03     3.880546E-03     4.740280E-04     9.571472E-03     1.304490E-03     9.942493E-04     1.864212E-04     2.377156E-03     3.114858E-03     3.870136E-04
  0.910000     3.389505E-02     1.059991E-02     2.590955E-03     3.400214E-03     4.034756E-04     8.619664E-03     1.123697E-03     8.532916E-04     1.575433E-04     2.073961E-03     2.730456E-03     3.711025E-04
  0.930000     3.188591E-02     9.533868E-03     2.254538E-03     2.973360E-03     3.423214E-04     7.758194E-03     9.652703E-04     7.301732E-04     1.326901E-04     1.805572E-03     2.388941E-03     3.560240E-04
  0.950000     3.002310E-02     8.571532E-03     1.957820E-03     2.595456E-03     2.895272E-04     6.980996E-03     8.269911E-04     6.230640E-04     1.113867E-04     1.568881E-03     2.086643E-03     3.416806E-04
  0.970000     2.829851E-02     7.705429E-03     1.697077E-03     2.262090E-03     2.441315E-04     6.281862E-03     7.067617E-04     5.302457E-04     9.319897E-05     1.360894E-03     1.819998E-03     3.279864E-04
  0.990000     2.670315E-02     6.928003E-03     1.468749E-03     1.969011E-03     2.052509E-04     5.654547E-03     6.026176E-04     4.501182E-04     7.773280E-05     1.178756E-03     1.585578E-03     3.148653E-04
  1.010000     2.522734E-02     6.231746E-03     1.269468E-03     1.712168E-03     1.720787E-04     5.092872E-03     5.127334E-04     3.812029E-04     6.463244E-05     1.019768E-03     1.380124E-03     3.022503E-04
  1.030000     2.386101E-02     5.609304E-03     1.096075E-03     1.487737E-03     1.438837E-04     4.590804E-03     4.354261E-04     3.221429E-04     5.357892E-05     8.814026E-04     1.200565E-03     2.900822E-04
  1.050000     2.259389E-02     5.053575E-03     9.456317E-04     1.292142E-03     1.200070E-04     4.142530E-03     3.691554E-04     2.717026E-04     4.428788E-05     7.613137E-04     1.044031E-03     2.783088E-04
  1.070000     2.141574E-02     4.557782E-03     8.154314E-04     1.122068E-03     9.985931E-05     3.742521E-03     3.125219E-04     2.287646E-04     3.650738E-05     6.573396E-04     9.078659E-04     2.668838E-04
  1.090000     2.031656E-02     4.115541E-03     7.029979E-04     9.744688E-04     8.291627E-05     3.385577E-03     2.642635E-04     1.923248E-04     3.001547E-05     5.675058E-04     7.896330E-04     2.557666E-04
  1.110000     1.928673E-02     3.720899E-03     6.060852E-04     8.465692E-04     6.871459E-05     3.066861E-03     2.232493E-04     1.614876E-04     2.461780E-05     4.900227E-04     6.871128E-04     2.449212E-04
  1.130000     1.831718E-02     3.368372E-03     5.226715E-04     7.358606E-04     5.684732E-05     2.781922E-03     1.884732E-04     1.354592E-04     2.014512E-05     4.232801E-04     5.983010E-04     2.343163E-04
  1.150000     1.739951E-02     3.052954E-03     4.509502E-04     6.400929E-04     4.695917E-05     2.526707E-03     1.590462E-04     1.135402E-04     1.645089E-05     3.658402E-04     5.214014E-04     2.239250E-04
  1.170000     1.652608E-02     2.770129E-03     3.893188E-04     5.572636E-04     3.874179E-05     2.297563E-03     1.341873E-04     9.511883E-05     1.340897E-05     3.164284E-04     4.548166E-04     2.137243E-04
  1.190000     1.569009E-02     2.515857E-03     3.363655E-04     4.856029E-04     3.192912E-05     2.091231E-03     1.132153E-04     7.966285E-05     1.091135E-05     2.739220E-04     3.971357E-04     2.036953E-04
  1.210000     1.488560E-02     2.286563E-03     2.908550E-04     4.235582E-04     2.629292E-05     1.904832E-03     9.553927E-05     6.671213E-05     8.866059E-06     2.373396E-04     3.471217E-04     1.938232E-04
  1.230000     1.410761E-02     2.079113E-03     2.517133E-04     3.697761E-04     2.163845E-05     1.735845E-03     8.064971E-05     5.587112E-05     7.195224E-06     2.058279E-04     3.036971E-04     1.840972E-04
  1.250000     1.335200E-02     1.890783E-03     2.180122E-04     3.230842E-04     1.780047E-05     1.582087E-03     6.810982E-05     4.680167E-05     5.833224E-06     1.786499E-04     2.659292E-04     1.745107E-04
  1.270000     1.261556E-02     1.719231E-03     1.889541E-04     2.824733E-04     1.463949E-05     1.441683E-03     5.754711E-05     3.921625E-05     4.725067E-06     1.551726E-04     2.330152E-04     1.650611E-04
  1.290000     1.189592E-02     1.562456E-03     1.638570E-04     2.470788E-04     1.203833E-05     1.313038E-03     4.864545E-05     3.287154E-05     3.824886E-06     1.348550E-04     2.042682E-04     1.557500E-04
  1.310000     1.119151E-02     1.418766E-03     1.421409E-04     2.161639E-04     9.899031E-06     1.194809E-03     4.113781E-05     2.756259E-05     3.094612E-06     1.172369E-04     1.791030E-04     1.465829E-04
  1.330000     1.050150E-02     1.286737E-03     1.233137E-04     1.891029E-04     8.140054E-06     1.085869E-03     3.479951E-05     2.311749E-05     2.502786E-06     1.019282E-04     1.570228E-04     1.375691E-04
  1.350000     9.825712E-03     1.165183E-03     1.069598E-04     1.653660E-04     6.693788E-06     9.852839E-04     2.944217E-05     1.939256E-05     2.023526E-06     8.859956E-05     1.376076E-04     1.287214E-04
  1.370000     9.164541E-03     1.053114E-03     9.272880E-05     1.445058E-04     5.504380E-06     8.922806E-04     2.490831E-05     1.626806E-05     1.635618E-06     7.697308E-05     1.205026E-04     1.200558E-04
  1.390000     8.518849E-03     9.497107E-04     8.032542E-05     1.261447E-04     4.525829E-06     8.062216E-04     2.106655E-05     1.364449E-05     1.321737E-06     6.681488E-05     1.054084E-04     1.115910E-04
  1.410000     7.889873E-03     8.542899E-04     6.950104E-05     1.099637E-04     3.720349E-06     7.265807E-04     1.780741E-05     1.143928E-05     1.067782E-06     5.792790E-05     9.207247E-05     1.033475E-04
  1.430000     7.279125E-03     7.662807E-04     6.004597E-05     9.569282E-05     3.056962E-06     6.529208E-04     1.503974E-05     9.583989E-06     8.623007E-07     5.014589E-05     8.028079E-05     9.534753E-05
  1.450000     6.688288E-03     6.851996E-04     5.178289E-05     8.310274E-05     2.510310E-06     5.848746E-04     1.268760E-05     8.021898E-06     6.960191E-07     4.332820E-05     6.985167E-05     8.761375E-05
  1.470000     6.119127E-03     6.106304E-04     4.456128E-05     7.199774E-05     2.059646E-06     5.221274E-04     1.068765E-05     6.705971E-06     5.614367E-07     3.735530E-05     6.062990E-05     8.016889E-05
  1.490000     5.573394E-03     5.422061E-04     3.825267E-05     6.220962E-05     1.688004E-06     4.644032E-04     8.986923E-06     5.597150E-06     4.524954E-07     3.212508E-05     5.248191E-05     7.303481E-05
  1.510000     5.052747E-03     4.795955E-04     3.274679E-05     5.359273E-05     1.381497E-06     4.114522E-04     7.541028E-06     4.662934E-06     3.643056E-07     2.754971E-05     4.529189E-05     6.623184E-05
  1.530000     4.558682E-03     4.224905E-04     2.794831E-05     4.601991E-05     1.128752E-06     3.630416E-04     6.312599E-06     3.876198E-06     2.929212E-07     2.355311E-05     3.895848E-05     5.977807E-05
  1.550000     4.092471E-03     3.705980E-04     2.377422E-05     3.937918E-05     9.204347E-07     3.189480E-04     5.270069E-06     3.214236E-06     2.351566E-07     2.006889E-05     3.339218E-05     5.368875E-05
  1.570000     3.655116E-03     3.236325E-04     2.015175E-05     3.357110E-05     7.488728E-07     2.789520E-04     4.386649E-06     2.657968E-06     1.884379E-07     1.703862E-05     2.851323E-05     4.797582E-05
  1.590000     3.247314E-03     2.813123E-04     1.701663E-05     2.850666E-05     6.077433E-07     2.428343E-04     3.639506E-06     2.191304E-06     1.506834E-07     1.441058E-05     2.425002E-05     4.264750E-05
  1.610000     2.869438E-03     2.433561E-04     1.431183E-05     2.410572E-05     4.918239E-07     2.103737E-04     3.009097E-06     1.800625E-06     1.202069E-07     1.213869E-05     2.053780E-05     3.770807E-05
  1.630000     2.521529E-03     2.094818E-04     1.198643E-05     2.029570E-05     3.967903E-07     1.813462E-04     2.478632E-06     1.474365E-06     9.564081E-08     1.018167E-05     1.731768E-05     3.315777E-05
  1.650000     2.203301E-03     1.794071E-04     9.994865E-06     1.701067E-05     3.190546E-07     1.555248E-04     2.033647E-06     1.202675E-06     7.587388E-08     8.502436E-06     1.453597E-05     2.899280E-05
  1.670000     1.914158E-03     1.528494E-04     8.296241E-06     1.419061E-05     2.556333E-07     1.326807E-04     1.661644E-06     9.771468E-07     6.000207E-08     7.067574E-06     1.214357E-05     2.520552E-05
  1.690000     1.653215E-03     1.295284E-04     6.853832E-06     1.178087E-05     2.040425E-07     1.125844E-04     1.351815E-06     7.905928E-07     4.728894E-08     5.846976E-06     1.009559E-05     2.178468E-05
  1.710000     1.419335E-03     1.091670E-04     5.634672E-06     9.731683E-06     1.622122E-07     9.500815E-05     1.094807E-06     6.368644E-07     3.713404E-08     4.813515E-06     8.351000E-06     1.871584E-05
  1.730000     1.211165E-03     9.149455E-05     4.609213E-06     7.997900E-06     1.284164E-07     7.972739E-05     8.825281E-07     5.107020E-07     2.904756E-08     3.942793E-06     6.872430E-06     1.598177E-05
  1.750000     1.027177E-03     7.624843E-05     3.751040E-06     6.538645E-06     1.012167E-07     6.652320E-05     7.079859E-07     4.076105E-07     2.262994E-08     3.212927E-06     5.625927E-06     1.356299E-05
  1.770000     8.657140E-04     6.317648E-05     3.036626E-06     5.317080E-06     7.941552E-08     5.518423E-05     5.651519E-07     3.237549E-07     1.755538E-08     2.604360E-06     4.580788E-06     1.143830E-05
  1.790000     7.250287E-04     5.203890E-05     2.445100E-06     4.300165E-06     6.201705E-08     4.550852E-05     4.488424E-07     2.558708E-07     1.355855E-08     2.099695E-06     3.709385E-06     9.585286E-06
  1.810000     6.033297E-04     4.260989E-05     1.958040E-06     3.458434E-06     4.819547E-08     3.730508E-05     3.546160E-07     2.011886E-07     1.042366E-08     1.683530E-06     2.987002E-06     7.980881E-06
  1.830000     4.988174E-04     3.467894E-05     1.559277E-06     2.765761E-06     3.726761E-08     3.039516E-05     2.786824E-07     1.573666E-07     7.975622E-09     1.342309E-06     2.391660E-06     6.601849E-06
  1.850000     4.097190E-04     2.805172E-05     1.234699E-06     2.199131E-06     2.867032E-08     2.461319E-05     2.178220E-07     1.224336E-07     6.072731E-09     1.064168E-06     1.903947E-06     5.425227E-06
  1.870000     3.343182E-04     2.255063E-05     9.720682E-07     1.738408E-06     2.194110E-08     1.980730E-05     1.693138E-07     9.473764E-08     4.600669E-09     8.387965E-07     1.506832E-06     4.428722E-06
  1.890000     2.709798E-04     1.801489E-05     7.608409E-07     1.366097E-06     1.670174E-08     1.583965E-05     1.308703E-07     7.290147E-08     3.467543E-09     6.572876E-07     1.185480E-06     3.591032E-06
  1.910000     2.181680E-04     1.430042E-05     5.919953E-07     1.067104E-06     1.264439E-08     1.258633E-05     1.005796E-07     5.578309E-08     2.599782E-09     5.120031E-07     9.270647E-07     2.892109E-06
  1.930000     1.744612E-04     1.127928E-05     4.578648E-07     8.285062E-07     9.519764E-09     9.937049E-06     7.685344E-08     4.244086E-08     1.938740E-09     3.964384E-07     7.205770E-07     2.313341E-06
  1.950000     1.385598E-04     8.838988E-06     3.519815E-07     6.393199E-07     7.127012E-09     7.794602E-06     5.838049E-08     3.210306E-08     1.437894E-09     3.050942E-07     5.566410E-07     1.837687E-06
  1.970000     1.092910E-04     6.881549E-06     2.689283E-07     4.902813E-07     5.305247E-09     6.074113E-06     4.408504E-08     2.414105E-08     1.060518E-09     2.333554E-07     4.273324E-07     1.449733E-06
  1.990000     8.560917E-05     5.322403E-06     2.042017E-07     3.736365E-07     3.926326E-09     4.702184E-06     3.309051E-08     1.804605E-08     7.777772E-10     1.773780E-07     3.260054E-07     1.135715E-06
  2.010000     6.659246E-05     4.089248E-06     1.540852E-07     2.829463E-07     2.888799E-09     3.615938E-06     2.468741E-08     1.340895E-08     5.671568E-10     1.339838E-07     2.471302E-07     8.834775E-07
  2.030000     5.143753E-05     3.120836E-06     1.155357E-07     2.129042E-07     2.112848E-09     2.762005E-06     1.830545E-08     9.902985E-09     4.111766E-10     1.005659E-07     1.861418E-07     6.824150E-07
  2.050000     3.945191E-05     2.365748E-06     8.607954E-08     1.591716E-07     1.536067E-09     2.095506E-06     1.348936E-08     7.268907E-09     2.963462E-10     7.500145E-08     1.393013E-07     5.233730E-07
  2.070000     3.004497E-05     1.781213E-06     6.372193E-08     1.182293E-07     1.109981E-09     1.579042E-06     9.878341E-09     5.302470E-09     2.123178E-10     5.557586E-08     1.035706E-07     3.985359E-07
  2.090000     2.271829E-05     1.331965E-06     4.686628E-08     8.724507E-08     7.971839E-10     1.181734E-06     7.188431E-09     3.843873E-09     1.512034E-10     4.091454E-08     7.650074E-08     3.013018E-07
  2.110000     1.705549E-05     9.891929E-07     3.424466E-08     6.395746E-08     5.690026E-10     8.783101E-07     5.197790E-09     2.768969E-09     1.070282E-10     2.992419E-08     5.613343E-08     2.261515E-07
  2.130000     1.271228E-05     7.295619E-07     2.485795E-08     4.657532E-08     4.036072E-10     6.482771E-07     3.734359E-09     1.981998E-09     7.529580E-11     2.174202E-08     4.091514E-08     1.685184E-07
  2.150000     9.406737E-06     5.343418E-07     1.792494E-08     3.369109E-08     2.844920E-10     4.751613E-07     2.665661E-09     1.409622E-09     5.264478E-11     1.569242E-08     2.962330E-08     1.246613E-07
  2.170000     6.910319E-06     3.886292E-07     1.283958E-08     2.420750E-08     1.992626E-10     3.458380E-07     1.890449E-09     9.960844E-10     3.657876E-11     1.125054E-08     2.130350E-08     9.154632E-08
  2.190000     5.039509E-06     2.806694E-07     9.135368E-09     1.727598E-08     1.386774E-10     2.499424E-07     1.331916E-09     6.993000E-10     2.525630E-11     8.011839E-09     1.521664E-08     6.673642E-08
  2.210000     3.648357E-06     2.012719E-07     6.456033E-09     1.224547E-08     9.589357E-11     1.793609E-07     9.322276E-10     4.877372E-10     1.732832E-11     5.666936E-09     1.079492E-08     4.829328E-08
  2.230000     2.621888E-06     1.433128E-07     4.531612E-09     8.620480E-09     6.588070E-11     1.277974E-07     6.481596E-10     3.379441E-10     1.181325E-11     3.981115E-09     7.605646E-09     3.468980E-08
  2.250000     1.870371E-06     1.013180E-07     3.159150E-09     6.026911E-09     4.496694E-11     9.040841E-08     4.476509E-10     2.326069E-10     8.001821E-12     2.777697E-09     5.321731E-09     2.473422E-08
  2.270000     1.324427E-06     7.111725E-08     2.187272E-09     4.184559E-09     3.049139E-11     6.350020E-08     3.070985E-10     1.590385E-10     5.385135E-12     1.924745E-09     3.697893E-09     1.750517E-08
  2.290000     9.309037E-07     4.956065E-08     1.503954E-09     2.885236E-09     2.053963E-11     4.428006E-08     2.092572E-10     1.080108E-10     3.600599E-12     1.324507E-09     2.551676E-09     1.229695E-08
  2.310000     6.494543E-07     3.428945E-08     1.026954E-09     1.975491E-09     1.374432E-11     3.065464E-08     1.416225E-10     7.286212E-11     2.391697E-12     9.051354E-10     1.748446E-09     8.573979E-09
  2.330000     4.497286E-07     2.355233E-08     6.963663E-10     1.343127E-09     9.135935E-12     2.106819E-08     9.519578E-11     4.881918E-11     1.578244E-12     6.142380E-10     1.189653E-09     5.933534E-09
  2.350000     3.091021E-07     1.606000E-08     4.689010E-10     9.067638E-10     6.032074E-12     1.437442E-08     6.355100E-11     3.248766E-11     1.034578E-12     4.139139E-10     8.037428E-10     4.075516E-09
  2.370000     2.108601E-07     1.087138E-08     3.135218E-10     6.078454E-10     3.955937E-12     9.735872E-09     4.213395E-11     2.147194E-11     6.736857E-13     2.769622E-10     5.391744E-10     2.778321E-09
  2.390000     1.427645E-07     7.305355E-09     2.081541E-10     4.045773E-10     2.576835E-12     6.545917E-09     2.774173E-11     1.409404E-11     4.357548E-13     1.840159E-10     3.591242E-10     1.879774E-09
  2.410000     9.593385E-08     4.873096E-09     1.372209E-10     2.673668E-10     1.667112E-12     4.368853E-09     1.813899E-11     9.187495E-12     2.799646E-13     1.213954E-10     2.374932E-10     1.262251E-09
  2.430000     6.397965E-08     3.226757E-09     8.981767E-11     1.754281E-10     1.071199E-12     2.894384E-09     1.177763E-11     5.947625E-12     1.786596E-13     7.951504E-11     1.559329E-10     8.411933E-10
  2.450000     4.234707E-08     2.120878E-09     5.837110E-11     1.142788E-10     6.835807E-13     1.903390E-09     7.593750E-12     3.823510E-12     1.132396E-13     5.171127E-11     1.016466E-10     5.563522E-10
  2.470000     2.781696E-08     1.383709E-09     3.766323E-11     7.390878E-11     4.332226E-13     1.242434E-09     4.861785E-12     2.440849E-12     7.128635E-14     3.338865E-11     6.578184E-11     3.651756E-10
  2.490000     1.813403E-08     8.960758E-10     2.412737E-11     4.745477E-11     2.726604E-13     8.049788E-10     3.090757E-12     1.547276E-12     4.456947E-14     2.140325E-11     4.226364E-11     2.378734E-10
  2.510000     1.173198E-08     5.759800E-10     1.534492E-11     3.024873E-11     1.704160E-13     5.176702E-10     1.950978E-12     9.739384E-13     2.767449E-14     1.362126E-11     2.695663E-11     1.537718E-10
  2.530000     7.532427E-09     3.674726E-10     9.688838E-12     1.914115E-11     1.057706E-13     3.304241E-10     1.222778E-12     6.087247E-13     1.706557E-14     8.606008E-12     1.706838E-11     9.864812E-11
  2.550000     4.799315E-09     2.326964E-10     6.073252E-12     1.202412E-11     6.518907E-14     2.093306E-10     7.609213E-13     3.777682E-13     1.045080E-14     5.397882E-12     1.072848E-11     6.280255E-11
  2.570000     3.034582E-09     1.462495E-10     3.779237E-12     7.498145E-12     3.989594E-14     1.316221E-10     4.701310E-13     2.327740E-13     6.355576E-15     3.361035E-12     6.694124E-12     3.967685E-11
  2.590000     1.904095E-09     9.122877E-11     2.334592E-12     4.641527E-12     2.424467E-14     8.213972E-11     2.883866E-13     1.424093E-13     3.838185E-15     2.077502E-12     4.146205E-12     2.487504E-11
  2.610000     1.185615E-09     5.648010E-11     1.431638E-12     2.852108E-12     1.462943E-14     5.087438E-11     1.756300E-13     8.650211E-14     2.301718E-15     1.274736E-12     2.549181E-12     1.547579E-11
  2.630000     7.325864E-10     3.470393E-11     8.714902E-13     1.739646E-12     8.765010E-15     3.127234E-11     1.061893E-13     5.216636E-14     1.370639E-15     7.764277E-13     1.555734E-12     9.554313E-12
  2.650000     4.491897E-10     2.116289E-11     5.266114E-13     1.053265E-12     5.214124E-15     1.907790E-11     6.373997E-14     3.123349E-14     8.104559E-16     4.694350E-13     9.424258E-13     5.853288E-12
  2.670000     2.733077E-10     1.280792E-11     3.158702E-13     6.329786E-13     3.079677E-15     1.155058E-11     3.798250E-14     1.856554E-14     4.758400E-16     2.817317E-13     5.666677E-13     3.558361E-12
  2.690000     1.650141E-10     7.692785E-12     1.880659E-13     3.775784E-13     1.805987E-15     6.940236E-12     2.246918E-14     1.095578E-14     2.774013E-16     1.678318E-13     3.381988E-13     2.146574E-12
  2.710000     9.886281E-11     4.585474E-12     1.111443E-13     2.235553E-13     1.051480E-15     4.138439E-12     1.319516E-14     6.418287E-15     1.605695E-16     9.923931E-14     2.003414E-13     1.284943E-12
  2.730000     5.877379E-11     2.712534E-12     6.519771E-14     1.313759E-13     6.077932E-16     2.448980E-12     7.692334E-15     3.732733E-15     9.228176E-17     5.824478E-14     1.177925E-13     7.632381E-13
  2.750000     3.467124E-11     1.592396E-12     3.796111E-14     7.662893E-14     3.487954E-16     1.438187E-12     4.451534E-15     2.155057E-15     5.265724E-17     3.393025E-14     6.873952E-14     4.498536E-13
  2.770000     2.029488E-11     9.276985E-13     2.193815E-14     4.436183E-14     1.987182E-16     8.381497E-13     2.557184E-15     1.235113E-15     2.983194E-17     1.961857E-14     3.981353E-14     2.630958E-13
  2.790000     1.178776E-11     5.363369E-13     1.258373E-14     2.548939E-14     1.123954E-16     4.847295E-13     1.458168E-15     7.026900E-16     1.677946E-17     1.125878E-14     2.288674E-14     1.526809E-13
  2.810000     6.793602E-12     3.077080E-13     7.164075E-15     1.453573E-14     6.310969E-17     2.781917E-13     8.253523E-16     3.968463E-16     9.369995E-18     6.412878E-15     1.305751E-14     8.791859E-14
  2.830000     3.884991E-12     1.751886E-13     4.048055E-15     8.226892E-15     3.517812E-17     1.584350E-13     4.637145E-16     2.224720E-16     5.194673E-18     3.625316E-15     7.393573E-15     5.023411E-14
  2.850000     2.204437E-12     9.897692E-14     2.270191E-15     4.621154E-15     1.946574E-17     8.953985E-14     2.586037E-16     1.237987E-16     2.859084E-18     2.034062E-15     4.154895E-15     2.847972E-14
  2.870000     1.241138E-12     5.549057E-14     1.263578E-15     2.576175E-15     1.069262E-17     5.021522E-14     1.431479E-16     6.838137E-17     1.562206E-18     1.132667E-15     2.317246E-15     1.602097E-14
  2.890000     6.933524E-13     3.087147E-14     6.980069E-16     1.425296E-15     5.830492E-18     2.794501E-14     7.864938E-17     3.749160E-17     8.473932E-19     6.259719E-16     1.282582E-15     8.942427E-15
  2.910000     3.843233E-13     1.704294E-14     3.826751E-16     7.825908E-16     3.155931E-18     1.543189E-14     4.289034E-17     2.040320E-17     4.563103E-19     3.433335E-16     7.045217E-16     4.952593E-15
  2.930000     2.113710E-13     9.336338E-15     2.082132E-16     4.264411E-16     1.695683E-18     8.456215E-15     2.321515E-17     1.102109E-17     2.439256E-19     1.868879E-16     3.840560E-16     2.721560E-15
  2.950000     1.153446E-13     5.075164E-15     1.124316E-16     2.306073E-16     9.043783E-19     4.598026E-15     1.247170E-17     5.908906E-18     1.294403E-19     1.009590E-16     2.077691E-16     1.483914E-15
  2.970000     6.245253E-14     2.737545E-15     6.025124E-17     1.237577E-16     4.787821E-19     2.480858E-15     6.649920E-18     3.144414E-18     6.818527E-20     5.412555E-17     1.115447E-16     8.027916E-16
  2.990000     3.355063E-14     1.465233E-15     3.204322E-17     6.591012E-17     2.515950E-19     1.328201E-15     3.519153E-18     1.660799E-18     3.565448E-20     2.879710E-17     5.942843E-17     4.309208E-16
  3.010000     1.788328E-14     7.781854E-16     1.691197E-17     3.483437E-17     1.312310E-19     7.055924E-16     1.848356E-18     8.706294E-19     1.850691E-20     1.520476E-17     3.142043E-17     2.295041E-16
  3.030000     9.457728E-15     4.100973E-16     8.857994E-18     1.826987E-17     6.794155E-20     3.719367E-16     9.635039E-19     4.529845E-19     9.535520E-21     7.966920E-18     1.648536E-17     1.212774E-16
  3.050000     4.962694E-15     2.144446E-16     4.604214E-18     9.508911E-18     3.491352E-20     1.945387E-16     4.984676E-19     2.339171E-19     4.876851E-21     4.142637E-18     8.583200E-18     6.358619E-17
  3.070000     2.583670E-15     1.112666E-16     2.374927E-18     4.911222E-18     1.780761E-20     1.009629E-16     2.559358E-19     1.198847E-19     2.475789E-21     2.137640E-18     4.434661E-18     3.307789E-17
  3.090000     1.334575E-15     5.728389E-17     1.215670E-18     2.517143E-18     9.015005E-21     5.199165E-17     1.304160E-19     6.097957E-20     1.247559E-21     1.094611E-18     2.273673E-18     1.707271E-17
  3.110000     6.839647E-16     2.926279E-17     6.175146E-19     1.280212E-18     4.529702E-21     2.656553E-17     6.595260E-20     3.078354E-20     6.239890E-22     5.562217E-19     1.156774E-18     8.742888E-18
  3.130000     3.477818E-16     1.483241E-17     3.112729E-19     6.461125E-19     2.258975E-21     1.346833E-17     3.310013E-20     1.542274E-20     3.097815E-22     2.804760E-19     5.840068E-19     4.442149E-18
  3.150000     1.754529E-16     7.459631E-18     1.557020E-19     3.235808E-19     1.118115E-21     6.775114E-18     1.648617E-20     7.668476E-21     1.526482E-22     1.403457E-19     2.925721E-19     2.239315E-18
  3.170000     8.781986E-17     3.722463E-18     7.728619E-20     1.608060E-19     5.492756E-22     3.381618E-18     8.148875E-21     3.784047E-21     7.465875E-23     6.968743E-20     1.454421E-19     1.120004E-18
  3.190000     4.361158E-17     1.843096E-18     3.806808E-20     7.929820E-20     2.678045E-22     1.674693E-18     3.997233E-21     1.853103E-21     3.624245E-23     3.433668E-20     7.174405E-20     5.557811E-19
  3.210000     2.148750E-17     9.054571E-19     1.860664E-20     3.880275E-20     1.295880E-22     8.228978E-19     1.945812E-21     9.006040E-22     1.746213E-23     1.678832E-20     3.511699E-20     2.736319E-19
  3.230000     1.050372E-17     4.413544E-19     9.024419E-21     1.884069E-20     6.223381E-23     4.011940E-19     9.399793E-22     4.343656E-22     8.350557E-24     8.145126E-21     1.705615E-20     1.336615E-19
  3.250000     5.094154E-18     2.134541E-19     4.343218E-21     9.077427E-21     2.966187E-23     1.940700E-19     4.506169E-22     2.079027E-22     3.963395E-24     3.921270E-21     8.220037E-21     6.477704E-20
  3.270000     2.451155E-18     1.024275E-19     2.074159E-21     4.339679E-21     1.403062E-23     9.314417E-20     2.143704E-22     9.875163E-23     1.867018E-24     1.873229E-21     3.930909E-21     3.114651E-20
  3.290000     1.170140E-18     4.876653E-20     9.828947E-22     2.058630E-21     6.586541E-24     4.435515E-20     1.012015E-22     4.654829E-23     8.728803E-25     8.879472E-22     1.865243E-21     1.485832E-20
