  0.010000     1.541477E-01     1.080315E-01     5.659719E-02     6.497818E-02     2.013138E-02     8.985378E-02     3.619775E-02     3.121427E-02     1.063523E-02     4.596717E-02     5.306298E-02     3.902833E-03
  0.030000     1.539956E-01     1.077725E-01     5.640471E-02     6.476736E-02     2.004713E-02     8.962731E-02     3.606013E-02     3.109204E-02     1.058785E-02     4.580742E-02     5.288639E-02     3.885003E-03
  0.050000     1.536897E-01     1.072553E-01     5.602136E-02     6.434733E-02     1.987957E-02     8.917541E-02     3.578628E-02     3.084885E-02     1.049368E-02     4.548932E-02     5.253466E-02     3.849652E-03
  0.070000     1.532260E-01     1.064819E-01     5.545034E-02     6.372132E-02     1.963063E-02     8.850021E-02     3.537889E-02     3.048721E-02     1.035390E-02     4.501570E-02     5.201071E-02     3.797386E-03
  0.090000     1.525995E-01     1.054550E-01     5.469643E-02     6.289418E-02     1.930311E-02     8.760496E-02     3.484203E-02     3.001086E-02     1.017022E-02     4.439074E-02     5.131888E-02     3.729093E-03
  0.110000     1.518034E-01     1.041788E-01     5.376601E-02     6.187238E-02     1.890071E-02     8.649409E-02     3.418101E-02     2.942473E-02     9.944906E-03     4.362002E-02     5.046493E-02     3.645914E-03
  0.130000     1.508306E-01     1.026586E-01     5.266696E-02     6.066396E-02     1.842797E-02     8.517332E-02     3.340242E-02     2.873487E-02     9.680704E-03     4.271040E-02     4.945605E-02     3.549208E-03
  0.150000     1.496730E-01     1.009010E-01     5.140870E-02     5.927858E-02     1.789015E-02     8.364970E-02     3.251396E-02     2.794837E-02     9.380799E-03     4.167003E-02     4.830073E-02     3.440516E-03
  0.170000     1.483231E-01     9.891452E-02     5.000202E-02     5.772739E-02     1.729321E-02     8.193169E-02     3.152443E-02     2.707328E-02     9.048763E-03     4.050823E-02     4.700880E-02     3.321512E-03
  0.190000     1.467737E-01     9.670898E-02     4.845910E-02     5.602302E-02     1.664367E-02     8.002921E-02     3.044358E-02     2.611851E-02     8.688485E-03     3.923545E-02     4.559127E-02     3.193965E-03
  0.210000     1.450187E-01     9.429618E-02     4.679331E-02     5.417945E-02     1.594855E-02     7.795366E-02     2.928199E-02     2.509369E-02     8.304107E-03     3.786308E-02     4.406025E-02     3.059684E-03
  0.230000     1.430536E-01     9.168966E-02     4.501908E-02     5.221188E-02     1.521522E-02     7.571792E-02     2.805090E-02     2.400903E-02     7.899949E-03     3.640338E-02     4.242883E-02     2.920478E-03
  0.250000     1.408757E-01     8.890476E-02     4.315177E-02     5.013658E-02     1.445128E-02     7.333624E-02     2.676209E-02     2.287517E-02     7.480428E-03     3.486929E-02     4.071090E-02     2.778113E-03
  0.270000     1.384846E-01     8.595849E-02     4.120742E-02     4.797066E-02     1.366447E-02     7.082419E-02     2.542769E-02     2.170302E-02     7.049984E-03     3.327426E-02     3.892100E-02     2.634275E-03
  0.290000     1.358825E-01     8.286947E-02     3.920251E-02     4.573187E-02     1.286249E-02     6.819848E-02     2.405995E-02     2.050356E-02     6.613002E-03     3.163204E-02     3.707407E-02     2.490533E-03
  0.310000     1.330739E-01     7.965764E-02     3.715379E-02     4.343832E-02     1.205291E-02     6.547677E-02     2.267110E-02     1.928772E-02     6.173740E-03     2.995650E-02     3.518529E-02     2.348319E-03
  0.330000     1.300662E-01     7.634408E-02     3.507796E-02     4.110824E-02     1.124305E-02     6.267747E-02     2.127314E-02     1.806615E-02     5.736255E-03     2.826141E-02     3.326982E-02     2.208903E-03
  0.350000     1.268694E-01     7.295068E-02     3.299143E-02     3.875967E-02     1.043982E-02     5.981942E-02     1.987764E-02     1.684906E-02     5.304345E-03     2.656022E-02     3.134255E-02     2.073379E-03
  0.370000     1.234962E-01     6.949982E-02     3.091007E-02     3.641020E-02     9.649690E-03     5.692170E-02     1.849557E-02     1.564612E-02     4.881493E-03     2.486586E-02     2.941793E-02     1.942664E-03
  0.390000     1.199613E-01     6.601401E-02     2.884899E-02     3.407669E-02     8.878526E-03     5.400323E-02     1.713715E-02     1.446623E-02     4.470823E-03     2.319056E-02     2.750970E-02     1.817489E-03
  0.410000     1.162817E-01     6.251555E-02     2.682226E-02     3.177504E-02     8.131568E-03     5.108260E-02     1.581171E-02     1.331750E-02     4.075064E-03     2.154567E-02     2.563074E-02     1.698410E-03
  0.430000     1.124762E-01     5.902614E-02     2.484280E-02     2.951992E-02     7.413357E-03     4.817769E-02     1.452754E-02     1.220708E-02     3.696529E-03     1.994150E-02     2.379286E-02     1.585815E-03
  0.450000     1.085649E-01     5.556659E-02     2.292216E-02     2.732464E-02     6.727704E-03     4.530547E-02     1.329186E-02     1.114111E-02     3.337104E-03     1.838723E-02     2.200666E-02     1.479937E-03
  0.470000     1.045690E-01     5.215651E-02     2.107040E-02     2.520096E-02     6.077670E-03     4.248177E-02     1.211075E-02     1.012471E-02     2.998242E-03     1.689080E-02     2.028147E-02     1.380868E-03
  0.490000     1.005106E-01     4.881402E-02     1.929607E-02     2.315900E-02     5.465572E-03     3.972107E-02     1.098908E-02     9.161933E-03     2.680979E-03     1.545888E-02     1.862521E-02     1.288581E-03
  0.510000     9.641183E-02     4.555555E-02     1.760610E-02     2.120714E-02     4.893003E-03     3.703634E-02     9.930557E-03     8.255769E-03     2.385948E-03     1.409682E-02     1.704439E-02     1.202945E-03
  0.530000     9.229504E-02     4.239569E-02     1.600585E-02     1.935208E-02     4.360868E-03     3.443895E-02     8.937762E-03     7.408211E-03     2.113409E-03     1.280868E-02     1.554410E-02     1.123744E-03
  0.550000     8.818206E-02     3.934705E-02     1.449911E-02     1.759879E-02     3.869434E-03     3.193860E-02     8.012175E-03     6.620290E-03     1.863279E-03     1.159726E-02     1.412804E-02     1.050700E-03
  0.570000     8.409410E-02     3.642024E-02     1.308821E-02     1.595060E-02     3.418389E-03     2.954328E-02     7.154271E-03     5.892154E-03     1.635174E-03     1.046419E-02     1.279859E-02     9.834816E-04
  0.590000     8.005135E-02     3.362380E-02     1.177409E-02     1.440930E-02     3.006911E-03     2.725929E-02     6.363608E-03     5.223159E-03     1.428449E-03     9.409978E-03     1.155689E-02     9.217287E-04
  0.610000     7.607280E-02     3.096429E-02     1.055645E-02     1.297524E-02     2.633743E-03     2.509128E-02     5.638938E-03     4.611967E-03     1.242242E-03     8.434138E-03     1.040291E-02     8.650605E-04
  0.630000     7.217598E-02     2.844631E-02     9.433842E-03     1.164749E-02     2.297265E-03     2.304234E-02     4.978315E-03     4.056646E-03     1.075516E-03     7.535311E-03     9.335630E-03     8.130899E-04
  0.650000     6.837678E-02     2.607267E-02     8.403877E-03     1.042399E-02     1.995576E-03     2.111410E-02     4.379217E-03     3.554781E-03     9.271038E-04     6.711375E-03     8.353142E-03     7.654323E-04
  0.670000     6.468934E-02     2.384446E-02     7.463341E-03     9.301733E-03     1.726558E-03     1.930684E-02     3.838663E-03     3.103579E-03     7.957470E-04     5.959579E-03     7.452775E-03     7.217142E-04
  0.690000     6.112592E-02     2.176123E-02     6.608362E-03     8.276879E-03     1.487953E-03     1.761962E-02     3.353320E-03     2.699967E-03     6.801324E-04     5.276663E-03     6.631247E-03     6.815783E-04
  0.710000     5.769683E-02     1.982116E-02     5.834556E-03     7.344967E-03     1.277419E-03     1.605043E-02     2.919617E-03     2.340685E-03     5.789256E-04     4.658983E-03     5.884787E-03     6.446884E-04
  0.730000     5.441038E-02     1.802122E-02     5.137169E-03     6.501052E-03     1.092589E-03     1.459633E-02     2.533836E-03     2.022374E-03     4.907994E-04     4.102618E-03     5.209264E-03     6.107316E-04
  0.750000     5.127293E-02     1.635734E-02     4.511206E-03     5.739847E-03     9.311172E-04     1.325360E-02     2.192201E-03     1.741649E-03     4.144580E-04     3.603475E-03     4.600300E-03     5.794195E-04
  0.770000     4.828887E-02     1.482458E-02     3.951547E-03     5.055854E-03     7.907191E-04     1.201787E-02     1.890952E-03     1.495163E-03     3.486558E-04     3.157380E-03     4.053373E-03     5.504890E-04
  0.790000     4.546070E-02     1.341733E-02     3.453045E-03     4.443485E-03     6.692028E-04     1.088426E-02     1.626407E-03     1.279660E-03     2.922128E-04     2.760156E-03     3.563911E-03     5.237013E-04
  0.810000     4.278913E-02     1.212941E-02     3.010614E-03     3.897157E-03     5.644941E-04     9.847495E-03     1.395013E-03     1.092015E-03     2.440254E-04     2.407691E-03     3.127366E-03     4.988409E-04
  0.830000     4.027319E-02     1.095424E-02     2.619301E-03     3.411379E-03     4.746529E-04     8.902029E-03     1.193383E-03     9.292715E-04     2.030729E-04     2.095990E-03     2.739281E-03     4.757135E-04
  0.850000     3.791036E-02     9.885004E-03     2.274339E-03     2.980818E-03     3.978853E-04     8.042148E-03     1.018331E-03     7.886576E-04     1.684221E-04     1.821222E-03     2.395344E-03     4.541450E-04
  0.870000     3.569672E-02     8.914712E-03     1.971193E-03     2.600357E-03     3.325483E-04     7.262058E-03     8.668834E-04     6.676052E-04     1.392276E-04     1.579747E-03     2.091426E-03     4.339785E-04
  0.890000     3.362713E-02     8.036349E-03     1.705588E-03     2.265134E-03     2.771516E-04     6.555972E-03     7.362951E-04     5.637554E-04     1.147308E-04     1.368144E-03     1.823616E-03     4.150728E-04
  0.910000     3.169540E-02     7.242957E-03     1.473534E-03     1.970570E-03     2.303545E-04     5.918179E-03     6.240527E-04     4.749602E-04     9.425676E-05     1.183224E-03     1.588238E-03     3.973003E-04
  0.930000     2.989449E-02     6.527712E-03     1.271333E-03     1.712392E-03     1.909608E-04     5.343103E-03     5.278723E-04     3.992785E-04     7.720967E-05     1.022036E-03     1.381867E-03     3.805452E-04
  0.950000     2.821665E-02     5.883993E-03     1.095584E-03     1.486641E-03     1.579108E-04     4.825356E-03     4.456938E-04     3.349695E-04     6.306767E-05     8.818699E-04     1.201336E-03     3.647018E-04
  0.970000     2.665368E-02     5.305442E-03     9.431800E-04     1.289671E-03     1.302723E-04     4.359782E-03     3.756713E-04     2.804819E-04     5.137673E-05     7.602533E-04     1.043731E-03     3.496732E-04
  0.990000     2.519702E-02     4.786004E-03     8.113026E-04     1.118151E-03     1.072304E-04     3.941481E-03     3.161612E-04     2.344422E-04     4.174454E-05     6.549446E-04     9.063967E-04     3.353701E-04
  1.010000     2.383799E-02     4.319966E-03     6.974080E-04     9.690548E-04     8.807713E-05     3.565845E-03     2.657083E-04     1.956415E-04     3.383412E-05     5.639229E-04     7.869187E-04     3.217099E-04
  1.030000     2.256792E-02     3.901977E-03     5.992141E-04     8.396479E-04     7.220095E-05     3.228564E-03     2.230312E-04     1.630214E-04     2.735780E-05     4.853762E-04     6.831199E-04     3.086161E-04
  1.050000     2.137827E-02     3.527065E-03     5.146841E-04     7.274738E-04     5.907626E-05     2.925644E-03     1.870074E-04     1.356600E-04     2.207127E-05     4.176885E-04     5.930453E-04     2.960180E-04
  1.070000     2.026080E-02     3.190647E-03     4.420095E-04     6.303369E-04     4.825369E-05     2.653408E-03     1.566583E-04     1.127582E-04     1.776819E-05     3.594252E-04     5.149489E-04     2.838501E-04
  1.090000     1.920767E-02     2.888528E-03     3.795920E-04     5.462851E-04     3.935077E-05     2.408496E-03     1.311346E-04     9.362680E-05     1.427508E-05     3.093191E-04     4.472789E-04     2.720526E-04
  1.110000     1.821150E-02     2.616894E-03     3.260258E-04     4.735906E-04     3.204350E-05     2.187859E-03     1.097025E-04     7.767345E-05     1.144681E-05     2.662556E-04     3.886623E-04     2.605709E-04
  1.130000     1.726550E-02     2.372303E-03     2.800797E-04     4.107317E-04     2.605852E-05     1.988749E-03     9.173031E-05     6.439158E-05     9.162467E-06     2.292590E-04     3.378904E-04     2.493564E-04
  1.150000     1.636349E-02     2.151673E-03     2.406802E-04     3.563738E-04     2.116614E-05     1.808708E-03     7.667691E-05     5.334946E-05     7.321745E-06     1.974783E-04     2.939033E-04     2.383665E-04
  1.170000     1.549996E-02     1.952255E-03     2.068946E-04     3.093517E-04     1.717409E-05     1.645549E-03     6.408007E-05     4.418061E-05     5.841760E-06     1.701743E-04     2.557757E-04     2.275648E-04
  1.190000     1.467008E-02     1.771622E-03     1.779165E-04     2.686519E-04     1.392202E-05     1.497342E-03     5.354655E-05     3.657501E-05     4.654281E-06     1.467076E-04     2.227028E-04     2.169214E-04
  1.210000     1.386973E-02     1.607636E-03     1.530502E-04     2.333964E-04     1.127668E-05     1.362393E-03     4.474289E-05     3.027133E-05     3.703342E-06     1.265267E-04     1.939875E-04     2.064135E-04
  1.230000     1.309550E-02     1.458432E-03     1.316984E-04     2.028271E-04     9.127676E-06     1.239223E-03     3.738728E-05     2.504997E-05     2.943193E-06     1.091580E-04     1.690280E-04     1.960251E-04
  1.250000     1.234465E-02     1.322384E-03     1.133493E-04     1.762918E-04     7.383858E-06     1.126551E-03     3.124223E-05     2.072696E-05     2.336561E-06     9.419529E-05     1.473060E-04     1.857471E-04
  1.270000     1.161508E-02     1.198091E-03     9.756591E-05     1.532306E-04     5.970195E-06     1.023270E-03     2.610817E-05     1.714863E-05     1.853171E-06     8.129182E-05     1.283769E-04     1.755774E-04
  1.290000     1.090535E-02     1.084341E-03     8.397572E-05     1.331640E-04     4.825091E-06     9.284305E-04     2.181785E-05     1.418697E-05     1.468511E-06     7.015178E-05     1.118598E-04     1.655205E-04
  1.310000     1.021453E-02     9.800946E-04     7.226193E-05     1.156825E-04     3.898116E-06     8.412188E-04     1.823138E-05     1.173554E-05     1.162786E-06     6.052344E-05     9.742899E-05     1.555870E-04
  1.330000     9.542245E-03     8.844608E-04     6.215541E-05     1.004360E-04     3.148085E-06     7.609393E-04     1.523200E-05     9.706109E-06     9.200568E-07     5.219282E-05     8.480630E-05     1.457931E-04
  1.350000     8.888529E-03     7.966746E-04     5.342778E-05     8.712623E-05     2.541440E-06     6.869980E-04     1.272241E-05     8.025591E-06     7.275210E-07     4.497816E-05     7.375419E-05     1.361599E-04
  1.370000     8.253809E-03     7.160789E-04     4.588521E-05     7.549836E-05     2.050889E-06     6.188863E-04     1.062162E-05     6.633580E-06     5.749203E-07     3.872503E-05     6.406976E-05     1.267122E-04
  1.390000     7.638809E-03     6.421064E-04     3.936311E-05     6.533472E-05     1.654279E-06     5.561668E-04     8.862253E-06     5.480195E-06     4.540530E-07     3.330217E-05     5.557946E-05     1.174783E-04
  1.410000     7.044480E-03     5.742644E-04     3.372163E-05     5.644900E-05     1.333655E-06     4.984605E-04     7.388302E-06     4.524272E-06     3.583749E-07     2.859783E-05     4.813454E-05     1.084880E-04
  1.430000     6.471925E-03     5.121201E-04     2.884162E-05     4.868132E-05     1.074481E-06     4.454356E-04     6.153184E-06     3.731857E-06     2.826734E-07     2.451670E-05     4.160714E-05     9.977216E-05
  1.450000     5.922326E-03     4.552893E-04     2.462139E-05     4.189401E-05     8.650004E-07     3.967972E-04     5.118145E-06     3.074940E-06     2.228037E-07     2.097724E-05     3.588698E-05     9.136151E-05
  1.470000     5.396875E-03     4.034258E-04     2.097388E-05     3.596807E-05     6.957105E-07     3.522796E-04     4.250907E-06     2.530402E-06     1.754740E-07     1.790947E-05     3.087847E-05     8.328544E-05
  1.490000     4.896707E-03     3.562131E-04     1.782427E-05     3.080018E-05     5.589329E-07     3.116389E-04     3.524551E-06     2.079151E-06     1.380728E-07     1.525313E-05     2.649842E-05     7.557116E-05
  1.510000     4.422846E-03     3.133571E-04     1.510804E-05     2.630022E-05     4.484636E-07     2.746473E-04     2.916589E-06     1.705398E-06     1.085305E-07     1.295608E-05     2.267405E-05     6.824285E-05
  1.530000     3.976155E-03     2.745809E-04     1.276932E-05     2.238919E-05     3.592882E-07     2.410886E-04     2.408203E-06     1.396070E-06     8.520760E-08     1.097304E-05     1.934135E-05     6.132087E-05
  1.550000     3.557295E-03     2.396205E-04     1.075957E-05     1.899756E-05     2.873528E-07     2.107553E-04     1.983606E-06     1.140328E-06     6.680583E-08     9.264552E-06     1.644376E-05     5.482126E-05
  1.570000     3.166693E-03     2.082217E-04     9.036463E-06     1.606384E-05     2.293772E-07     1.834453E-04     1.629532E-06     9.291662E-07     5.229749E-08     7.796047E-06     1.393107E-05     4.875529E-05
  1.590000     2.804525E-03     1.801380E-04     7.562936E-06     1.353346E-05     1.827056E-07     1.589611E-04     1.334811E-06     7.550931E-07     4.086899E-08     6.537183E-06     1.175854E-05     4.312927E-05
  1.610000     2.470705E-03     1.551297E-04     6.306493E-06     1.135787E-05     1.451862E-07     1.371085E-04     1.090018E-06     6.118657E-07     3.187618E-08     5.461230E-06     9.886186E-06     3.794446E-05
  1.630000     2.164881E-03     1.329628E-04     5.238559E-06     9.493735E-06     1.150736E-07     1.176965E-04     8.871867E-07     4.942752E-07     2.480895E-08     4.544601E-06     8.278200E-06     3.319722E-05
  1.650000     1.886452E-03     1.134096E-04     4.333986E-06     7.902382E-06     9.095172E-08     1.005374E-04     7.195809E-07     3.979703E-07     1.926326E-08     3.766452E-06     6.902454E-06     2.887925E-05
  1.670000     1.634576E-03     9.624893E-05     3.570621E-06     6.549247E-06     7.167054E-08     8.544753E-05     5.814958E-07     3.193137E-07     1.491902E-08     3.108352E-06     5.730125E-06     2.497796E-05
  1.690000     1.408198E-03     8.126674E-05     2.928958E-06     5.403466E-06     5.629606E-08     7.224762E-05     4.681005E-07     2.552639E-07     1.152259E-08     2.554007E-06     4.735364E-06     2.147699E-05
  1.710000     1.206080E-03     6.825707E-05     2.391838E-06     4.437512E-06     4.406960E-08     6.076416E-05     3.753051E-07     2.032778E-07     8.873029E-09     2.089031E-06     3.895029E-06     1.835675E-05
  1.730000     1.026831E-03     5.702297E-05     1.944190E-06     3.626891E-06     3.437508E-08     5.083015E-05     2.996495E-07     1.612304E-07     6.811145E-09     1.700743E-06     3.188437E-06     1.559504E-05
  1.750000     8.689416E-04     4.737740E-05     1.572811E-06     2.949860E-06     2.671256E-08     4.228609E-05     2.382105E-07     1.273479E-07     5.210896E-09     1.377990E-06     2.597168E-06     1.316772E-05
  1.770000     7.308231E-04     3.914406E-05     1.266165E-06     2.387192E-06     2.067671E-08     3.498085E-05     1.885231E-07     1.001519E-07     3.972549E-09     1.110997E-06     2.104866E-06     1.104927E-05
  1.790000     6.108393E-04     3.215805E-05     1.014210E-06     1.921949E-06     1.593942E-08     2.877242E-05     1.485134E-07     7.841301E-08     3.017274E-09     8.912244E-07     1.697076E-06     9.213491E-06
  1.810000     5.073403E-04     2.626643E-05     8.082376E-07     1.539277E-06     1.223554E-08     2.352850E-05     1.164416E-07     6.111103E-08     2.282844E-09     7.112455E-07     1.361077E-06     7.633991E-06
  1.830000     4.186936E-04     2.132848E-05     6.407323E-07     1.226213E-06     9.351278E-09     1.912689E-05     9.085302E-08     4.740219E-08     1.720222E-09     5.646289E-07     1.085733E-06     6.284736E-06
  1.850000     3.433096E-04     1.721582E-05     5.052369E-07     9.715058E-07     7.114707E-09     1.545571E-05     7.053562E-08     3.659079E-08     1.290845E-09     4.458335E-07     8.613481E-07     5.140469E-06
  1.870000     2.796652E-04     1.381238E-05     3.962334E-07     7.654434E-07     5.387972E-09     1.241344E-05     5.448383E-08     2.810539E-08     9.644559E-10     3.501108E-07     6.795289E-07     4.177079E-06
  1.890000     2.263213E-04     1.101404E-05     3.090317E-07     5.996927E-07     4.060907E-09     9.908750E-06     4.186691E-08     2.147853E-08     7.173820E-10     2.734136E-07     5.330536E-07     3.371877E-06
  1.910000     1.819364E-04     8.728304E-06     2.396688E-07     4.671472E-07     3.045787E-09     7.860259E-06     3.200182E-08     1.632942E-08     5.311562E-10     2.123135E-07     4.157472E-07     2.703809E-06
  1.930000     1.452766E-04     6.873621E-06     1.848154E-07     3.617856E-07     2.273040E-09     6.196044E-06     2.432972E-08     1.234939E-08     3.914215E-10     1.639229E-07     3.223641E-07     2.153590E-06
  1.950000     1.152203E-04     5.378780E-06     1.416924E-07     2.785388E-07     1.687719E-09     4.853129E-06     1.839578E-08     9.289382E-09     2.870563E-10     1.258261E-07     2.484779E-07     1.703769E-06
  1.970000     9.076047E-05     4.182108E-06     1.079945E-07     2.131686E-07     1.246624E-09     3.776854E-06     1.383184E-08     6.949531E-09     2.094797E-10     9.601423E-08     1.903790E-07     1.338747E-06
  1.990000     7.100304E-05     3.230669E-06     8.182203E-08     1.621553E-07     9.159490E-10     2.920198E-06     1.034154E-08     5.170274E-09     1.520980E-10     7.282850E-08     1.449800E-07     1.044736E-06
  2.010000     5.516312E-05     2.479412E-06     6.161974E-08     1.225966E-07     6.693734E-10     2.243066E-06     7.687753E-09     3.824941E-09     1.098673E-10     5.490805E-08     1.097297E-07     8.096841E-07
  2.030000     4.255912E-05     1.890336E-06     4.612321E-08     9.211599E-08     4.865068E-10     1.711569E-06     5.681833E-09     2.813547E-09     7.894704E-11     4.114423E-08     8.253486E-08     6.231722E-07
  2.050000     3.260540E-05     1.431657E-06     3.431150E-08     6.878157E-08     3.516387E-10     1.297316E-06     4.174650E-09     2.057636E-09     5.642688E-11     3.064014E-08     6.169068E-08     4.762844E-07
  2.070000     2.480400E-05     1.077024E-06     2.536599E-08     5.103428E-08     2.527301E-10     9.767273E-07     3.049039E-09     1.496014E-09     4.011267E-11     2.267530E-08     4.581874E-08     3.614713E-07
  2.090000     1.873580E-05     8.047793E-07     1.863496E-08     3.762515E-08     1.806079E-10     7.303908E-07     2.213540E-09     1.081247E-09     2.835871E-11     1.667512E-08     3.381287E-08     2.724047E-07
  2.110000     1.405157E-05     5.972712E-07     1.360328E-08     2.756103E-08     1.283228E-10     5.424640E-07     1.597219E-09     7.767949E-10     1.993731E-11     1.218463E-08     2.479196E-08     2.038326E-07
  2.130000     1.046320E-05     4.402402E-07     9.866689E-09     2.005808E-08     9.064155E-11     4.001294E-07     1.145424E-09     5.546916E-10     1.393761E-11     8.846228E-09     1.805951E-08     1.514384E-07
  2.150000     7.735285E-06     3.222642E-07     7.110302E-09     1.450227E-08     6.364703E-11     2.931062E-07     8.163314E-10     3.936707E-10     9.687702E-12     6.380905E-09     1.306904E-08     1.117089E-07
  2.170000     5.677360E-06     2.342718E-07     5.090613E-09     1.041630E-08     4.442503E-11     2.132192E-07     5.781484E-10     2.776672E-10     6.694730E-12     4.572585E-09     9.395108E-09     8.181181E-08
  2.190000     4.136773E-06     1.691205E-07     3.620720E-09     7.431899E-09     3.082114E-11     1.540236E-07     4.068741E-10     1.946258E-10     4.599347E-12     3.255176E-09     6.709022E-09     5.948499E-08
  2.210000     2.992329E-06     1.212338E-07     2.558239E-09     5.267134E-09     2.125273E-11     1.104819E-07     2.845147E-10     1.355614E-10     3.141100E-12     2.301966E-09     4.758776E-09     4.293878E-08
  2.230000     2.148709E-06     8.629522E-08     1.795511E-09     3.707807E-09     1.456466E-11     7.869049E-08     1.976745E-10     9.382265E-11     2.132372E-12     1.617017E-09     3.352666E-09     3.077026E-08
  2.250000     1.531633E-06     6.099152E-08     1.251744E-09     2.592441E-09     9.919306E-12     5.565003E-08     1.364506E-10     6.451979E-11     1.438844E-12     1.128241E-09     2.345986E-09     2.188973E-08
  2.270000     1.083752E-06     4.280134E-08     8.667716E-10     1.800245E-09     6.713263E-12     3.907565E-08     9.357466E-11     4.408284E-11     9.649582E-13     7.818836E-10     1.630356E-09     1.545847E-08
  2.290000     7.611894E-07     2.982197E-08     5.961244E-10     1.241558E-09     4.514762E-12     2.724149E-08     6.374971E-11     2.992378E-11     6.431664E-13     5.381665E-10     1.125237E-09     1.083675E-08
  2.310000     5.306806E-07     2.062970E-08     4.071875E-10     8.503520E-10     3.016914E-12     1.885497E-08     4.314353E-11     2.017962E-11     4.260248E-13     3.678817E-10     7.712466E-10     7.540982E-09
  2.330000     3.672331E-07     1.416818E-08     2.762234E-10     5.783758E-10     2.003072E-12     1.295624E-08     2.900358E-11     1.351885E-11     2.804273E-13     2.497468E-10     5.249455E-10     5.208870E-09
  2.350000     2.522373E-07     9.660232E-09     1.860880E-10     3.906480E-10     1.321342E-12     8.838481E-09     1.936723E-11     8.996588E-12     1.834247E-13     1.683743E-10     3.548063E-10     3.571384E-09
  2.370000     1.719600E-07     6.538853E-09     1.244952E-10     2.620053E-10     8.659628E-13     5.985638E-09     1.284535E-11     5.947145E-12     1.192138E-13     1.127249E-10     2.381276E-10     2.430515E-09
  2.390000     1.163556E-07     4.393844E-09     8.270810E-11     1.744894E-10     5.638058E-13     4.024076E-09     8.461931E-12     3.904940E-12     7.698498E-14     7.494068E-11     1.586921E-10     1.641799E-09
  2.410000     7.814142E-08     2.930934E-09     5.456194E-11     1.153848E-10     3.646596E-13     2.685556E-09     5.536330E-12     2.546703E-12     4.939426E-14     4.947143E-11     1.050060E-10     1.100762E-09
  2.430000     5.208370E-08     1.940775E-09     3.574079E-11     7.575922E-11     2.342911E-13     1.779116E-09     3.597389E-12     1.649619E-12     3.148611E-14     3.242773E-11     6.898795E-11     7.325051E-10
  2.450000     3.445414E-08     1.275681E-09     2.324649E-11     4.938746E-11     1.495261E-13     1.169948E-09     2.321403E-12     1.061243E-12     1.993954E-14     2.110525E-11     4.500075E-11     4.837982E-10
  2.470000     2.262003E-08     8.323337E-10     1.501262E-11     3.196537E-11     9.478817E-14     7.636802E-10     1.487635E-12     6.780419E-13     1.254432E-14     1.363840E-11     2.914349E-11     3.171369E-10
  2.490000     1.473841E-08     5.390534E-10     9.626070E-12     2.054059E-11     5.968312E-14     4.948008E-10     9.466973E-13     4.302231E-13     7.839675E-15     8.750310E-12     1.873816E-11     2.063247E-10
  2.510000     9.530306E-09     3.465263E-10     6.128059E-12     1.310402E-11     3.732446E-14     3.182104E-10     5.982471E-13     2.710892E-13     4.866884E-15     5.573887E-12     1.196092E-11     1.332204E-10
  2.530000     6.115840E-09     2.211070E-10     3.873171E-12     8.299348E-12     2.318277E-14     2.031211E-10     3.753978E-13     1.696282E-13     3.001166E-15     3.524977E-12     7.579550E-12     8.536877E-11
  2.550000     3.894865E-09     1.400303E-10     2.430350E-12     5.218194E-12     1.430053E-14     1.286900E-10     2.339008E-13     1.053994E-13     1.838229E-15     2.213130E-12     4.768187E-12     5.429123E-11
  2.570000     2.461557E-09     8.802127E-11     1.513976E-12     3.257040E-12     8.760728E-15     8.092364E-11     1.447065E-13     6.503086E-14     1.118316E-15     1.379428E-12     2.977721E-12     3.426546E-11
  2.590000     1.543844E-09     5.491504E-11     9.362812E-13     2.018101E-12     5.329860E-15     5.050564E-11     8.888916E-14     3.984095E-14     6.757260E-16     8.535384E-13     1.845976E-12     2.146219E-11
  2.610000     9.608765E-10     3.400368E-11     5.748057E-13     1.241280E-12     3.220074E-15     3.128463E-11     5.421289E-14     2.423576E-14     4.055118E-16     5.242864E-13     1.135977E-12     1.334063E-11
  2.630000     5.934680E-10     2.089704E-11     3.503109E-13     7.578708E-13     1.931870E-15     1.923277E-11     3.282752E-14     1.463824E-14     2.416850E-16     3.196880E-13     6.939150E-13     8.229212E-12
  2.650000     3.637373E-10     1.274561E-11     2.119310E-13     4.593142E-13     1.150904E-15     1.173454E-11     1.973535E-14     8.778390E-15     1.430527E-16     1.935027E-13     4.207528E-13     5.037493E-12
  2.670000     2.212252E-10     7.715209E-12     1.272726E-13     2.763156E-13     6.808294E-16     7.105545E-12     1.177910E-14     5.226658E-15     8.408712E-17     1.162631E-13     2.532349E-13     3.060131E-12
  2.690000     1.335159E-10     4.634890E-12     7.586929E-14     1.649961E-13     3.999111E-16     4.270016E-12     6.979587E-15     3.089625E-15     4.908377E-17     6.933977E-14     1.512822E-13     1.844718E-12
  2.710000     7.996109E-11     2.763312E-12     4.489309E-14     9.779279E-14     2.332404E-16     2.546577E-12     4.105711E-15     1.813218E-15     2.845177E-17     4.104878E-14     8.970410E-14     1.103519E-12
  2.730000     4.751904E-11     1.634983E-12     2.636740E-14     5.753037E-14     1.350667E-16     1.507209E-12     2.397610E-15     1.056444E-15     1.637692E-17     2.412057E-14     5.279455E-14     6.550657E-13
  2.750000     2.802179E-11     9.600287E-13     1.537170E-14     3.359211E-14     7.765804E-17     8.852664E-13     1.389923E-15     6.110635E-16     9.360411E-18     1.406814E-14     3.083977E-14     3.858700E-13
  2.770000     1.639681E-11     5.594191E-13     8.894781E-15     1.946795E-14     4.433109E-17     5.160044E-13     7.998653E-16     3.508811E-16     5.312353E-18     8.144048E-15     1.788017E-14     2.255506E-13
  2.790000     9.520389E-12     3.234949E-13     5.108583E-15     1.119796E-14     2.512489E-17     2.984740E-13     4.569281E-16     2.000131E-16     2.993625E-18     4.679410E-15     1.028877E-14     1.308247E-13
  2.810000     5.485018E-12     1.856391E-13     2.912128E-15     6.392739E-15     1.413723E-17     1.713281E-13     2.591049E-16     1.131809E-16     1.675006E-18     2.668592E-15     5.875984E-15     7.529641E-14
  2.830000     3.135639E-12     1.057156E-13     1.647625E-15     3.622079E-15     7.897317E-18     9.759212E-14     1.458453E-16     6.357639E-17     9.305367E-19     1.510452E-15     3.330554E-15     4.300252E-14
  2.850000     1.778670E-12     5.974079E-14     9.252044E-16     2.036787E-15     4.379666E-18     5.516462E-14     8.148733E-17     3.545018E-17     5.132623E-19     8.485141E-16     1.873549E-15     2.436942E-14
  2.870000     1.001112E-12     3.350127E-14     5.156347E-16     1.136695E-15     2.411238E-18     3.094296E-14     4.519199E-17     1.962153E-17     2.810765E-19     4.730773E-16     1.045973E-15     1.370327E-14
  2.890000     5.590942E-13     1.864255E-14     2.852105E-16     6.295751E-16     1.317856E-18     1.722321E-14     2.487707E-17     1.078032E-17     1.528199E-19     2.617702E-16     5.795318E-16     7.645889E-15
  2.910000     3.098128E-13     1.029436E-14     1.565676E-16     3.460593E-16     7.150182E-19     9.512910E-15     1.359241E-17     5.879054E-18     8.248911E-20     1.437531E-16     3.186616E-16     4.233046E-15
  2.930000     1.703424E-13     5.640777E-15     8.529933E-17     1.887763E-16     3.851050E-19     5.213817E-15     7.371337E-18     3.182387E-18     4.420445E-20     7.834622E-17     1.738892E-16     2.325392E-15
  2.950000     9.292925E-14     3.067047E-15     4.612019E-17     1.021959E-16     2.058953E-19     2.835551E-15     3.967729E-18     1.709864E-18     2.351688E-20     4.237569E-17     9.416749E-17     1.267518E-15
  2.970000     5.030205E-14     1.654779E-15     2.474760E-17     5.490387E-17     1.092727E-19     1.530223E-15     2.119715E-18     9.118558E-19     1.242023E-20     2.274618E-17     5.060690E-17     6.855270E-16
  2.990000     2.701593E-14     8.859195E-16     1.317850E-17     2.927194E-17     5.756617E-20     8.194156E-16     1.123948E-18     4.826590E-19     6.511906E-21     1.211679E-17     2.698945E-17     3.678782E-16
  3.010000     1.439635E-14     4.706298E-16     6.964427E-18     1.548725E-17     3.010278E-20     4.353938E-16     5.914835E-19     2.535701E-19     3.389277E-21     6.405453E-18     1.428399E-17     1.958799E-16
  3.030000     7.611690E-15     2.480802E-16     3.652464E-18     8.131428E-18     1.562509E-20     2.295544E-16     3.089303E-19     1.322187E-19     1.751133E-21     3.360392E-18     7.501901E-18     1.034855E-16
  3.050000     3.993036E-15     1.297565E-16     1.900917E-18     4.236669E-18     8.050231E-21     1.200912E-16     1.601380E-19     6.842562E-20     8.981260E-22     1.749457E-18     3.909808E-18     5.424634E-17
  3.070000     2.078340E-15     6.734224E-17     9.817760E-19     2.190500E-18     4.116781E-21     6.233840E-17     8.238324E-20     3.514553E-20     4.572504E-22     9.038278E-19     2.022076E-18     2.821369E-17
  3.090000     1.073295E-15     3.467879E-17     5.031868E-19     1.123877E-18     2.089606E-21     3.210821E-17     4.206186E-20     1.791601E-20     2.310803E-22     4.633750E-19     1.037752E-18     1.455947E-17
  3.110000     5.499314E-16     1.771966E-17     2.559231E-19     5.721991E-19     1.052742E-21     1.640929E-17     2.131268E-20     9.064143E-21     1.159196E-22     2.357435E-19     5.284933E-19     7.454609E-18
  3.130000     2.795649E-16     8.983780E-18     1.291662E-19     2.890843E-19     5.264107E-22     8.320961E-18     1.071724E-20     4.551151E-21     5.772041E-23     1.190154E-19     2.670740E-19     3.787004E-18
  3.150000     1.410066E-16     4.519312E-18     6.469092E-20     1.449262E-19     2.612563E-22     4.186632E-18     5.348323E-21     2.267878E-21     2.852820E-23     5.962370E-20     1.339264E-19     1.908780E-18
  3.170000     7.056304E-17     2.255756E-18     3.215060E-20     7.209594E-20     1.286893E-22     2.090071E-18     2.648732E-21     1.121546E-21     1.399540E-23     2.964033E-20     6.664073E-20     9.545602E-19
  3.190000     3.503433E-17     1.117162E-18     1.585559E-20     3.558874E-20     6.291388E-23     1.035284E-18     1.301785E-21     5.504379E-22     6.814849E-24     1.462150E-20     3.290399E-20     4.736262E-19
  3.210000     1.725788E-17     5.489614E-19     7.759241E-21     1.743207E-20     3.052623E-23     5.088125E-19     6.349168E-22     2.680952E-22     3.293680E-24     7.157182E-21     1.612091E-20     2.331584E-19
  3.230000     8.434438E-18     2.676496E-19     3.767875E-21     8.472598E-21     1.470001E-23     2.481153E-19     3.073028E-22     1.295849E-22     1.579992E-24     3.476400E-21     7.837169E-21     1.138800E-19
  3.250000     4.089766E-18     1.294756E-19     1.815559E-21     4.086129E-21     7.025455E-24     1.200450E-19     1.475993E-22     6.215841E-23     7.522654E-25     1.675528E-21     3.780546E-21     5.518525E-20
  3.270000     1.967490E-18     6.214466E-20     8.680760E-22     1.955386E-21     3.332260E-24     5.762722E-20     7.035027E-23     2.958839E-23     3.554878E-25     8.013172E-22     1.809557E-21     2.653236E-20
  3.290000     9.390670E-19     2.959456E-20     4.118464E-22     9.284842E-22     1.568578E-24     2.744743E-20     3.327416E-23     1.397702E-23     1.667286E-25     3.802639E-22     8.594281E-22     1.265622E-20
