      0.00588   5.0681E+12   4.3673E+12   2.6685E+12   2.9807E+12   1.1113E+12   3.7702E+12   1.8380E+12   1.6213E+12   6.3043E+11   2.2220E+12   2.5023E+12
      0.01765   5.0133E+12   4.3463E+12   2.6672E+12   2.9770E+12   1.1149E+12   3.7591E+12   1.8406E+12   1.6244E+12   6.3386E+11   2.2242E+12   2.5031E+12
      0.02941   4.8881E+12   4.2958E+12   2.6619E+12   2.9660E+12   1.1220E+12   3.7314E+12   1.8446E+12   1.6296E+12   6.4098E+11   2.2271E+12   2.5027E+12
      0.04118   4.6444E+12   4.1898E+12   2.6432E+12   2.9357E+12   1.1313E+12   3.6695E+12   1.8458E+12   1.6337E+12   6.5226E+11   2.2255E+12   2.4941E+12
      0.05294   4.0988E+12   3.9253E+12   2.5717E+12   2.8372E+12   1.1363E+12   3.5031E+12   1.8247E+12   1.6212E+12   6.6819E+11   2.1962E+12   2.4476E+12
      0.06196   3.0988E+12   3.3862E+12   2.3796E+12   2.5936E+12   1.1112E+12   3.1413E+12   1.7364E+12   1.5527E+12   6.7734E+11   2.0898E+12   2.3061E+12
      0.06823   3.3982E+12   3.5715E+12   2.4672E+12   2.6972E+12   1.1359E+12   3.2771E+12   1.7879E+12   1.5962E+12   6.8540E+11   2.1501E+12   2.3782E+12
      0.07451   3.7849E+12   3.8105E+12   2.5794E+12   2.8302E+12   1.1670E+12   3.4512E+12   1.8535E+12   1.6514E+12   6.9533E+11   2.2271E+12   2.4705E+12
      0.08078   4.3167E+12   4.1386E+12   2.7324E+12   3.0119E+12   1.2085E+12   3.6889E+12   1.9423E+12   1.7260E+12   7.0826E+11   2.3314E+12   2.5958E+12
      0.08706   5.1865E+12   4.6748E+12   2.9804E+12   3.3073E+12   1.2743E+12   4.0739E+12   2.0852E+12   1.8457E+12   7.2833E+11   2.4997E+12   2.7980E+12
      0.09333   6.5582E+12   5.5153E+12   3.3616E+12   3.7638E+12   1.3697E+12   4.6690E+12   2.3006E+12   2.0248E+12   7.5481E+11   2.7547E+12   3.1062E+12
      0.09961   6.6563E+12   5.5634E+12   3.3707E+12   3.7787E+12   1.3623E+12   4.7003E+12   2.2985E+12   2.0206E+12   7.4736E+11   2.7576E+12   3.1130E+12
      0.10588   6.7758E+12   5.6241E+12   3.3843E+12   3.7994E+12   1.3546E+12   4.7406E+12   2.2979E+12   2.0173E+12   7.3911E+11   2.7634E+12   3.1237E+12
      0.11216   6.9293E+12   5.7056E+12   3.4059E+12   3.8304E+12   1.3470E+12   4.7962E+12   2.3007E+12   2.0162E+12   7.2998E+11   2.7747E+12   3.1415E+12
      0.11843   7.1567E+12   5.8350E+12   3.4483E+12   3.8868E+12   1.3414E+12   4.8872E+12   2.3131E+12   2.0223E+12   7.1993E+11   2.8008E+12   3.1776E+12
      0.12471   7.4808E+12   6.0277E+12   3.5181E+12   3.9770E+12   1.3384E+12   5.0250E+12   2.3385E+12   2.0379E+12   7.0870E+11   2.8464E+12   3.2379E+12
      0.13098   7.5476E+12   6.0423E+12   3.5006E+12   3.9631E+12   1.3197E+12   5.0279E+12   2.3170E+12   2.0166E+12   6.9564E+11   2.8278E+12   3.2211E+12
      0.13725   7.6337E+12   6.0674E+12   3.4861E+12   3.9534E+12   1.3001E+12   5.0382E+12   2.2961E+12   1.9952E+12   6.8162E+11   2.8110E+12   3.2071E+12
      0.14353   7.7548E+12   6.1147E+12   3.4804E+12   3.9547E+12   1.2809E+12   5.0648E+12   2.2789E+12   1.9765E+12   6.6700E+11   2.8004E+12   3.2009E+12
      0.14980   7.9666E+12   6.2269E+12   3.5067E+12   3.9943E+12   1.2681E+12   5.1409E+12   2.2789E+12   1.9715E+12   6.5380E+11   2.8135E+12   3.2231E+12
      0.15608   8.2968E+12   6.4239E+12   3.5743E+12   4.0833E+12   1.2629E+12   5.2811E+12   2.3009E+12   1.9837E+12   6.4211E+11   2.8569E+12   3.2818E+12
      0.16235   8.2077E+12   6.2770E+12   3.4402E+12   3.9405E+12   1.1982E+12   5.1523E+12   2.1985E+12   1.8914E+12   6.0653E+11   2.7467E+12   3.1631E+12
      0.16863   8.0962E+12   6.0973E+12   3.2801E+12   3.7693E+12   1.1220E+12   4.9959E+12   2.0773E+12   1.7823E+12   5.6481E+11   2.6156E+12   3.0216E+12
      0.17490   7.9482E+12   5.8650E+12   3.0787E+12   3.5531E+12   1.0278E+12   4.7955E+12   1.9263E+12   1.6467E+12   5.1340E+11   2.4517E+12   2.8439E+12
      0.18118   7.7182E+12   5.5167E+12   2.7870E+12   3.2382E+12   8.9373E+11   4.4984E+12   1.7100E+12   1.4528E+12   4.4059E+11   2.2158E+12   2.5871E+12
      0.18745   7.3594E+12   4.9985E+12   2.3731E+12   2.7885E+12   7.0903E+11   4.0624E+12   1.4084E+12   1.1836E+12   3.4106E+11   1.8841E+12   2.2238E+12
      0.19373   7.2684E+12   4.8690E+12   2.2784E+12   2.6836E+12   6.7208E+11   3.9525E+12   1.3435E+12   1.1268E+12   3.2205E+11   1.8077E+12   2.1385E+12
      0.20000   7.1567E+12   4.7142E+12   2.1674E+12   2.5604E+12   6.2913E+11   3.8219E+12   1.2677E+12   1.0607E+12   2.9999E+11   1.7184E+12   2.0387E+12
      0.20627   7.0118E+12   4.5195E+12   2.0307E+12   2.4082E+12   5.7671E+11   3.6586E+12   1.1749E+12   9.7979E+11   2.7313E+11   1.6088E+12   1.9158E+12
      0.21255   6.7934E+12   4.2377E+12   1.8378E+12   2.1928E+12   5.0339E+11   3.4243E+12   1.0449E+12   8.6652E+11   2.3561E+11   1.4550E+12   1.7430E+12
      0.21882   6.4660E+12   3.8354E+12   1.5722E+12   1.8947E+12   4.0415E+11   3.0933E+12   8.6778E+11   7.1254E+11   1.8503E+11   1.2444E+12   1.5053E+12
      0.22510   6.3819E+12   3.7319E+12   1.5093E+12   1.8229E+12   3.8346E+11   3.0074E+12   8.2815E+11   6.7880E+11   1.7493E+11   1.1942E+12   1.4476E+12
      0.23137   6.2804E+12   3.6105E+12   1.4365E+12   1.7397E+12   3.5961E+11   2.9071E+12   7.8244E+11   6.3988E+11   1.6330E+11   1.1363E+12   1.3809E+12
      0.23764   6.1514E+12   3.4607E+12   1.3482E+12   1.6385E+12   3.3076E+11   2.7839E+12   7.2713E+11   5.9281E+11   1.4925E+11   1.0661E+12   1.3001E+12
      0.24391   5.9615E+12   3.2494E+12   1.2258E+12   1.4980E+12   2.9088E+11   2.6113E+12   6.5069E+11   5.2776E+11   1.2981E+11   9.6928E+11   1.1884E+12
      0.25019   5.6858E+12   2.9566E+12   1.0605E+12   1.3076E+12   2.3749E+11   2.3738E+12   5.4809E+11   4.4052E+11   1.0383E+11   8.3898E+11   1.0377E+12
      0.25647   5.6181E+12   2.8816E+12   1.0211E+12   1.2615E+12   2.2619E+11   2.3125E+12   5.2488E+11   4.2116E+11   9.8554E+10   8.0771E+11   1.0009E+12
      0.26275   5.5383E+12   2.7954E+12   9.7619E+11   1.2089E+12   2.1329E+11   2.2423E+12   4.9843E+11   3.9910E+11   9.2534E+10   7.7211E+11   9.5903E+11
      0.26902   5.4395E+12   2.6918E+12   9.2266E+11   1.1462E+12   1.9791E+11   2.1581E+12   4.6693E+11   3.7282E+11   8.5345E+10   7.2978E+11   9.0923E+11
      0.27530   5.2996E+12   2.5508E+12   8.5049E+11   1.0616E+12   1.7706E+11   2.0442E+12   4.2442E+11   3.3730E+11   7.5578E+10   6.7289E+11   8.4228E+11
      0.28158   5.1046E+12   2.3622E+12   7.5536E+11   9.5000E+11   1.4960E+11   1.8926E+12   3.6847E+11   2.9054E+11   6.2705E+10   5.9810E+11   7.5419E+11
      0.28785   5.0508E+12   2.3053E+12   7.2867E+11   9.1815E+11   1.4280E+11   1.8465E+12   3.5362E+11   2.7838E+11   5.9659E+10   5.7696E+11   7.2887E+11
      0.29412   4.9888E+12   2.2411E+12   6.9864E+11   8.8231E+11   1.3513E+11   1.7945E+12   3.3690E+11   2.6468E+11   5.6216E+10   5.5322E+11   7.0042E+11
      0.30040   4.9143E+12   2.1658E+12   6.6353E+11   8.4042E+11   1.2610E+11   1.7338E+12   3.1730E+11   2.4860E+11   5.2153E+10   5.2550E+11   6.6724E+11
      0.30667   4.8135E+12   2.0675E+12   6.1765E+11   7.8576E+11   1.1414E+11   1.6549E+12   2.9154E+11   2.2741E+11   4.6744E+10   4.8939E+11   6.2408E+11
      0.31294   4.6785E+12   1.9404E+12   5.5865E+11   7.1548E+11   9.8632E+10   1.5534E+12   2.5833E+11   2.0006E+11   3.9717E+10   4.4307E+11   5.6874E+11
      0.31922   4.6321E+12   1.8903E+12   5.3766E+11   6.8989E+11   9.3949E+10   1.5129E+12   2.4736E+11   1.9126E+11   3.7711E+10   4.2643E+11   5.4840E+11
      0.32549   4.5802E+12   1.8340E+12   5.1410E+11   6.6119E+11   8.8672E+10   1.4674E+12   2.3502E+11   1.8136E+11   3.5448E+10   4.0779E+11   5.2561E+11
      0.33176   4.5209E+12   1.7685E+12   4.8664E+11   6.2775E+11   8.2475E+10   1.4147E+12   2.2060E+11   1.6976E+11   3.2782E+10   3.8609E+11   4.9911E+11
      0.33804   4.4480E+12   1.6839E+12   4.5090E+11   5.8431E+11   7.4284E+10   1.3469E+12   2.0170E+11   1.5454E+11   2.9241E+10   3.5792E+11   4.6478E+11
      0.34431   4.3444E+12   1.5731E+12   4.0486E+11   5.2829E+11   6.3688E+10   1.2586E+12   1.7736E+11   1.3490E+11   2.4650E+10   3.2173E+11   4.2064E+11
      0.35059   4.2560E+12   1.5223E+12   3.8799E+11   5.0709E+11   6.0468E+10   1.2181E+12   1.6921E+11   1.2851E+11   2.3333E+10   3.0839E+11   4.0383E+11
      0.35686   4.1583E+12   1.4658E+12   3.6913E+11   4.8340E+11   5.6844E+10   1.1730E+12   1.6007E+11   1.2134E+11   2.1847E+10   2.9348E+11   3.8507E+11
      0.36313   4.0474E+12   1.4006E+12   3.4721E+11   4.5591E+11   5.2589E+10   1.1212E+12   1.4939E+11   1.1296E+11   2.0100E+10   2.7617E+11   3.6332E+11
      0.36941   3.9110E+12   1.3175E+12   3.1877E+11   4.2035E+11   4.6964E+10   1.0553E+12   1.3542E+11   1.0195E+11   1.7776E+10   2.5376E+11   3.3525E+11
      0.37568   3.7400E+12   1.2122E+12   2.8245E+11   3.7500E+11   3.9696E+10   9.7195E+11   1.1749E+11   8.7787E+10   1.4763E+10   2.2518E+11   2.9951E+11
      0.38196   3.6385E+12   1.1674E+12   2.6956E+11   3.5844E+11   3.7538E+10   9.3631E+11   1.1164E+11   8.3295E+10   1.3919E+10   2.1496E+11   2.8636E+11
      0.38824   3.5254E+12   1.1174E+12   2.5511E+11   3.3988E+11   3.5103E+10   8.9657E+11   1.0506E+11   7.8239E+10   1.2964E+10   2.0352E+11   2.7164E+11
      0.39452   3.3947E+12   1.0594E+12   2.3824E+11   3.1825E+11   3.2234E+10   8.5056E+11   9.7344E+10   7.2300E+10   1.1836E+10   1.9017E+11   2.5450E+11
      0.40079   3.2273E+12   9.8447E+11   2.1612E+11   2.8996E+11   2.8404E+10   7.9118E+11   8.7142E+10   6.4426E+10   1.0323E+10   1.7268E+11   2.3211E+11
      0.40707   3.0154E+12   8.8905E+11   1.8770E+11   2.5368E+11   2.3428E+10   7.1573E+11   7.3969E+10   5.4239E+10   8.3516E+09   1.5026E+11   2.0345E+11
      0.41334   2.9292E+12   8.5473E+11   1.7879E+11   2.4201E+11   2.2110E+10   6.8836E+11   7.0147E+10   5.1362E+10   7.8587E+09   1.4317E+11   1.9415E+11
      0.41962   2.8330E+12   8.1640E+11   1.6880E+11   2.2894E+11   2.0623E+10   6.5782E+11   6.5847E+10   4.8121E+10   7.3007E+09   1.3523E+11   1.8375E+11
      0.42589   2.7216E+12   7.7187E+11   1.5711E+11   2.1368E+11   1.8869E+10   6.2237E+11   6.0799E+10   4.4311E+10   6.6414E+09   1.2594E+11   1.7160E+11
      0.43216   2.5781E+12   7.1397E+11   1.4173E+11   1.9363E+11   1.6522E+10   5.7637E+11   5.4103E+10   3.9246E+10   5.7557E+09   1.1374E+11   1.5568E+11
      0.43844   2.3954E+12   6.4002E+11   1.2193E+11   1.6786E+11   1.3469E+10   5.1770E+11   4.5441E+10   3.2681E+10   4.5992E+09   9.8050E+10   1.3523E+11
      0.44471   2.3257E+12   6.1507E+11   1.1603E+11   1.6001E+11   1.2692E+10   4.9776E+11   4.3040E+10   3.0906E+10   4.3203E+09   9.3344E+10   1.2896E+11
      0.45098   2.2476E+12   5.8721E+11   1.0943E+11   1.5121E+11   1.1815E+10   4.7551E+11   4.0340E+10   2.8909E+10   4.0049E+09   8.8072E+10   1.2194E+11
      0.45726   2.1566E+12   5.5484E+11   1.0170E+11   1.4095E+11   1.0781E+10   4.4969E+11   3.7170E+10   2.6559E+10   3.6320E+09   8.1913E+10   1.1374E+11
      0.46353   2.0374E+12   5.1269E+11   9.1527E+10   1.2746E+11   9.3953E+09   4.1613E+11   3.2964E+10   2.3434E+10   3.1301E+09   7.3814E+10   1.0300E+11
      0.46980   1.8842E+12   4.5885E+11   7.8432E+10   1.1014E+11   7.5915E+09   3.7331E+11   2.7520E+10   1.9381E+10   2.4742E+09   6.3401E+10   8.9201E+10
      0.47608   1.8359E+12   4.4133E+11   7.4603E+10   1.0495E+11   7.1442E+09   3.5926E+11   2.6041E+10   1.8309E+10   2.3209E+09   6.0331E+10   8.5040E+10
      0.48235   1.7821E+12   4.2181E+11   7.0316E+10   9.9153E+10   6.6399E+09   3.4360E+11   2.4380E+10   1.7104E+10   2.1473E+09   5.6895E+10   8.0387E+10
      0.48862   1.7201E+12   3.9920E+11   6.5312E+10   9.2396E+10   6.0451E+09   3.2549E+11   2.2433E+10   1.5687E+10   1.9422E+09   5.2889E+10   7.4971E+10
      0.49490   1.6407E+12   3.6999E+11   5.8752E+10   8.3561E+10   5.2504E+09   3.0213E+11   1.9857E+10   1.3809E+10   1.6667E+09   4.7645E+10   6.7901E+10
      0.50117   1.5402E+12   3.3287E+11   5.0331E+10   7.2242E+10   4.2176E+09   2.7249E+11   1.6530E+10   1.1378E+10   1.3073E+09   4.0919E+10   5.8852E+10
      0.50744   1.4989E+12   3.1936E+11   4.7692E+10   6.8595E+10   3.9500E+09   2.6161E+11   1.5574E+10   1.0701E+10   1.2201E+09   3.8793E+10   5.5910E+10
      0.51372   1.4521E+12   3.0407E+11   4.4701E+10   6.4463E+10   3.6454E+09   2.4929E+11   1.4489E+10   9.9305E+09   1.1207E+09   3.6384E+10   5.2578E+10
      0.51999   1.3963E+12   2.8590E+11   4.1138E+10   5.9543E+10   3.2805E+09   2.3467E+11   1.3192E+10   9.0101E+09   1.0012E+09   3.3516E+10   4.8614E+10
      0.52626   1.3199E+12   2.6116E+11   3.6269E+10   5.2827E+10   2.7776E+09   2.1477E+11   1.1414E+10   7.7460E+09   8.3643E+08   2.9600E+10   4.3207E+10
      0.53254   1.2185E+12   2.2855E+11   2.9846E+10   4.3972E+10   2.1107E+09   1.8857E+11   9.0639E+09   6.0733E+09   6.1734E+08   2.4438E+10   3.6083E+10
      0.53882   1.2001E+12   2.2250E+11   2.8707E+10   4.2383E+10   2.0045E+09   1.8370E+11   8.6653E+09   5.7945E+09   5.8397E+08   2.3518E+10   3.4798E+10
      0.54510   1.1799E+12   2.1585E+11   2.7444E+10   4.0623E+10   1.8855E+09   1.7834E+11   8.2207E+09   5.4833E+09   5.4643E+08   2.2498E+10   3.3376E+10
      0.55137   1.1572E+12   2.0825E+11   2.5986E+10   3.8596E+10   1.7462E+09   1.7224E+11   7.7048E+09   5.1211E+09   5.0243E+08   2.1322E+10   3.1740E+10
      0.55765   1.1290E+12   1.9864E+11   2.4103E+10   3.5989E+10   1.5627E+09   1.6453E+11   7.0314E+09   4.6469E+09   4.4382E+08   1.9806E+10   2.9638E+10
      0.56393   1.0942E+12   1.8664E+11   2.1716E+10   3.2691E+10   1.3260E+09   1.5491E+11   6.1708E+09   4.0392E+09   3.6806E+08   1.7886E+10   2.6984E+10
      0.57020   1.0796E+12   1.8212E+11   2.0933E+10   3.1579E+10   1.2614E+09   1.5125E+11   5.9111E+09   3.8608E+09   3.4870E+08   1.7250E+10   2.6082E+10
      0.57647   1.0639E+12   1.7718E+11   2.0068E+10   3.0355E+10   1.1894E+09   1.4727E+11   5.6228E+09   3.6631E+09   3.2702E+08   1.6549E+10   2.5088E+10
      0.58275   1.0465E+12   1.7161E+11   1.9078E+10   2.8957E+10   1.1057E+09   1.4278E+11   5.2904E+09   3.4343E+09   3.0165E+08   1.5748E+10   2.3955E+10
      0.58902   1.0257E+12   1.6472E+11   1.7819E+10   2.7186E+10   9.9615E+08   1.3724E+11   4.8618E+09   3.1380E+09   2.6827E+08   1.4729E+10   2.2523E+10
      0.59529   1.0007E+12   1.5626E+11   1.6240E+10   2.4973E+10   8.5580E+08   1.3045E+11   4.3189E+09   2.7612E+09   2.2533E+08   1.3454E+10   2.0736E+10
      0.60157   9.8776E+11   1.5255E+11   1.5657E+10   2.4131E+10   8.1392E+08   1.2743E+11   4.1370E+09   2.6394E+09   2.1338E+08   1.2979E+10   2.0048E+10
      0.60784   9.7388E+11   1.4851E+11   1.5016E+10   2.3205E+10   7.6742E+08   1.2416E+11   3.9358E+09   2.5039E+09   2.0005E+08   1.2456E+10   1.9293E+10
      0.61412   9.5861E+11   1.4397E+11   1.4283E+10   2.2150E+10   7.1315E+08   1.2049E+11   3.7040E+09   2.3481E+09   1.8453E+08   1.1860E+10   1.8435E+10
      0.62039   9.4052E+11   1.3840E+11   1.3355E+10   2.0821E+10   6.4252E+08   1.1599E+11   3.4062E+09   2.1463E+09   1.6398E+08   1.1106E+10   1.7354E+10
      0.62666   9.1909E+11   1.3159E+11   1.2194E+10   1.9165E+10   5.5231E+08   1.1051E+11   3.0295E+09   1.8907E+09   1.3771E+08   1.0164E+10   1.6010E+10
      0.63294   9.0727E+11   1.2850E+11   1.1754E+10   1.8517E+10   5.2489E+08   1.0799E+11   2.9006E+09   1.8061E+09   1.3021E+08   9.8036E+09   1.5478E+10
      0.63921   8.9466E+11   1.2515E+11   1.1271E+10   1.7805E+10   4.9415E+08   1.0526E+11   2.7579E+09   1.7122E+09   1.2193E+08   9.4074E+09   1.4896E+10
      0.64548   8.8090E+11   1.2140E+11   1.0719E+10   1.6996E+10   4.5852E+08   1.0221E+11   2.5932E+09   1.6037E+09   1.1220E+08   8.9559E+09   1.4233E+10
      0.65176   8.6491E+11   1.1682E+11   1.0019E+10   1.5976E+10   4.1190E+08   9.8503E+10   2.3810E+09   1.4632E+09   9.9310E+07   8.3845E+09   1.3400E+10
      0.65803   8.4626E+11   1.1125E+11   9.1432E+09   1.4705E+10   3.5207E+08   9.4006E+10   2.1124E+09   1.2846E+09   8.2670E+07   7.6708E+09   1.2365E+10
      0.66431   8.3449E+11   1.0866E+11   8.8197E+09   1.4217E+10   3.3483E+08   9.1884E+10   2.0242E+09   1.2282E+09   7.8301E+07   7.4037E+09   1.1961E+10
      0.67059   8.2176E+11   1.0587E+11   8.4655E+09   1.3684E+10   3.1576E+08   8.9600E+10   1.9271E+09   1.1660E+09   7.3457E+07   7.1119E+09   1.1522E+10
      0.67687   8.0751E+11   1.0278E+11   8.0652E+09   1.3083E+10   2.9382E+08   8.7073E+10   1.8162E+09   1.0948E+09   6.7754E+07   6.7823E+09   1.1027E+10
      0.68314   7.8995E+11   9.9068E+10   7.5675E+09   1.2341E+10   2.6559E+08   8.4052E+10   1.6759E+09   1.0040E+09   6.0459E+07   6.3735E+09   1.0417E+10
      0.68942   7.6827E+11   9.4624E+10   6.9543E+09   1.1431E+10   2.2980E+08   8.0442E+10   1.5004E+09   8.9032E+08   5.1079E+07   5.8706E+09   9.6712E+09
      0.69569   7.5939E+11   9.2298E+10   6.6880E+09   1.1021E+10   2.1756E+08   7.8526E+10   1.4325E+09   8.4792E+08   4.8145E+07   5.6497E+09   9.3308E+09
      0.70197   7.5005E+11   8.9786E+10   6.3954E+09   1.0571E+10   2.0402E+08   7.6460E+10   1.3572E+09   8.0087E+08   4.4866E+07   5.4072E+09   8.9581E+09
      0.70824   7.4006E+11   8.6998E+10   6.0621E+09   1.0061E+10   1.8821E+08   7.4172E+10   1.2705E+09   7.4644E+08   4.1010E+07   5.1313E+09   8.5358E+09
      0.71451   7.2884E+11   8.3639E+10   5.6411E+09   9.4215E+09   1.6742E+08   7.1427E+10   1.1588E+09   6.7599E+08   3.5878E+07   4.7835E+09   8.0078E+09
      0.72079   7.1621E+11   7.9603E+10   5.1160E+09   8.6285E+09   1.4077E+08   6.8140E+10   1.0176E+09   5.8643E+08   2.9280E+07   4.3508E+09   7.3542E+09
      0.72706   7.0720E+11   7.7558E+10   4.9162E+09   8.3116E+09   1.3332E+08   6.6441E+10   9.7100E+08   5.5824E+08   2.7581E+07   4.1837E+09   7.0890E+09
      0.73333   6.9774E+11   7.5357E+10   4.6975E+09   7.9656E+09   1.2499E+08   6.4615E+10   9.1958E+08   5.2714E+08   2.5721E+07   4.0009E+09   6.7997E+09
      0.73961   6.8766E+11   7.2929E+10   4.4500E+09   7.5755E+09   1.1541E+08   6.2606E+10   8.6079E+08   4.9137E+08   2.3535E+07   3.7944E+09   6.4742E+09
      0.74588   6.7648E+11   7.0044E+10   4.1418E+09   7.0936E+09   1.0299E+08   6.0228E+10   7.8608E+08   4.4569E+08   2.0674E+07   3.5378E+09   6.0728E+09
      0.75215   6.6402E+11   6.6618E+10   3.7616E+09   6.5023E+09   8.7162E+07   5.7414E+10   6.9262E+08   3.8832E+08   1.7030E+07   3.2218E+09   5.5815E+09
      0.75843   6.5448E+11   6.4692E+10   3.5970E+09   6.2345E+09   8.1987E+07   5.5804E+10   6.5710E+08   3.6743E+08   1.5938E+07   3.0832E+09   5.3560E+09
      0.76470   6.4441E+11   6.2606E+10   3.4153E+09   5.9400E+09   7.6158E+07   5.4063E+10   6.1759E+08   3.4412E+08   1.4686E+07   2.9304E+09   5.1081E+09
      0.77097   6.3363E+11   6.0282E+10   3.2074E+09   5.6043E+09   6.9401E+07   5.2129E+10   5.7187E+08   3.1712E+08   1.3255E+07   2.7557E+09   4.8260E+09
      0.77725   6.2151E+11   5.7464E+10   2.9425E+09   5.1796E+09   6.0368E+07   4.9793E+10   5.1241E+08   2.8173E+08   1.1335E+07   2.5336E+09   4.4701E+09
      0.78352   6.0784E+11   5.4060E+10   2.6099E+09   4.6496E+09   4.8768E+07   4.6980E+10   4.3668E+08   2.3655E+08   8.8041E+06   2.2554E+09   4.0268E+09
      0.78980   5.9790E+11   5.2377E+10   2.4902E+09   4.4482E+09   4.5800E+07   4.5561E+10   4.1344E+08   2.2336E+08   8.2315E+06   2.1537E+09   3.8557E+09
      0.79608   5.8737E+11   5.0552E+10   2.3581E+09   4.2267E+09   4.2417E+07   4.4025E+10   3.8758E+08   2.0868E+08   7.5759E+06   2.0417E+09   3.6677E+09
      0.80236   5.7600E+11   4.8514E+10   2.2068E+09   3.9739E+09   3.8511E+07   4.2315E+10   3.5763E+08   1.9161E+08   6.8195E+06   1.9134E+09   3.4534E+09
      0.80863   5.6301E+11   4.6034E+10   2.0137E+09   3.6535E+09   3.3313E+07   4.0244E+10   3.1865E+08   1.6924E+08   5.8013E+06   1.7503E+09   3.1828E+09
      0.81491   5.4816E+11   4.3037E+10   1.7717E+09   3.2543E+09   2.6621E+07   3.7751E+10   2.6905E+08   1.4072E+08   4.4215E+06   1.5461E+09   2.8462E+09
      0.82118   5.3845E+11   4.1610E+10   1.6868E+09   3.1067E+09   2.4926E+07   3.6528E+10   2.5421E+08   1.3265E+08   4.1411E+06   1.4730E+09   2.7189E+09
      0.82746   5.2817E+11   4.0061E+10   1.5930E+09   2.9438E+09   2.3089E+07   3.5204E+10   2.3765E+08   1.2358E+08   3.7905E+06   1.3922E+09   2.5787E+09
      0.83373   5.1712E+11   3.8329E+10   1.4850E+09   2.7575E+09   2.0851E+07   3.3727E+10   2.1841E+08   1.1300E+08   3.4093E+06   1.2996E+09   2.4186E+09
      0.84000   5.0466E+11   3.6221E+10   1.3470E+09   2.5209E+09   1.7903E+07   3.1937E+10   1.9329E+08   9.9142E+07   2.8621E+06   1.1813E+09   2.2158E+09
      0.84628   4.9055E+11   3.3666E+10   1.1730E+09   2.2244E+09   1.4084E+07   2.9777E+10   1.6115E+08   8.1319E+07   2.1582E+06   1.0326E+09   1.9624E+09
      0.85255   4.8037E+11   3.2403E+10   1.1106E+09   2.1120E+09   1.3104E+07   2.8685E+10   1.5132E+08   7.6136E+07   2.0185E+06   9.7830E+08   1.8646E+09
      0.85882   4.6960E+11   3.1029E+10   1.0412E+09   1.9874E+09   1.2011E+07   2.7499E+10   1.4036E+08   7.0391E+07   1.8330E+06   9.1806E+08   1.7564E+09
      0.86510   4.5806E+11   2.9488E+10   9.6103E+08   1.8442E+09   1.0713E+07   2.6174E+10   1.2748E+08   6.3599E+07   1.6034E+06   8.4856E+08   1.6322E+09
      0.87137   4.4518E+11   2.7605E+10   8.5749E+08   1.6608E+09   8.9557E+06   2.4562E+10   1.1052E+08   5.4542E+07   1.3095E+06   7.5913E+08   1.4736E+09
      0.87765   4.3074E+11   2.5316E+10   7.2617E+08   1.4295E+09   6.6992E+06   2.2611E+10   8.8686E+07   4.2901E+07   9.3258E+05   6.4588E+08   1.2741E+09
      0.88392   4.1946E+11   2.4189E+10   6.8176E+08   1.3461E+09   6.1800E+06   2.1625E+10   8.2532E+07   3.9801E+07   8.6143E+05   6.0681E+08   1.2007E+09
      0.89019   4.0743E+11   2.2954E+10   6.3203E+08   1.2530E+09   5.6031E+06   2.0547E+10   7.5620E+07   3.6347E+07   7.7122E+05   5.6315E+08   1.1189E+09
      0.89647   3.9441E+11   2.1554E+10   5.7400E+08   1.1449E+09   4.8916E+06   1.9328E+10   6.7456E+07   3.2214E+07   6.6450E+05   5.1228E+08   1.0241E+09
      0.90274   3.7964E+11   1.9812E+10   4.9763E+08   1.0037E+09   3.9099E+06   1.7820E+10   5.6484E+07   2.6637E+07   5.2262E+05   4.4550E+08   9.0064E+08
      0.90901   3.6280E+11   1.7662E+10   3.9939E+08   8.2316E+08   2.6538E+06   1.5965E+10   4.2169E+07   1.9369E+07   3.2484E+05   3.5981E+08   7.4313E+08
      0.91529   3.5033E+11   1.6711E+10   3.7106E+08   7.6714E+08   2.4183E+06   1.5121E+10   3.8820E+07   1.7775E+07   3.0324E+05   3.3453E+08   6.9310E+08
      0.92157   3.3696E+11   1.5661E+10   3.3911E+08   7.0418E+08   2.1621E+06   1.4190E+10   3.5059E+07   1.5979E+07   2.5919E+05   3.0607E+08   6.3696E+08
      0.92785   3.2240E+11   1.4460E+10   3.0138E+08   6.3014E+08   1.8427E+06   1.3129E+10   3.0528E+07   1.3836E+07   2.2150E+05   2.7253E+08   5.7106E+08
      0.93413   3.0585E+11   1.2939E+10   2.5066E+08   5.3142E+08   1.3934E+06   1.1793E+10   2.4332E+07   1.0856E+07   1.6221E+05   2.2755E+08   4.8351E+08
      0.94040   2.8694E+11   1.1037E+10   1.8449E+08   4.0338E+08   8.0129E+05   1.0131E+10   1.6126E+07   6.9177E+06   8.2162E+04   1.6901E+08   3.7021E+08
      0.94668   2.7201E+11   1.0268E+10   1.6905E+08   3.7058E+08   7.2421E+05   9.4318E+09   1.4673E+07   6.2714E+06   7.7504E+04   1.5495E+08   3.4030E+08
      0.95295   2.5567E+11   9.4089E+09   1.5151E+08   3.3336E+08   6.3485E+05   8.6530E+09   1.3013E+07   5.5392E+06   6.3739E+04   1.3899E+08   3.0643E+08
      0.95922   2.3741E+11   8.4115E+09   1.3051E+08   2.8906E+08   5.2304E+05   7.7514E+09   1.0997E+07   4.6561E+06   5.6539E+04   1.1994E+08   2.6618E+08
      0.96550   2.1595E+11   7.1212E+09   1.0176E+08   2.2883E+08   3.7100E+05   6.5918E+09   8.1950E+06   3.4165E+06   3.7481E+04   9.3906E+07   2.1162E+08
      0.97177   1.9052E+11   5.4789E+09   6.3715E+07   1.4956E+08   1.6411E+05   5.1220E+09   4.4334E+06   1.7504E+06   1.5247E+04   5.9547E+07   1.4001E+08
      0.97804   1.6974E+11   4.8508E+09   5.6402E+07   1.3239E+08   1.4315E+05   4.5336E+09   3.9216E+06   1.5467E+06   1.3341E+04   5.2699E+07   1.2390E+08
      0.98432   1.4512E+11   4.1171E+09   4.7859E+07   1.1235E+08   1.2282E+05   3.8468E+09   3.3280E+06   1.3137E+06   1.1647E+04   4.4703E+07   1.0510E+08
      0.99059   1.1399E+11   3.2047E+09   3.7242E+07   8.7427E+07   9.6985E+04   2.9932E+09   2.5898E+06   1.0232E+06   7.7292E+03   3.4774E+07   8.1759E+07
      0.99686   6.7125E+10   1.8621E+09   2.1633E+07   5.0782E+07   5.6328E+04   1.7383E+09   1.5042E+06   5.9398E+05   4.8175E+03   2.0186E+07   4.7463E+07
