  0.010000     7.251716E-02     5.733293E-02     3.285722E-02     3.717721E-02     1.260465E-02     4.838622E-02     2.182508E-02     1.902648E-02     6.853663E-03     2.694038E-02     3.068032E-02     2.714778E-03
  0.030000     7.260789E-02     5.726981E-02     3.276105E-02     3.707996E-02     1.254671E-02     4.831390E-02     2.174335E-02     1.895070E-02     6.817287E-03     2.685424E-02     3.059096E-02     2.691801E-03
  0.050000     7.277941E-02     5.713768E-02     3.256670E-02     3.688284E-02     1.243076E-02     4.816505E-02     2.157910E-02     1.879862E-02     6.744722E-03     2.668067E-02     3.041051E-02     2.646563E-03
  0.070000     7.301251E-02     5.692525E-02     3.227040E-02     3.658095E-02     1.225677E-02     4.793169E-02     2.133092E-02     1.856929E-02     6.636380E-03     2.641730E-02     3.013578E-02     2.580461E-03
  0.090000     7.327998E-02     5.661694E-02     3.186723E-02     3.616776E-02     1.202489E-02     4.760284E-02     2.099714E-02     1.826168E-02     6.492959E-03     2.606107E-02     2.976262E-02     2.495496E-03
  0.110000     7.354852E-02     5.619430E-02     3.135187E-02     3.563603E-02     1.173568E-02     4.716562E-02     2.057627E-02     1.787505E-02     6.315531E-03     2.560887E-02     2.928652E-02     2.394173E-03
  0.130000     7.378086E-02     5.563768E-02     3.071948E-02     3.497879E-02     1.139033E-02     4.660660E-02     2.006751E-02     1.740936E-02     6.105626E-03     2.505813E-02     2.870348E-02     2.279377E-03
  0.150000     7.393820E-02     5.492814E-02     2.996665E-02     3.419053E-02     1.099094E-02     4.591318E-02     1.947133E-02     1.686572E-02     5.865318E-03     2.440752E-02     2.801074E-02     2.154226E-03
  0.170000     7.398261E-02     5.404921E-02     2.909222E-02     3.326815E-02     1.054067E-02     4.507491E-02     1.878989E-02     1.624681E-02     5.597280E-03     2.365759E-02     2.720757E-02     2.021934E-03
  0.190000     7.387934E-02     5.298853E-02     2.809805E-02     3.221183E-02     1.004390E-02     4.408474E-02     1.802744E-02     1.555711E-02     5.304804E-03     2.281122E-02     2.629584E-02     1.885663E-03
  0.210000     7.359869E-02     5.173908E-02     2.698943E-02     3.102568E-02     9.506248E-03     4.293991E-02     1.719051E-02     1.480308E-02     4.991782E-03     2.187401E-02     2.528048E-02     1.748398E-03
  0.230000     7.311751E-02     5.030010E-02     2.577535E-02     2.971801E-02     8.934517E-03     4.164259E-02     1.628794E-02     1.399318E-02     4.662627E-03     2.085435E-02     2.416967E-02     1.612836E-03
  0.250000     7.242013E-02     4.867742E-02     2.446835E-02     2.830130E-02     8.336536E-03     4.020002E-02     1.533071E-02     1.313764E-02     4.322164E-03     1.976330E-02     2.297467E-02     1.481306E-03
  0.270000     7.149873E-02     4.688333E-02     2.308420E-02     2.679183E-02     7.720902E-03     3.862440E-02     1.433161E-02     1.224815E-02     3.975472E-03     1.861429E-02     2.170961E-02     1.355712E-03
  0.290000     7.035315E-02     4.493601E-02     2.164124E-02     2.520903E-02     7.096660E-03     3.693233E-02     1.330471E-02     1.133745E-02     3.627702E-03     1.742257E-02     2.039085E-02     1.237510E-03
  0.310000     6.899023E-02     4.285854E-02     2.015957E-02     2.357461E-02     6.472941E-03     3.514396E-02     1.226481E-02     1.041875E-02     3.283885E-03     1.620458E-02     1.903630E-02     1.127707E-03
  0.330000     6.742281E-02     4.067764E-02     1.866015E-02     2.191150E-02     5.858590E-03     3.328200E-02     1.122679E-02     9.505211E-03     2.948741E-03     1.497724E-02     1.766463E-02     1.026892E-03
  0.350000     6.566839E-02     3.842230E-02     1.716381E-02     2.024283E-02     5.261814E-03     3.137056E-02     1.020491E-02     8.609343E-03     2.626510E-03     1.375717E-02     1.629440E-02     9.352739E-04
  0.370000     6.374783E-02     3.612224E-02     1.569037E-02     1.859088E-02     4.689872E-03     2.943401E-02     9.212339E-03     7.742536E-03     2.320812E-03     1.256000E-02     1.494329E-02     8.527458E-04
  0.390000     6.168396E-02     3.380664E-02     1.425786E-02     1.697616E-02     4.148846E-03     2.749590E-02     8.260567E-03     6.914647E-03     2.034547E-03     1.139982E-02     1.362742E-02     7.789462E-04
  0.410000     5.950040E-02     3.150292E-02     1.288185E-02     1.541670E-02     3.643483E-03     2.557806E-02     7.359118E-03     6.133712E-03     1.769842E-03     1.028867E-02     1.236076E-02     7.133263E-04
  0.430000     5.722059E-02     2.923582E-02     1.157512E-02     1.392752E-02     3.177133E-03     2.369992E-02     6.515321E-03     5.405784E-03     1.528046E-03     9.236243E-03     1.115482E-02     6.552134E-04
  0.450000     5.486704E-02     2.702675E-02     1.034735E-02     1.252037E-02     2.751762E-03     2.187802E-02     5.734250E-03     4.734901E-03     1.309759E-03     8.249801E-03     1.001839E-02     6.038675E-04
  0.470000     5.246091E-02     2.489345E-02     9.205203E-03     1.120365E-02     2.368046E-03     2.012582E-02     5.018798E-03     4.123173E-03     1.114906E-03     7.334137E-03     8.957632E-03     5.585280E-04
  0.490000     5.002180E-02     2.284990E-02     8.152406E-03     9.982567E-03     2.025519E-03     1.845362E-02     4.369852E-03     3.570954E-03     9.428340E-04     6.491755E-03     7.976104E-03     5.184517E-04
  0.510000     4.756772E-02     2.090646E-02     7.190091E-03     8.859401E-03     1.722759E-03     1.686879E-02     3.786562E-03     3.077087E-03     7.924187E-04     5.723111E-03     7.075088E-03     4.829395E-04
  0.530000     4.511529E-02     1.907016E-02     6.317163E-03     7.833914E-03     1.457594E-03     1.537603E-02     3.266647E-03     2.639196E-03     6.621875E-04     5.026935E-03     6.253893E-03     4.513537E-04
  0.550000     4.267987E-02     1.734518E-02     5.530729E-03     6.903803E-03     1.227317E-03     1.397773E-02     2.806729E-03     2.253980E-03     5.504332E-04     4.400576E-03     5.510237E-03     4.231277E-04
  0.570000     4.027580E-02     1.573323E-02     4.826545E-03     6.065174E-03     1.028883E-03     1.267440E-02     2.402661E-03     1.917506E-03     4.553210E-04     3.840362E-03     4.840630E-03     3.977687E-04
  0.590000     3.791657E-02     1.423411E-02     4.199428E-03     5.312995E-03     8.590839E-04     1.146504E-02     2.049824E-03     1.625477E-03     3.749792E-04     3.341929E-03     4.240733E-03     3.748559E-04
  0.610000     3.561486E-02     1.284610E-02     3.643628E-03     4.641500E-03     7.146983E-04     1.034754E-02     1.743388E-03     1.373454E-03     3.075746E-04     2.900509E-03     3.705687E-03     3.540349E-04
  0.630000     3.338259E-02     1.156635E-02     3.153141E-03     4.044536E-03     5.926066E-04     9.318967E-03     1.478519E-03     1.157043E-03     2.513673E-04     2.511179E-03     3.230376E-03     3.350110E-04
  0.650000     3.123081E-02     1.039119E-02     2.721952E-03     3.515839E-03     4.898738E-04     8.375838E-03     1.250541E-03     9.720284E-04     2.047499E-04     2.169045E-03     2.809646E-03     3.175407E-04
  0.670000     2.916951E-02     9.316406E-03     2.344218E-03     3.049236E-03     4.038041E-04     7.514290E-03     1.055048E-03     8.144698E-04     1.662697E-04     1.869384E-03     2.438457E-03     3.014242E-04
  0.690000     2.720741E-02     8.337342E-03     2.014389E-03     2.638793E-03     3.319698E-04     6.730224E-03     8.879735E-04     6.807577E-04     1.346390E-04     1.607734E-03     2.111998E-03     2.864974E-04
  0.710000     2.535177E-02     7.449084E-03     1.727285E-03     2.278903E-03     2.722199E-04     6.019394E-03     7.456264E-04     5.676402E-04     1.087341E-04     1.379947E-03     1.825745E-03     2.726257E-04
  0.730000     2.360816E-02     6.646513E-03     1.478132E-03     1.964333E-03     2.226744E-04     5.377463E-03     6.246991E-04     4.722256E-04     8.758795E-05     1.182213E-03     1.575497E-03     2.596981E-04
  0.750000     2.198032E-02     5.924363E-03     1.262568E-03     1.690244E-03     1.817080E-04     4.800035E-03     5.222571E-04     3.919687E-04     7.037775E-05     1.011064E-03     1.357383E-03     2.476224E-04
  0.770000     2.047003E-02     5.277266E-03     1.076634E-03     1.452189E-03     1.479278E-04     4.282682E-03     4.357166E-04     3.246475E-04     5.640968E-05     8.633572E-04     1.167856E-03     2.363215E-04
  0.790000     1.907717E-02     4.699787E-03     9.167521E-04     1.246096E-03     1.201482E-04     3.820965E-03     3.628145E-04     2.683326E-04     4.510317E-05     7.362609E-04     1.003679E-03     2.257304E-04
  0.810000     1.779974E-02     4.186465E-03     7.796995E-04     1.068248E-03     9.736500E-05     3.410456E-03     3.015765E-04     2.213567E-04     3.597518E-05     6.272262E-04     8.619005E-04     2.157936E-04
  0.830000     1.663400E-02     3.731855E-03     6.625788E-04     9.152590E-04     7.873110E-05     3.046763E-03     2.502854E-04     1.822826E-04     2.862559E-05     5.339650E-04     7.398384E-04     2.064630E-04
  0.850000     1.557476E-02     3.330579E-03     5.627918E-04     7.840555E-04     6.353379E-05     2.725570E-03     2.074502E-04     1.498750E-04     2.272411E-05     4.544263E-04     6.350582E-04     1.976969E-04
  0.870000     1.461556E-02     2.977384E-03     4.780145E-04     6.718530E-04     5.117490E-05     2.442669E-03     1.717794E-04     1.230738E-04     1.799876E-05     3.867764E-04     5.453567E-04     1.894583E-04
  0.890000     1.374901E-02     2.667187E-03     4.061746E-04     5.761402E-04     4.115334E-05     2.194001E-03     1.421568E-04     1.009714E-04     1.422607E-05     3.293799E-04     4.687472E-04     1.817135E-04
  0.910000     1.296708E-02     2.395141E-03     3.454320E-04     4.946624E-04     3.305028E-05     1.975696E-03     1.176197E-04     8.279278E-05     1.122278E-05     2.807844E-04     4.034458E-04     1.744317E-04
  0.930000     1.226139E-02     2.156673E-03     2.941608E-04     4.254075E-04     2.651642E-05     1.784110E-03     9.734139E-05     6.787765E-05     8.838957E-06     2.397061E-04     3.478599E-04     1.675835E-04
  0.950000     1.162347E-02     1.947529E-03     2.509327E-04     3.665915E-04     2.126131E-05     1.615852E-03     8.061396E-05     5.566585E-05     6.952165E-06     2.050162E-04     3.005770E-04     1.611402E-04
  0.970000     1.104500E-02     1.763806E-03     2.145013E-04     3.166447E-04     1.704424E-05     1.467812E-03     6.683461E-05     4.568408E-05     5.462748E-06     1.757294E-04     2.603535E-04     1.550728E-04
  0.990000     1.051798E-02     1.601967E-03     1.837870E-04     2.741969E-04     1.366654E-05     1.337172E-03     5.549260E-05     3.753435E-05     4.289846E-06     1.509912E-04     2.261033E-04     1.493512E-04
  1.010000     1.003491E-02     1.458853E-03     1.578617E-04     2.380626E-04     1.096496E-05     1.221413E-03     4.615784E-05     3.088390E-05     3.368103E-06     1.300668E-04     1.968860E-04     1.439435E-04
  1.030000     9.588820E-03     1.331679E-03     1.359342E-04     2.072250E-04     8.806011E-06     1.118315E-03     3.847040E-05     2.545610E-05     2.644923E-06     1.123292E-04     1.718945E-04     1.388155E-04
  1.050000     9.173390E-03     1.218025E-03     1.173355E-04     1.808199E-04     7.081150E-06     1.025947E-03     3.213106E-05     2.102239E-05     2.078174E-06     9.724800E-05     1.504423E-04     1.339302E-04
  1.070000     8.782923E-03     1.115810E-03     1.015046E-04     1.581190E-04     5.702574E-06     9.426495E-04     2.689271E-05     1.739512E-05     1.634277E-06     8.437781E-05     1.319509E-04     1.292478E-04
  1.090000     8.412358E-03     1.023272E-03     8.797457E-05     1.385142E-04     4.599652E-06     8.670167E-04     2.255255E-05     1.442114E-05     1.286599E-06     7.334793E-05     1.159366E-04     1.247261E-04
  1.110000     8.057235E-03     9.389374E-04     7.635955E-05     1.215011E-04     3.715863E-06     7.978718E-04     1.894516E-05     1.197616E-05     1.014124E-06     6.385192E-05     1.019984E-04     1.203209E-04
  1.130000     7.713665E-03     8.615856E-04     6.634289E-05     1.066647E-04     3.006194E-06     7.342423E-04     1.593629E-05     9.959851E-06     8.003473E-07     5.563807E-05     8.980626E-05     1.159874E-04
  1.150000     7.378287E-03     7.902208E-04     5.766590E-05     9.366533E-05     2.434945E-06     6.753346E-04     1.341748E-05     8.291521E-06     6.323577E-07     4.850076E-05     7.908999E-05     1.116808E-04
  1.170000     7.048232E-03     7.240386E-04     5.011811E-05     8.222628E-05     1.973895E-06     6.205088E-04     1.130135E-05     6.906499E-06     5.000950E-07     4.227261E-05     6.962946E-05     1.073584E-04
  1.190000     6.721098E-03     6.623969E-04     4.352853E-05     7.212250E-05     1.600786E-06     5.692556E-04     9.517593E-06     5.753028E-06     3.957407E-07     3.681766E-05     6.124577E-05     1.029814E-04
  1.210000     6.394929E-03     6.047892E-04     3.775823E-05     6.317103E-05     1.298077E-06     5.211754E-04     8.009678E-06     4.789695E-06     3.132289E-07     3.202542E-05     5.379355E-05     9.851631E-05
  1.230000     6.068211E-03     5.508206E-04     3.269400E-05     5.522279E-05     1.051940E-06     4.759588E-04     6.732014E-06     3.983308E-06     2.478563E-07     2.780587E-05     4.715442E-05     9.393678E-05
  1.250000     5.739874E-03     5.001872E-04     2.824309E-05     4.815558E-05     8.514519E-07     4.333707E-04     5.647697E-06     3.307170E-06     1.959739E-07     2.408523E-05     4.123143E-05     8.922532E-05
  1.270000     5.409302E-03     4.526580E-04     2.432890E-05     4.186843E-05     6.879567E-07     3.932360E-04     4.726680E-06     2.739702E-06     1.547452E-07     2.080259E-05     3.594455E-05     8.437430E-05
  1.290000     5.076346E-03     4.080601E-04     2.088752E-05     3.627700E-05     5.545622E-07     3.554271E-04     3.944310E-06     2.263343E-06     1.219585E-07     1.790708E-05     3.122695E-05     7.938673E-05
  1.310000     4.741332E-03     3.662656E-04     1.786498E-05     3.130984E-05     4.457500E-07     3.198542E-04     3.280182E-06     1.863692E-06     9.588279E-08     1.535574E-05     2.702206E-05     7.427644E-05
  1.330000     4.405062E-03     3.271808E-04     1.521506E-05     2.690556E-05     3.570739E-07     2.864558E-04     2.717252E-06     1.528840E-06     7.515639E-08     1.311173E-05     2.328126E-05     6.906774E-05
  1.350000     4.068798E-03     2.907367E-04     1.289767E-05     2.301052E-05     2.849283E-07     2.551917E-04     2.241142E-06     1.248855E-06     5.870304E-08     1.114302E-05     1.996204E-05     6.379449E-05
  1.370000     3.734229E-03     2.568810E-04     1.087756E-05     1.957715E-05     2.263705E-07     2.260353E-04     1.839619E-06     1.015388E-06     4.566763E-08     9.421400E-06     1.702660E-05     5.849861E-05
  1.390000     3.403413E-03     2.255707E-04     9.123326E-06     1.656261E-05     1.789857E-07     1.989681E-04     1.502186E-06     8.213688E-07     3.536754E-08     7.921653E-06     1.444085E-05     5.322817E-05
  1.410000     3.078699E-03     1.967659E-04     7.606748E-06     1.392786E-05     1.407823E-07     1.739738E-04     1.219779E-06     6.607757E-07     2.725566E-08     6.621029E-06     1.217356E-05     4.803513E-05
  1.430000     2.762628E-03     1.704241E-04     6.302210E-06     1.163688E-05     1.101117E-07     1.510336E-04     9.845319E-07     5.284557E-07     2.089204E-08     5.498792E-06     1.019582E-05     4.297285E-05
  1.450000     2.457813E-03     1.464955E-04     5.186331E-06     9.656217E-06     8.560672E-08     1.301214E-04     7.895906E-07     4.199867E-07     1.592224E-08     4.535923E-06     8.480597E-06     3.809358E-05
  1.470000     2.166813E-03     1.249194E-04     4.237675E-06     7.954604E-06     6.613154E-08     1.112009E-04     6.289748E-07     3.315675E-07     1.206039E-08     3.714890E-06     7.002477E-06     3.344604E-05
  1.490000     1.892010E-03     1.056210E-04     3.436554E-06     6.502714E-06     5.074329E-08     9.422217E-05     4.974637E-07     2.599308E-07     9.075980E-09     3.019499E-06     5.737469E-06     2.907324E-05
  1.510000     1.635483E-03     8.850962E-05     2.764877E-06     5.273032E-06     3.866021E-08     7.912029E-05     3.905044E-07     2.022718E-07     6.783399E-09     2.434784E-06     4.662902E-06     2.501073E-05
  1.530000     1.398912E-03     7.347865E-05     2.206056E-06     4.239774E-06     2.923577E-08     6.581455E-05     3.041364E-07     1.561885E-07     5.033546E-09     1.946940E-06     3.757381E-06     2.128524E-05
  1.550000     1.183497E-03     6.040562E-05     1.744932E-06     3.378867E-06     2.193721E-08     5.420884E-05     2.349264E-07     1.196313E-07     3.707049E-09     1.543275E-06     3.000792E-06     1.791402E-05
  1.570000     9.899125E-04     4.915415E-05     1.367721E-06     2.667951E-06     1.632746E-08     4.419297E-05     1.799126E-07     9.085963E-08     2.708742E-09     1.212181E-06     2.374323E-06     1.490456E-05
  1.590000     8.182970E-04     3.957647E-05     1.061970E-06     2.086407E-06     1.204987E-08     3.564501E-05     1.365542E-07     6.840340E-08     1.963144E-09     9.431129E-07     1.860510E-06     1.225499E-05
  1.610000     6.682679E-04     3.151682E-05     8.165161E-07     1.615379E-06     8.815165E-09     2.843422E-05     1.026862E-07     5.102907E-08     1.410731E-09     7.265630E-07     1.443287E-06     9.954928E-06
  1.630000     5.389730E-04     2.481520E-05     6.214439E-07     1.237795E-06     6.390333E-09     2.242450E-05     7.647800E-08     3.770910E-08     1.004866E-09     5.540417E-07     1.108014E-06     7.986632E-06
  1.650000     4.291619E-04     1.931133E-05     4.680309E-07     9.383641E-07     4.589066E-09     1.747804E-05     5.639416E-08     2.759445E-08     7.092694E-10     4.180437E-07     8.415103E-07     6.326535E-06
  1.670000     3.372743E-04     1.484848E-05     3.486889E-07     7.035531E-07     3.263611E-09     1.345886E-05     4.115904E-08     1.998969E-08     4.959317E-10     3.120087E-07     6.320475E-07     4.946832E-06
  1.690000     2.615366E-04     1.127695E-05     2.568936E-07     5.215373E-07     2.297812E-09     1.023609E-05     2.972307E-08     1.433061E-08     3.434092E-10     2.302702E-07     4.693277E-07     3.817122E-06
  1.710000     2.000582E-04     8.456916E-06     1.871053E-07     3.821224E-07     1.601195E-09     7.686744E-06     2.123184E-08     1.016404E-08     2.354267E-10     1.679968E-07     3.444331E-07     2.905945E-06
  1.730000     1.509213E-04     6.260688E-06     1.346813E-07     2.766431E-07     1.103985E-09     5.697877E-06     1.499753E-08     7.129927E-09     1.597463E-10     1.211234E-07     2.497511E-07     2.182135E-06
  1.750000     1.122581E-04     4.574120E-06     9.578423E-08     1.978402E-07     7.529221E-10     4.168047E-06     1.047289E-08     4.945361E-09     1.072550E-10     8.627699E-08     1.788798E-07     1.615939E-06
  1.770000     8.231301E-05     3.297319E-06     6.728650E-08     1.397234E-07     5.077948E-10     3.008116E-06     7.227871E-09     3.390683E-09     7.123606E-11     6.069945E-08     1.265174E-07     1.179857E-06
  1.790000     5.948656E-05     2.344669E-06     4.667632E-08     9.742557E-08     3.385824E-10     2.141407E-06     4.928751E-09     2.297412E-09     4.679138E-11     4.216819E-08     8.834108E-08     8.492038E-07
  1.810000     4.236348E-05     1.644275E-06     3.196633E-08     6.705320E-08     2.231360E-10     1.503325E-06     3.319992E-09     1.537956E-09     3.038832E-11     2.891936E-08     6.088269E-08     6.024136E-07
  1.830000     2.972453E-05     1.136976E-06     2.160798E-08     4.554163E-08     1.453112E-10     1.040561E-06     2.208545E-09     1.016945E-09     1.950821E-11     1.957468E-08     4.140413E-08     4.211190E-07
  1.850000     2.054576E-05     7.750486E-07     1.441332E-08     3.051722E-08     9.348708E-11     7.100056E-07     1.450589E-09     6.640472E-10     1.237648E-11     1.307393E-08     2.777906E-08     2.900506E-07
  1.870000     1.398786E-05     5.207502E-07     9.485285E-09     2.017151E-08     5.940603E-11     4.774833E-07     9.404935E-10     4.281069E-10     7.757979E-12     8.614528E-09     1.838341E-08     1.968057E-07
  1.890000     9.378759E-06     3.448101E-07     6.157234E-09     1.314934E-08     3.727716E-11     3.164355E-07     6.017958E-10     2.724364E-10     4.803729E-12     5.598662E-09     1.199734E-08     1.315335E-07
  1.910000     6.192282E-06     2.249638E-07     3.941733E-09     8.452020E-09     2.309402E-11     2.066216E-07     3.799595E-10     1.710999E-10     2.937630E-12     3.588246E-09     7.719934E-09     8.657922E-08
  1.930000     4.025482E-06     1.445984E-07     2.488151E-09     5.355899E-09     1.412262E-11     1.329127E-07     2.366666E-10     1.060283E-10     1.773856E-12     2.267502E-09     4.897080E-09     5.611996E-08
  1.950000     2.576326E-06     9.155313E-08     1.548389E-09     3.345395E-09     8.523309E-12     8.421692E-08     1.454016E-10     6.481882E-11     1.057450E-12     1.412560E-09     3.061853E-09     3.581775E-08
  1.970000     1.623142E-06     5.709337E-08     9.497883E-10     2.059387E-09     5.075750E-12     5.255560E-08     8.809641E-11     3.908509E-11     6.222177E-13     8.673425E-10     1.886635E-09     2.250664E-08
  1.990000     1.006573E-06     3.506298E-08     5.741837E-10     1.249223E-09     2.982059E-12     3.229788E-08     5.262986E-11     2.324227E-11     3.613182E-13     5.248473E-10     1.145472E-09     1.392231E-08
  2.010000     6.143697E-07     2.120381E-08     3.420499E-10     7.466081E-10     1.728163E-12     1.954414E-08     3.099723E-11     1.362805E-11     2.070282E-13     3.129477E-10     6.851954E-10     8.477359E-09
  2.030000     3.690415E-07     1.262510E-08     2.007628E-10     4.395816E-10     9.877264E-13     1.164397E-08     1.799555E-11     7.877890E-12     1.170285E-13     1.838436E-10     4.037584E-10     5.080665E-09
  2.050000     2.181471E-07     7.400635E-09     1.160850E-10     2.549333E-10     5.566812E-13     6.829454E-09     1.029667E-11     4.488940E-12     6.525424E-14     1.063917E-10     2.343434E-10     2.996789E-09
  2.070000     1.268884E-07     4.270473E-09     6.611729E-11     1.456140E-10     3.093367E-13     3.943042E-09     5.805760E-12     2.521012E-12     3.588532E-14     6.064530E-11     1.339547E-10     1.739541E-09
  2.090000     7.262134E-08     2.425595E-09     3.708943E-11     8.190710E-11     1.694536E-13     2.240786E-09     3.225492E-12     1.395229E-12     1.946050E-14     3.404609E-11     7.540323E-11     9.936306E-10
  2.110000     4.089311E-08     1.356003E-09     2.048963E-11     4.536664E-11     9.149709E-14     1.253309E-09     1.765445E-12     7.608530E-13     1.040544E-14     1.882224E-11     4.179308E-11     5.584682E-10
  2.130000     2.265452E-08     7.460527E-10     1.114608E-11     2.474034E-11     4.869062E-14     6.898778E-10     9.518818E-13     4.087786E-13     5.485036E-15     1.024626E-11     2.280653E-11     3.088360E-10
  2.150000     1.234681E-08     4.039373E-10     5.969966E-12     1.328277E-11     2.553360E-14     3.736902E-10     5.055153E-13     2.163505E-13     2.850073E-15     5.491708E-12     1.225223E-11     1.680305E-10
  2.170000     6.619546E-09     2.152111E-10     3.148065E-12     7.020175E-12     1.319340E-14     1.991810E-10     2.644005E-13     1.127878E-13     1.459611E-15     2.897734E-12     6.479397E-12     8.994042E-11
  2.190000     3.491039E-09     1.128221E-10     1.634179E-12     3.652140E-12     6.716311E-15     1.044610E-10     1.361831E-13     5.791034E-14     7.366679E-16     1.505155E-12     3.372737E-12     4.735939E-11
  2.210000     1.810985E-09     5.819373E-11     8.350338E-13     1.870051E-12     3.368122E-15     5.390194E-11     6.906789E-14     2.928170E-14     3.663628E-16     7.695568E-13     1.727928E-12     2.453130E-11
  2.230000     9.240390E-10     2.953158E-11     4.199748E-13     9.423975E-13     1.663731E-15     2.736371E-11     3.448908E-14     1.457947E-14     1.795183E-16     3.872607E-13     8.712292E-13     1.249909E-11
  2.250000     4.637289E-10     1.474357E-11     2.078860E-13     4.673684E-13     8.094204E-16     1.366606E-11     1.695517E-14     7.147486E-15     8.665994E-17     1.917953E-13     4.322883E-13     6.264132E-12
  2.270000     2.288866E-10     7.241061E-12     1.012698E-13     2.280870E-13     3.878109E-16     6.714104E-12     8.205445E-15     3.449798E-15     4.120946E-17     9.347915E-14     2.110672E-13     3.087810E-12
  2.290000     1.111075E-10     3.498364E-12     4.854660E-14     1.095295E-13     1.829708E-16     3.244809E-12     3.908842E-15     1.639183E-15     1.930200E-17     4.483381E-14     1.014023E-13     1.497031E-12
  2.310000     5.304189E-11     1.662539E-12     2.289995E-14     5.175174E-14     8.500054E-17     1.542509E-12     1.832769E-15     7.666914E-16     8.904185E-18     2.115846E-14     4.793242E-14     7.138154E-13
  2.330000     2.490197E-11     7.771487E-13     1.062874E-14     2.405795E-14     3.887803E-17     7.212498E-13     8.457672E-16     3.529727E-16     4.045142E-18     9.824821E-15     2.229164E-14     3.347349E-13
  2.350000     1.149673E-11     3.573098E-13     4.853734E-15     1.100294E-14     1.750633E-17     3.317006E-13     3.841034E-16     1.599405E-16     1.809604E-18     4.488526E-15     1.019914E-14     1.543697E-13
  2.370000     5.219501E-12     1.615764E-13     2.180692E-15     4.950561E-15     7.759991E-18     1.500353E-13     1.716612E-16     7.132525E-17     7.970910E-19     2.017431E-15     4.590628E-15     7.000936E-14
  2.390000     2.330162E-12     7.186005E-14     9.638624E-16     2.191163E-15     3.385879E-18     6.674393E-14     7.549129E-17     3.130170E-17     3.456783E-19     8.920477E-16     2.032582E-15     3.122269E-14
  2.410000     1.022903E-12     3.143107E-14     4.190998E-16     9.540039E-16     1.454105E-18     2.920030E-14     3.266609E-17     1.351779E-17     1.475853E-19     3.880177E-16     8.852632E-16     1.369282E-14
  2.430000     4.415338E-13     1.352007E-14     1.792594E-16     4.085664E-16     6.146182E-19     1.256337E-14     1.390751E-17     5.744230E-18     6.202820E-20     1.660237E-16     3.792512E-16     5.904902E-15
  2.450000     1.873978E-13     5.719181E-15     7.542057E-17     1.721054E-16     2.556660E-19     5.315639E-15     5.825471E-18     2.401717E-18     2.566136E-20     6.987550E-17     1.598065E-16     2.503911E-15
  2.470000     7.820364E-14     2.379092E-15     3.121214E-17     7.130656E-17     1.046579E-19     2.211684E-15     2.400605E-18     9.879916E-19     1.044925E-20     2.892672E-17     6.623066E-17     1.044002E-15
  2.490000     3.208797E-14     9.731938E-16     1.270475E-17     2.905705E-17     4.215778E-20     9.048930E-16     9.731908E-19     3.998565E-19     4.187718E-21     1.177813E-17     2.699634E-17     4.280066E-16
  2.510000     1.294499E-14     3.914595E-16     5.086300E-18     1.164517E-17     1.670960E-20     3.640549E-16     3.880999E-19     1.592039E-19     1.651695E-21     4.716722E-18     1.082225E-17     1.725270E-16
  2.530000     5.134493E-15     1.548328E-16     2.002699E-18     4.589850E-18     6.516490E-21     1.440196E-16     1.522435E-19     6.235658E-20     6.410857E-22     1.857705E-18     4.266612E-18     6.837736E-17
  2.550000     2.002266E-15     6.021681E-17     7.755197E-19     1.779081E-18     2.500341E-21     5.602104E-17     5.874433E-20     2.402542E-20     2.448565E-22     7.195669E-19     1.654201E-18     2.664453E-17
  2.570000     7.676571E-16     2.302720E-17     2.953384E-19     6.781480E-19     9.438464E-22     2.142625E-17     2.229506E-20     9.105462E-21     9.202223E-23     2.741008E-19     6.306964E-19     1.020789E-17
  2.590000     2.893522E-16     8.658132E-18     1.106073E-19     2.541985E-19     3.505098E-22     8.057449E-18     8.322440E-21     3.394361E-21     3.402801E-23     1.026789E-19     2.364653E-19     3.844937E-18
  2.610000     1.072244E-16     3.200795E-18     4.073537E-20     9.369778E-20     1.280491E-22     2.979179E-18     3.055462E-21     1.244580E-21     1.238001E-23     3.782438E-20     8.718025E-20     1.423836E-18
  2.630000     3.906263E-17     1.163413E-18     1.475272E-20     3.396116E-20     4.601633E-23     1.083016E-18     1.103247E-21     4.488290E-22     4.431244E-24     1.370157E-20     3.160541E-20     5.183718E-19
  2.650000     1.399021E-17     4.157614E-19     5.253806E-21     1.210381E-20     1.626632E-23     3.870837E-19     3.917640E-22     1.591906E-22     1.560380E-24     4.880519E-21     1.126645E-20     1.855355E-19
  2.670000     4.925788E-18     1.460767E-19     1.839781E-21     4.241677E-21     5.655766E-24     1.360187E-19     1.368104E-22     5.552876E-23     5.405250E-25     1.709417E-21     3.948983E-21     6.528459E-20
  2.690000     1.704946E-18     5.045882E-20     6.334883E-22     1.461571E-21     1.934206E-24     4.699042E-20     4.698330E-23     1.904887E-23     1.841890E-25     5.887163E-22     1.360963E-21     2.258323E-20
  2.710000     5.801273E-19     1.713584E-20     2.144773E-22     4.951758E-22     6.505902E-25     1.595989E-20     1.586668E-23     6.426263E-24     6.173859E-26     1.993568E-22     4.611703E-22     7.679761E-21
  2.730000     1.940478E-19     5.721097E-21     7.139784E-23     1.649482E-22     2.152244E-25     5.329095E-21     5.269086E-24     2.131931E-24     2.035532E-26     6.637634E-23     1.536461E-22     2.567378E-21
  2.750000     6.380605E-20     1.877813E-21     2.336904E-23     5.402267E-23     7.002296E-26     1.749339E-21     1.720601E-24     6.955069E-25     6.601025E-27     2.172923E-23     5.032909E-23     8.437370E-22
  2.770000     2.062424E-20     6.059240E-22     7.520390E-24     1.739549E-23     2.240481E-26     5.645281E-22     5.524720E-25     2.231168E-25     2.105434E-27     6.993840E-24     1.620861E-23     2.725804E-22
  2.790000     6.553184E-21     1.922079E-22     2.379442E-24     5.507087E-24     7.049866E-27     1.790944E-22     1.744277E-25     7.038090E-26     6.604714E-28     2.213193E-24     5.132090E-24     8.656599E-23
  2.810000     2.046825E-21     5.993845E-23     7.401801E-25     1.714054E-24     2.181460E-27     5.585450E-23     5.414850E-26     2.183025E-26     2.037673E-28     6.885692E-25     1.597560E-24     2.702468E-23
  2.830000     6.284328E-22     1.837452E-23     2.263705E-25     5.244898E-25     6.637866E-28     1.712413E-23     1.652776E-26     6.657855E-27     6.182578E-29     2.106169E-25     4.889087E-25     8.293350E-24
  2.850000     1.896630E-22     5.537287E-24     6.806364E-26     1.577804E-25     1.986157E-28     5.160927E-24     4.960084E-27     1.996513E-27     1.844788E-29     6.333575E-26     1.470955E-25     2.501791E-24
  2.870000     5.626625E-23     1.640378E-24     2.011947E-26     4.666232E-26     5.843748E-29     1.529013E-24     1.463537E-27     5.886581E-28     5.413184E-30     1.872441E-26     4.350765E-26     7.418562E-25
  2.890000     1.640783E-23     4.776962E-25     5.846789E-27     1.356658E-26     1.690644E-29     4.453012E-25     4.245702E-28     1.706470E-28     1.561985E-30     5.442074E-27     1.265087E-26     2.162380E-25
  2.910000     4.703150E-24     1.367464E-25     1.670365E-27     3.877567E-27     4.809343E-30     1.274828E-25     1.210930E-28     4.863743E-29     4.432075E-31     1.554933E-27     3.616247E-27     6.195607E-26
  2.930000     1.325126E-24     3.847974E-26     4.691293E-28     1.089501E-27     1.345187E-30     3.587564E-26     3.395510E-29     1.362922E-29     1.236611E-31     4.367607E-28     1.016185E-27     1.744905E-26
  2.950000     3.669888E-25     1.064378E-26     1.295254E-28     3.009328E-28     3.699424E-31     9.924166E-27     9.360523E-30     3.754847E-30     3.392691E-32     1.206021E-28     2.807110E-28     4.830498E-27
  2.970000     9.990162E-26     2.894030E-27     3.515551E-29     8.171091E-29     1.000302E-31     2.698551E-27     2.536868E-30     1.017014E-30     9.152311E-33     3.273706E-29     7.622768E-29     1.314441E-27
  2.990000     2.673088E-26     7.734814E-28     9.379983E-30     2.180992E-29     2.659290E-32     7.212826E-28     6.759140E-31     2.708124E-31     2.427634E-33     8.735608E-30     2.034828E-29     3.515731E-28
  3.010000     7.030265E-27     2.032041E-28     2.460231E-30     5.722513E-30     6.950719E-33     1.895024E-28     1.770414E-31     7.089410E-32     6.331291E-34     2.291447E-30     5.339487E-30     9.242994E-29
  3.030000     1.817377E-27     5.247435E-29     6.343227E-31     1.475956E-30     1.786140E-33     4.893900E-29     4.558712E-32     1.824505E-32     1.623489E-34     5.908608E-31     1.377285E-30     2.388520E-29
  3.050000     4.617751E-28     1.331957E-29     1.607682E-31     3.742050E-31     4.512484E-34     1.242290E-29     1.153951E-32     4.616018E-33     4.093043E-35     1.497664E-31     3.492174E-31     6.066823E-30
  3.070000     1.153255E-28     3.323214E-30     4.005355E-32     9.325905E-32     1.120788E-34     3.099664E-30     2.871478E-33     1.148078E-33     1.014553E-35     3.731582E-32     8.703857E-32     1.514632E-30
  3.090000     2.830914E-29     8.149824E-31     9.809083E-33     2.284617E-32     2.736728E-35     7.601986E-31     7.024098E-34     2.807056E-34     2.472449E-36     9.139376E-33     2.132393E-32     3.716750E-31
  3.110000     6.830178E-30     1.964521E-31     2.361339E-33     5.501396E-33     6.569525E-36     1.832556E-31     1.689032E-34     6.746851E-35     5.923749E-37     2.200295E-33     5.135211E-33     8.964527E-32
  3.130000     1.619716E-30     4.654583E-32     5.587614E-34     1.302164E-33     1.550331E-36     4.342120E-32     3.992476E-35     1.594102E-35     1.395325E-37     5.206937E-34     1.215574E-33     2.125184E-32
  3.150000     3.775243E-31     1.083970E-32     1.299657E-34     3.029616E-34     3.596637E-37     1.011249E-32     9.276826E-36     3.702469E-36     3.231149E-38     1.211202E-34     2.828345E-34     4.951860E-33
  3.170000     8.648637E-32     2.481210E-33     2.971406E-35     6.928443E-35     8.202478E-38     2.314852E-33     2.118871E-36     8.453214E-37     7.355885E-39     2.769365E-35     6.468570E-35     1.134071E-33
  3.190000     1.947354E-32     5.582343E-34     6.677624E-36     1.557421E-35     1.838926E-38     5.208281E-34     4.757219E-37     1.897155E-37     1.646277E-39     6.223997E-36     1.454137E-35     2.552759E-34
  3.210000     4.309574E-33     1.234450E-34     1.475045E-36     3.441086E-36     4.052738E-39     1.151779E-34     1.049884E-37     4.185331E-38     3.622053E-40     1.374931E-36     3.213072E-36     5.647742E-35
  3.230000     9.373761E-34     2.683072E-35     3.202645E-37     7.473103E-37     8.779971E-40     2.503481E-35     2.277533E-38     9.076084E-39     7.834026E-41     2.985458E-37     6.978311E-37     1.228098E-35
  3.250000     2.003925E-34     5.731787E-36     6.834848E-38     1.595214E-37     1.869790E-40     5.348327E-36     4.856457E-39     1.934661E-39     1.665666E-41     6.371723E-38     1.489676E-37     2.624715E-36
  3.270000     4.210513E-35     1.203495E-36     1.433714E-38     3.346932E-38     3.914202E-41     1.123020E-36     1.017893E-39     4.053634E-40     3.481434E-42     1.336642E-38     3.125664E-38     5.513410E-37
  3.290000     8.695062E-36     2.483664E-37     2.956015E-39     6.902106E-39     8.054515E-42     2.317665E-37     2.097050E-40     8.348606E-41     7.153040E-43     2.756024E-39     6.446123E-39     1.138270E-37
