  0.010000     2.118814E-02     3.562770E-02     3.228149E-02     3.502401E-02     1.127266E-02     3.383103E-02     2.186041E-02     1.855463E-02     5.698309E-03     2.880021E-02     3.166477E-02     2.548751E-03
  0.030000     2.155311E-02     3.580429E-02     3.222662E-02     3.500036E-02     1.120154E-02     3.395472E-02     2.176862E-02     1.846442E-02     5.655247E-03     2.873634E-02     3.162375E-02     2.530087E-03
  0.050000     2.227311E-02     3.615044E-02     3.211483E-02     3.494990E-02     1.106044E-02     3.419672E-02     2.158538E-02     1.828472E-02     5.570034E-03     2.860738E-02     3.153960E-02     2.493232E-03
  0.070000     2.332863E-02     3.665230E-02     3.194219E-02     3.486654E-02     1.085159E-02     3.454642E-02     2.131140E-02     1.801705E-02     5.444460E-03     2.841100E-02     3.140829E-02     2.439112E-03
  0.090000     2.469117E-02     3.728980E-02     3.170323E-02     3.474165E-02     1.057831E-02     3.498848E-02     2.094791E-02     1.766373E-02     5.281151E-03     2.814404E-02     3.122416E-02     2.369069E-03
  0.110000     2.632425E-02     3.803743E-02     3.139143E-02     3.456467E-02     1.024499E-02     3.550338E-02     2.049681E-02     1.722802E-02     5.083487E-03     2.780285E-02     3.098033E-02     2.284811E-03
  0.130000     2.818457E-02     3.886517E-02     3.099979E-02     3.432382E-02     9.856968E-03     3.606821E-02     1.996085E-02     1.671417E-02     4.855502E-03     2.738368E-02     3.066928E-02     2.188343E-03
  0.150000     3.022342E-02     3.973969E-02     3.052152E-02     3.400690E-02     9.420473E-03     3.665755E-02     1.934382E-02     1.612749E-02     4.601766E-03     2.688317E-02     3.028342E-02     2.081888E-03
  0.170000     3.238821E-02     4.062553E-02     2.995062E-02     3.360215E-02     8.942500E-03     3.724440E-02     1.865068E-02     1.547439E-02     4.327242E-03     2.629882E-02     2.981568E-02     1.967804E-03
  0.190000     3.462416E-02     4.148641E-02     2.928257E-02     3.309905E-02     8.430647E-03     3.780118E-02     1.788764E-02     1.476240E-02     4.037137E-03     2.562934E-02     2.926013E-02     1.848496E-03
  0.210000     3.687589E-02     4.228647E-02     2.851479E-02     3.248907E-02     7.892941E-03     3.830070E-02     1.706223E-02     1.400002E-02     3.736739E-03     2.487508E-02     2.861247E-02     1.726328E-03
  0.230000     3.908908E-02     4.299148E-02     2.764713E-02     3.176626E-02     7.337631E-03     3.871702E-02     1.618319E-02     1.319666E-02     3.431263E-03     2.403823E-02     2.787043E-02     1.603541E-03
  0.250000     4.121192E-02     4.356982E-02     2.668203E-02     3.092775E-02     6.772970E-03     3.902632E-02     1.526039E-02     1.236242E-02     3.125691E-03     2.312297E-02     2.703411E-02     1.482190E-03
  0.270000     4.319648E-02     4.399347E-02     2.562467E-02     2.997397E-02     6.206995E-03     3.920748E-02     1.430454E-02     1.150783E-02     2.824641E-03     2.213545E-02     2.610607E-02     1.364080E-03
  0.290000     4.499991E-02     4.423863E-02     2.448289E-02     2.890875E-02     5.647307E-03     3.924272E-02     1.332698E-02     1.064359E-02     2.532244E-03     2.108375E-02     2.509139E-02     1.250729E-03
  0.310000     4.658529E-02     4.428629E-02     2.326693E-02     2.773918E-02     5.100879E-03     3.911789E-02     1.233929E-02     9.780245E-03     2.252058E-03     1.997758E-02     2.399748E-02     1.143347E-03
  0.330000     4.792244E-02     4.412253E-02     2.198909E-02     2.647535E-02     4.573889E-03     3.882280E-02     1.135298E-02     8.927905E-03     1.987004E-03     1.882798E-02     2.283387E-02     1.042827E-03
  0.350000     4.898835E-02     4.373868E-02     2.066322E-02     2.512992E-02     4.071590E-03     3.835128E-02     1.037911E-02     8.095937E-03     1.739336E-03     1.764700E-02     2.161184E-02     9.497563E-04
  0.370000     4.976742E-02     4.313130E-02     1.930426E-02     2.371758E-02     3.598227E-03     3.770122E-02     9.428007E-03     7.292732E-03     1.510640E-03     1.644720E-02     2.034399E-02     8.644377E-04
  0.390000     5.025150E-02     4.230206E-02     1.792763E-02     2.225451E-02     3.157002E-03     3.687446E-02     8.508921E-03     6.525510E-03     1.301864E-03     1.524130E-02     1.904383E-02     7.869247E-04
  0.410000     5.043964E-02     4.125748E-02     1.654873E-02     2.075770E-02     2.750077E-03     3.587663E-02     7.629860E-03     5.800183E-03     1.113366E-03     1.404174E-02     1.772526E-02     7.170601E-04
  0.430000     5.033772E-02     4.000858E-02     1.518243E-02     1.924444E-02     2.378626E-03     3.471689E-02     6.797413E-03     5.121291E-03     9.449818E-04     1.286035E-02     1.640220E-02     6.545192E-04
  0.450000     4.995774E-02     3.857048E-02     1.384263E-02     1.773172E-02     2.042920E-03     3.340761E-02     6.016684E-03     4.491993E-03     7.961105E-04     1.170802E-02     1.508814E-02     5.988531E-04
  0.470000     4.931706E-02     3.696188E-02     1.254195E-02     1.623577E-02     1.742431E-03     3.196406E-02     5.291278E-03     3.914123E-03     6.657974E-04     1.059449E-02     1.379584E-02     5.495295E-04
  0.490000     4.843744E-02     3.520453E-02     1.129144E-02     1.477167E-02     1.475967E-03     3.040392E-02     4.623358E-03     3.388286E-03     5.528236E-04     9.528136E-03     1.253700E-02     5.059697E-04
  0.510000     4.734401E-02     3.332262E-02     1.010042E-02     1.335298E-02     1.241799E-03     2.874686E-02     4.013755E-03     2.914002E-03     4.557899E-04     8.515943E-03     1.132206E-02     4.675789E-04
  0.530000     4.606415E-02     3.134211E-02     8.976386E-03     1.199156E-02     1.037807E-03     2.701401E-02     3.462107E-03     2.489861E-03     3.731932E-04     7.563396E-03     1.016006E-02     4.337714E-04
  0.550000     4.462641E-02     2.929007E-02     7.925019E-03     1.069741E-02     8.615988E-04     2.522745E-02     2.967038E-03     2.113702E-03     3.034932E-04     6.674527E-03     9.058521E-03     4.039888E-04
  0.570000     4.305957E-02     2.719398E-02     6.950210E-03     9.478534E-03     7.106331E-04     2.340959E-02     2.526331E-03     1.782782E-03     2.451666E-04     5.851958E-03     8.023393E-03     3.777132E-04
  0.590000     4.139166E-02     2.508101E-02     6.054164E-03     8.340990E-03     5.823178E-04     2.158268E-02     2.137116E-03     1.493948E-03     1.967508E-04     5.096994E-03     7.059073E-03     3.544746E-04
  0.610000     3.964936E-02     2.297741E-02     5.237538E-03     7.288893E-03     4.740940E-04     1.976819E-02     1.796045E-03     1.243787E-03     1.568749E-04     4.409735E-03     6.168434E-03     3.338544E-04
  0.630000     3.785737E-02     2.090782E-02     4.499598E-03     6.324515E-03     3.835004E-04     1.798636E-02     1.499452E-03     1.028759E-03     1.242801E-04     3.789209E-03     5.352901E-03     3.154856E-04
  0.650000     3.603817E-02     1.889480E-02     3.838399E-03     5.448411E-03     3.082214E-04     1.625571E-02     1.243494E-03     8.453081E-04     9.783235E-05     3.233508E-03     4.612556E-03     2.990507E-04
  0.670000     3.421180E-02     1.695831E-02     3.250972E-03     4.659587E-03     2.461190E-04     1.459264E-02     1.024271E-03     6.899557E-04     7.652547E-05     2.739943E-03     3.946263E-03     2.842778E-04
  0.690000     3.239588E-02     1.511538E-02     2.733519E-03     3.955683E-03     1.952515E-04     1.301118E-02     8.379300E-04     5.593679E-04     5.948018E-05     2.305189E-03     3.351818E-03     2.709358E-04
  0.710000     3.060571E-02     1.337990E-02     2.281594E-03     3.333177E-03     1.538804E-04     1.152271E-02     6.807380E-04     4.504068E-04     4.593785E-05     1.925427E-03     2.826107E-03     2.588294E-04
  0.730000     2.885445E-02     1.176243E-02     1.890291E-03     2.787606E-03     1.204698E-04     1.013593E-02     5.491474E-04     3.601647E-04     3.525173E-05     1.596495E-03     2.365272E-03     2.477935E-04
  0.750000     2.715328E-02     1.027027E-02     1.554413E-03     2.313779E-03     9.367826E-05     8.856787E-03     4.398374E-04     2.859845E-04     2.687641E-05     1.314010E-03     1.964889E-03     2.376886E-04
  0.770000     2.551160E-02     8.907504E-03     1.268622E-03     1.905994E-03     7.234706E-05     7.688559E-03     3.497430E-04     2.254682E-04     2.035660E-05     1.073495E-03     1.620130E-03     2.283964E-04
  0.790000     2.393721E-02     7.675229E-03     1.027585E-03     1.558239E-03     5.548520E-05     6.632043E-03     2.760727E-04     1.764768E-04     1.531571E-05     8.704876E-04     1.325932E-03     2.198154E-04
  0.810000     2.243636E-02     6.571838E-03     8.260889E-04     1.264384E-03     4.225319E-05     5.685768E-03     2.163140E-04     1.371234E-04     1.144504E-05     7.006330E-04     1.077139E-03     2.118581E-04
  0.830000     2.101387E-02     5.593363E-03     6.591417E-04     1.018340E-03     3.194631E-05     4.846286E-03     1.682328E-04     1.057609E-04     8.493616E-06     5.597634E-04     8.686422E-04     2.044481E-04
  0.850000     1.967316E-02     4.733869E-03     5.220486E-04     8.142041E-04     2.397822E-05     4.108502E-03     1.298642E-04     8.096645E-05     6.259056E-06     4.439602E-04     6.954880E-04     1.975180E-04
  0.870000     1.841624E-02     3.985874E-03     4.104706E-04     6.463738E-04     1.786526E-05     3.466016E-03     9.949994E-05     6.152305E-05     4.579447E-06     3.496003E-04     5.529754E-04     1.910076E-04
  0.890000     1.724380E-02     3.340771E-03     3.204621E-04     5.096315E-04     1.321196E-05     2.911482E-03     7.567069E-05     4.640061E-05     3.326253E-06     2.733864E-04     4.367248E-04     1.848630E-04
  0.910000     1.615519E-02     2.789233E-03     2.484901E-04     3.992061E-04     9.697714E-06     2.436948E-03     5.712689E-05     3.473593E-05     2.398233E-06     2.123638E-04     3.427284E-04     1.790352E-04
  0.930000     1.514852E-02     2.321590E-03     1.914381E-04     3.108079E-04     7.064925E-06     2.034171E-03     4.281745E-05     2.581304E-05     1.716265E-06     1.639228E-04     2.673792E-04     1.734797E-04
  0.950000     1.422076E-02     1.928161E-03     1.465965E-04     2.406420E-04     5.108445E-06     1.694899E-03     3.186796E-05     1.904421E-05     1.219012E-06     1.257918E-04     2.074827E-04     1.681558E-04
  0.970000     1.336788E-02     1.599537E-03     1.116424E-04     1.854024E-04     3.666388E-06     1.411111E-03     2.355906E-05     1.395197E-05     8.593077E-07     9.602077E-05     1.602531E-04     1.630262E-04
  0.990000     1.258499E-02     1.326800E-03     8.461162E-05     1.422520E-04     2.612184E-06     1.175200E-03     1.730554E-05     1.015253E-05     6.011844E-07     7.295854E-05     1.232962E-04     1.580563E-04
  1.010000     1.186658E-02     1.101691E-03     6.386545E-05     1.087907E-04     1.847813E-06     9.801182E-04     1.263661E-05     7.340595E-06     4.174504E-07     5.522540E-05     9.458395E-05     1.532141E-04
  1.030000     1.120666E-02     9.167139E-04     4.805449E-05     8.301632E-05     1.298086E-06     8.194663E-04     9.177714E-06     5.275956E-06     2.877276E-07     4.168359E-05     7.242233E-05     1.484696E-04
  1.050000     1.059897E-02     7.651986E-04     3.608173E-05     6.328108E-05     9.058933E-07     6.875450E-04     6.634210E-06     3.771588E-06     1.968812E-07     3.140671E-05     5.541503E-05     1.437946E-04
  1.070000     1.003719E-02     6.413109E-04     2.706644E-05     4.824636E-05     6.282820E-07     5.793667E-04     4.776846E-06     2.683439E-06     1.337730E-07     2.364985E-05     4.242614E-05     1.391621E-04
  1.090000     9.515081E-03     5.400331E-04     2.031002E-05     3.683844E-05     4.332671E-07     4.906384E-04     3.429204E-06     1.901731E-06     9.028230E-08     1.782117E-05     3.254317E-05     1.345468E-04
  1.110000     9.026632E-03     4.571161E-04     1.526481E-05     2.820649E-05     2.972679E-07     4.177223E-04     2.456984E-06     1.343683E-06     6.054434E-08     1.345601E-05     2.504191E-05     1.299243E-04
  1.130000     8.566184E-03     3.890136E-04     1.150635E-05     2.168405E-05     2.030725E-07     3.575798E-04     1.759029E-06     9.475211E-07     4.036362E-08     1.019357E-05     1.935422E-05     1.252721E-04
  1.150000     8.128522E-03     3.328058E-04     8.709118E-06     1.675480E-05     1.382413E-07     3.077074E-04     1.259923E-06     6.676138E-07     2.676752E-08     7.756726E-06     1.503925E-05     1.205690E-04
  1.170000     7.708943E-03     2.861185E-04     6.626063E-06     1.302289E-05     9.387136E-08     2.660678E-04     9.039999E-07     4.705858E-07     1.766987E-08     5.934766E-06     1.175841E-05     1.157965E-04
  1.190000     7.303315E-03     2.470437E-04     5.071400E-06     1.018763E-05     6.365150E-08     2.310227E-04     6.505593E-07     3.322576E-07     1.162047E-08     4.568948E-06     9.254098E-06     1.109386E-04
  1.210000     6.908104E-03     2.140632E-04     3.906630E-06     8.022619E-06     4.314913E-08     2.012681E-04     4.701040E-07     2.352689E-07     7.620585E-09     3.540703E-06     7.331969E-06     1.059830E-04
  1.230000     6.520409E-03     1.859804E-04     3.029268E-06     6.358604E-06     2.927854E-08     1.757755E-04     3.414311E-07     1.672597E-07     4.988637E-09     2.762118E-06     5.846473E-06     1.009214E-04
  1.250000     6.137968E-03     1.618589E-04     2.363959E-06     5.069831E-06     1.990956E-08     1.537402E-04     2.494103E-07     1.194970E-07     3.263591E-09     2.168408E-06     4.689241E-06     9.575082E-05
  1.270000     5.759173E-03     1.409707E-04     1.855556E-06     4.063278E-06     1.358296E-08     1.345364E-04     1.833116E-07     8.585212E-08     2.136190E-09     1.712052E-06     3.779930E-06     9.047360E-05
  1.290000     5.383065E-03     1.227514E-04     1.463826E-06     3.270307E-06     9.306089E-09     1.176799E-04     1.355631E-07     6.204756E-08     1.400623E-09     1.358292E-06     3.059116E-06     8.509839E-05
  1.310000     5.009320E-03     1.067646E-04     1.159450E-06     2.640294E-06     6.407676E-09     1.027963E-04     1.008398E-07     4.511089E-08     9.208996E-10     1.081727E-06     2.482853E-06     7.964039E-05
  1.330000     4.638229E-03     9.267222E-05     9.210354E-07     2.135828E-06     4.436005E-09     8.959611E-05     7.540375E-08     3.298215E-08     6.077434E-10     8.637637E-07     2.018570E-06     7.412146E-05
  1.350000     4.270655E-03     8.021099E-05     7.329194E-07     1.729135E-06     3.088169E-09     7.785460E-05     5.663055E-08     2.423516E-08     4.028585E-10     6.907425E-07     1.642005E-06     6.856999E-05
  1.370000     3.907972E-03     6.917408E-05     5.835637E-07     1.399445E-06     2.161458E-09     6.739564E-05     4.267346E-08     1.788169E-08     2.683428E-10     5.525612E-07     1.334948E-06     6.302038E-05
  1.390000     3.551988E-03     5.939674E-05     4.643966E-07     1.131076E-06     1.520266E-09     5.807926E-05     3.222736E-08     1.323492E-08     1.796254E-10     4.416820E-07     1.083590E-06     5.751220E-05
  1.410000     3.204844E-03     5.074523E-05     3.689818E-07     9.120414E-07     1.073749E-09     4.979205E-05     2.436399E-08     9.815191E-09     1.208011E-10     3.524181E-07     8.773290E-07     5.208893E-05
  1.430000     2.868899E-03     4.310838E-05     2.924269E-07     7.330556E-07     7.608514E-10     4.243972E-05     1.841765E-08     7.285227E-09     8.157242E-11     2.804243E-07     7.079100E-07     4.679647E-05
  1.450000     2.546598E-03     3.639129E-05     2.309633E-07     5.868203E-07     5.403370E-10     3.594154E-05     1.390625E-08     5.405863E-09     5.525948E-11     2.223345E-07     5.688075E-07     4.168128E-05
  1.470000     2.240339E-03     3.051062E-05     1.816488E-07     4.675153E-07     3.841740E-10     3.022618E-05     1.047699E-08     4.005888E-09     3.751380E-11     1.755053E-07     4.547863E-07     3.678845E-05
  1.490000     1.952336E-03     2.539113E-05     1.421568E-07     3.704352E-07     2.731607E-10     2.522864E-05     7.868822E-09     2.961493E-09     2.548969E-11     1.378330E-07     3.615872E-07     3.215971E-05
  1.510000     1.684504E-03     2.096338E-05     1.106258E-07     2.917298E-07     1.940342E-10     2.088817E-05     5.886563E-09     2.182240E-09     1.731270E-11     1.076242E-07     2.857019E-07     2.783152E-05
  1.530000     1.438350E-03     1.716203E-05     8.555198E-08     2.282166E-07     1.375543E-10     1.714684E-05     4.382872E-09     1.601444E-09     1.173883E-11     8.350192E-08     2.242111E-07     2.383350E-05
  1.550000     1.214899E-03     1.392495E-05     6.571126E-08     1.772449E-07     9.722974E-11     1.394876E-05     3.245618E-09     1.169526E-09     7.935837E-12     6.433792E-08     1.746668E-07     2.018715E-05
  1.570000     1.014654E-03     1.119269E-05     5.010179E-08     1.365958E-07     6.846599E-11     1.123968E-05     2.388918E-09     8.493716E-10     5.342510E-12     4.920308E-08     1.350056E-07     1.690510E-05
  1.590000     8.375807E-04     8.908366E-06     3.790113E-08     1.044062E-07     4.798990E-11     8.967013E-06     1.746695E-09     6.130611E-10     3.577646E-12     3.732987E-08     1.034837E-07     1.399088E-05
  1.610000     6.831332E-04     7.017782E-06     2.843352E-08     7.911159E-08     3.345771E-11     7.079999E-06     1.267976E-09     4.395198E-10     2.380698E-12     2.808378E-08     7.862705E-08     1.143917E-05
  1.630000     5.503048E-04     5.469707E-06     2.114431E-08     5.940026E-08     2.318499E-11     5.530134E-06     9.134108E-10     3.128180E-10     1.572768E-12     2.094093E-08     5.919192E-08     9.236661E-06
  1.650000     4.377026E-04     4.216218E-06     1.557956E-08     4.417625E-08     1.595850E-11     4.271583E-06     6.526496E-10     2.209174E-10     1.030664E-12     1.547010E-08     4.413290E-08     7.363152E-06
  1.670000     3.436380E-04     3.213053E-06     1.136943E-08     3.252879E-08     1.090377E-11     3.261633E-06     4.623409E-10     1.547367E-10     6.694826E-13     1.131805E-08     3.257612E-08     5.793060E-06
  1.690000     2.662236E-04     2.419901E-06     8.214392E-09     2.370607E-08     7.390937E-12     2.461074E-06     3.245885E-10     1.074469E-10     4.307686E-13     8.197156E-09     2.379624E-08     4.497011E-06
  1.710000     2.034701E-04     1.800609E-06     5.873599E-09     1.709249E-08     4.967179E-12     1.834495E-06     2.257471E-10     7.393576E-11     2.743949E-13     5.875002E-09     1.719616E-08     3.443472E-06
  1.730000     1.533759E-04     1.323270E-06     4.155004E-09     1.218861E-08     3.308022E-12     1.350445E-06     1.554776E-10     5.039721E-11     1.729452E-13     4.165363E-09     1.228907E-08     2.600274E-06
  1.750000     1.140032E-04     9.601903E-07     2.906900E-09     8.593341E-09     2.181958E-12     9.814772E-07     1.060024E-10     3.401651E-11     1.078053E-13     2.920463E-09     8.682153E-09     1.935943E-06
  1.770000     8.353886E-05     6.877434E-07     2.010666E-09     5.988130E-09     1.424706E-12     7.040576E-07     7.151864E-11     2.272750E-11     6.643432E-14     2.024256E-09     6.062061E-09     1.420776E-06
  1.790000     6.033736E-05     4.861194E-07     1.374572E-09     4.122978E-09     9.204434E-13     4.983673E-07     4.773509E-11     1.502611E-11     4.045814E-14     1.386631E-09     4.181844E-09     1.027623E-06
  1.810000     4.294684E-05     3.390011E-07     9.285076E-10     2.804124E-09     5.881183E-13     3.480165E-07     3.150921E-11     9.827331E-12     2.434102E-14     9.384517E-10     2.849356E-09     7.323833E-07
  1.830000     3.011964E-05     2.331855E-07     6.195450E-10     1.883353E-09     3.714855E-13     2.396963E-07     2.056317E-11     6.356026E-12     1.446321E-14     6.273330E-10     1.917078E-09     5.142421E-07
  1.850000     2.081008E-05     1.581797E-07     4.082388E-10     1.248828E-09     2.318747E-13     1.627954E-07     1.326397E-11     4.064151E-12     8.485346E-15     4.141000E-10     1.273316E-09     3.556759E-07
  1.870000     1.416249E-05     1.057942E-07     2.655831E-10     8.173409E-10     1.429667E-13     1.090075E-07     8.454161E-12     2.568425E-12     4.914188E-15     2.698513E-10     8.346999E-10     2.422910E-07
  1.890000     9.492685E-06     6.975132E-08     1.705404E-10     5.278777E-10     8.704288E-14     7.194885E-08     5.323159E-12     1.603840E-12     2.808788E-15     1.735614E-10     5.399121E-10     1.625395E-07
  1.910000     6.265663E-06     4.532588E-08     1.080677E-10     3.363548E-10     5.231257E-14     4.680248E-08     3.310270E-12     9.893307E-13     1.584117E-15     1.101521E-10     3.445244E-10     1.073660E-07
  1.930000     4.072141E-06     2.902496E-08     6.756370E-11     2.114004E-10     3.102568E-14     3.000000E-08     2.032593E-12     6.027022E-13     8.814145E-16     6.896865E-11     2.168363E-10     6.982516E-08
  1.950000     2.605608E-06     1.831307E-08     4.166683E-11     1.310306E-10     1.815335E-14     1.894589E-08     1.232063E-12     3.625302E-13     4.837568E-16     4.259333E-11     1.345783E-10     4.470429E-08
  1.970000     1.641277E-06     1.138288E-08     2.534215E-11     8.007892E-11     1.047612E-14     1.178660E-08     7.370857E-13     2.152631E-13     2.618560E-16     2.594057E-11     8.235113E-11     2.817322E-08
  1.990000     1.017655E-06     6.969248E-09     1.519821E-11     4.824650E-11     5.961404E-15     7.222444E-09     4.351276E-13     1.261500E-13     1.397738E-16     1.557711E-11     4.967531E-11     1.747572E-08
  2.010000     6.210498E-07     4.202495E-09     8.985923E-12     2.865127E-11     3.344310E-15     4.358610E-09     2.534219E-13     7.294743E-14     7.356287E-17     9.221241E-12     2.953367E-11     1.066863E-08
  2.030000     3.730131E-07     2.495539E-09     5.237000E-12     1.676813E-11     1.849214E-15     2.590177E-09     1.455860E-13     4.161543E-14     3.816867E-17     5.380427E-12     1.730347E-11     6.409492E-09
  2.050000     2.204755E-07     1.459182E-09     3.008048E-12     9.669946E-12     1.007653E-15     1.515589E-09     8.248320E-14     2.341753E-14     1.952174E-17     3.093874E-12     9.989066E-12     3.789211E-09
  2.070000     1.282342E-07     8.400340E-10     1.702572E-12     5.494168E-12     5.410097E-16     8.730907E-10     4.607958E-14     1.299555E-14     9.841085E-18     1.753009E-12     5.681111E-12     2.204221E-09
  2.090000     7.338818E-08     4.760850E-10     9.494777E-13     3.075114E-12     2.861559E-16     4.951332E-10     2.537922E-14     7.111197E-15     4.889130E-18     9.785924E-13     3.182749E-12     1.261581E-09
  2.110000     4.132373E-08     2.656027E-10     5.216334E-13     1.695307E-12     1.490881E-16     2.763952E-10     1.377868E-14     3.836339E-15     2.393520E-18     5.381458E-13     1.756222E-12     7.104010E-10
  2.130000     2.289278E-08     1.458491E-10     2.822888E-13     9.204759E-13     7.650151E-17     1.518617E-10     7.372815E-15     2.040103E-15     1.154551E-18     2.914912E-13     9.543649E-13     3.935470E-10
  2.150000     1.247669E-08     7.882481E-11     1.504591E-13     4.921595E-13     3.865740E-17     8.211854E-11     3.887713E-15     1.069266E-15     5.486746E-19     1.554992E-13     5.106940E-13     2.144728E-10
  2.170000     6.689289E-09     4.192544E-11     7.897545E-14     2.591096E-13     1.923463E-17     4.369957E-11     2.019912E-15     5.522799E-16     2.568606E-19     8.168857E-14     2.690754E-13     1.149765E-10
  2.190000     3.527921E-09     2.194405E-11     4.081961E-14     1.343083E-13     9.422817E-18     2.288369E-11     1.033934E-15     2.810708E-16     1.184452E-19     4.225517E-14     1.395766E-13     6.063011E-11
  2.210000     1.830190E-09     1.130190E-11     2.077332E-14     6.853682E-14     4.544474E-18     1.179124E-11     5.213429E-16     1.409296E-16     5.379381E-20     2.151998E-14     7.127499E-14     3.144786E-11
  2.230000     9.338859E-10     5.727360E-12     1.040789E-14     3.442776E-14     2.157526E-18     5.977929E-12     2.589250E-16     6.960928E-17     2.406022E-20     1.078965E-14     3.582701E-14     1.604354E-11
  2.250000     4.686988E-10     2.855618E-12     5.133345E-15     1.702243E-14     1.008241E-18     2.981776E-12     1.266476E-16     3.386589E-17     1.059689E-20     5.325240E-15     1.772547E-14     8.050062E-12
  2.270000     2.313555E-10     1.400762E-12     2.492203E-15     8.283778E-15     4.637425E-19     1.463216E-12     6.100252E-17     1.622714E-17     4.595447E-21     2.587029E-15     8.631094E-15     3.972583E-12
  2.290000     1.123146E-10     6.759648E-13     1.190905E-15     3.967326E-15     2.099255E-19     7.063647E-13     2.893231E-17     7.657062E-18     1.962043E-21     1.236974E-15     4.136028E-15     1.928000E-12
  2.310000     5.362267E-11     3.208915E-13     5.600791E-16     1.869820E-15     9.351953E-20     3.354405E-13     1.351022E-17     3.557797E-18     8.246733E-22     5.820829E-16     1.950390E-15     9.202114E-13
  2.330000     2.517691E-11     1.498465E-13     2.592204E-16     8.671725E-16     4.099803E-20     1.566926E-13     6.210795E-18     1.627644E-18     3.412011E-22     2.695531E-16     9.050063E-16     4.319185E-13
  2.350000     1.162479E-11     6.882874E-14     1.180614E-16     3.957203E-16     1.768577E-20     7.199610E-14     2.810609E-18     7.330932E-19     1.389496E-22     1.228318E-16     4.131883E-16     1.993597E-13
  2.370000     5.278177E-12     3.109640E-14     5.291000E-17     1.776736E-16     7.506937E-21     3.253715E-14     1.251951E-18     3.250461E-19     5.569128E-23     5.507535E-17     1.856033E-16     9.048624E-14
  2.390000     2.356608E-12     1.381816E-14     2.333099E-17     7.848472E-17     3.135155E-21     1.446250E-14     5.488768E-19     1.418674E-19     2.196674E-23     2.429732E-17     8.202403E-17     4.038560E-14
  2.410000     1.034627E-12     6.039129E-15     1.012207E-17     3.410769E-17     1.288229E-21     6.322444E-15     2.368271E-19     6.094529E-20     8.526279E-24     1.054606E-17     3.566089E-17     1.772388E-14
  2.430000     4.466458E-13     2.595774E-15     4.320389E-18     1.458153E-17     5.207708E-22     2.718249E-15     1.005605E-19     2.576835E-20     3.256394E-24     4.503288E-18     1.525169E-17     7.648378E-15
  2.450000     1.895899E-13     1.097270E-15     1.814145E-18     6.132210E-18     2.071103E-22     1.149323E-15     4.201787E-20     1.072242E-20     1.223677E-24     1.891715E-18     6.416502E-18     3.245255E-15
  2.470000     7.912800E-14     4.561428E-16     7.493692E-19     2.536734E-18     8.102929E-23     4.778922E-16     1.727527E-20     4.390675E-21     4.523976E-25     7.817138E-19     2.655306E-18     1.353905E-15
  2.490000     3.247127E-14     1.864728E-16     3.044911E-19     1.032187E-18     3.118540E-23     1.954071E-16     6.988343E-21     1.769194E-21     1.645389E-25     3.177506E-19     1.080809E-18     5.553657E-16
  2.510000     1.310128E-14     7.496271E-17     1.216997E-19     4.130953E-19     1.180632E-23     7.857083E-17     2.781364E-21     7.014561E-22     5.886878E-26     1.270438E-19     4.326975E-19     2.239819E-16
  2.530000     5.197149E-15     2.963320E-17     4.784347E-20     1.626051E-19     4.396603E-24     3.106571E-17     1.089063E-21     2.736418E-22     2.071781E-26     4.996101E-20     1.703747E-19     8.881417E-17
  2.550000     2.026964E-15     1.151872E-17     1.849939E-20     6.294980E-20     1.610442E-24     1.207784E-17     4.195051E-22     1.050265E-22     7.171672E-27     1.932429E-20     6.597743E-20     3.462418E-17
  2.570000     7.772282E-16     4.402625E-18     7.035217E-21     2.396714E-20     5.802096E-25     4.617161E-18     1.589610E-22     3.965773E-23     2.441696E-27     7.351140E-21     2.512704E-20     1.327081E-17
  2.590000     2.929988E-16     1.654592E-18     2.631285E-21     8.973991E-21     2.056002E-25     1.735517E-18     5.925060E-23     1.473158E-23     8.175890E-28     2.750235E-21     9.410851E-21     5.000686E-18
  2.610000     1.085903E-16     6.114097E-19     9.678638E-22     3.304375E-21     7.165534E-26     6.414181E-19     2.172328E-23     5.383238E-24     2.692341E-28     1.011893E-21     3.466132E-21     1.852547E-18
  2.630000     3.956555E-17     2.221400E-19     3.501085E-22     1.196505E-21     2.456110E-26     2.330791E-19     7.833769E-24     1.935050E-24     8.718799E-29     3.661305E-22     1.255387E-21     6.746990E-19
  2.650000     1.417225E-17     7.935345E-20     1.245432E-22     4.260390E-22     8.279605E-27     8.327344E-20     2.778510E-24     6.841909E-25     2.776490E-29     1.302749E-22     4.471104E-22     2.415718E-19
  2.670000     4.990560E-18     2.787026E-20     4.356665E-23     1.491703E-22     2.744875E-27     2.925114E-20     9.692434E-25     2.379481E-25     8.694219E-30     4.558241E-23     1.565832E-22     8.502995E-20
  2.690000     1.727600E-18     9.623750E-21     1.498625E-23     5.135732E-23     8.949027E-28     1.010193E-20     3.325204E-25     8.139373E-26     2.676969E-30     1.568316E-23     5.392103E-23     2.942264E-20
  2.710000     5.879159E-19     3.267145E-21     5.069037E-24     1.738598E-23     2.869185E-28     3.429920E-21     1.121899E-25     2.738345E-26     8.104361E-31     5.305899E-24     1.825760E-23     1.000853E-20
  2.730000     1.966799E-19     1.090451E-21     1.685935E-24     5.787125E-24     9.046083E-29     1.144918E-21     3.722424E-26     9.060649E-27     2.412358E-31     1.765073E-24     6.078436E-24     3.346822E-21
  2.750000     6.468033E-20     3.578082E-22     5.513518E-25     1.894018E-24     2.804605E-29     3.757240E-22     1.214565E-26     2.948428E-27     7.059899E-32     5.773445E-25     1.989727E-24     1.100180E-21
  2.770000     2.090968E-20     1.154236E-22     1.772881E-25     6.094717E-25     8.550320E-30     1.212163E-22     3.896968E-27     9.435579E-28     2.031307E-32     1.856805E-25     6.403834E-25     3.555160E-22
  2.790000     6.644784E-21     3.660435E-23     5.605111E-26     1.928248E-25     2.563203E-30     3.844544E-23     1.229509E-27     2.969482E-28     5.745935E-33     5.871477E-26     2.026389E-25     1.129312E-22
  2.810000     2.075717E-21     1.141191E-23     1.742343E-26     5.997965E-26     7.555519E-31     1.198710E-23     3.814381E-28     9.189989E-29     1.597873E-33     1.825449E-26     6.304257E-26     3.526341E-23
  2.830000     6.373892E-22     3.497568E-24     5.324995E-27     1.834293E-26     2.189866E-31     3.674204E-24     1.163572E-28     2.796790E-29     4.368265E-34     5.579880E-27     1.928260E-26     1.082395E-23
  2.850000     1.923919E-22     1.053781E-24     1.600048E-27     5.515055E-27     6.240708E-32     1.107100E-24     3.490030E-29     8.369591E-30     1.173953E-34     1.676892E-27     5.798430E-27     3.265835E-24
  2.870000     5.708346E-23     3.121084E-25     4.726803E-28     1.630197E-27     1.748658E-32     3.279289E-25     1.029252E-29     2.462848E-30     3.101403E-35     4.954534E-28     1.714200E-27     9.686034E-25
  2.890000     1.664835E-23     9.087128E-26     1.372825E-28     4.737318E-28     4.817508E-33     9.548533E-26     2.984435E-30     7.126069E-31     8.054186E-36     1.439165E-28     4.982097E-28     2.823821E-25
  2.910000     4.772724E-24     2.600812E-26     3.919844E-29     1.353383E-28     1.304904E-33     2.733085E-26     8.508267E-31     2.027364E-31     2.056046E-36     4.109811E-29     1.423495E-28     8.092155E-26
  2.930000     1.344905E-24     7.317245E-27     1.100327E-29     3.801004E-29     3.475086E-34     7.689964E-27     2.384790E-31     5.671180E-32     5.159218E-37     1.153798E-29     3.998403E-29     2.279416E-26
  2.950000     3.725152E-25     2.023663E-27     3.036460E-30     1.049444E-29     9.098629E-35     2.126894E-27     6.571754E-32     1.559791E-32     1.272527E-37     3.184403E-30     1.104074E-29     6.311200E-27
  2.970000     1.014192E-25     5.501438E-28     8.237586E-31     2.848381E-30     2.342083E-35     5.782472E-28     1.780438E-32     4.217959E-33     3.085141E-38     8.639934E-31     2.996991E-30     1.717616E-27
  2.990000     2.714042E-26     1.470137E-28     2.196915E-31     7.599919E-31     5.927039E-36     1.545337E-28     4.742193E-33     1.121432E-33     7.351935E-39     2.304471E-31     7.997284E-31     4.594757E-28
  3.010000     7.138886E-27     3.861699E-29     5.759720E-32     1.993364E-31     1.474604E-36     4.059483E-29     1.241742E-33     2.931368E-34     1.722029E-39     6.042339E-32     2.097801E-31     1.208144E-28
  3.030000     1.845690E-27     9.970907E-30     1.484428E-32     5.139560E-32     3.606688E-37     1.048220E-29     3.196517E-34     7.533335E-35     3.964473E-40     1.557422E-32     5.409360E-32     3.122420E-29
  3.050000     4.690280E-28     2.530595E-30     3.760809E-33     1.302633E-32     8.672231E-38     2.660509E-30     8.089266E-35     1.903341E-35     8.970801E-41     3.946116E-33     1.371142E-32     7.931910E-30
  3.070000     1.171514E-28     6.313042E-31     9.366183E-34     3.245417E-33     2.049916E-38     6.637494E-31     2.012434E-35     4.727716E-36     1.995137E-41     9.828582E-34     3.416405E-33     1.980501E-30
  3.090000     2.876089E-29     1.548030E-31     2.292971E-34     7.948156E-34     4.763411E-39     1.627672E-31     4.921629E-36     1.154476E-36     4.361188E-42     2.406382E-34     8.367622E-34     4.860497E-31
  3.110000     6.940021E-30     3.731140E-32     5.518031E-35     1.913399E-34     1.088106E-39     3.923287E-32     1.183218E-36     2.771477E-37     9.369643E-43     5.791436E-35     2.014543E-34     1.172443E-31
  3.130000     1.645964E-30     8.839377E-33     1.305315E-35     4.527765E-35     2.443371E-40     9.295021E-33     2.796305E-37     6.540696E-38     1.978441E-43     1.370098E-35     4.767475E-35     2.779753E-32
  3.150000     3.836880E-31     2.058339E-33     3.035199E-36     1.053167E-35     5.393464E-41     2.164535E-33     6.496243E-38     1.517460E-38     4.105830E-44     3.186080E-36     1.109006E-35     6.477707E-33
  3.170000     8.790882E-32     4.711117E-34     6.937392E-37     2.407919E-36     1.170310E-41     4.954388E-34     1.483520E-38     3.460873E-39     8.374383E-45     7.282779E-37     2.535767E-36     1.483661E-33
  3.190000     1.979614E-32     1.059839E-34     1.558613E-37     5.411452E-37     2.496222E-42     1.114612E-34     3.330220E-39     7.759319E-40     1.678707E-45     1.636323E-37     5.699158E-37     3.339982E-34
  3.210000     4.381476E-33     2.343487E-35     3.441987E-38     1.195390E-37     5.233716E-43     2.464691E-35     7.348459E-40     1.710117E-40     3.307228E-46     3.613839E-38     1.259026E-37     7.390051E-35
  3.230000     9.531250E-34     5.093174E-36     7.471465E-39     2.595530E-38     1.078641E-43     5.356785E-36     1.593893E-40     3.704995E-41     6.403495E-47     7.844994E-39     2.733871E-38     1.607098E-35
  3.250000     2.037825E-34     1.087966E-36     1.594131E-39     5.539359E-39     2.185139E-44     1.144316E-36     3.398264E-41     7.890490E-42     1.218515E-47     1.673929E-39     5.834949E-39     3.435000E-36
  3.270000     4.282222E-35     2.284234E-37     3.343189E-40     1.162002E-39     4.351227E-45     2.402623E-37     7.121743E-42     1.651848E-42     2.278780E-48     3.510742E-40     1.224077E-39     7.216037E-37
  3.290000     8.844128E-36     4.713699E-38     6.891487E-41     2.395878E-40     8.516690E-46     4.958158E-38     1.467042E-42     3.399240E-43     4.188218E-49     7.237269E-41     2.524006E-40     1.489897E-37
