      0.00588   4.0752E+11   2.3556E+12   2.9358E+12   3.0476E+12   1.2681E+12   2.4065E+12   2.2188E+12   1.9441E+12   6.7790E+11   2.6626E+12   2.8185E+12
      0.01765   3.3628E+11   2.3054E+12   2.9205E+12   3.0252E+12   1.2736E+12   2.3683E+12   2.2188E+12   1.9465E+12   6.8313E+11   2.6546E+12   2.8047E+12
      0.02941   1.7829E+11   2.1937E+12   2.8848E+12   2.9737E+12   1.2849E+12   2.2830E+12   2.2169E+12   1.9505E+12   6.9433E+11   2.6350E+12   2.7725E+12
      0.04118  -1.1287E+11   1.9864E+12   2.8125E+12   2.8732E+12   1.3023E+12   2.1239E+12   2.2075E+12   1.9524E+12   7.1360E+11   2.5932E+12   2.7077E+12
      0.05294  -7.0957E+11   1.5569E+12   2.6413E+12   2.6468E+12   1.3249E+12   1.7904E+12   2.1656E+12   1.9360E+12   7.4733E+11   2.4862E+12   2.5551E+12
      0.06196  -1.7064E+12   8.2315E+11   2.2928E+12   2.2137E+12   1.3219E+12   1.2092E+12   2.0314E+12   1.8491E+12   7.8445E+11   2.2484E+12   2.2453E+12
      0.06823  -1.4778E+12   9.8239E+11   2.3660E+12   2.3040E+12   1.3220E+12   1.3357E+12   2.0609E+12   1.8683E+12   7.7499E+11   2.2996E+12   2.3110E+12
      0.07451  -1.1913E+12   1.1820E+12   2.4544E+12   2.4145E+12   1.3185E+12   1.4933E+12   2.0934E+12   1.8879E+12   7.6121E+11   2.3605E+12   2.3905E+12
      0.08078  -8.1387E+11   1.4447E+12   2.5651E+12   2.5555E+12   1.3081E+12   1.6997E+12   2.1289E+12   1.9066E+12   7.3995E+11   2.4355E+12   2.4907E+12
      0.08706  -2.3967E+11   1.8445E+12   2.7213E+12   2.7604E+12   1.2800E+12   2.0110E+12   2.1673E+12   1.9195E+12   7.0101E+11   2.5383E+12   2.6336E+12
      0.09333   6.0895E+11   2.4313E+12   2.9231E+12   3.0390E+12   1.2131E+12   2.4630E+12   2.1901E+12   1.9055E+12   6.3062E+11   2.6651E+12   2.8223E+12
      0.09961   7.9033E+11   2.5476E+12   2.9575E+12   3.0891E+12   1.1974E+12   2.5514E+12   2.1889E+12   1.8977E+12   6.1626E+11   2.6841E+12   2.8540E+12
      0.10588   1.0087E+12   2.6878E+12   2.9960E+12   3.1471E+12   1.1764E+12   2.6574E+12   2.1844E+12   1.8854E+12   5.9797E+11   2.7045E+12   2.8900E+12
      0.11216   1.2840E+12   2.8648E+12   3.0402E+12   3.2165E+12   1.1467E+12   2.7908E+12   2.1739E+12   1.8655E+12   5.7341E+11   2.7269E+12   2.9323E+12
      0.11843   1.6793E+12   3.1201E+12   3.0963E+12   3.3101E+12   1.0980E+12   2.9826E+12   2.1506E+12   1.8287E+12   5.3516E+11   2.7534E+12   2.9884E+12
      0.12471   2.2333E+12   3.4779E+12   3.1600E+12   3.4288E+12   1.0187E+12   3.2500E+12   2.1017E+12   1.7618E+12   4.7647E+11   2.7793E+12   3.0569E+12
      0.13098   2.3890E+12   3.5684E+12   3.1671E+12   3.4514E+12   9.9547E+11   3.3156E+12   2.0802E+12   1.7373E+12   4.6125E+11   2.7757E+12   3.0652E+12
      0.13725   2.5755E+12   3.6767E+12   3.1727E+12   3.4757E+12   9.6651E+11   3.3942E+12   2.0523E+12   1.7060E+12   4.4263E+11   2.7694E+12   3.0733E+12
      0.14353   2.8107E+12   3.8138E+12   3.1762E+12   3.5030E+12   9.2849E+11   3.4934E+12   2.0140E+12   1.6639E+12   4.1862E+11   2.7589E+12   3.0810E+12
      0.14980   3.1535E+12   4.0158E+12   3.1765E+12   3.5386E+12   8.7108E+11   3.6395E+12   1.9545E+12   1.5992E+12   3.8299E+11   2.7411E+12   3.0898E+12
      0.15608   3.6371E+12   4.3003E+12   3.1625E+12   3.5755E+12   7.8386E+11   3.8446E+12   1.8586E+12   1.4975E+12   3.3048E+11   2.7060E+12   3.0926E+12
      0.16235   3.7283E+12   4.3345E+12   3.1254E+12   3.5490E+12   7.5480E+11   3.8653E+12   1.8127E+12   1.4548E+12   3.1568E+11   2.6686E+12   3.0629E+12
      0.16863   3.8363E+12   4.3747E+12   3.0787E+12   3.5149E+12   7.2000E+11   3.8896E+12   1.7570E+12   1.4032E+12   2.9808E+11   2.6225E+12   3.0257E+12
      0.17490   3.9711E+12   4.4248E+12   3.0172E+12   3.4689E+12   6.7616E+11   3.9200E+12   1.6860E+12   1.3378E+12   2.7608E+11   2.5629E+12   2.9770E+12
      0.18118   4.1664E+12   4.4990E+12   2.9249E+12   3.3985E+12   6.1274E+11   3.9656E+12   1.5823E+12   1.2425E+12   2.4444E+11   2.4754E+12   2.9047E+12
      0.18745   4.4379E+12   4.5993E+12   2.7822E+12   3.2854E+12   5.2200E+11   4.0268E+12   1.4304E+12   1.1042E+12   1.9982E+11   2.3442E+12   2.7938E+12
      0.19373   4.4737E+12   4.5882E+12   2.7205E+12   3.2273E+12   4.9774E+11   4.0129E+12   1.3804E+12   1.0615E+12   1.8927E+11   2.2900E+12   2.7414E+12
      0.20000   4.5142E+12   4.5737E+12   2.6465E+12   3.1569E+12   4.6938E+11   3.9958E+12   1.3215E+12   1.0114E+12   1.7698E+11   2.2255E+12   2.6787E+12
      0.20627   4.5618E+12   4.5542E+12   2.5533E+12   3.0674E+12   4.3457E+11   3.9734E+12   1.2487E+12   9.4966E+11   1.6192E+11   2.1448E+12   2.5996E+12
      0.21255   4.6231E+12   4.5232E+12   2.4189E+12   2.9369E+12   3.8566E+11   3.9397E+12   1.1458E+12   8.6265E+11   1.4080E+11   2.0299E+12   2.4857E+12
      0.21882   4.7011E+12   4.4745E+12   2.2274E+12   2.7484E+12   3.1887E+11   3.8889E+12   1.0035E+12   7.4286E+11   1.1212E+11   1.8680E+12   2.3236E+12
      0.22510   4.7359E+12   4.4606E+12   2.1713E+12   2.6921E+12   3.0347E+11   3.8734E+12   9.6575E+11   7.1236E+11   1.0605E+11   1.8197E+12   2.2741E+12
      0.23137   4.7754E+12   4.4432E+12   2.1053E+12   2.6252E+12   2.8563E+11   3.8546E+12   9.2190E+11   6.7699E+11   9.9026E+10   1.7632E+12   2.2157E+12
      0.23764   4.8215E+12   4.4202E+12   2.0238E+12   2.5420E+12   2.6398E+11   3.8304E+12   8.6855E+11   6.3400E+11   9.0505E+10   1.6938E+12   2.1437E+12
      0.24391   4.8794E+12   4.3844E+12   1.9095E+12   2.4241E+12   2.3401E+11   3.7942E+12   7.9472E+11   5.7456E+11   7.8684E+10   1.5975E+12   2.0427E+12
      0.25019   4.9518E+12   4.3298E+12   1.7512E+12   2.2587E+12   1.9363E+11   3.7407E+12   6.9466E+11   4.9423E+11   6.2795E+10   1.4652E+12   1.9027E+12
      0.25647   4.9983E+12   4.3188E+12   1.7019E+12   2.2062E+12   1.8390E+11   3.7280E+12   6.6668E+11   4.7271E+11   5.9293E+10   1.4232E+12   1.8572E+12
      0.26275   5.0531E+12   4.3057E+12   1.6447E+12   2.1449E+12   1.7271E+11   3.7130E+12   6.3450E+11   4.4799E+11   5.5266E+10   1.3746E+12   1.8042E+12
      0.26902   5.1202E+12   4.2891E+12   1.5753E+12   2.0699E+12   1.5923E+11   3.6944E+12   5.9579E+11   4.1826E+11   5.0409E+10   1.3160E+12   1.7400E+12
      0.27530   5.2095E+12   4.2641E+12   1.4802E+12   1.9665E+12   1.4078E+11   3.6672E+12   5.4312E+11   3.7776E+11   4.3728E+10   1.2361E+12   1.6520E+12
      0.28158   5.3277E+12   4.2254E+12   1.3507E+12   1.8242E+12   1.1610E+11   3.6270E+12   4.7258E+11   3.2359E+11   3.4787E+10   1.1283E+12   1.5321E+12
      0.28785   5.4055E+12   4.2215E+12   1.3058E+12   1.7733E+12   1.0972E+11   3.6211E+12   4.5111E+11   3.0788E+11   3.2703E+10   1.0907E+12   1.4888E+12
      0.29412   5.5091E+12   4.2226E+12   1.2546E+12   1.7150E+12   1.0244E+11   3.6191E+12   4.2665E+11   2.8997E+11   3.0320E+10   1.0477E+12   1.4395E+12
      0.30040   5.6584E+12   4.2347E+12   1.1936E+12   1.6459E+12   9.3733E+10   3.6258E+12   3.9753E+11   2.6863E+11   2.7462E+10   9.9688E+11   1.3812E+12
      0.30667   5.9205E+12   4.2808E+12   1.1125E+12   1.5545E+12   8.1904E+10   3.6602E+12   3.5839E+11   2.3985E+11   2.3554E+10   9.2953E+11   1.3046E+12
      0.31294   6.2822E+12   4.3501E+12   1.0032E+12   1.4301E+12   6.6259E+10   3.7131E+12   3.0658E+11   2.0181E+11   1.8374E+10   8.3938E+11   1.2012E+12
      0.31922   6.1117E+12   4.2112E+12   9.5848E+11   1.3699E+12   6.2379E+10   3.5944E+12   2.9078E+11   1.9097E+11   1.7221E+10   8.0212E+11   1.1508E+12
      0.32549   5.8876E+12   4.0435E+12   9.0756E+11   1.3011E+12   5.7962E+10   3.4516E+12   2.7285E+11   1.7867E+11   1.5906E+10   7.5980E+11   1.0934E+12
      0.33176   5.5655E+12   3.8285E+12   8.4705E+11   1.2190E+12   5.2700E+10   3.2695E+12   2.5161E+11   1.6408E+11   1.4333E+10   7.0964E+11   1.0250E+12
      0.33804   4.9849E+12   3.5037E+12   7.6582E+11   1.1079E+12   4.5573E+10   2.9963E+12   2.2315E+11   1.4447E+11   1.2187E+10   6.4256E+11   9.3301E+11
      0.34431   3.8945E+12   3.0252E+12   6.5900E+11   9.6068E+11   3.6196E+10   2.5967E+12   1.8594E+11   1.1880E+11   9.3533E+09   5.5463E+11   8.1150E+11
      0.35059   3.8701E+12   2.9697E+12   6.2786E+11   9.1915E+11   3.3901E+10   2.5482E+12   1.7549E+11   1.1184E+11   8.7234E+09   5.2848E+11   7.7645E+11
      0.35686   3.8422E+12   2.9037E+12   5.9233E+11   8.7160E+11   3.1287E+10   2.4908E+12   1.6361E+11   1.0394E+11   8.0039E+09   4.9871E+11   7.3642E+11
      0.36313   3.8091E+12   2.8215E+12   5.5003E+11   8.1477E+11   2.8164E+10   2.4196E+12   1.4950E+11   9.4533E+10   7.1420E+09   4.6334E+11   6.8869E+11
      0.36941   3.7661E+12   2.7055E+12   4.9317E+11   7.3817E+11   2.3915E+10   2.3199E+12   1.3049E+11   8.1831E+10   5.9614E+09   4.1597E+11   6.2462E+11
      0.37568   3.7093E+12   2.5409E+12   4.1811E+11   6.3642E+11   1.8307E+10   2.1796E+12   1.0553E+11   6.5135E+10   4.3982E+09   3.5363E+11   5.3983E+11
      0.38196   3.6783E+12   2.4751E+12   3.9467E+11   6.0304E+11   1.7023E+10   2.1226E+12   9.8794E+10   6.0846E+10   4.0743E+09   3.3387E+11   5.1159E+11
      0.38824   3.6418E+12   2.3962E+12   3.6787E+11   5.6476E+11   1.5555E+10   2.0545E+12   9.1111E+10   5.5950E+10   3.7030E+09   3.1131E+11   4.7925E+11
      0.39452   3.5971E+12   2.2967E+12   3.3577E+11   5.1874E+11   1.3791E+10   1.9689E+12   8.1920E+10   5.0089E+10   3.2559E+09   2.8434E+11   4.4047E+11
      0.40079   3.5351E+12   2.1525E+12   2.9201E+11   4.5584E+11   1.1361E+10   1.8458E+12   6.9372E+10   4.2066E+10   2.6363E+09   2.4766E+11   3.8761E+11
      0.40707   3.4478E+12   1.9432E+12   2.3381E+11   3.7169E+11   8.1306E+09   1.6682E+12   5.2762E+10   3.1438E+10   1.8108E+09   1.9900E+11   3.1709E+11
      0.41334   3.4113E+12   1.8738E+12   2.1901E+11   3.4925E+11   7.5208E+09   1.6085E+12   4.9088E+10   2.9196E+10   1.6695E+09   1.8645E+11   2.9801E+11
      0.41962   3.3676E+12   1.7910E+12   2.0208E+11   3.2352E+11   6.8221E+09   1.5374E+12   4.4889E+10   2.6631E+10   1.5072E+09   1.7211E+11   2.7617E+11
      0.42589   3.3123E+12   1.6868E+12   1.8174E+11   2.9255E+11   5.9796E+09   1.4482E+12   3.9847E+10   2.3548E+10   1.3111E+09   1.5490E+11   2.4991E+11
      0.43216   3.2317E+12   1.5354E+12   1.5381E+11   2.4993E+11   4.8108E+09   1.3193E+12   3.2903E+10   1.9294E+10   1.0379E+09   1.3131E+11   2.1385E+11
      0.43844   3.1108E+12   1.3163E+12   1.1656E+11   1.9286E+11   3.2507E+09   1.1336E+12   2.3672E+10   1.3633E+10   6.7220E+08   9.9918E+10   1.6566E+11
      0.44471   3.0706E+12   1.2564E+12   1.0862E+11   1.8017E+11   2.9955E+09   1.0822E+12   2.1930E+10   1.2609E+10   6.1742E+08   9.3137E+10   1.5481E+11
      0.45098   3.0219E+12   1.1860E+12   9.9548E+10   1.6567E+11   2.7029E+09   1.0219E+12   1.9940E+10   1.1437E+10   5.5456E+08   8.5399E+10   1.4242E+11
      0.45726   2.9595E+12   1.0991E+12   8.8670E+10   1.4827E+11   2.3496E+09   9.4758E+11   1.7548E+10   1.0028E+10   4.7868E+08   7.6131E+10   1.2757E+11
      0.46353   2.8661E+12   9.7554E+11   7.3735E+10   1.2438E+11   1.8582E+09   8.4236E+11   1.4248E+10   8.0791E+09   3.7231E+08   6.3428E+10   1.0721E+11
      0.46980   2.7217E+12   8.0223E+11   5.3891E+10   9.2574E+10   1.2017E+09   6.9518E+11   9.8604E+09   5.4835E+09   2.3007E+08   4.6572E+10   8.0162E+10
      0.47608   2.6750E+12   7.5684E+11   4.9847E+10   8.5811E+10   1.1003E+09   6.5612E+11   9.0729E+09   5.0381E+09   2.0989E+08   4.3092E+10   7.4332E+10
      0.48235   2.6173E+12   7.0383E+11   4.5209E+10   7.8054E+10   9.8352E+08   6.1055E+11   8.1693E+09   4.5261E+09   1.8688E+08   3.9103E+10   6.7649E+10
      0.48862   2.5410E+12   6.3850E+11   3.9608E+10   6.8681E+10   8.4172E+08   5.5447E+11   7.0752E+09   3.9056E+09   1.5884E+08   3.4290E+10   5.9583E+10
      0.49490   2.4204E+12   5.4538E+11   3.1798E+10   5.5622E+10   6.4186E+08   4.7468E+11   5.5434E+09   3.0354E+09   1.1909E+08   2.7587E+10   4.8359E+10
      0.50117   2.2221E+12   4.1579E+11   2.1338E+10   3.8112E+10   3.7281E+08   3.6383E+11   3.4887E+09   1.8669E+09   6.5560E+07   1.8619E+10   3.3326E+10
      0.50744   2.1752E+12   3.9145E+11   1.9768E+10   3.5379E+10   3.4176E+08   3.4276E+11   3.2148E+09   1.7176E+09   5.9946E+07   1.7256E+10   3.0950E+10
      0.51372   2.1180E+12   3.6340E+11   1.7970E+10   3.2252E+10   3.0604E+08   3.1848E+11   2.9010E+09   1.5464E+09   5.3438E+07   1.5697E+10   2.8233E+10
      0.51999   2.0435E+12   3.2935E+11   1.5803E+10   2.8484E+10   2.6273E+08   2.8904E+11   2.5214E+09   1.3389E+09   4.5520E+07   1.3818E+10   2.4962E+10
      0.52626   1.9293E+12   2.8166E+11   1.2787E+10   2.3246E+10   2.0171E+08   2.4786E+11   1.9905E+09   1.0482E+09   3.4330E+07   1.1206E+10   2.0419E+10
      0.53254   1.7517E+12   2.1692E+11   8.7567E+09   1.6248E+10   1.1971E+08   1.9202E+11   1.2789E+09   6.5838E+08   1.9278E+07   7.7193E+09   1.4356E+10
      0.53882   1.7142E+12   2.0562E+11   8.1729E+09   1.5199E+10   1.1034E+08   1.8218E+11   1.1864E+09   6.0951E+08   1.7781E+07   7.2086E+09   1.3437E+10
      0.54510   1.6701E+12   1.9279E+11   7.5089E+09   1.4007E+10   9.9587E+07   1.7099E+11   1.0807E+09   5.5361E+08   1.5936E+07   6.6280E+09   1.2393E+10
      0.55137   1.6153E+12   1.7747E+11   6.7146E+09   1.2583E+10   8.6657E+07   1.5766E+11   9.5387E+08   4.8667E+08   1.3751E+07   5.9340E+09   1.1148E+10
      0.55765   1.5369E+12   1.5656E+11   5.6232E+09   1.0631E+10   6.8677E+07   1.3949E+11   7.7837E+08   3.9357E+08   1.0739E+07   4.9817E+09   9.4416E+09
      0.56393   1.4253E+12   1.2886E+11   4.1779E+09   8.0483E+09   4.4493E+07   1.1543E+11   5.4486E+08   2.6958E+08   6.6170E+06   3.7218E+09   7.1874E+09
      0.57020   1.3985E+12   1.2316E+11   3.9304E+09   7.5904E+09   4.1323E+07   1.1042E+11   5.0908E+08   2.5133E+08   6.0919E+06   3.5035E+09   6.7831E+09
      0.57647   1.3679E+12   1.1677E+11   3.6515E+09   7.0748E+09   3.7647E+07   1.0482E+11   4.6849E+08   2.3070E+08   5.4888E+06   3.2577E+09   6.3282E+09
      0.58275   1.3317E+12   1.0930E+11   3.3222E+09   6.4678E+09   3.3317E+07   9.8275E+10   4.2039E+08   2.0605E+08   4.8467E+06   2.9678E+09   5.7931E+09
      0.58902   1.2832E+12   9.9460E+10   2.8802E+09   5.6555E+09   2.7254E+07   8.9672E+10   3.5517E+08   1.7238E+08   3.8489E+06   2.5794E+09   5.0784E+09
      0.59529   1.2191E+12   8.6774E+10   2.3042E+09   4.5997E+09   1.9373E+07   7.8594E+10   2.6943E+08   1.2827E+08   2.6529E+06   2.0736E+09   4.1503E+09
      0.60157   1.1964E+12   8.3059E+10   2.1696E+09   4.3424E+09   1.7949E+07   7.5308E+10   2.5190E+08   1.1959E+08   2.4327E+06   1.9539E+09   3.9212E+09
      0.60784   1.1706E+12   7.8898E+10   2.0179E+09   4.0530E+09   1.6358E+07   7.1631E+10   2.3191E+08   1.0982E+08   2.1853E+06   1.8191E+09   3.6636E+09
      0.61412   1.1401E+12   7.4032E+10   1.8388E+09   3.7116E+09   1.4388E+07   6.7334E+10   2.0824E+08   9.8141E+07   1.9448E+06   1.6600E+09   3.3602E+09
      0.62039   1.0991E+12   6.7594E+10   1.5977E+09   3.2539E+09   1.1769E+07   6.1660E+10   1.7614E+08   8.2267E+07   1.5086E+06   1.4464E+09   2.9540E+09
      0.62666   1.0450E+12   5.9293E+10   1.2838E+09   2.6591E+09   8.3517E+06   5.4352E+10   1.3406E+08   6.1320E+07   1.0300E+06   1.1682E+09   2.4265E+09
      0.63294   1.0292E+12   5.7085E+10   1.2147E+09   2.5234E+09   7.8503E+06   5.2381E+10   1.2585E+08   5.7495E+07   9.6138E+05   1.1062E+09   2.3044E+09
      0.63921   1.0116E+12   5.4629E+10   1.1371E+09   2.3710E+09   7.0964E+06   5.0189E+10   1.1651E+08   5.2955E+07   8.6651E+05   1.0366E+09   2.1675E+09
      0.64548   9.9128E+11   5.1782E+10   1.0459E+09   2.1922E+09   6.3849E+06   4.7653E+10   1.0544E+08   4.7695E+07   7.9282E+05   9.5465E+08   2.0070E+09
      0.65176   9.6498E+11   4.8075E+10   9.2382E+08   1.9544E+09   5.3024E+06   4.4360E+10   9.0548E+07   4.0597E+07   6.1579E+05   8.4547E+08   1.7940E+09
      0.65803   9.3134E+11   4.3341E+10   7.6519E+08   1.6461E+09   3.8523E+06   4.0162E+10   7.0939E+07   3.1157E+07   4.2945E+05   7.0369E+08   1.5183E+09
      0.66431   9.1894E+11   4.1889E+10   7.2718E+08   1.5689E+09   3.6033E+06   3.8854E+10   6.6926E+07   2.9284E+07   3.8879E+05   6.6924E+08   1.4481E+09
      0.67059   9.0534E+11   4.0289E+10   6.8482E+08   1.4829E+09   3.3017E+06   3.7414E+10   6.2365E+07   2.7147E+07   3.6931E+05   6.3084E+08   1.3701E+09
      0.67687   8.8993E+11   3.8460E+10   6.3556E+08   1.3830E+09   2.9883E+06   3.5771E+10   5.7073E+07   2.4767E+07   3.3712E+05   5.8621E+08   1.2797E+09
      0.68314   8.7074E+11   3.6134E+10   5.7087E+08   1.2528E+09   2.5275E+06   3.3688E+10   4.9946E+07   2.1452E+07   2.7190E+05   5.2785E+08   1.1620E+09
      0.68942   8.4694E+11   3.3217E+10   4.8794E+08   1.0865E+09   1.9380E+06   3.1082E+10   4.0683E+07   1.7205E+07   1.9821E+05   4.5307E+08   1.0118E+09
      0.69569   8.3650E+11   3.2145E+10   4.6380E+08   1.0358E+09   1.8076E+06   3.0110E+10   3.8323E+07   1.6143E+07   1.9143E+05   4.3095E+08   9.6542E+08
      0.70197   8.2527E+11   3.0971E+10   4.3675E+08   9.7941E+08   1.6500E+06   2.9047E+10   3.5663E+07   1.5001E+07   1.6941E+05   4.0633E+08   9.1390E+08
      0.70824   8.1291E+11   2.9642E+10   4.0543E+08   9.1422E+08   1.5162E+06   2.7847E+10   3.2548E+07   1.3583E+07   1.4992E+05   3.7769E+08   8.5436E+08
      0.71451   7.9840E+11   2.7982E+10   3.6443E+08   8.2945E+08   1.2519E+06   2.6355E+10   2.8435E+07   1.1738E+07   1.2621E+05   3.4043E+08   7.7727E+08
      0.72079   7.8132E+11   2.5930E+10   3.1188E+08   7.2155E+08   9.4359E+05   2.4516E+10   2.3038E+07   9.3258E+06   8.4703E+04   2.9278E+08   6.7934E+08
      0.72706   7.7079E+11   2.5072E+10   2.9644E+08   6.8787E+08   8.6482E+05   2.3729E+10   2.1745E+07   8.7719E+06   9.0633E+04   2.7846E+08   6.4812E+08
      0.73333   7.5948E+11   2.4135E+10   2.7929E+08   6.5058E+08   8.1993E+05   2.2871E+10   2.0230E+07   8.1569E+06   7.3692E+04   2.6265E+08   6.1356E+08
      0.73961   7.4706E+11   2.3081E+10   2.5955E+08   6.0764E+08   7.3946E+05   2.1908E+10   1.8502E+07   7.3743E+06   7.1998E+04   2.4440E+08   5.7398E+08
      0.74588   7.3256E+11   2.1781E+10   2.3402E+08   5.5261E+08   5.9123E+05   2.0724E+10   1.6254E+07   6.4442E+06   4.4893E+04   2.2098E+08   5.2329E+08
      0.75215   7.1555E+11   2.0188E+10   2.0167E+08   4.8328E+08   4.8620E+05   1.9279E+10   1.3319E+07   5.1864E+06   3.7269E+04   1.9120E+08   4.5961E+08
      0.75843   7.0452E+11   1.9451E+10   1.9067E+08   4.5841E+08   4.4300E+05   1.8597E+10   1.2501E+07   4.8543E+06   3.8116E+04   1.8094E+08   4.3639E+08
      0.76470   6.9257E+11   1.8640E+10   1.7839E+08   4.3068E+08   4.0149E+05   1.7848E+10   1.1556E+07   4.4766E+06   2.6258E+04   1.6952E+08   4.1055E+08
      0.77097   6.7926E+11   1.7718E+10   1.6407E+08   3.9848E+08   3.5745E+05   1.6998E+10   1.0463E+07   4.0200E+06   2.9646E+04   1.5616E+08   3.8049E+08
      0.77725   6.6322E+11   1.6554E+10   1.4516E+08   3.5628E+08   2.9138E+05   1.5931E+10   8.9252E+06   3.3932E+06   2.8799E+04   1.3864E+08   3.4138E+08
      0.78352   6.4397E+11   1.5108E+10   1.2091E+08   3.0238E+08   2.1853E+05   1.4610E+10   6.9541E+06   2.5945E+06   1.4400E+04   1.1617E+08   2.9142E+08
      0.78980   6.3389E+11   1.4553E+10   1.1436E+08   2.8691E+08   1.9228E+05   1.4087E+10   6.5586E+06   2.4335E+06   1.0164E+04   1.0997E+08   2.7670E+08
      0.79608   6.2303E+11   1.3944E+10   1.0705E+08   2.6966E+08   1.9482E+05   1.3514E+10   6.0461E+06   2.2438E+06   1.0164E+04   1.0300E+08   2.6030E+08
      0.80236   6.1105E+11   1.3251E+10   9.8473E+07   2.4952E+08   1.6094E+05   1.2864E+10   5.4786E+06   1.9948E+06   1.9482E+04   9.4919E+07   2.4126E+08
      0.80863   5.9696E+11   1.2380E+10   8.7188E+07   2.2315E+08   1.3214E+05   1.2052E+10   4.6909E+06   1.7017E+06   1.1858E+04   8.4277E+07   2.1641E+08
      0.81491   5.8035E+11   1.1297E+10   7.2581E+07   1.8938E+08   8.2162E+04   1.1045E+10   3.6617E+06   1.2841E+06   9.3174E+03   7.0549E+07   1.8464E+08
      0.82118   5.6998E+11   1.0858E+10   6.8566E+07   1.7939E+08   7.1998E+04   1.0625E+10   3.4474E+06   1.1884E+06   7.6233E+03   6.6678E+07   1.7496E+08
      0.82746   5.5880E+11   1.0375E+10   6.4037E+07   1.6821E+08   8.6397E+04   1.0165E+10   3.1823E+06   1.1071E+06   1.2705E+04   6.2298E+07   1.6422E+08
      0.83373   5.4650E+11   9.8267E+09   5.8743E+07   1.5516E+08   6.0986E+04   9.6444E+09   2.8630E+06   9.8933E+05   1.1858E+04   5.7265E+07   1.5177E+08
      0.84000   5.3209E+11   9.1411E+09   5.1788E+07   1.3822E+08   6.3527E+04   8.9962E+09   2.4428E+06   8.3517E+05   0.0000E+00   5.0639E+07   1.3558E+08
      0.84628   5.1515E+11   8.2916E+09   4.2858E+07   1.1658E+08   4.2352E+04   8.1960E+09   1.9160E+06   6.3697E+05   0.0000E+00   4.2113E+07   1.1490E+08
      0.85255   5.0421E+11   7.9311E+09   4.0237E+07   1.0977E+08   3.8964E+04   7.8475E+09   1.7771E+06   5.8953E+05   0.0000E+00   3.9586E+07   1.0830E+08
      0.85882   4.9240E+11   7.5340E+09   3.7316E+07   1.0220E+08   3.2187E+04   7.4645E+09   1.6153E+06   5.5650E+05   4.2352E+03   3.6730E+07   1.0094E+08
      0.86510   4.7936E+11   7.0810E+09   3.3862E+07   9.3313E+07   2.3717E+04   7.0289E+09   1.4484E+06   4.8027E+05   0.0000E+00   3.3393E+07   9.2354E+07
      0.87137   4.6405E+11   6.5097E+09   2.9289E+07   8.1663E+07   2.7105E+04   6.4822E+09   1.2197E+06   3.8879E+05   0.0000E+00   2.8977E+07   8.1056E+07
      0.87765   4.4602E+11   5.7972E+09   2.3359E+07   6.6652E+07   1.1858E+04   5.8031E+09   8.8938E+05   2.8037E+05   0.0000E+00   2.3266E+07   6.6583E+07
      0.88392   4.3431E+11   5.5094E+09   2.1772E+07   6.2331E+07   1.7788E+04   5.5209E+09   8.1315E+05   2.6258E+05   0.0000E+00   2.1694E+07   6.2323E+07
      0.89019   4.2161E+11   5.1910E+09   1.9989E+07   5.7500E+07   1.1858E+04   5.2093E+09   7.3861E+05   2.2531E+05   0.0000E+00   1.9942E+07   5.7550E+07
      0.89647   4.0754E+11   4.8255E+09   1.7869E+07   5.1787E+07   1.1858E+04   4.8526E+09   6.5306E+05   2.1176E+05   2.1176E+03   1.7874E+07   5.1928E+07
      0.90274   3.9093E+11   4.3591E+09   1.5062E+07   4.4172E+07   1.6941E+04   4.4000E+09   5.2601E+05   1.6602E+05   0.0000E+00   1.5098E+07   4.4467E+07
      0.90901   3.7128E+11   3.7726E+09   1.1349E+07   3.4276E+07   1.2705E+04   3.8330E+09   3.5575E+05   1.0842E+05   0.0000E+00   1.1489E+07   3.4785E+07
      0.91529   3.5840E+11   3.5512E+09   1.0483E+07   3.1768E+07   9.3174E+03   3.6119E+09   3.2611E+05   9.6562E+04   0.0000E+00   1.0624E+07   3.2259E+07
      0.92157   3.4430E+11   3.3044E+09   9.5092E+06   2.8923E+07   8.4703E+03   3.3660E+09   2.9138E+05   8.1315E+04   0.0000E+00   9.6388E+06   2.9390E+07
      0.92785   3.2850E+11   3.0179E+09   8.3153E+06   2.5500E+07   0.0000E+00   3.0815E+09   2.5072E+05   7.2421E+04   0.0000E+00   8.4475E+06   2.5982E+07
      0.93413   3.0953E+11   2.6454E+09   6.7068E+06   2.0882E+07   2.9646E+03   2.7137E+09   2.0032E+05   5.2940E+04   0.0000E+00   6.8474E+06   2.1376E+07
      0.94040   2.8678E+11   2.1715E+09   4.5719E+06   1.4836E+07   2.1176E+03   2.2476E+09   1.1477E+05   3.4305E+04   0.0000E+00   4.7239E+06   1.5340E+07
      0.94668   2.7257E+11   2.0178E+09   4.1843E+06   1.3593E+07   1.2705E+03   2.0898E+09   1.0630E+05   3.0917E+04   0.0000E+00   4.3216E+06   1.4079E+07
      0.95295   2.5676E+11   1.8448E+09   3.7502E+06   1.2201E+07   1.2705E+03   1.9127E+09   9.4444E+04   2.6682E+04   0.0000E+00   3.8739E+06   1.2649E+07
      0.95922   2.3874E+11   1.6420E+09   3.2043E+06   1.0522E+07   0.0000E+00   1.7057E+09   7.8351E+04   2.1176E+04   0.0000E+00   3.3229E+06   1.0922E+07
      0.96550   2.1686E+11   1.3750E+09   2.4589E+06   8.2082E+06   0.0000E+00   1.4348E+09   5.7175E+04   1.5670E+04   0.0000E+00   2.5589E+06   8.5639E+06
      0.97177   1.9010E+11   1.0305E+09   1.4700E+06   5.1330E+06   0.0000E+00   1.0870E+09   2.6682E+04   8.0468E+03   0.0000E+00   1.5467E+06   5.4176E+06
      0.97804   1.7034E+11   9.1417E+08   1.3015E+06   4.5507E+06   0.0000E+00   9.6376E+08   2.9223E+04   5.9292E+03   0.0000E+00   1.3684E+06   4.8075E+06
      0.98432   1.4662E+11   7.7770E+08   1.1047E+06   3.8720E+06   0.0000E+00   8.1938E+08   2.3082E+04   5.0822E+03   0.0000E+00   1.1647E+06   4.0861E+06
      0.99059   1.1614E+11   6.0709E+08   8.6503E+05   3.0199E+06   0.0000E+00   6.3913E+08   1.7788E+04   3.5999E+03   0.0000E+00   9.0823E+05   3.1880E+06
      0.99686   6.9241E+10   3.5422E+08   5.0282E+05   1.7624E+06   0.0000E+00   3.7251E+08   1.0588E+04   2.7529E+03   0.0000E+00   5.2929E+05   1.8563E+06
