220.033335296	-2.2771086E-4	1.4317953400677652E-6
220.0313856	-2.7967658E-4	6.380337254086044E-7
220.029435904	-1.6534438E-4	2.7043472528021084E-7
220.027469824	4.5677304E-4	0.0
220.025520128	1.0080968E-4	0.0
220.023570432	4.5729597E-4	0.0
220.021604352	1.46469765E-5	0.0
220.019654656	2.2399735E-4	0.0
220.01770496	1.4083444E-4	0.0
220.01573888	3.4534867E-4	0.0
220.013789184	2.717651E-4	0.0
220.011839488	8.7907836E-5	0.0
220.009889792	4.065291E-4	0.0
220.007923712	-6.6618835E-5	0.0
220.005974016	-4.5895827E-4	0.0
220.00402432	1.9124972E-4	0.0
220.00205824	6.0555275E-4	0.0
220.000108544	3.6413554E-4	0.0
219.998158848	5.461716E-4	0.0
219.996192768	7.8505436E-5	0.0
219.994243072	1.1445286E-4	0.0
219.992293376	-3.0604185E-4	0.0
219.99034368	-1.4743434E-4	0.0
219.9883776	3.6126404E-4	0.0
219.986427904	7.3536E-4	0.0
219.984478208	8.309626E-4	0.0
219.982512128	4.4426258E-4	0.0
219.980562432	3.6215183E-4	0.0
219.978612736	1.390435E-4	0.0
219.976646656	8.954417E-5	0.0
219.97469696	-6.0412967E-5	0.0
219.972747264	-1.5628005E-4	0.0
219.970797568	1.9425324E-4	0.0
219.968831488	-1.2465932E-4	0.0
219.966881792	6.674982E-5	0.0
219.964932096	3.2779487E-4	0.0
219.962966016	-1.3731413E-4	0.0
219.96101632	-3.0116847E-4	0.0
219.959066624	1.3936737E-4	0.0
219.957100544	-5.3066545E-4	0.0
219.955150848	1.0998926E-4	0.0
219.953201152	3.8487204E-5	0.0
219.951251456	-4.8505393E-4	0.0
219.949285376	-7.67708E-4	0.0
219.94733568	-6.600385E-4	0.0
219.945385984	-4.1581638E-4	0.0
219.943419904	-1.2234056E-4	0.0
219.941470208	2.2376895E-4	0.0
219.939520512	-3.568604E-4	0.0
219.937554432	-8.509441E-5	0.0
219.935604736	-3.6784488E-4	0.0
219.93365504	9.912119E-5	0.0
219.931705344	1.3073169E-4	0.0
219.929739264	-7.143777E-4	0.0
219.927789568	-3.292269E-4	0.0
219.925839872	1.2250322E-4	0.0
219.923873792	2.0666614E-4	0.0
219.921924096	5.284232E-4	0.0
219.9199744	-4.4341832E-5	0.0
219.91800832	-1.5249422E-4	0.0
219.916058624	-3.0040432E-4	0.0
219.914108928	5.689925E-4	0.0
219.912159232	-3.413236E-4	0.0
219.910193152	-2.7734338E-4	0.0
219.908243456	-6.0272956E-4	0.0
219.90629376	-9.0354745E-4	0.0
219.90432768	-1.0934359E-5	0.0
219.902377984	6.045837E-4	0.0
219.900428288	3.3028127E-4	0.0
219.898462208	-6.104372E-4	0.0
219.896512512	2.2187603E-4	0.0
219.894562816	1.7141884E-4	0.0
219.892596736	5.728717E-4	0.0
219.89064704	2.62684E-4	0.0
219.888697344	7.2442024E-4	0.0
219.886747648	5.0813804E-4	0.0
219.884781568	2.731055E-4	0.0
219.882831872	-3.73939E-4	0.0
219.880882176	-2.9795052E-4	0.0
219.878916096	-9.5670046E-5	0.0
219.8769664	9.251359E-6	0.0
219.875016704	1.2447972E-4	0.0
219.873050624	2.4516654E-4	0.0
219.871100928	-4.3952306E-5	0.0
219.869151232	-1.3469944E-4	0.0
219.867201536	5.9998792E-6	0.0
219.865235456	4.253211E-4	0.0
219.86328576	-8.499709E-5	0.0
219.861336064	-2.7924444E-4	0.0
219.859369984	5.1103445E-4	0.0
219.857420288	8.4959465E-4	0.0
219.855470592	3.0256045E-4	0.0
219.853504512	5.080768E-4	0.0
219.851554816	2.3627661E-4	0.0
219.84960512	1.226825E-4	0.0
219.847655424	-3.7466915E-4	0.0
219.845689344	7.6217875E-5	0.0
219.843739648	-3.0509595E-5	0.0
219.841789952	-9.016407E-5	0.0
219.839823872	-8.114547E-6	0.0
219.837874176	1.7366612E-4	0.0
219.83592448	3.183594E-4	0.0
219.8339584	4.2407127E-4	0.0
219.832008704	-1.6497418E-4	0.0
219.830059008	-3.1596114E-4	0.0
219.828109312	2.1311299E-4	0.0
219.826143232	-1.2958159E-4	0.0
219.824193536	-4.438281E-5	0.0
219.82224384	-3.2971398E-4	0.0
219.82027776	5.474897E-4	0.0
219.818328064	6.724761E-5	0.0
219.816378368	-1.8480902E-4	0.0
219.814412288	3.9470108E-4	0.0
219.812462592	3.3784128E-4	0.0
219.810512896	3.599283E-4	0.0
219.8085632	4.1299762E-4	0.0
219.80659712	3.5815832E-4	0.0
219.804647424	5.0423766E-4	0.0
219.802697728	3.6926457E-4	0.0
219.800731648	4.189781E-4	0.0
219.798781952	-2.3561795E-6	0.0
219.796832256	-3.4922216E-4	0.0
219.794866176	1.98067E-4	0.0
219.79291648	5.867151E-4	0.0
219.790966784	4.701396E-4	0.0
219.789017088	6.0040336E-5	0.0
219.787051008	2.4749787E-4	0.0
219.785101312	3.9260095E-4	0.0
219.783151616	-1.3999442E-6	0.0
219.781185536	-4.4161285E-4	0.0
219.77923584	-3.427341E-4	0.0
219.777286144	-2.791143E-4	0.0
219.775320064	-2.459485E-4	0.0
219.773370368	3.1381013E-4	0.0
219.771420672	4.5476208E-4	2.1666095051386947E-7
219.769454592	6.905697E-4	5.301036480886978E-7
219.767504896	6.4349436E-4	1.233469902217621E-6
219.7655552	4.968483E-4	2.7294731808069628E-6
219.763605504	4.3089554E-4	5.743845576944295E-6
219.761639424	3.217648E-4	1.1494346836116165E-5
219.759689728	3.3773138E-4	2.1872578145121224E-5
219.757740032	3.1015376E-4	3.9574544643983245E-5
219.755773952	1.0749681E-4	6.807495810789987E-5
219.753824256	7.5590104E-4	1.1131770588690415E-4
219.75187456	5.1910436E-4	1.730207441141829E-4
219.74990848	6.1117444E-4	2.555966202635318E-4
219.747958784	7.1937224E-4	3.588692925404757E-4
219.746009088	4.2769156E-4	4.78945963550359E-4
219.744059392	5.899552E-4	6.077249418012798E-4
219.742093312	2.4647597E-4	7.334148394875228E-4
219.740143616	5.377243E-4	8.421644452027977E-4
219.73819392	0.0013859126	9.205124224536121E-4
219.73622784	9.7404403E-4	9.583332575857639E-4
219.734278144	9.853662E-4	9.502914035692811E-4
219.732328448	0.0017688893	8.979214471764863E-4
219.730362368	0.0014928117	8.089659968391061E-4
219.728412672	0.001442667	6.960924947634339E-4
219.726462976	8.363161E-4	5.74637611862272E-4
219.72451328	7.1435963E-4	4.601296968758106E-4
219.7225472	5.3375383E-4	3.661627706605941E-4
219.720597504	5.988386E-4	3.030510852113366E-4
219.718647808	5.045804E-4	2.7724867686629295E-4
219.716681728	0.0011631005	2.9128044843673706E-4
219.714732032	0.0012380605	3.437834675423801E-4
219.712782336	0.0012312959	4.2947911424562335E-4
219.710816256	0.0011153842	5.391703452914953E-4
219.70886656	0.0010810617	6.601318018510938E-4
219.706916864	0.0011108402	7.772155804559588E-4
219.704967168	9.899946E-4	8.747659740038216E-4
219.703001088	8.22163E-4	9.395044180564582E-4
219.701051392	5.18638E-4	9.617365431040525E-4
219.699101696	0.0010512675	9.384734439663589E-4
219.697135616	0.0010327111	8.73945071361959E-4
219.69518592	5.656442E-4	7.779567968100309E-4
219.693236224	0.0011176582	6.65130210109055E-4
219.691270144	6.8779784E-4	5.521096172742546E-4
219.689320448	4.814142E-4	4.549766890704632E-4
219.687370752	3.535783E-4	3.8706359919160604E-4
219.685421056	3.6197487E-4	3.574285947252065E-4
219.683454976	2.4520402E-4	3.700094239320606E-4
219.68150528	8.5662707E-4	4.233075014781207E-4
219.679555584	3.8652268E-4	5.10482001118362E-4
219.677589504	7.139333E-4	6.19922939222306E-4
219.675639808	5.4047495E-4	7.364536868408322E-4
219.673690112	9.4577E-4	8.432567701674998E-4
219.671724032	8.3512586E-4	9.243585518561304E-4
219.669774336	0.0010615989	9.672303567640483E-4
219.66782464	7.58644E-4	9.649176499806345E-4
219.665874944	0.0010320261	9.171619894914329E-4
219.663908864	0.0011722081	8.301060297526419E-4
219.661959168	9.823205E-4	7.15299800503999E-4
219.660009472	4.6219147E-4	5.864024860784411E-4
219.658043392	8.058607E-4	4.571686149574816E-4
219.656093696	7.937544E-4	3.3883325522765517E-4
219.654144	5.40725E-4	2.3869003052823246E-4
219.65217792	5.7182094E-4	1.598033559275791E-4
219.650228224	2.492767E-4	1.0168339213123545E-4
219.648278528	4.2665815E-5	6.149856199044734E-5
219.646328832	6.0642936E-4	3.5357468732399866E-5
219.644362752	5.712412E-4	1.93262876564404E-5
219.642413056	3.8953597E-4	1.0044069313153159E-5
219.64046336	-1.11345935E-5	4.963609171682037E-6
219.63849728	3.2646867E-4	2.3325633264903445E-6
219.636547584	1.4420187E-4	1.0423942740089842E-6
219.634597888	1.1882262E-4	4.4299684986981447E-7
219.632631808	1.6658877E-4	0.0
219.630682112	5.31897E-4	0.0
219.628732416	2.518639E-4	0.0
219.626766336	6.5004785E-4	0.0
219.62481664	6.692035E-4	0.0
219.622866944	6.410564E-4	0.0
219.620917248	6.977127E-4	0.0
219.618951168	8.2638167E-4	0.0
219.617001472	8.717669E-4	0.0
219.615051776	2.6479896E-5	0.0
219.613085696	2.4403173E-4	0.0
219.611136	-1.11066205E-4	0.0
219.609186304	3.637551E-4	0.0
219.607220224	4.722253E-4	0.0
219.605270528	1.6064483E-4	0.0
219.603320832	-3.471388E-4	0.0
219.601371136	-1.9752274E-4	0.0
219.599405056	-2.8800935E-4	0.0
219.59745536	-1.9975442E-4	0.0
219.595505664	-7.30261E-5	0.0
219.593539584	-8.3152605E-5	0.0
219.591589888	6.5406767E-4	0.0
219.589640192	5.3315023E-5	0.0
219.587674112	3.467289E-4	0.0
219.585724416	4.3730467E-4	0.0
219.58377472	-3.110634E-5	0.0
219.581825024	1.5580359E-4	0.0
219.579858944	-7.223052E-5	0.0
219.577909248	1.7297694E-4	0.0
219.575959552	8.775192E-4	0.0
219.573993472	5.025268E-4	0.0
219.572043776	3.3381168E-4	0.0
219.57009408	6.856698E-4	0.0
219.568128	5.369159E-4	0.0
219.566178304	3.92868E-4	0.0
219.564228608	5.9440156E-4	3.8211368291740655E-8
219.562278912	7.145068E-4	9.379663623576562E-8
219.560312832	6.0422305E-4	2.1894341273309692E-7
219.558363136	5.9426326E-4	4.859865043727041E-7
219.55641344	8.421527E-4	1.025809183374804E-6
219.55444736	7.3686434E-4	2.058988457065425E-6
219.552497664	9.549049E-4	3.929901140509173E-6
219.550547968	9.1271085E-4	7.132536211429397E-6
219.548581888	8.6830655E-4	1.2309238627494778E-5
219.546632192	4.4078083E-4	2.047676025540568E-5
219.544682496	8.2727993E-4	3.216777622583322E-5
219.5427328	4.209765E-4	4.820850881515071E-5
219.54076672	4.8022816E-4	6.903112807776779E-5
219.538817024	-9.628053E-5	9.465819312026724E-5
219.536867328	5.080511E-5	1.2468606291804463E-4
219.534901248	2.730962E-4	1.5842998982407153E-4
219.532951552	-2.1421157E-4	1.9521273497957736E-4
219.531001856	9.650138E-5	2.3469020379707217E-4
219.529035776	8.1722747E-4	2.771200961433351E-4
219.52708608	4.866168E-4	3.2303683110512793E-4
219.525136384	9.55526E-5	3.730212338268757E-4
219.523186688	3.7932448E-4	4.2700496851466596E-4
219.521220608	5.837349E-4	4.830205289181322E-4
219.519270912	8.25713E-4	5.375699838623405E-4
219.517321216	6.335867E-4	5.856369971297681E-4
219.515355136	4.6343083E-4	6.218876806087792E-4
219.51340544	0.0011323901	6.423325394280255E-4
219.511455744	9.339606E-4	6.456346600316465E-4
219.509489664	3.2810793E-5	6.342880078591406E-4
219.507539968	1.7307077E-4	6.143721984699368E-4
219.505590272	3.1562458E-4	5.94377750530839E-4
219.503624192	0.0010160572	5.831595044583082E-4
219.501674496	0.0011088179	5.876105860807002E-4
219.4997248	1.7106587E-4	6.107443477958441E-4
219.497775104	5.582609E-4	6.507706129923463E-4
219.495809024	7.876824E-4	7.01425364241004E-4
219.493859328	5.6408724E-4	7.534084725193679E-4
219.491909632	8.1511826E-4	7.96453095972538E-4
219.489943552	0.0013085523	8.215973502956331E-4
219.487993856	6.8044435E-4	8.22643400169909E-4
219.48604416	4.2701868E-4	7.972418679855764E-4
219.48407808	4.9172255E-4	7.468534749932587E-4
219.482128384	4.0097377E-4	6.760534597560763E-4
219.480178688	9.181139E-4	5.913759814575315E-4
219.478228992	4.5349338E-4	5.000288365408778E-4
219.476262912	6.549905E-5	4.086585540790111E-4
219.474313216	1.5197236E-4	3.2302411273121834E-4
219.47236352	1.11830486E-4	2.467817976139486E-4
219.47039744	3.8845517E-4	1.8211500719189644E-4
219.468447744	-5.901592E-7	1.2969860108569264E-4
219.466498048	-1.3557954E-4	8.917655941331759E-5
219.464531968	-4.960284E-4	5.9179339586989954E-5
219.462582272	2.818872E-4	3.816765092778951E-5
219.460632576	5.0599752E-5	2.4540389858884737E-5
219.45868288	8.039369E-5	1.696413164609112E-5
219.4567168	1.476636E-4	1.4782799553358927E-5
219.454767104	-1.8552111E-5	1.7909755115397274E-5
219.452817408	1.3362228E-4	2.7139956728206016E-5
219.450851328	5.2653375E-4	4.3951535189989954E-5
219.448901632	1.282851E-4	7.048980478430167E-5
219.446951936	7.82917E-5	1.0863429633900523E-4
219.444985856	5.399409E-6	1.596433576196432E-4
219.44303616	3.793615E-4	2.2317178081721067E-4
219.441086464	5.8067456E-4	2.968722546938807E-4
219.439136768	6.683912E-4	3.7544683436863124E-4
219.437170688	8.426451E-4	4.5171790407039225E-4
219.435220992	6.0823705E-4	5.173678509891033E-4
219.433271296	9.591007E-4	5.646315985359251E-4
219.431305216	7.3489087E-4	5.880841054022312E-4
219.42935552	0.0010463967	5.8610865380615E-4
219.427405824	0.0010504056	5.616103881038725E-4
219.425439744	5.868357E-4	5.217241705395281E-4
219.423490048	8.7419717E-4	4.765134654007852E-4
219.421540352	6.3758466E-4	4.369035887066275E-4
219.419590656	2.8844416E-4	4.123225517105311E-4
219.417624576	3.3665617E-4	4.0859595173969865E-4
219.41567488	7.500889E-4	4.266198957338929E-4
219.413725184	7.429163E-4	4.6216114424169064E-4
219.411759104	5.642102E-4	5.068140453658998E-4
219.409809408	7.653314E-4	5.498920218087733E-4
219.407859712	0.0011450659	5.807645502500236E-4
219.405893632	9.024416E-4	5.910886102356017E-4
219.403943936	9.729169E-4	5.764146335422993E-4
219.40199424	0.0010209455	5.368402926251292E-4
219.400044544	2.7354487E-4	4.766262718476355E-4
219.398078464	2.3851155E-4	4.0294192149303854E-4
219.396128768	3.0234392E-4	3.241327067371458E-4
219.394179072	6.571096E-4	2.478969981893897E-4
219.392212992	6.569415E-4	1.8034482491202652E-4
219.390263296	4.8175926E-4	1.2471179070416838E-4
219.3883136	1.5716797E-4	8.197344868676737E-5
219.38634752	-1.0348105E-4	5.121689537190832E-5
219.384397824	8.675579E-5	3.041961281269323E-5
219.382448128	-1.6824242E-4	1.7176260371343233E-5
219.380482048	4.6022196E-4	9.220629181072582E-6
219.378532352	7.235867E-4	4.706262188847177E-6
219.376582656	4.4671987E-4	2.2839769826532574E-6
219.37463296	3.7125178E-4	1.0539580443946761E-6
219.37266688	6.6550514E-5	4.624549774234765E-7
219.370717184	2.6559626E-4	1.929473256723213E-7
219.368767488	-7.236207E-5	0.0
219.366801408	-2.5797327E-4	0.0
219.364851712	-4.244537E-4	0.0
219.362902016	3.6283938E-4	0.0
219.360935936	5.1115017E-4	0.0
219.35898624	3.6965223E-4	0.0
219.357036544	3.0858867E-4	0.0
219.355086848	3.3867388E-4	0.0
219.353120768	1.3306744E-4	0.0
219.351171072	-5.9065566E-4	0.0
219.349221376	-8.731585E-5	0.0
219.347255296	-1.9557464E-4	0.0
219.3453056	4.258161E-4	0.0
219.343355904	3.8028527E-5	0.0
219.341389824	1.0103054E-5	0.0
219.339440128	-5.608361E-4	0.0
219.337490432	1.9514172E-4	0.0
219.335540736	2.4576258E-4	0.0
219.333574656	4.4944353E-4	0.0
219.33162496	8.127253E-6	0.0
219.329675264	-2.6621012E-4	0.0
219.327709184	2.4042961E-4	0.0
219.325759488	7.335011E-4	0.0
219.323809792	3.642522E-4	0.0
219.321843712	3.543527E-4	0.0
219.319894016	2.2109838E-4	0.0
219.31794432	3.4513153E-6	0.0
219.315994624	-7.6351855E-5	0.0
219.314028544	-5.9453472E-5	0.0
219.312078848	6.720058E-5	0.0
219.310129152	4.9274234E-4	0.0
219.308163072	6.6261744E-4	0.0
219.306213376	1.8931001E-4	0.0
219.30426368	4.593947E-4	0.0
219.3022976	1.8091135E-4	0.0
219.300347904	3.959558E-4	0.0
219.298398208	3.2706937E-4	0.0
219.296448512	-1.4710931E-4	0.0
219.294482432	1.8637728E-4	0.0
219.292532736	1.4631527E-4	0.0
219.29058304	2.9922888E-4	0.0
219.28861696	4.7398318E-4	0.0
219.286667264	4.5826957E-5	0.0
219.284717568	-8.9195026E-5	0.0
219.282751488	1.2901665E-4	0.0
219.280801792	7.487683E-4	0.0
219.278852096	2.379495E-4	0.0
219.2769024	3.544463E-4	0.0
219.27493632	7.641788E-5	0.0
219.272986624	-3.9122235E-5	0.0
219.271036928	6.263657E-4	0.0
219.269070848	4.894238E-4	0.0
219.267121152	5.431666E-5	0.0
219.265171456	-6.196455E-5	0.0
219.263205376	2.6769057E-4	0.0
219.26125568	2.4311368E-4	0.0
219.259305984	4.360645E-5	0.0
219.257356288	-2.3067759E-4	0.0
219.255390208	-3.1077064E-4	0.0
219.253440512	4.1073986E-4	0.0
219.251490816	2.6902376E-4	0.0
219.249524736	2.3055656E-5	0.0
219.24757504	-6.7118955E-5	0.0
219.245625344	-4.063214E-5	0.0
219.243659264	2.6314432E-4	1.3346873117825453E-7
219.241709568	2.8794055E-4	3.2025826612880337E-7
219.239759872	6.268995E-5	7.306409770535538E-7
219.237793792	-1.9537813E-4	1.6939831084528123E-6
219.235844096	3.188791E-4	3.6714479847432813E-6
219.2338944	1.139709E-4	7.339343937928788E-6
219.231944704	6.3213083E-4	1.399061056872597E-5
219.229978624	1.4740807E-5	2.5440209356020205E-5
219.228028928	-5.7919783E-4	4.414320210344158E-5
219.226079232	1.314807E-4	7.311700755963102E-5
219.224113152	7.9796516E-4	1.1564821033971384E-4
219.222163456	8.264804E-4	1.7473743355367333E-4
219.22021376	8.278483E-4	2.523039875086397E-4
219.21824768	6.387041E-4	3.4828425850719213E-4
219.216297984	5.952493E-4	4.598420637194067E-4
219.214348288	8.53112E-4	5.809779977425933E-4
219.212398592	6.444073E-4	7.027531391941011E-4
219.210432512	7.625195E-4	8.142289007082582E-4
219.208482816	-2.7307475E-5	9.039980359375477E-4
219.20653312	3.8639345E-4	9.62018093559891E-4
219.20456704	5.710014E-4	9.8136265296489E-4
219.202617344	0.0010978914	9.599204058758914E-4
219.200667648	4.2900495E-4	8.998243720270693E-4
219.198701568	9.822213E-4	8.085492299869657E-4
219.196751872	0.0014312103	6.972256232984364E-4
219.194802176	0.0010038657	5.789018468931317E-4
219.19285248	3.884773E-4	4.673130752053112E-4
219.1908864	7.8601256E-4	3.7526636151596904E-4
219.188936704	-6.0692597E-5	3.138537285849452E-4
219.186987008	1.8020983E-4	2.9209096101112664E-4
219.185020928	5.680032E-4	3.167390823364258E-4
219.183071232	4.0825928E-4	3.9188165101222694E-4
219.181121536	0.0010481827	5.179823492653668E-4
219.179155456	6.210518E-4	6.905563059262931E-4
219.17720576	4.6834705E-4	8.990020724013448E-4
219.175256064	1.8214069E-4	0.0011263435008004308
219.173306368	9.586092E-4	0.0013504901435226202
219.171340288	0.0011663985	0.00154698989354074
219.169390592	0.0016569359	0.0016929807607084513
219.167440896	0.0010362101	0.0017708486411720514
219.165474816	8.2305126E-4	0.001771018374711275
219.16352512	6.5139757E-4	0.0016942175570875406
219.161575424	5.6100875E-4	0.0015503499889746308
219.159609344	0.0010287104	0.0013572933385148644
219.157659648	8.623568E-4	0.0011375739704817533
219.155709952	4.624313E-4	9.146233787760139E-4
219.153760256	1.9954455E-4	7.091971347108483E-4
219.151794176	5.542101E-4	5.367669509723783E-4
219.14984448	8.400896E-4	4.0630190051160753E-4
219.147894784	0.0010286929	3.204138483852148E-4
219.145928704	5.230215E-4	2.763945085462183E-4
219.143979008	3.569611E-4	2.6762374909594655E-4
219.142029312	4.9656915E-4	2.84942943835631E-4
219.140063232	3.9002026E-4	3.1787436455488205E-4
219.138113536	7.7773404E-4	3.5573492641560733E-4
219.13616384	2.3639722E-4	3.8874364690855145E-4
219.134214144	1.989634E-4	4.090952279511839E-4
219.132248064	6.3970714E-4	4.118552024010569E-4
219.130298368	7.6272833E-4	3.9529622881673276E-4
219.128348672	5.32514E-4	3.61558108124882E-4
219.126382592	7.7677827E-4	3.146584494970739E-4
219.124432896	-1.4055886E-4	2.604242181405425E-4
219.1224832	4.4469704E-4	2.049943432211876E-4
219.12051712	-5.7249743E-4	1.5339915989898145E-4
219.118567424	2.832695E-4	1.0911437857430428E-4
219.116617728	9.574388E-4	7.377359725069255E-5
219.114651648	7.529476E-4	4.756085036206059E-5
219.112701952	7.204392E-5	2.932051029347349E-5
219.110752256	-2.5465264E-4	1.763190266501624E-5
219.10880256	-2.335272E-4	1.104049169953214E-5
219.10683648	2.0284306E-4	8.47514093038626E-6
219.104886784	1.3649494E-4	9.455399776925333E-6
219.102937088	-1.5077337E-4	1.4171691873343661E-5
219.100971008	-9.270784E-6	2.3455482732970268E-5
219.099021312	4.3169298E-4	3.863180609187111E-5
219.097071616	2.6935904E-4	6.123031198512763E-5
219.095105536	-3.6501623E-4	9.250421135220677E-5
219.09315584	1.9241015E-4	1.3302847219165415E-4
219.091206144	3.777154E-4	1.8183777865488082E-4
219.089256448	0.0010488519	2.3627153132110834E-4
219.087290368	6.288952E-4	2.9186662868596613E-4
219.085340672	4.8535243E-5	3.428278723731637E-4
219.083390976	4.2776886E-4	3.8297203718684614E-4
219.081424896	1.7470664E-4	4.0693642222322524E-4
219.0794752	8.829465E-4	4.11338172852993E-4
219.077525504	5.564967E-4	3.9554189424961805E-4
219.075559424	8.2864036E-4	3.6180790630169213E-4
219.073609728	8.665694E-4	3.147707902826369E-4
219.071660032	9.365334E-4	2.604140609037131E-4
219.069710336	4.7774526E-4	2.0483820117078722E-4
219.067744256	3.627807E-4	1.5316750796046108E-4
219.06579456	2.6303722E-4	1.0886520612984896E-4
219.063844864	9.049236E-4	7.354585250141099E-5
219.061878784	4.437024E-4	4.722555968328379E-5
219.059929088	1.7037622E-4	2.8824071705457754E-5
219.057979392	3.8288563E-4	1.6723044609534554E-5
219.056013312	2.7858952E-5	9.223148481396493E-6
219.054063616	1.5830559E-4	4.835803792957449E-6
219.05211392	-7.587781E-5	2.5174952043016674E-6
219.050164224	-1.2098512E-5	1.3992447520649876E-6
219.048198144	-3.5678403E-4	1.1009781246684724E-6
219.046248448	-2.0277027E-4	1.4922981108611566E-6
219.044298752	4.234764E-4	2.712530204007635E-6
219.042332672	-1.6538885E-4	5.141738256497774E-6
219.040382976	-3.394668E-4	9.582562597643118E-6
219.03843328	1.9622462E-4	1.6977222912828438E-5
219.0364672	1.8433815E-4	2.8592137823579833E-5
219.034517504	9.724238E-6	4.577271829475649E-5
219.032567808	1.4864567E-4	6.965156353544444E-5
219.030618112	8.816465E-5	1.0074227611767128E-4
219.028652032	5.7808525E-4	1.3850252435076982E-4
219.026702336	-1.10042914E-4	1.8100537999998778E-4
219.02475264	7.877901E-5	2.2488228569272906E-4
219.02278656	4.296152E-4	2.656484430190176E-4
219.020836864	4.2110315E-4	2.984074817504734E-4
219.018887168	4.2909436E-4	3.188002738170326E-4
219.016921088	6.23123E-5	3.2394539448432624E-4
219.014971392	3.304198E-4	3.1309694168157876E-4
219.013021696	2.8960707E-5	2.8781878063455224E-4
219.011072	-4.7528202E-4	2.5162132806144655E-4
219.00910592	3.2959106E-5	2.091720380121842E-4
219.007156224	5.279894E-4	1.653200451983139E-4
219.005206528	4.7940627E-4	1.2421159772202373E-4
219.003240448	-9.3339644E-5	8.87104106368497E-5
219.001290752	3.8924656E-4	6.0220852901693434E-5
218.999341056	3.89356E-4	3.885776823153719E-5
218.997374976	5.149083E-4	2.3832943043089472E-5
218.99542528	3.3398886E-4	1.3895213669457007E-5
218.993475584	2.6108028E-4	7.701085451117251E-6
218.991525888	-1.1670094E-4	4.057476417074213E-6
218.989559808	3.2109773E-4	2.03230274564703E-6
218.987610112	4.7855377E-5	9.677378329797648E-7
218.985660416	3.4248043E-4	4.380961797778582E-7
218.983694336	-9.371427E-5	1.885521498934395E-7
218.98174464	1.9014704E-4	7.715006944408742E-8
218.979794944	3.537845E-5	0.0
218.977828864	9.2862705E-5	0.0
218.975879168	2.243175E-4	0.0
218.973929472	4.8513344E-4	0.0
218.971963392	8.680297E-4	0.0
218.970013696	9.3080435E-4	0.0
218.968064	9.312487E-5	0.0
218.966114304	1.4801517E-4	0.0
218.964148224	2.758769E-4	0.0
218.962198528	4.131564E-4	0.0
218.960248832	4.7739368E-4	0.0
218.958282752	-1.1048157E-4	0.0
218.956333056	-4.8997736E-4	0.0
218.95438336	-2.153401E-4	0.0
218.95241728	-2.4988714E-5	0.0
218.950467584	1.0338106E-4	0.0
218.948517888	9.804319E-5	0.0
218.946568192	-1.0308045E-5	0.0
218.944602112	2.0346868E-4	0.0
218.942652416	4.2897748E-4	0.0
218.94070272	4.8012246E-4	0.0
218.93873664	2.6535924E-4	9.694641533997128E-8
218.936786944	1.5708555E-4	2.3205646471069485E-7
218.934837248	-1.8652009E-4	5.280562049847504E-7
218.932871168	-4.4543965E-4	1.142328983405605E-6
218.930921472	2.5161175E-4	2.3491959382226923E-6
218.928971776	-1.7873842E-4	4.592621280608E-6
218.92702208	-2.7685676E-4	8.535072083759587E-6
218.925056	-5.477992E-4	1.5078184333106037E-5
218.923106304	-2.697936E-4	2.5320314307464287E-5
218.921156608	-1.768668E-5	4.041610736749135E-5
218.919190528	1.2108574E-4	6.131870759418234E-5
218.917240832	-1.2260971E-4	8.842600072966889E-5
218.915291136	-1.4531186E-4	1.2120495375711471E-4
218.913325056	-3.2444572E-4	1.5791982877999544E-4
218.91137536	1.5697496E-4	1.9559891370590776E-4
218.909425664	2.7731602E-4	2.303348301211372E-4
218.907475968	7.435205E-4	2.5791078223846853E-4
218.905509888	9.399504E-4	2.7462761499918997E-4
218.903560192	0.0012080934	2.781083167064935E-4
218.901610496	0.0014800996	2.678463642951101E-4
218.899644416	0.0014768684	2.4532416136935353E-4
218.89769472	0.0014342003	2.1366693545132875E-4
218.895745024	0.0014787762	1.7693947302177548E-4
218.893778944	0.0013132774	1.392994454363361E-4
218.891829248	7.552659E-4	1.0424742504255846E-4
218.889879552	5.485032E-4	7.455043669324368E-5
218.887929856	5.8663456E-4	5.110012352815829E-5
218.885963776	4.6484574E-4	3.4447250072844326E-5
218.88401408	7.672335E-5	2.4578257580287755E-5
218.882064384	7.714902E-4	2.211048013123218E-5
218.880098304	4.9271114E-4	2.7691450668498874E-5
218.878148608	4.2704708E-4	4.404082937981002E-5
218.876198912	-7.491226E-5	7.548061694251373E-5
218.874232832	6.4074696E-4	1.2814068759325892E-4
218.872283136	5.2472606E-4	2.0944072457496077E-4
218.87033344	1.4958422E-4	3.2686744816601276E-4
218.868383744	8.948107E-5	4.860362969338894E-4
218.866417664	5.1723846E-4	6.883073947392404E-4
218.864467968	6.189808E-4	9.287339053116739E-4
218.862518272	0.0010015123	0.0011947243474423885
218.860552192	0.0011169164	0.0014667203649878502
218.858602496	0.0011157192	0.0017204741016030312
218.8566528	0.0011579405	0.0019307233160361648
218.85468672	0.0010873774	0.0020752784330397844
218.852737024	5.156517E-4	0.0021385878790169954
218.850787328	9.659178E-4	0.0021141052711755037
218.848821248	9.779445E-4	0.00200515310280025
218.846871552	0.0011724656	0.0018242629012092948
218.844921856	0.0010298494	0.0015911225927993655
218.84297216	6.4146967E-4	0.0013294332893565297
218.84100608	6.5935316E-4	0.0010632035555317998
218.839056384	2.8431002E-4	8.132329676300287E-4
218.837106688	6.43198E-4	5.945312441326678E-4
218.835140608	3.0376116E-4	4.15216782130301E-4
218.833190912	5.260371E-4	2.769172715488821E-4
218.831241216	8.447527E-4	1.763121399562806E-4
218.829275136	3.6855793E-4	1.0714403470046818E-4
218.82732544	8.032588E-4	6.213233427843079E-5
218.825375744	4.7479972E-4	3.4373762900941074E-5
218.823426048	4.2085542E-4	1.813804374251049E-5
218.821459968	2.5312562E-4	9.126033546635881E-6
218.819510272	2.2640226E-4	4.3770460251835175E-6
218.817560576	1.8918023E-5	1.8256450857734308E-6
218.815594496	2.2613055E-4	8.057326112975716E-7
218.8136448	1.4587662E-4	3.380408486464148E-7
218.811695104	-3.2488554E-4	0.0
218.809729024	4.5075297E-4	0.0
218.807779328	1.5702106E-4	0.0
218.805829632	-1.517792E-4	0.0
218.803879936	-1.3555626E-4	0.0
218.801913856	4.910548E-4	0.0
218.79996416	6.2819506E-4	0.0
218.798014464	-1.8532334E-4	0.0
218.796048384	-3.6557548E-4	0.0
218.794098688	-7.148154E-4	0.0
218.792148992	-3.6932918E-4	0.0
218.790182912	-5.472957E-5	0.0
218.788233216	-1.4265037E-4	0.0
218.78628352	2.480406E-4	0.0
218.784333824	1.2153254E-4	0.0
218.782367744	-1.655908E-5	0.0
218.780418048	6.745769E-7	0.0
218.778468352	2.0774149E-5	0.0
218.776502272	-2.8043685E-5	0.0
218.774552576	1.0167674E-4	0.0
218.77260288	2.0455693E-4	0.0
218.7706368	-1.7393792E-4	0.0
218.768687104	2.0161395E-4	0.0
218.766737408	3.0262518E-4	0.0
218.764787712	-8.537833E-6	0.0
218.762821632	-1.1270766E-4	0.0
218.760871936	-3.7558348E-4	0.0
218.75892224	-3.0405837E-4	0.0
218.75695616	-6.222552E-4	0.0
218.755006464	-5.6346244E-4	0.0
218.753056768	-6.4043555E-4	0.0
218.751090688	-5.7155587E-4	0.0
218.749140992	-8.7452127E-4	0.0
218.747191296	-7.1562495E-4	0.0
218.7452416	-3.1600584E-4	0.0
218.74327552	1.5385154E-4	0.0
218.741325824	-3.0224997E-4	0.0
218.739376128	-5.5939815E-4	0.0
218.737410048	-7.805053E-4	0.0
218.735460352	-3.7248567E-4	0.0
218.733510656	-1.1059053E-4	0.0
218.731544576	-4.180973E-7	0.0
218.72959488	2.2692031E-4	0.0
218.727645184	5.5142894E-4	0.0
218.725679104	5.4142374E-4	0.0
218.723729408	6.685644E-4	0.0
218.721779712	-1.3728479E-4	0.0
218.719830016	-4.8151873E-5	0.0
218.717863936	2.1458401E-4	0.0
218.71591424	3.4301607E-5	0.0
218.713964544	5.946968E-4	0.0
218.711998464	3.2909337E-4	1.9500357950619218E-7
218.710048768	2.2101829E-4	4.795699055648583E-7
218.708099072	4.3162057E-4	1.121083300859027E-6
218.706132992	3.3989927E-4	2.491111899871612E-6
218.704183296	-3.531875E-4	5.26155008628848E-6
218.7022336	2.2011327E-4	1.0562895113253035E-5
218.700283904	7.690356E-5	2.0154795492999256E-5
218.698317824	9.392837E-5	3.65484447684139E-5
218.696368128	2.2986073E-4	6.29813366685994E-5
218.694418432	4.7831243E-4	1.0312473023077473E-4
218.692452352	3.3283286E-4	1.604263234185055E-4
218.690502656	2.7004635E-4	2.370940346736461E-4
218.68855296	6.555103E-4	3.3288716804236174E-4
218.68658688	0.0012634326	4.4406979577615857E-4
218.684637184	0.001282228	5.629610386677086E-4
218.682687488	7.6858216E-4	6.784553406760097E-4
218.680737792	8.240359E-4	7.775892736390233E-4
218.678771712	0.0010193199	8.478759555146098E-4
218.676822016	0.0010109964	8.798262570053339E-4
218.67487232	0.001100679	8.689701207913458E-4
218.67290624	0.001311134	8.16836953163147E-4
218.670956544	0.0011838394	7.306169718503952E-4
218.669006848	5.442489E-4	6.216081092134118E-4
218.667040768	6.168264E-4	5.028533050790429E-4
218.665091072	5.3727656E-4	3.866394399665296E-4
218.663141376	7.3927833E-4	2.8248116723261774E-4
218.66119168	6.4974494E-4	1.9607364083640277E-4
218.6592256	3.4922297E-4	1.2929399963468313E-4
218.657275904	6.639935E-4	8.09989869594574E-5
218.655326208	6.2754756E-4	4.8213292757282034E-5
218.653360128	2.9322162E-4	2.7269983547739685E-5
218.651410432	-1.5569704E-4	1.4658026884717401E-5
218.649460736	1.4163282E-4	7.488260052923579E-6
218.647494656	3.4186366E-4	3.636015208030585E-6
218.64554496	1.570646E-4	1.6781224303485942E-6
218.643595264	9.543083E-5	7.361958296314697E-7
218.641645568	1.9800577E-4	3.06996241761226E-7
218.639679488	1.4883776E-4	0.0
218.637729792	2.5129324E-4	0.0
218.635780096	1.8704504E-4	0.0
218.633814016	-1.4957207E-5	0.0
218.63186432	2.7581915E-4	0.0
218.629914624	7.4646116E-4	0.0
218.627948544	-1.9180698E-4	0.0
218.625998848	-1.9648967E-4	0.0
218.624049152	4.8822323E-5	0.0
218.622099456	8.751725E-4	0.0
218.620133376	4.7724886E-4	0.0
218.61818368	2.4196699E-4	0.0
218.616233984	2.2912335E-4	0.0
218.614267904	-5.9379432E-5	1.291950724180424E-7
218.612318208	-3.8015348E-4	3.0459528943538317E-7
218.610368512	-1.8499156E-4	6.825880518590566E-7
218.608402432	9.831839E-5	1.4539548374159494E-6
218.606452736	1.209329E-5	2.943712843261892E-6
218.60450304	-1.8997749E-5	5.664793206960894E-6
218.602553344	2.4673302E-4	1.0361219210608397E-5
218.600587264	1.5409973E-4	1.801198595785536E-5
218.598637568	7.619459E-5	2.9759248718619347E-5
218.596687872	3.4469907E-4	4.672805516747758E-5
218.594721792	-2.0258331E-4	6.972978007979691E-5
218.592772096	-5.0133787E-4	9.888764907373115E-5
218.5908224	3.434781E-4	1.3327854685485363E-4
218.58885632	5.557887E-4	1.7072616901714355E-4
218.586906624	3.709661E-4	2.0787595713045448E-4
218.584956928	5.683299E-4	2.4061631120275706E-4
218.582990848	2.9788289E-4	2.6479855296202004E-4
218.581041152	5.1917165E-4	2.7708883862942457E-4
218.579091456	6.24199E-4	2.7571365353651345E-4
218.57714176	7.5081416E-4	2.608738432172686E-4
218.57517568	3.1618663E-4	2.3469749430660158E-4
218.573225984	2.1420357E-4	2.0074569329153746E-4
218.571276288	4.8588176E-4	1.6322615556418896E-4
218.569310208	3.0274276E-4	1.2615024752449244E-4
218.567360512	1.7678489E-4	9.266199049307033E-5
218.565410816	4.893947E-4	6.4685387769714E-5
218.563444736	4.2147777E-4	4.291341610951349E-5
218.56149504	8.5123006E-4	2.7056184990215115E-5
218.559545344	9.1185626E-5	1.621204864932224E-5
218.557595648	2.78947E-4	9.232551747118123E-6
218.555629568	3.4054235E-4	4.99726775160525E-6
218.553679872	2.5862438E-4	2.570879360064282E-6
218.551730176	1.8572745E-4	1.2571235856739804E-6
218.549764096	4.029009E-4	5.842945824952039E-7
218.5478144	2.1356002E-4	2.581300861947966E-7
218.545864704	3.6474742E-4	1.0839379882554567E-7
218.543898624	2.3415669E-4	0.0
218.541948928	-1.4379497E-4	0.0
218.539999232	-1.2229632E-4	0.0
218.538049536	2.2567001E-4	0.0
218.536083456	8.602227E-6	0.0
218.53413376	3.166387E-5	0.0
218.532184064	-7.574644E-4	0.0
218.530217984	-4.7265197E-4	0.0
218.528268288	-2.2451083E-4	0.0
218.526318592	2.1058584E-4	0.0
218.524352512	-6.385141E-5	0.0
218.522402816	-2.1850473E-4	0.0
218.52045312	2.432287E-4	0.0
218.518503424	6.348437E-5	0.0
218.516537344	-2.027273E-5	4.128586184037886E-8
218.514587648	-2.6184967E-4	1.0134643702031099E-7
218.512637952	8.707221E-5	2.364580211633438E-7
218.510671872	-1.5947146E-4	5.243742293714604E-7
218.508722176	1.3091236E-4	1.1052632089558756E-6
218.50677248	1.1515647E-4	2.2142323814478004E-6
218.5048064	1.0319689E-4	4.216112756694201E-6
218.502856704	2.0322793E-4	7.630008440173697E-6
218.500907008	1.58856E-4	1.3123545613780152E-5
218.498957312	-2.2042815E-4	2.1452819055411965E-5
218.496991232	-3.4521444E-4	3.332836786285043E-5
218.495041536	-3.7200208E-4	4.920773426420055E-5
218.49309184	-4.654149E-4	6.904696783749387E-5
218.49112576	-1.919071E-4	9.225257235812023E-5
218.489176064	-1.7530534E-4	1.1712833656929433E-4
218.487226368	-6.3144875E-4	1.4157310943119228E-4
218.485260288	-7.161395E-4	1.6314999083988369E-4
218.483310592	-5.326962E-4	1.7975213995669037E-4
218.481360896	-1.8721369E-4	1.9028449605684727E-4
218.4794112	-1.176134E-4	1.9524457457009703E-4
218.47744512	-3.442638E-4	1.9701113342307508E-4
218.475495424	-4.0182745E-4	1.996940263779834E-4
218.473545728	-1.3991508E-4	2.0848620624747127E-4
218.471579648	-8.343533E-4	2.2857853036839515E-4
218.469629952	-6.7315757E-4	2.638213336467743E-4
218.467680256	-6.54228E-4	3.15428915200755E-4
218.465714176	-5.276391E-4	3.810939087998122E-4
218.46376448	-6.942865E-4	4.5482354471459985E-4
218.461814784	-7.621082E-4	5.276855081319809E-4
218.459848704	-2.0353978E-4	5.89374452829361E-4
218.457899008	4.663135E-4	6.302627152763307E-4
218.455949312	4.5738654E-4	6.434145616367459E-4
218.453999616	5.5737543E-4	6.260443478822708E-4
218.452033536	4.9043825E-4	5.800324724987149E-4
218.45008384	5.5736984E-4	5.113864899612963E-4
218.448134144	7.0554466E-4	4.2881962144747376E-4
218.446168064	6.866153E-4	3.4186040284112096E-4
218.444218368	2.2923209E-4	2.5899786851368845E-4
218.442268672	3.8281614E-5	1.8647316028364003E-4
218.440302592	3.7477684E-4	1.275548420380801E-4
218.438352896	2.0729292E-4	8.289559627883136E-5
218.4364032	4.4612755E-4	5.118467743159272E-5
218.434453504	6.1531184E-4	3.0029554181965068E-5
218.432487424	5.369832E-4	1.6741501895012334E-5
218.430537728	4.1837926E-4	8.869675184541848E-6
218.428588032	-2.697895E-5	4.465945949050365E-6
218.426621952	1.4430664E-4	2.13712201002636E-6
218.424672256	2.756655E-4	9.720009757074877E-7
218.42272256	9.540302E-6	4.201771730549808E-7
218.42075648	-1.6640259E-4	1.7263589313643024E-7
218.418806784	-3.2240496E-4	0.0
218.416857088	2.4219959E-4	0.0
218.414907392	8.6438196E-4	0.0
218.412941312	5.453714E-4	0.0
218.410991616	6.338624E-4	0.0
218.40904192	6.233857E-4	0.0
218.40707584	7.764046E-4	0.0
218.405126144	4.5281096E-4	0.0
218.403176448	6.56313E-5	0.0
218.401210368	6.804476E-4	0.0
218.399260672	7.423682E-4	0.0
218.397310976	0.0011959429	0.0
218.39536128	7.0796424E-4	0.0
218.3933952	2.2493054E-4	0.0
218.391445504	-9.36089E-6	0.0
218.389495808	3.6169607E-5	0.0
218.387529728	2.4975796E-4	0.0
218.385580032	2.4098491E-4	0.0
218.383630336	5.2272977E-4	0.0
218.381664256	4.827644E-4	0.0
218.37971456	1.4716767E-4	0.0
218.377764864	2.2234216E-4	0.0
218.375815168	-2.5548198E-4	0.0
218.373849088	-8.271721E-5	0.0
218.371899392	1.6680287E-5	0.0
218.369949696	-4.1359308E-4	1.3610407734176988E-7
218.367983616	-2.4912244E-4	3.3578791658328555E-7
218.36603392	4.2560097E-4	7.873534855207254E-7
218.364084224	2.0372921E-4	1.7546059325468377E-6
218.362118144	5.2091695E-4	3.7161094041948672E-6
218.360168448	6.928044E-4	7.479703526769299E-6
218.358218752	4.744167E-4	1.4307214769360144E-5
218.356269056	3.1511365E-5	2.6006146072177216E-5
218.354302976	5.3839824E-5	4.491754589253105E-5
218.35235328	1.8632117E-4	7.485567039111629E-5
218.350403584	1.3581776E-5	1.1760920460801572E-4
218.348437504	-1.7952819E-4	1.762048341333866E-4
218.346487808	-1.6110732E-4	2.5218119844794273E-4
218.344538112	-8.133629E-5	3.4564078669063747E-4
218.342572032	7.8647E-5	4.5528847840614617E-4
218.340622336	3.4739525E-4	5.790614522993565E-4
218.33867264	-1.125675E-4	7.152094040066004E-4
218.336722944	3.007956E-4	8.633779943920672E-4
218.334756864	6.848628E-4	0.0010250157210975885
218.332807168	7.523783E-4	0.0012025277828797698
218.330857472	3.5986683E-4	0.0013970708241686225
218.328891392	8.19468E-4	0.0016055897576734424
218.326941696	2.8828258E-4	0.0018183389911428094
218.324992	-1.7605389E-4	0.0020182710140943527
218.32302592	-6.208631E-4	0.002182978903874755
218.321076224	-5.963232E-4	0.0022889242973178625
218.319126528	-4.515205E-4	0.0023166353348642588
218.317160448	1.8904761E-4	0.002255372703075409
218.315210752	1.6152959E-4	0.0021060218568891287
218.313261056	6.5178676E-5	0.0018815279472619295
218.31131136	-4.6644294E-5	0.0016047490062192082
218.30934528	2.190943E-5	0.0013041435740888119
218.307395584	-8.989305E-5	0.0010083051165565848
218.305445888	-5.0872266E-5	7.408280507661402E-4
218.303479808	1.5850931E-4	5.168862990103662E-4
218.301530112	-7.38601E-5	3.423612506594509E-4
218.299580416	-1.2503405E-5	2.1526448836084455E-4
218.297614336	3.7925394E-4	1.2842027354054153E-4
218.29566464	1.7957839E-4	7.281775469891727E-5
218.293714944	3.7484855E-4	3.921689494745806E-5
218.291765248	6.4238074E-4	2.0064786440343596E-5
218.289799168	1.7052663E-4	9.754226084623951E-6
218.287849472	-1.3072153E-4	4.506051482167095E-6
218.285899776	-1.7937079E-4	1.9781957689701812E-6
218.283933696	-3.2741617E-4	8.253487067122478E-7
218.281984	9.831327E-5	0.0
218.280034304	2.3376786E-4	0.0
218.278068224	3.4486206E-4	0.0
218.276118528	2.3994742E-4	0.0
218.274168832	4.5574934E-6	0.0
218.272219136	-1.2205884E-4	0.0
218.270253056	6.3575833E-4	0.0
218.26830336	1.2974728E-4	0.0
218.266353664	1.2360544E-4	0.0
218.264387584	2.7468262E-5	0.0
218.262437888	-1.0722799E-4	0.0
218.260488192	-4.6900408E-5	0.0
218.258522112	-2.1809891E-4	0.0
218.256572416	6.8570786E-5	0.0
218.25462272	-2.2590792E-5	0.0
218.252673024	-1.30098115E-5	0.0
218.250706944	4.0597218E-4	0.0
218.248757248	-9.9725024E-5	0.0
218.246807552	-1.6006331E-4	0.0
218.244841472	-4.23495E-5	0.0
218.242891776	-2.9394336E-5	0.0
218.24094208	1.9643463E-4	0.0
218.238976	-1.362487E-4	0.0
218.237026304	-3.8823596E-4	0.0
218.235076608	-3.306956E-4	0.0
218.233126912	-5.1179127E-4	0.0
218.231160832	-4.1228713E-4	0.0
218.229211136	-2.3191578E-4	0.0
218.22726144	-8.003824E-4	0.0
218.22529536	-0.0013992918	0.0
218.223345664	-0.0013267902	0.0
218.221395968	-0.001258857	0.0
218.219429888	-0.0010371326	0.0
218.217480192	-0.0016113908	0.0
218.215530496	-0.0013193147	0.0
218.2135808	-0.001084387	0.0
218.21161472	-7.378896E-4	0.0
218.209665024	-0.0010112919	0.0
218.207715328	-0.0012014948	0.0
218.205749248	-0.0010925167	0.0
218.203799552	-0.0012170061	0.0
218.201849856	-0.0011766594	0.0
218.199883776	-8.849592E-4	0.0
218.19793408	-6.760214E-4	0.0
218.195984384	5.6125755E-5	0.0
218.194018304	-4.3632527E-4	0.0
218.192068608	-2.046739E-4	0.0
218.190118912	3.402873E-5	0.0
218.188169216	5.061825E-4	0.0
218.186203136	1.7141186E-4	0.0
218.18425344	-1.432832E-4	0.0
218.182303744	-7.7350465E-5	0.0
218.180337664	-2.8520793E-4	0.0
218.178387968	1.547966E-4	0.0
218.176438272	1.3358549E-4	0.0
218.174472192	-3.231556E-4	0.0
218.172522496	-4.590095E-4	0.0
218.1705728	-1.8489307E-4	0.0
218.168623104	1.11046545E-4	0.0
218.166657024	-1.8929054E-4	0.0
218.164707328	-2.9380637E-4	0.0
218.162757632	-4.071014E-5	0.0
218.160791552	-1.5708308E-4	0.0
