234.319003648	2.415883E-5	0.0
234.320986112	-1.8101014E-4	0.0
234.322952192	4.691081E-5	0.0
234.324918272	4.8487877E-6	0.0
234.326900736	1.3728612E-4	0.0
234.328866816	1.5729605E-4	0.0
234.33084928	2.0668781E-4	0.0
234.33281536	3.7100012E-4	0.0
234.33478144	2.8785467E-4	0.0
234.336763904	3.1473496E-4	0.0
234.338729984	3.1943116E-4	0.0
234.340712448	5.7081783E-5	0.0
234.342678528	-2.050492E-4	0.0
234.344644608	-4.1638015E-4	0.0
234.346627072	-1.6476322E-4	0.0
234.348593152	7.80703E-5	0.0
234.350575616	3.3005452E-4	0.0
234.352541696	2.009504E-4	0.0
234.354507776	-1.8555582E-5	0.0
234.35649024	-7.564752E-5	0.0
234.35845632	3.853937E-4	0.0
234.360438784	3.7035052E-4	0.0
234.362404864	3.2605694E-5	0.0
234.364370944	-3.0356777E-4	0.0
234.366353408	5.3777218E-5	0.0
234.368319488	-2.0549982E-7	0.0
234.370301952	-3.7047642E-4	0.0
234.372268032	-2.4136822E-4	0.0
234.374234112	-5.2673884E-5	0.0
234.376216576	-1.582215E-5	0.0
234.378182656	1.2460313E-4	0.0
234.38016512	-5.1880863E-5	0.0
234.3821312	9.373153E-6	0.0
234.38409728	2.458816E-4	0.0
234.386079744	-2.717639E-4	0.0
234.388045824	-4.7424008E-4	0.0
234.390028288	1.1208127E-4	0.0
234.391994368	5.18568E-4	0.0
234.393960448	2.7809883E-4	0.0
234.395942912	3.4782648E-4	0.0
234.397908992	5.412238E-6	0.0
234.399891456	-5.8289992E-5	0.0
234.401857536	-1.2710333E-4	0.0
234.403823616	1.2973542E-4	0.0
234.40580608	-1.4368669E-4	0.0
234.40777216	3.0107083E-4	0.0
234.409754624	2.3948782E-4	0.0
234.411720704	-2.0240215E-4	0.0
234.413686784	-1.1444665E-4	0.0
234.415669248	-7.093096E-6	0.0
234.417635328	2.2544977E-4	0.0
234.419617792	3.2223164E-4	0.0
234.421583872	4.2224358E-4	0.0
234.423549952	6.1284605E-5	0.0
234.425532416	1.9053867E-4	0.0
234.427498496	2.6645893E-4	0.0
234.42948096	1.416312E-4	0.0
234.43144704	2.38899E-4	0.0
234.43341312	3.0711372E-4	0.0
234.435395584	3.333116E-4	0.0
234.437361664	1.5425993E-4	0.0
234.439344128	7.8688696E-5	0.0
234.441310208	-8.2094135E-5	0.0
234.443276288	-2.158983E-5	0.0
234.445258752	-1.4672187E-4	0.0
234.447224832	-2.4247952E-4	0.0
234.449207296	-2.0369809E-4	0.0
234.451173376	-1.8810379E-4	0.0
234.453139456	-2.3926026E-7	0.0
234.45512192	8.1003265E-5	0.0
234.457088	4.550521E-5	0.0
234.459070464	9.095445E-5	0.0
234.461036544	1.0654595E-4	0.0
234.463002624	3.6813643E-5	0.0
234.464985088	-6.0417366E-5	0.0
234.466951168	-1.0737116E-4	0.0
234.468933632	-3.06643E-4	0.0
234.470899712	-3.911718E-4	0.0
234.472865792	2.4038922E-5	0.0
234.474848256	2.5187242E-5	0.0
234.476814336	1.5249333E-5	0.0
234.4787968	-1.2512566E-4	0.0
234.48076288	-4.68764E-5	0.0
234.48272896	2.8706012E-5	0.0
234.484711424	1.5732119E-4	0.0
234.486677504	2.6750713E-4	0.0
234.488659968	4.0671424E-4	0.0
234.490626048	4.7418833E-4	0.0
234.492592128	1.0887705E-4	0.0
234.494574592	-4.6055207E-5	0.0
234.496540672	2.9442223E-5	0.0
234.498523136	8.484916E-5	0.0
234.500489216	1.557902E-5	0.0
234.502455296	1.2161871E-4	0.0
234.50443776	2.1835379E-4	0.0
234.50640384	-3.9773204E-5	0.0
234.508386304	-3.3286892E-4	0.0
234.510352384	-2.366371E-4	0.0
234.512318464	-4.1747748E-4	0.0
234.514300928	-3.3167438E-4	0.0
234.516267008	1.5238169E-4	0.0
234.518249472	4.1823005E-4	0.0
234.520215552	3.5452246E-4	0.0
234.522181632	-9.254078E-5	0.0
234.524164096	-1.6520862E-4	0.0
234.526130176	1.0718181E-4	0.0
234.52811264	2.2328258E-4	0.0
234.53007872	3.1932638E-4	0.0
234.532061184	1.6924934E-4	0.0
234.534027264	-1.7048596E-4	0.0
234.535993344	-5.8947273E-5	0.0
234.537975808	5.4716456E-5	0.0
234.539941888	-6.600181E-5	0.0
234.541924352	-8.3898805E-5	0.0
234.543890432	-1.2180922E-4	0.0
234.545856512	-1.3080999E-4	0.0
234.547838976	-1.0158951E-4	0.0
234.549805056	-1.8566931E-4	0.0
234.55178752	-2.886397E-4	0.0
234.5537536	1.0884224E-5	0.0
234.55571968	4.584724E-5	0.0
234.557702144	3.3460752E-4	0.0
234.559668224	5.3612643E-4	0.0
234.561650688	1.2467624E-4	0.0
234.563616768	-2.8065327E-4	0.0
234.565582848	-1.8867842E-4	0.0
234.567565312	-4.3345898E-4	0.0
234.569531392	-2.3183637E-4	0.0
234.571513856	-1.0743379E-4	0.0
234.573479936	-5.5925025E-6	0.0
234.575446016	5.8354668E-5	0.0
234.57742848	3.6053916E-5	0.0
234.57939456	1.4284611E-4	0.0
234.581377024	-2.9034368E-4	0.0
234.583343104	-4.8933925E-5	0.0
234.585309184	2.4992097E-4	0.0
234.587291648	6.3095795E-5	0.0
234.589257728	1.2745927E-4	0.0
234.591240192	3.4459503E-4	0.0
234.593206272	1.9100923E-4	0.0
234.595172352	1.5225899E-4	0.0
234.597154816	4.9853267E-4	0.0
234.599120896	3.5176365E-4	0.0
234.60110336	9.316797E-5	0.0
234.60306944	1.353946E-4	0.0
234.60503552	2.63183E-4	0.0
234.607017984	-5.2921616E-5	0.0
234.608984064	2.2759088E-4	0.0
234.610966528	1.3643396E-4	0.0
234.612932608	3.1335637E-4	0.0
234.614898688	3.8557322E-4	0.0
234.616881152	3.058406E-4	0.0
234.618847232	1.3461764E-4	0.0
234.620829696	5.5366114E-4	0.0
234.622795776	4.528252E-4	0.0
234.624761856	3.940918E-4	0.0
234.62674432	2.6789782E-4	0.0
234.6287104	-4.2308962E-5	0.0
234.630692864	-1.1458775E-4	0.0
234.632658944	2.2250143E-4	0.0
234.634625024	-2.1218034E-4	0.0
234.636607488	-5.2733754E-4	0.0
234.638573568	2.3470225E-6	0.0
234.640556032	5.784872E-4	0.0
234.642522112	-3.0517023E-5	0.0
234.644488192	2.1743131E-4	0.0
234.646470656	-2.9056011E-5	0.0
234.648436736	-8.3344406E-7	0.0
234.6504192	1.3148677E-4	0.0
234.65238528	1.5652398E-4	0.0
234.65435136	1.35329055E-5	0.0
234.656333824	2.3583331E-4	0.0
234.658299904	9.214002E-5	0.0
234.660282368	6.683203E-5	0.0
234.662248448	3.3335722E-4	0.0
234.664214528	3.9379587E-4	0.0
234.666196992	4.335862E-6	0.0
234.668163072	-3.8354137E-4	0.0
234.670145536	7.023159E-5	0.0
234.672111616	-1.0812693E-4	0.0
234.674077696	-2.6096325E-4	0.0
234.67606016	6.810654E-5	0.0
234.67802624	3.3041797E-4	0.0
234.680008704	1.7857467E-4	0.0
234.681974784	2.4555702E-4	0.0
234.683940864	2.5953175E-4	0.0
234.685923328	7.6708704E-5	0.0
234.687889408	1.8619545E-4	0.0
234.689871872	2.7362336E-4	0.0
234.691837952	3.2431548E-4	0.0
234.693804032	7.765772E-5	0.0
234.695786496	-2.3522825E-4	0.0
234.697752576	-5.442733E-5	0.0
234.69973504	8.4193045E-5	0.0
234.70170112	5.976143E-5	0.0
234.7036672	-8.5913955E-5	0.0
234.705649664	-6.366652E-5	0.0
234.707615744	-1.01827696E-4	0.0
234.709598208	-5.597123E-5	0.0
234.711564288	7.1659306E-5	0.0
234.713530368	1.7035878E-4	0.0
234.715512832	2.354382E-4	0.0
234.717478912	4.162298E-4	0.0
234.719461376	3.5279882E-4	0.0
234.721427456	1.479167E-4	0.0
234.723393536	1.9332775E-4	0.0
234.725376	9.3700015E-7	0.0
234.72734208	-3.78612E-5	0.0
234.729324544	1.5505994E-4	0.0
234.731290624	2.0294506E-4	0.0
234.733256704	3.3975192E-4	0.0
234.735239168	1.1567175E-4	0.0
234.737205248	-1.890556E-4	0.0
234.739187712	-5.9283713E-5	0.0
234.741153792	-5.071997E-5	0.0
234.743119872	-9.354824E-5	0.0
234.745102336	-1.2684756E-5	0.0
234.747068416	-1.2461227E-4	0.0
234.74905088	-5.214699E-5	0.0
234.75101696	2.4141357E-4	0.0
234.75298304	2.5024483E-4	0.0
234.754965504	1.4152713E-4	0.0
234.756931584	3.0314768E-4	0.0
234.758914048	1.11459376E-4	0.0
234.760880128	1.5636775E-4	0.0
234.762846208	1.9382531E-4	0.0
234.764828672	6.674169E-5	0.0
234.766794752	1.394384E-4	0.0
234.768777216	7.100063E-5	0.0
234.770743296	-5.5650857E-5	0.0
234.772709376	-1.2455616E-4	0.0
234.77469184	-7.6281984E-5	0.0
234.77665792	-2.5407565E-4	0.0
234.778640384	-1.20168E-4	0.0
234.780606464	-3.450845E-4	0.0
234.782572544	1.9282414E-4	0.0
234.784555008	5.756606E-4	0.0
234.786521088	4.4068703E-4	0.0
234.788503552	2.2205882E-4	0.0
234.790469632	1.863922E-4	0.0
234.792435712	-2.1448735E-5	0.0
234.794418176	-6.9408125E-5	0.0
234.796384256	2.270654E-6	0.0
234.79836672	-1.9690968E-4	0.0
234.8003328	-4.3841815E-4	0.0
234.80229888	-1.8897411E-4	0.0
234.804281344	-3.2618365E-4	0.0
234.806247424	-2.260468E-4	0.0
234.808229888	-1.3837582E-4	0.0
234.810195968	-5.1909734E-5	0.0
234.812162048	-1.1170996E-4	0.0
234.814144512	-2.019635E-4	0.0
234.816110592	2.5321692E-4	0.0
234.818093056	-1.9349987E-4	0.0
234.820059136	-3.6563133E-4	0.0
234.822025216	-1.3495787E-4	0.0
234.82400768	1.6866341E-5	0.0
234.82597376	1.728787E-4	0.0
234.827956224	8.181398E-5	0.0
234.829922304	-9.525256E-5	0.0
234.831888384	3.086319E-5	0.0
234.833870848	6.5001135E-4	0.0
234.835836928	9.442572E-5	0.0
234.837819392	-2.5986056E-4	0.0
234.839785472	-2.5423177E-4	0.0
234.841767936	-6.6870736E-5	0.0
234.843734016	1.51252E-4	0.0
234.845700096	2.4676937E-4	0.0
234.84768256	-1.2643999E-4	0.0
234.84964864	1.3160144E-5	0.0
234.851631104	1.8205246E-4	0.0
234.853597184	-2.157004E-5	0.0
234.855563264	-1.1873213E-4	0.0
234.857545728	-1.447328E-4	0.0
234.859511808	1.0997112E-4	0.0
234.861494272	2.268514E-4	0.0
234.863460352	2.5626128E-5	0.0
234.865426432	1.370917E-4	0.0
234.867408896	-1.3011709E-4	0.0
234.869374976	-2.3514559E-4	0.0
234.87135744	2.0932961E-5	0.0
234.87332352	1.6970802E-4	0.0
234.8752896	1.4546755E-4	0.0
234.877272064	-2.3165453E-4	0.0
234.879238144	-5.2289164E-4	0.0
234.881220608	-6.546537E-5	0.0
234.883186688	2.7337446E-4	0.0
234.885152768	1.6846586E-4	0.0
234.887135232	-1.19169854E-4	0.0
234.889101312	1.6507725E-4	0.0
234.891083776	3.54081E-4	0.0
234.893049856	4.546167E-5	0.0
234.895015936	4.0903546E-5	0.0
234.8969984	1.3646294E-5	0.0
234.89896448	-1.7605317E-4	0.0
234.900946944	-5.7424793E-5	0.0
234.902913024	1.7375112E-4	0.0
234.904879104	6.423434E-5	0.0
234.906861568	-1.4560032E-4	0.0
234.908827648	-2.9252542E-4	0.0
234.910810112	-2.0678472E-4	0.0
234.912776192	-1.9713622E-4	0.0
234.914742272	-7.089731E-5	0.0
234.916724736	9.875136E-6	0.0
234.918690816	-1.4826623E-4	0.0
234.92067328	-4.5670933E-4	0.0
234.92263936	-2.5810456E-4	0.0
234.92460544	1.8004127E-4	0.0
234.926587904	3.2658E-4	0.0
234.928553984	2.452669E-4	0.0
234.930536448	-9.197186E-6	0.0
234.932502528	-4.4726443E-5	0.0
234.934468608	8.342959E-5	0.0
234.936451072	6.4922584E-5	0.0
234.938417152	2.5048395E-4	0.0
234.940399616	3.6246338E-4	0.0
234.942365696	1.6035943E-6	0.0
234.944331776	-2.1170141E-4	0.0
234.94631424	-6.1486295E-5	0.0
234.94828032	9.721154E-5	0.0
234.950262784	2.2570053E-4	0.0
234.952228864	1.5830234E-4	0.0
234.954194944	-1.9667755E-4	0.0
234.956177408	-3.1637635E-5	0.0
234.958143488	1.4378081E-5	0.0
234.960125952	-1.4376469E-4	0.0
234.962092032	-8.768673E-5	0.0
234.964058112	-1.0288987E-4	0.0
234.966040576	5.387361E-5	0.0
234.968006656	6.456868E-5	0.0
234.96998912	-1.9080382E-5	0.0
234.9719552	3.3060645E-5	0.0
234.97392128	2.3725824E-4	0.0
234.975903744	6.372108E-4	0.0
234.977869824	5.206404E-4	0.0
234.979852288	2.7351463E-4	0.0
234.981818368	1.5725437E-4	0.0
234.983784448	-1.2469155E-5	0.0
234.985766912	-2.1532402E-4	0.0
234.987732992	-6.9096364E-5	0.0
234.989715456	4.7552723E-5	0.0
234.991681536	-8.2096E-5	0.0
234.993647616	2.2112424E-4	0.0
234.99563008	1.5267959E-5	0.0
234.99759616	7.463209E-5	0.0
234.999578624	1.1222958E-4	0.0
235.001544704	-6.637644E-5	0.0
235.003510784	-5.779802E-5	0.0
235.005493248	-2.9284987E-4	0.0
235.007459328	-4.4897108E-4	0.0
235.009441792	-5.8068104E-5	0.0
235.011407872	-2.996149E-5	0.0
235.013373952	-2.5554784E-4	0.0
235.015356416	1.8101275E-5	0.0
235.017322496	-1.7783829E-4	0.0
235.01930496	-1.6277927E-4	0.0
235.02127104	-4.94089E-5	0.0
235.02323712	4.388238E-5	0.0
235.025219584	3.09361E-4	0.0
235.027185664	7.065722E-4	0.0
235.029168128	1.8508601E-4	0.0
235.031134208	-1.4593036E-5	0.0
235.033100288	3.5125026E-4	0.0
235.035082752	2.3082629E-4	0.0
235.037048832	2.120025E-5	0.0
235.039031296	9.6711185E-5	0.0
235.040997376	6.442945E-5	0.0
235.042963456	-1.3075737E-4	0.0
235.04494592	-6.237102E-4	0.0
235.046912	-2.2200975E-4	0.0
235.048894464	3.7252063E-5	0.0
235.050860544	6.126162E-4	0.0
235.052826624	5.642063E-4	0.0
235.054809088	2.8318595E-4	0.0
235.056775168	-3.3320302E-5	0.0
235.058757632	1.2795636E-4	0.0
235.060723712	-3.834665E-5	0.0
235.062689792	-2.8123954E-4	0.0
235.064672256	-4.2586905E-4	0.0
235.066638336	-2.8821293E-4	0.0
235.0686208	2.465796E-4	0.0
235.07058688	4.698593E-4	0.0
235.07255296	1.6770916E-4	0.0
235.074535424	-1.3721679E-4	0.0
235.076501504	-1.0538442E-4	0.0
235.078483968	2.0379605E-4	0.0
235.080450048	2.693062E-4	0.0
235.082416128	4.6388744E-4	0.0
235.084398592	2.652396E-4	0.0
235.086364672	-3.2593172E-5	0.0
235.088347136	-7.363284E-5	0.0
235.090313216	2.2959252E-4	0.0
235.092279296	8.634836E-5	0.0
235.09426176	-1.10004476E-4	0.0
235.09622784	-1.1530149E-5	0.0
235.098210304	-2.3625935E-5	0.0
235.100176384	-4.085766E-4	0.0
235.102142464	-4.724601E-4	0.0
235.104124928	-4.0817543E-4	0.0
235.106091008	-2.4121316E-4	0.0
235.108073472	9.813355E-5	0.0
235.110039552	1.8453374E-4	0.0
235.112005632	1.1876537E-4	0.0
235.113988096	-4.5624005E-5	0.0
235.115954176	2.3348568E-4	0.0
235.11793664	1.2643155E-4	0.0
235.11990272	-1.3230104E-4	0.0
235.1218688	-4.3438657E-5	0.0
235.123851264	-2.9835062E-5	0.0
235.125817344	-3.938298E-5	0.0
235.127799808	9.067039E-5	0.0
235.129765888	2.603052E-4	0.0
235.131731968	5.0175644E-4	0.0
235.133714432	3.9710043E-4	0.0
235.135680512	5.4677704E-4	0.0
235.137662976	5.679346E-4	0.0
235.139629056	4.579754E-4	0.0
235.141595136	6.0465524E-4	0.0
235.1435776	7.4470055E-4	0.0
235.14554368	8.1810274E-4	0.0
235.147526144	3.300543E-4	0.0
235.149492224	-1.140683E-4	0.0
235.151474688	1.5891492E-4	0.0
235.153440768	3.5574925E-4	0.0
235.155406848	1.9240667E-4	0.0
235.157389312	6.434656E-5	0.0
235.159355392	9.10087E-5	0.0
235.161337856	4.107095E-5	0.0
235.163303936	4.5745026E-5	0.0
235.165270016	2.1506529E-4	0.0
235.16725248	2.1045128E-4	0.0
235.16921856	-5.9638547E-5	0.0
235.171201024	-3.7339425E-5	0.0
235.173167104	3.8558812E-4	0.0
235.175133184	2.2779367E-4	0.0
235.177115648	-1.02731545E-4	0.0
235.179081728	-3.4211113E-5	0.0
235.181064192	-8.443944E-5	0.0
235.183030272	-5.3746768E-5	0.0
235.184996352	1.02956634E-4	0.0
235.186978816	6.739012E-5	0.0
235.188944896	9.353828E-6	0.0
235.19092736	5.9071554E-5	0.0
235.19289344	5.1148792E-5	0.0
235.19485952	-1.9906E-5	0.0
235.196841984	1.9940999E-4	0.0
235.198808064	2.9349638E-4	0.0
235.200790528	2.247862E-4	0.0
235.202756608	1.5457472E-4	0.0
235.204722688	2.7079423E-4	0.0
235.206705152	2.0757862E-4	0.0
235.208671232	1.0461532E-4	0.0
235.210653696	-9.92548E-6	0.0
235.212619776	2.1044756E-4	0.0
235.214585856	2.5345102E-5	0.0
235.21656832	1.1035017E-4	0.0
235.2185344	-3.150236E-5	0.0
235.220516864	5.3089436E-5	0.0
235.222482944	2.68221E-4	0.0
235.224449024	4.0319454E-4	0.0
235.226431488	2.7296747E-4	0.0
235.228397568	1.4280141E-4	0.0
235.230380032	-1.3286006E-4	0.0
235.232346112	-1.5639947E-4	0.0
235.234312192	4.03224E-5	0.0
235.236294656	-2.0071413E-4	0.0
235.238260736	-2.921601E-4	0.0
235.2402432	2.828423E-4	0.0
235.24220928	-8.361475E-5	0.0
235.24417536	-1.13110555E-5	0.0
235.246157824	2.9107355E-4	0.0
235.248123904	2.5877694E-6	0.0
235.250106368	-1.3258183E-4	0.0
235.252072448	-5.7408262E-5	0.0
235.254038528	1.0540799E-5	0.0
235.256020992	-2.7060581E-4	0.0
235.257987072	2.7069445E-5	0.0
235.259969536	3.5194805E-4	0.0
235.261935616	-1.0694986E-5	0.0
235.263901696	1.3668285E-4	0.0
235.26588416	6.420919E-5	0.0
235.26785024	1.5940014E-4	0.0
235.269832704	8.02603E-5	0.0
235.271798784	-2.8206073E-4	0.0
235.273764864	-3.4367168E-4	0.0
235.275747328	-3.6373876E-5	0.0
235.277713408	-2.5285655E-4	0.0
235.279695872	-1.14249444E-4	0.0
235.281661952	9.7495824E-5	0.0
235.283628032	3.8322E-4	0.0
235.285610496	3.4588305E-4	0.0
235.287576576	8.382517E-5	0.0
235.28955904	-2.2480232E-4	0.0
235.29152512	4.0730785E-5	0.0
235.2934912	2.781256E-4	0.0
235.295473664	4.2045637E-4	0.0
235.297439744	1.891538E-4	0.0
235.299422208	-4.7576057E-5	0.0
235.301388288	7.212334E-5	0.0
235.303354368	-1.2400924E-4	0.0
235.305336832	6.627533E-5	0.0
235.307302912	5.558771E-5	0.0
235.309285376	4.2315395E-4	0.0
235.311251456	3.0398424E-4	0.0
235.313217536	8.591273E-5	0.0
235.3152	1.941537E-5	0.0
235.31716608	5.1760057E-4	0.0
235.319148544	2.6815486E-4	0.0
235.321114624	-3.9574274E-4	0.0
235.323080704	-2.149501E-4	0.0
235.325063168	2.5037825E-4	0.0
235.327029248	3.4947376E-4	0.0
235.329011712	3.787224E-4	0.0
235.330977792	1.58307E-4	0.0
235.332943872	1.6267583E-4	0.0
235.334926336	1.2019041E-5	0.0
235.336892416	-2.8183827E-5	0.0
235.33887488	2.737521E-4	0.0
235.34084096	2.6396298E-4	0.0
235.34280704	1.9666259E-4	0.0
235.344789504	-1.3778E-4	0.0
235.346755584	-2.2424353E-4	0.0
235.348738048	7.837461E-5	0.0
235.350704128	4.3508862E-4	0.0
235.352670208	3.493613E-4	0.0
235.354652672	3.418475E-5	0.0
235.356618752	2.1348833E-4	0.0
235.358601216	1.3602278E-4	0.0
235.360567296	2.3845207E-5	0.0
235.362533376	-1.3820958E-4	0.0
235.36451584	3.778897E-5	0.0
235.36648192	4.1267122E-4	0.0
235.368464384	1.949578E-4	0.0
235.370430464	4.332602E-6	0.0
235.372396544	-4.2772528E-5	0.0
235.374379008	-5.794134E-6	0.0
235.376345088	8.8167E-5	0.0
235.378327552	3.0719326E-7	0.0
235.380293632	-1.2067755E-5	0.0
235.382259712	1.0828636E-4	0.0
235.384242176	-1.2124923E-6	0.0
235.386208256	-2.6170028E-4	0.0
235.38819072	1.2679942E-4	0.0
235.3901568	3.0673397E-4	0.0
235.39212288	1.3013123E-4	0.0
235.394105344	2.0275274E-4	0.0
235.396071424	2.7027875E-4	0.0
235.398053888	1.3844654E-4	0.0
235.400019968	-3.8358292E-5	0.0
235.401986048	-1.8789331E-4	0.0
235.403968512	1.0294988E-4	0.0
235.405934592	4.2895877E-5	0.0
235.407917056	-5.8524918E-5	0.0
235.409883136	3.3689415E-4	0.0
235.411849216	4.13959E-4	0.0
235.41383168	2.454243E-4	0.0
235.41579776	-5.2090876E-5	0.0
235.417780224	-1.682764E-4	0.0
235.419746304	-1.1950932E-4	0.0
235.421712384	-2.141125E-5	0.0
235.423694848	-3.121947E-5	0.0
235.425660928	2.5787586E-4	0.0
235.427643392	-1.181397E-5	0.0
235.429609472	6.203828E-5	0.0
235.431575552	1.639238E-4	0.0
235.433558016	4.016341E-4	0.0
235.435524096	3.409298E-4	0.0
235.43750656	-9.918786E-5	0.0
235.43947264	1.16806565E-4	0.0
235.44143872	-1.7845319E-4	0.0
235.443421184	-2.992846E-4	0.0
235.445387264	5.231737E-5	0.0
235.447369728	-4.4253797E-5	0.0
235.449335808	1.1043713E-5	0.0
235.451301888	2.2223414E-4	0.0
235.453284352	9.8491175E-5	0.0
235.455250432	-9.528003E-5	0.0
235.457232896	-3.9425775E-4	0.0
235.459198976	1.5943925E-4	0.0
235.46118144	1.15339266E-4	0.0
235.46314752	5.524339E-4	0.0
235.4651136	4.0736617E-4	0.0
235.467096064	-1.5657829E-4	0.0
235.469062144	1.4974698E-4	0.0
235.471044608	3.4894652E-5	0.0
235.473010688	1.02141494E-4	0.0
235.474976768	2.7692035E-5	0.0
235.476959232	6.9407874E-4	0.0
235.478925312	1.861908E-4	0.0
235.480907776	1.3703E-4	0.0
235.482873856	6.081429E-5	0.0
235.484839936	4.7983284E-4	0.0
235.4868224	3.968024E-4	0.0
235.48878848	4.8778308E-4	0.0
235.490770944	-6.114962E-5	0.0
235.492737024	9.788186E-5	0.0
235.494703104	-8.059261E-5	0.0
235.496685568	4.5612323E-4	0.0
235.498651648	6.354583E-4	0.0
235.500634112	4.192594E-4	0.0
235.502600192	6.7623646E-4	0.0
235.504566272	6.27797E-4	0.0
235.506548736	4.3832566E-4	0.0
235.508514816	4.7725075E-4	0.0
235.51049728	4.96657E-4	0.0
235.51246336	5.4480287E-4	0.0
235.51442944	3.66259E-4	0.0
235.516411904	5.4352E-4	0.0
235.518377984	4.910665E-4	0.0
235.520360448	9.0976583E-4	0.0
235.522326528	9.276479E-4	0.0
235.524292608	6.6311273E-4	0.0
235.526275072	6.4239104E-4	0.0
235.528241152	5.8532355E-4	0.0
235.530223616	3.1524812E-4	0.0
235.532189696	6.39578E-4	0.0
235.534155776	2.9442538E-4	0.0
235.53613824	3.68842E-4	0.0
235.53810432	4.2363149E-4	0.0
235.540086784	-7.175087E-5	0.0
235.542052864	-7.4548094E-5	0.0
235.544018944	3.2514948E-4	0.0
235.546001408	3.8102208E-4	0.0
235.547967488	4.3991613E-4	0.0
235.549949952	4.1607078E-4	0.0
235.551916032	4.4426284E-4	0.0
235.553882112	1.8743877E-4	0.0
235.555864576	4.6846315E-5	0.0
235.557830656	1.0358318E-4	0.0
235.55981312	2.3280279E-4	0.0
235.5617792	3.4178174E-4	0.0
235.56374528	3.0797263E-4	0.0
235.565727744	3.9480356E-4	0.0
235.567693824	3.7975106E-4	0.0
235.569676288	1.3410053E-4	0.0
235.571642368	2.8624754E-5	0.0
235.573608448	1.2763319E-4	0.0
235.575590912	1.7479886E-4	0.0
235.577556992	2.034801E-4	0.0
235.579539456	2.4362313E-4	0.0
235.581505536	1.4072107E-4	0.0
235.583471616	7.783386E-6	0.0
235.58545408	-2.0692269E-5	0.0
235.58742016	1.5903529E-4	0.0
235.589402624	3.903601E-5	0.0
235.591368704	-1.4241462E-5	0.0
235.593334784	8.90294E-5	0.0
235.595317248	-1.8529958E-4	0.0
235.597283328	-1.4783387E-4	0.0
235.599265792	3.420325E-4	0.0
235.601231872	4.2422567E-4	0.0
235.603197952	1.9278945E-4	0.0
235.605180416	1.8218005E-4	0.0
235.607146496	2.3020929E-4	0.0
235.60912896	-8.5948646E-5	0.0
235.61109504	-3.0639456E-4	0.0
235.61306112	-3.1066118E-4	0.0
235.615043584	1.4895198E-5	0.0
235.617009664	4.4274002E-5	0.0
235.618992128	-1.6110405E-4	0.0
235.620958208	1.005338E-4	0.0
235.622924288	-1.8039873E-4	0.0
235.624906752	1.1307045E-5	0.0
235.626872832	1.02523336E-4	0.0
235.628855296	-7.0539804E-6	0.0
235.630821376	5.553928E-5	0.0
235.632787456	1.3341111E-4	0.0
235.63476992	6.543854E-5	0.0
235.636736	-2.0816983E-4	0.0
235.638718464	5.7278292E-5	0.0
235.640684544	2.4832934E-4	0.0
235.642650624	-1.0703635E-4	0.0
235.644633088	-5.9701644E-5	0.0
235.646599168	1.2845136E-4	0.0
235.648581632	-4.7158126E-5	0.0
235.650547712	-1.4075139E-4	0.0
235.652513792	-8.1574893E-7	0.0
235.654496256	6.5058324E-5	0.0
235.656462336	1.8590604E-4	0.0
235.6584448	-1.4958568E-4	0.0
235.66041088	1.8051741E-4	0.0
235.66237696	3.6022448E-4	0.0
235.664359424	-9.358968E-5	0.0
235.666325504	-3.1692456E-4	0.0
235.668307968	-9.469609E-5	0.0
235.670274048	-1.7307061E-4	0.0
235.672240128	-3.235388E-4	0.0
235.674222592	-4.3497773E-4	0.0
235.676188672	1.3079526E-4	0.0
235.678171136	-4.2486892E-4	0.0
235.680137216	-3.810849E-4	0.0
235.682103296	2.779936E-4	0.0
235.68408576	6.8137975E-5	0.0
235.68605184	1.293757E-4	0.0
235.688034304	-1.011455E-4	0.0
235.690000384	-3.4317365E-4	0.0
235.691966464	-1.8731543E-4	0.0
235.693948928	6.429384E-4	0.0
235.695915008	1.2513189E-4	0.0
235.697897472	4.894241E-4	0.0
235.699863552	3.1841113E-4	0.0
235.701829632	4.5256838E-4	0.0
235.703812096	1.05093786E-4	0.0
235.705778176	-7.1099406E-5	0.0
235.70776064	3.2008937E-4	0.0
235.70972672	2.8738644E-4	0.0
235.7116928	-8.3477615E-5	0.0
235.713675264	-2.6344465E-5	0.0
235.715641344	6.203269E-5	0.0
235.717623808	3.306501E-4	0.0
235.719589888	-1.0819305E-4	0.0
235.721555968	-4.006138E-4	0.0
235.723538432	-1.7213696E-4	0.0
235.725504512	1.7587151E-4	0.0
235.727486976	-8.7144464E-5	0.0
235.729453056	1.20878074E-4	0.0
235.731419136	4.485113E-4	0.0
235.7334016	1.9652405E-4	0.0
235.73536768	3.6088875E-4	0.0
235.737350144	5.087784E-4	0.0
235.739316224	2.5830636E-4	0.0
235.741282304	2.1409043E-4	0.0
235.743264768	-1.18303724E-4	0.0
235.745230848	2.6629525E-4	0.0
235.747213312	4.8024612E-4	0.0
235.749179392	2.5506932E-4	0.0
235.751145472	3.5537928E-4	0.0
235.753127936	1.9036778E-4	0.0
235.755094016	-1.0944079E-4	0.0
235.75707648	-8.7944936E-5	0.0
235.75904256	-1.19040866E-4	0.0
235.76100864	-7.164772E-5	0.0
235.762991104	-8.2441984E-5	0.0
235.764957184	-3.833827E-5	0.0
235.766939648	-2.4145204E-4	0.0
235.768905728	-1.8189303E-4	0.0
235.770888192	-2.2783797E-4	0.0
235.772854272	-1.0818863E-4	0.0
235.774820352	2.738308E-4	0.0
235.776802816	5.537238E-4	0.0
235.778768896	3.3510182E-4	0.0
235.78075136	2.364474E-5	0.0
235.78271744	-9.079385E-5	0.0
235.78468352	-3.277506E-4	0.0
235.786665984	-2.75597E-4	0.0
235.788632064	4.580533E-5	0.0
235.790614528	2.3531713E-4	0.0
235.792580608	-1.7116373E-4	0.0
235.794546688	-6.4287975E-4	0.0
235.796529152	-2.5332326E-4	0.0
235.798495232	-9.9179015E-5	0.0
235.800477696	-3.248472E-4	0.0
235.802443776	-3.2748704E-4	0.0
235.804409856	-1.4344338E-4	0.0
235.80639232	-1.7746296E-4	0.0
235.8083584	-2.8319532E-4	0.0
235.810340864	-2.9610228E-4	0.0
235.812306944	-3.119946E-4	0.0
235.814273024	-8.421988E-5	0.0
235.816255488	-2.9732674E-4	0.0
235.818221568	-4.5030835E-4	0.0
235.820204032	-1.3743821E-4	0.0
235.822170112	8.773277E-5	0.0
235.824136192	3.045009E-4	0.0
235.826118656	2.2454755E-4	0.0
235.828084736	-2.3742873E-4	0.0
235.8300672	-2.4449304E-4	0.0
235.83203328	-3.2589214E-5	0.0
235.83399936	-1.7559532E-5	0.0
235.835981824	-4.63324E-6	0.0
235.837947904	-1.4721943E-4	0.0
235.839930368	7.496434E-5	0.0
235.841896448	4.7990665E-4	0.0
235.843862528	3.2990598E-4	0.0
235.845844992	1.671513E-4	0.0
235.847811072	-7.0590206E-5	0.0
235.849793536	-2.0697624E-5	0.0
235.851759616	-1.1978732E-4	0.0
235.853725696	-1.4430136E-4	0.0
235.85570816	-5.718318E-4	0.0
235.85767424	-6.7390886E-4	0.0
235.859656704	-2.7256637E-4	0.0
235.861622784	-2.8233512E-4	0.0
235.863588864	-1.2421692E-4	0.0
235.865571328	7.6616736E-5	0.0
235.867537408	-1.2949143E-6	0.0
235.869519872	-3.5772254E-4	0.0
235.871485952	-1.4360636E-4	0.0
235.873452032	2.8370865E-4	0.0
235.875434496	1.3882676E-4	0.0
235.877400576	4.9258524E-4	0.0
235.87938304	1.6680542E-5	0.0
235.88134912	-5.181002E-4	0.0
235.8833152	-3.4192918E-4	0.0
235.885297664	-3.9053524E-5	0.0
235.887263744	-2.0652558E-4	0.0
235.889246208	4.4185188E-4	0.0
235.891212288	6.1435497E-4	0.0
235.893178368	1.4572786E-4	0.0
235.895160832	1.4428361E-4	0.0
235.897126912	-1.7282195E-4	0.0
235.899109376	3.2792738E-4	0.0
235.901075456	8.928116E-4	0.0
235.903041536	2.4567134E-4	0.0
235.905024	-2.8398963E-5	0.0
235.90699008	4.7987103E-4	0.0
235.908972544	-1.3786429E-4	0.0
235.910938624	3.3710603E-4	0.0
235.912904704	2.8497828E-4	0.0
235.914887168	5.5416112E-5	0.0
235.916853248	6.898908E-4	0.0
235.918835712	4.6545206E-4	0.0
235.920801792	5.0462026E-4	0.0
235.922767872	2.2611264E-4	0.0
235.924750336	3.5912343E-4	0.0
235.926716416	-2.8441093E-4	0.0
235.92869888	4.4789942E-4	0.0
235.93066496	0.0011035256	0.0
235.93263104	7.780759E-4	0.0
235.934613504	3.736062E-4	0.0
235.936579584	2.6654275E-4	0.0
235.938562048	1.4055669E-4	0.0
235.940528128	-2.874447E-4	0.0
235.942494208	-2.7942043E-4	0.0
235.944476672	4.215055E-4	0.0
235.946442752	5.327222E-4	0.0
235.948425216	4.2638494E-4	0.0
235.950391296	6.552258E-4	0.0
235.952357376	0.00101882	0.0
235.95433984	6.7862764E-4	0.0
235.95630592	2.8015077E-4	0.0
235.958288384	4.9169266E-5	0.0
235.960254464	-3.067097E-4	0.0
235.962220544	-1.8026741E-4	0.0
235.964203008	-2.8299625E-4	0.0
235.966169088	-1.04166946E-4	0.0
235.968151552	-2.2214386E-4	0.0
235.970117632	-3.8763895E-4	0.0
235.972083712	-5.7261996E-4	0.0
235.974066176	-1.3099369E-4	0.0
235.976032256	3.49684E-4	0.0
235.97801472	1.9774163E-5	0.0
235.9799808	-2.2847779E-4	0.0
235.98194688	-1.2726235E-4	0.0
235.983929344	1.2615471E-4	0.0
235.985895424	-1.9380884E-4	0.0
235.987877888	-1.4595888E-4	0.0
235.989843968	-1.13384944E-4	0.0
235.991810048	-8.8191504E-5	0.0
235.993792512	-2.8712457E-4	0.0
235.995758592	-2.0325548E-4	0.0
235.997741056	1.8077865E-4	0.0
235.999707136	5.1877054E-4	0.0
236.001673216	3.6507295E-4	0.0
236.00365568	1.8278495E-4	0.0
236.00562176	-4.451224E-5	0.0
236.007604224	-2.1963046E-4	0.0
236.009570304	-2.972783E-4	0.0
236.011536384	-4.050548E-4	0.0
236.013518848	-4.7654417E-4	0.0
236.015484928	-1.14358176E-4	0.0
236.017467392	1.4517E-4	0.0
236.019433472	3.7550725E-4	0.0
236.021399552	5.736629E-4	0.0
236.023382016	2.617029E-4	0.0
236.025348096	-1.338624E-4	0.0
236.02733056	-4.2075434E-4	0.0
236.02929664	-6.0974504E-4	0.0
236.03126272	-4.8664378E-4	0.0
236.033245184	-2.487776E-4	0.0
236.035211264	-1.7160634E-4	0.0
236.037193728	2.1596295E-5	0.0
236.039159808	1.9042482E-4	0.0
236.041125888	1.7230255E-5	0.0
236.043108352	-2.1962533E-4	0.0
236.045074432	-5.5985667E-5	0.0
236.047056896	7.949173E-5	0.0
236.049022976	8.6811226E-5	0.0
236.050989056	-1.2705932E-4	0.0
236.05297152	-3.5555675E-4	0.0
236.0549376	1.12124806E-4	0.0
236.056920064	1.1027636E-4	0.0
236.058886144	-3.2648482E-4	0.0
236.060852224	-4.1219618E-4	0.0
236.062834688	-2.7261677E-4	0.0
236.064800768	-1.106408E-4	0.0
236.066783232	1.7038811E-4	0.0
236.068749312	3.0960175E-4	0.0
236.070715392	3.157565E-5	0.0
236.072697856	1.8927697E-4	0.0
236.074663936	1.8087923E-4	0.0
236.0766464	-4.0802782E-4	0.0
236.07861248	-4.0436853E-4	0.0
236.080594944	-5.4145607E-5	0.0
236.082561024	-2.161494E-4	0.0
236.084527104	1.4460037E-5	0.0
236.086509568	9.6474396E-5	0.0
236.088475648	1.9843978E-4	0.0
236.090458112	-6.333311E-5	0.0
236.092424192	6.544273E-5	0.0
236.094390272	1.2003243E-4	0.0
236.096372736	3.0160937E-4	0.0
236.098338816	-4.1743184E-5	0.0
236.10032128	-7.168125E-5	0.0
236.10228736	-6.5147447E-6	0.0
236.10425344	5.8231966E-5	0.0
236.106235904	-1.14792405E-4	0.0
236.108201984	-3.2563394E-4	0.0
236.110184448	-3.9253177E-4	0.0
236.112150528	1.7536603E-4	0.0
236.114116608	-1.5109606E-4	0.0
236.116099072	-4.2132477E-4	0.0
236.118065152	1.1122352E-4	0.0
236.120047616	-1.7209738E-4	0.0
236.122013696	-7.2564895E-4	0.0
236.123979776	-3.5728994E-4	0.0
236.12596224	-8.1396574E-5	0.0
236.12792832	4.4030286E-4	0.0
236.129910784	-1.349567E-4	0.0
236.131876864	-1.5082248E-4	0.0
236.133842944	-2.329777E-4	0.0
236.135825408	-3.7901898E-4	0.0
236.137791488	-8.706616E-4	0.0
236.139773952	-4.955819E-4	1.3749803429163876E-7
236.141740032	-3.39202E-6	3.1250371534952137E-7
236.143706112	-2.9627737E-4	6.794930982323422E-7
236.145688576	-2.5508928E-4	1.413468908140203E-6
236.147654656	-2.403135E-4	2.8128570193075575E-6
236.14963712	3.1741112E-4	5.3550725169770885E-6
236.1516032	8.991739E-4	9.752802725415677E-6
236.15356928	5.678871E-4	1.6991230950225145E-5
236.155551744	1.7072781E-4	2.831610072462354E-5
236.157517824	2.8256183E-5	4.5137399865780026E-5
236.159500288	5.060071E-5	6.881904846522957E-5
236.161466368	-2.789366E-4	1.0035459126811475E-4
236.163432448	2.1588159E-4	1.3996470079291612E-4
236.165414912	4.0529724E-4	1.8670910503715277E-4
236.167380992	3.7780576E-4	2.3823892115615308E-4
236.169363456	2.9264376E-4	2.9081464163027704E-4
236.171329536	8.2219776E-4	3.396611718926579E-4
236.173295616	0.0010780027	3.796476812567562E-4
236.17527808	4.637198E-4	4.0615457692183554E-4
236.17724416	8.0373825E-4	4.1593724745325744E-4
236.179226624	4.9783697E-4	4.077641642652452E-4
236.181192704	2.5273333E-4	3.826652537100017E-4
236.183158784	3.0150785E-4	3.4372450318187475E-4
236.185141248	1.2200183E-5	2.954700612463057E-4
236.187107328	1.5931888E-4	2.4302510428242385E-4
236.189089792	5.392957E-4	1.9122746016364545E-4
236.191055872	2.9046237E-4	1.4393049059435725E-4
236.193021952	4.313177E-4	1.0361534805269912E-4
236.195004416	5.147172E-4	7.134249608498067E-5
236.196970496	2.5761555E-4	4.6981516788946465E-5
236.19895296	3.4342436E-4	2.959216362796724E-5
236.20091904	7.044476E-4	1.7828573618317023E-5
236.20288512	7.167781E-4	1.0274632586515509E-5
236.204867584	5.243168E-4	5.664316631737165E-6
236.206833664	7.9147273E-4	2.987262632814236E-6
236.208816128	6.030778E-4	1.507139359091525E-6
236.210782208	0.0012133593	7.274422273439995E-7
236.212748288	0.001318362	3.3590083603485255E-7
236.214730752	0.001011612	1.4838572326425492E-7
236.216696832	7.874473E-4	0.0
236.218679296	9.934706E-5	0.0
236.220645376	2.070338E-4	0.0
236.222611456	4.022283E-4	0.0
236.22459392	4.0835617E-4	0.0
236.22656	6.309977E-4	0.0
236.228542464	4.3033445E-4	0.0
236.230508544	1.6647247E-5	0.0
236.232474624	2.2668726E-4	0.0
236.234457088	7.6184835E-5	0.0
236.236423168	3.6062588E-4	0.0
236.238405632	2.1910979E-4	0.0
236.240371712	-6.6056295E-5	0.0
236.242337792	-1.2405487E-4	0.0
236.244320256	-3.107435E-4	0.0
236.246286336	-5.0979575E-5	0.0
236.2482688	4.0976316E-4	0.0
236.25023488	1.4015948E-4	0.0
236.25220096	4.6427976E-4	0.0
236.254183424	-1.3058574E-6	0.0
236.256149504	-1.2746724E-4	0.0
236.258131968	-7.852484E-5	0.0
236.260098048	7.347562E-5	0.0
236.262064128	2.1633724E-4	0.0
236.264046592	2.0962078E-4	0.0
236.266012672	-1.6401909E-4	0.0
236.267995136	-2.5658825E-4	0.0
236.269961216	-2.9125137E-4	0.0
236.271927296	-4.5476845E-4	0.0
236.27390976	-2.4267906E-4	0.0
236.27587584	-4.608431E-5	0.0
236.277858304	5.266452E-5	0.0
236.279824384	-3.061225E-5	0.0
236.281790464	1.1565708E-4	0.0
236.283772928	4.0545918E-5	0.0
236.285739008	1.6663954E-4	0.0
236.287721472	1.3722674E-4	0.0
236.289687552	9.4907446E-5	0.0
236.291653632	-7.976839E-5	0.0
236.293636096	-2.1779389E-4	0.0
236.295602176	-3.55345E-4	0.0
236.29758464	-4.384454E-4	0.0
236.29955072	-3.1734668E-4	0.0
236.3015168	-3.7128015E-5	0.0
236.303499264	-8.666297E-5	0.0
236.305465344	-2.2858885E-4	0.0
236.307447808	-1.5378142E-5	0.0
236.309413888	-1.0475787E-4	0.0
236.311379968	-1.02182996E-4	0.0
236.313362432	-4.042513E-5	0.0
236.315328512	6.6953566E-5	0.0
236.317310976	3.9996565E-4	0.0
236.319277056	2.5551845E-4	0.0
236.321243136	-2.1854733E-4	0.0
236.3232256	-8.264455E-5	0.0
236.32519168	1.2312838E-4	0.0
236.327174144	2.4896903E-5	0.0
236.329140224	-6.198758E-5	0.0
236.331106304	-4.0706855E-5	0.0
236.333088768	-1.2207511E-4	0.0
236.335054848	-1.14659924E-4	0.0
236.337037312	2.8837923E-4	0.0
236.339003392	2.6689805E-4	0.0
236.340969472	6.200079E-5	0.0
236.342951936	1.2911073E-4	0.0
236.344918016	1.0811267E-4	0.0
236.34690048	3.1357686E-4	0.0
236.34886656	4.6718176E-4	0.0
236.35083264	4.66185E-4	0.0
236.352815104	3.4458478E-4	0.0
236.354781184	3.565438E-5	0.0
236.356763648	8.662333E-5	0.0
236.358729728	-1.639538E-5	0.0
236.360695808	1.2187948E-4	0.0
236.362678272	-3.2458363E-5	0.0
236.364644352	1.5203128E-4	0.0
236.366626816	4.7903098E-4	0.0
236.368592896	5.194185E-4	0.0
236.370558976	3.737219E-4	0.0
236.37254144	-1.9782307E-4	0.0
236.37450752	-1.7957078E-4	0.0
236.376489984	-2.5485622E-4	0.0
236.378456064	-5.561714E-4	0.0
236.380422144	-4.9694383E-4	0.0
236.382404608	-1.3839561E-4	0.0
236.384370688	1.9232681E-4	0.0
236.386353152	2.8562042E-4	0.0
236.388319232	6.217891E-5	0.0
236.390301696	2.1906113E-4	0.0
236.392267776	2.2045193E-5	0.0
236.394233856	3.6517865E-4	0.0
236.39621632	-7.095156E-5	0.0
236.3981824	8.0082886E-5	0.0
236.400164864	4.1395225E-4	0.0
236.402130944	3.3530997E-4	0.0
236.404097024	7.230843E-4	0.0
236.406079488	4.200799E-4	0.0
236.408045568	5.5424345E-4	0.0
236.410028032	3.2310825E-4	0.0
236.411994112	-1.3384645E-5	0.0
236.413960192	9.106993E-5	0.0
236.415942656	3.546433E-4	0.0
236.417908736	-9.5783646E-5	0.0
236.4198912	8.988599E-5	0.0
236.42185728	1.3418784E-4	0.0
236.42382336	8.137696E-5	0.0
236.425805824	2.1104384E-4	0.0
236.427771904	5.959667E-4	0.0
236.429754368	3.9079957E-4	0.0
236.431720448	1.00485835E-4	0.0
236.433686528	2.6695812E-4	0.0
236.435668992	2.703614E-4	0.0
236.437635072	3.338564E-4	0.0
236.439617536	5.901401E-4	0.0
236.441583616	4.4381976E-4	0.0
236.443549696	3.2950982E-5	0.0
236.44553216	1.1267475E-4	0.0
236.44749824	-7.417417E-5	0.0
236.449480704	-2.3837112E-5	0.0
236.451446784	-1.7509461E-4	0.0
236.453412864	3.441601E-4	0.0
236.455395328	3.2798466E-4	0.0
236.457361408	2.705416E-4	0.0
236.459343872	1.6190749E-4	0.0
236.461309952	2.9241465E-4	0.0
236.463276032	7.54768E-5	0.0
236.465258496	-1.6838373E-4	0.0
236.467224576	-1.965269E-4	0.0
236.46920704	1.7973626E-4	1.0305735713700415E-6
236.47117312	2.4849405E-5	2.299813331774203E-6
236.4731392	2.7668368E-4	4.91040827910183E-6
236.475121664	2.0788176E-4	1.0030626071966253E-5
236.477087744	3.8892354E-5	1.9601964595494792E-5
236.479070208	6.636637E-5	3.664271207526326E-5
236.481036288	-1.7058235E-4	6.551296246470883E-5
236.483002368	1.456445E-4	1.1200417793588713E-4
236.484984832	3.542866E-4	1.8324863049201667E-4
236.486950912	2.3311792E-5	2.8638375806622207E-4
236.488933376	-1.9759909E-4	4.277484258636832E-4
236.490899456	-8.804412E-5	6.10574206802994E-4
236.492865536	-1.01507554E-4	8.3304347936064E-4
236.494848	-5.1678533E-5	0.001086839591152966
236.49681408	1.8345317E-4	0.001356985536403954
236.498796544	3.2714344E-4	0.0016232759226113558
236.500762624	1.0877647E-4	0.0018631647108122706
236.502728704	2.0419489E-4	0.0020553951617330313
236.504711168	5.7873174E-5	0.0021835067309439182
236.506677248	-5.813423E-5	0.0022383902687579393
236.508659712	-1.8886305E-4	0.002219470450654626
236.510625792	-3.3820784E-4	0.002134355017915368
236.512591872	-3.8067685E-4	0.0019970349967479706
236.514574336	-2.6131587E-4	0.0018250051653012633
236.516540416	-1.017327E-4	0.0016358807915821671
236.51852288	3.6677437E-5	0.0014443957479670644
236.52048896	1.0685852E-5	0.0012605421943590045
236.52245504	4.554293E-5	0.0010892951395362616
236.524437504	9.414888E-5	9.317186195403337E-4
236.526403584	1.74885E-4	7.868122193031013E-4
236.528386048	1.8160496E-4	6.53295312076807E-4
236.530352128	1.9936342E-4	5.30727207660675E-4
236.532318208	5.8425914E-5	4.197881498839706E-4
236.534300672	2.553124E-4	3.21875762892887E-4
236.536266752	4.3558757E-4	2.3838732158765197E-4
236.538249216	2.7270833E-4	1.7006075358949602E-4
236.540215296	3.437084E-4	1.1661531607387587E-4
236.542181376	1.4457232E-4	7.675411325180903E-5
236.54416384	1.894141E-4	4.8439542297273874E-5
236.54612992	3.3900756E-4	2.904015673266258E-5
236.548112384	8.1040285E-5	1.6864712961250916E-5
236.550078464	2.683615E-5	9.369552572024986E-6
236.552044544	1.9594733E-4	4.980149697075831E-6
236.554027008	2.6773693E-4	2.5326016839244403E-6
236.555993088	1.617154E-4	1.232270506079658E-6
236.557975552	3.7607862E-4	5.736715138482396E-7
236.559941632	5.455852E-4	2.5553183036208793E-7
236.561907712	4.645247E-4	0.0
236.563890176	4.0181456E-4	0.0
236.565856256	1.4826292E-4	0.0
236.56783872	9.892284E-5	0.0
236.5698048	1.5534562E-4	0.0
236.57177088	3.160083E-4	0.0
236.573753344	2.4887765E-4	0.0
236.575719424	-1.7203894E-4	0.0
236.577701888	-1.4078981E-4	0.0
236.579667968	5.978355E-5	0.0
236.581634048	1.2943344E-4	0.0
236.583616512	-2.3040025E-6	0.0
236.585582592	3.2523353E-4	0.0
236.587565056	2.349751E-4	0.0
236.589531136	-7.401328E-5	0.0
236.591497216	-2.1491075E-4	0.0
236.59347968	-1.3885848E-4	0.0
236.59544576	-4.9226615E-4	0.0
236.597428224	-2.562887E-4	0.0
236.599394304	1.5147586E-5	0.0
236.601360384	-2.2944357E-4	0.0
236.603342848	9.720409E-5	0.0
236.605308928	4.24828E-4	0.0
236.607291392	3.664087E-4	0.0
236.609257472	-1.01079844E-4	0.0
236.611223552	-1.3051872E-4	0.0
236.613206016	1.12791866E-4	0.0
236.615172096	3.023174E-4	0.0
236.61715456	4.3002408E-4	2.1782132364478457E-7
236.61912064	7.6149445E-5	4.929526085106772E-7
236.62108672	3.4652845E-4	1.0674718851078069E-6
236.623069184	5.381227E-4	2.211821538367076E-6
236.625035264	4.136491E-4	4.385098236525664E-6
236.627017728	-7.01285E-5	8.318217624037061E-6
236.628983808	1.6558947E-4	1.509708454250358E-5
236.630949888	1.9775968E-4	2.621458588691894E-5
236.632932352	2.9641282E-4	4.3546340748434886E-5
236.634898432	5.5139975E-5	6.919706356711686E-5
236.636880896	2.9641655E-4	1.0517644841456786E-4
236.638846976	2.3968177E-4	1.5290673763956875E-4
236.640813056	-2.977038E-4	2.126203035004437E-4
236.64279552	3.5747894E-4	2.827962744049728E-4
236.6447616	5.067553E-4	3.59820609446615E-4
236.646744064	7.191164E-4	4.3805118184536695E-4
236.648710144	4.356176E-4	5.104652955196798E-4
236.650676224	7.0588675E-4	5.694535211659968E-4
236.652658688	9.3917537E-4	6.08375295996666E-4
236.654624768	0.0011176212	6.226510158739984E-4
236.656607232	5.434201E-4	6.107095978222787E-4
236.658573312	6.63943E-4	5.743476212956011E-4
236.660539392	3.7099523E-4	5.184506881050766E-4
236.662521856	5.536609E-4	4.501302319113165E-4
236.664487936	2.7403557E-5	3.7749161128886044E-4
236.6664704	1.7255168E-5	3.082982439082116E-4
236.66843648	5.2216088E-5	2.4883178411982954E-4
236.67040256	7.010167E-5	2.0314520224928856E-4
236.672385024	4.8744152E-4	1.727961061988026E-4
236.674351104	2.5952616E-4	1.5702145174145699E-4
236.676333568	1.5743714E-4	1.5322296530939639E-4
236.678299648	1.0126279E-4	1.5762752445880324E-4
236.680265728	4.254989E-5	1.659912522882223E-4
236.682248192	6.5658253E-4	1.742573076626286E-4
236.684214272	3.0475724E-4	1.7910341557580978E-4
236.686196736	1.6006813E-4	1.7831941659096628E-4
236.688162816	-1.1955531E-5	1.7098180251196027E-4
236.690128896	4.3984535E-4	1.574071793584153E-4
236.69211136	3.349137E-4	1.389062381349504E-4
236.69407744	4.071216E-5	1.1730497499229386E-4
236.696059904	1.8078237E-4	9.494747791904956E-5
236.698025984	-1.4528775E-5	7.353464752668515E-5
236.700008448	8.384496E-5	5.449043965199962E-5
236.701974528	6.1940256E-5	3.863294841721654E-5
236.703940608	9.2676695E-5	2.6205991161987185E-5
236.705923072	-3.6811412E-4	1.700792563497089E-5
236.707889152	-1.8349095E-4	1.0561268027231563E-5
236.709871616	3.8888164E-5	6.274892257351894E-6
236.711837696	8.640354E-5	3.567213298083516E-6
236.713803776	1.4128149E-4	1.940401716638007E-6
236.71578624	2.4522058E-4	1.0099470273416955E-6
236.71775232	5.0637464E-4	5.029866088079871E-7
236.719734784	2.3300978E-4	2.396994602804625E-7
236.721700864	-3.957972E-5	1.0930290983424129E-7
236.723666944	-2.113212E-4	4.769237449409047E-8
236.725649408	1.759388E-4	0.0
236.727615488	5.9181184E-4	0.0
236.729597952	2.3697232E-4	0.0
236.731564032	-8.21407E-5	0.0
236.733530112	3.64808E-6	0.0
236.735512576	6.3404994E-5	0.0
236.737478656	2.3460653E-4	0.0
236.73946112	4.1379625E-4	0.0
236.7414272	2.0344168E-4	0.0
236.74339328	2.1096141E-4	0.0
236.745375744	2.661537E-4	0.0
236.747341824	7.9357385E-5	0.0
236.749324288	-2.1754336E-4	0.0
236.751290368	-2.1106089E-4	1.0515535109334451E-7
236.753256448	4.5368073E-5	2.3641347013381164E-7
236.755238912	6.289311E-6	5.086041028334876E-7
236.757204992	5.9205664E-5	1.0470313327459735E-6
236.759187456	1.7979005E-4	2.0625350316549884E-6
236.761153536	1.1093597E-4	3.8878283703525085E-6
236.763119616	1.0729054E-4	7.012342848611297E-6
236.76510208	6.26164E-5	1.2102244909328874E-5
236.76706816	-1.15533505E-4	1.9984790924354456E-5
236.769050624	1.2124641E-4	3.1575371394865215E-5
236.771016704	3.090858E-4	4.773145337821916E-5
236.772982784	1.5164269E-4	6.903270696057007E-5
236.774965248	6.3091604E-5	9.552174742566422E-5
236.776931328	7.724305E-5	1.2646020331885666E-4
236.778913792	3.613139E-4	1.601906114956364E-4
236.780879872	5.885627E-4	1.9417217117734253E-4
236.782845952	4.0708584E-4	2.252438571304083E-4
236.784828416	1.7251735E-4	2.5008252123370767E-4
236.786794496	2.228218E-4	2.657806035131216E-4
236.78877696	-1.07554166E-4	2.703967329580337E-4
236.79074304	-3.8015692E-6	2.633462136145681E-4
236.79270912	2.59491E-4	2.455198555253446E-4
236.794691584	1.0286909E-4	2.1910226496402174E-4
236.796657664	4.2207152E-4	1.8713777535595E-4
236.798640128	5.503547E-4	1.5296110359486192E-4
236.800606208	2.3155715E-4	1.196353550767526E-4
236.802572288	2.8891578E-5	8.952864300226793E-5
236.804554752	-8.304385E-5	6.410131754819304E-5
236.806520832	-1.9923229E-5	4.39103132521268E-5
236.808503296	3.6572837E-4	2.8778200430679135E-5
236.810469376	2.5690705E-4	1.804546445782762E-5
236.812435456	6.8777794E-5	1.0826629477378447E-5
236.81441792	1.9829217E-4	6.215160283318255E-6
236.816384	1.9008349E-4	3.4139541185140843E-6
236.818366464	3.652343E-4	1.794385866560333E-6
236.820332544	2.089735E-4	9.024809628499497E-7
236.822298624	2.4006431E-4	4.3433647078927606E-7
236.824281088	-8.397168E-5	2.000246865918598E-7
236.826247168	-3.4081683E-4	8.814784990818225E-8
236.828229632	-2.8451582E-4	0.0
236.830195712	-3.1112766E-4	0.0
236.832161792	2.248798E-4	0.0
236.834144256	1.9883513E-4	0.0
236.836110336	-2.9755212E-4	0.0
236.8380928	-6.237105E-5	0.0
236.84005888	4.8734513E-4	0.0
236.84202496	2.8480086E-4	0.0
236.844007424	3.507576E-4	0.0
236.845973504	6.649891E-4	0.0
236.847955968	7.6001545E-4	0.0
236.849922048	1.9364254E-4	0.0
236.851888128	2.8320737E-4	0.0
236.853870592	2.795731E-4	0.0
236.855836672	4.5144334E-4	2.759795734164072E-7
236.857819136	2.6434739E-4	6.26989617558138E-7
236.859785216	4.133981E-4	1.3630864259539521E-6
236.861751296	6.6959683E-4	2.835731947925524E-6
236.86373376	4.4770687E-4	5.6452140597684775E-6
236.86569984	2.4402802E-4	1.0753446986200288E-5
236.867682304	5.7743315E-4	1.959969631570857E-5
236.869648384	3.4423856E-4	3.417873085709289E-5
236.871614464	-1.6776813E-4	5.70206502743531E-5
236.873596928	3.1583253E-4	9.099755698116496E-5
236.875563008	8.765835E-4	1.3890214904677123E-4
236.877545472	8.7519747E-4	2.0278667216189206E-4
236.879511552	6.1366346E-4	2.831436868291348E-4
236.881477632	3.3704037E-4	3.781271807383746E-4
236.883460096	1.9395919E-4	4.830585094168782E-4
236.885426176	1.7893183E-4	5.904791178181767E-4
236.88740864	7.363254E-4	6.90868531819433E-4
236.88937472	0.0011081941	7.739868015050888E-4
236.8913408	0.0010183897	8.305521332658827E-4
236.893323264	5.4449856E-4	8.538907277397811E-4
236.895289344	5.291075E-4	8.411749731749296E-4
236.897271808	7.725541E-4	7.939506904222071E-4
236.899237888	8.4738026E-4	7.178491214290261E-4
236.901203968	4.549875E-4	6.215357570908964E-4
236.903186432	5.661462E-4	5.151501391083002E-4
236.905152512	6.767091E-4	4.085856780875474E-4
236.907134976	3.4641134E-4	3.1002145260572433E-4
236.909101056	5.3160556E-4	2.2499868646264076E-4
236.911067136	5.627441E-4	1.5617429744452238E-4
236.9130496	3.714914E-4	1.0367723734816536E-4
236.91501568	2.1707997E-4	6.58303833915852E-5
236.916998144	3.8454167E-5	3.998356987722218E-5
236.918964224	-7.521422E-5	2.323217449884396E-5
236.920930304	-1.7048969E-4	1.291494754696032E-5
236.922912768	-3.4846927E-4	6.8694712354044896E-6
236.924878848	8.086764E-6	3.4962470181199024E-6
236.926861312	4.477965E-4	1.7027431340466137E-6
236.928827392	3.65364E-4	7.935440748951805E-7
236.930793472	6.432632E-4	3.538974056027655E-7
236.932775936	5.498956E-4	0.0
236.934742016	4.120435E-4	0.0
236.93672448	4.956272E-4	0.0
236.93869056	3.5999817E-4	0.0
236.94065664	7.2638097E-4	0.0
236.942639104	9.492849E-4	0.0
236.944605184	6.0370343E-4	0.0
236.946587648	4.0184482E-4	0.0
236.948553728	5.586877E-4	0.0
236.950519808	5.369311E-4	0.0
236.952502272	3.7117684E-4	0.0
236.954468352	3.4701623E-4	0.0
236.956450816	1.8081194E-4	0.0
236.958416896	1.3388073E-4	0.0
236.960382976	2.3147007E-4	0.0
236.96236544	1.8364968E-4	0.0
236.96433152	4.8274113E-4	0.0
236.966313984	4.8062936E-4	0.0
236.968280064	1.7223656E-4	0.0
236.970246144	-1.827601E-4	0.0
236.972228608	-2.7024446E-4	0.0
236.974194688	-2.7235542E-4	0.0
236.976177152	-2.1938622E-4	0.0
236.978143232	-6.114706E-5	0.0
236.980109312	-2.1957005E-5	0.0
236.982091776	-2.236831E-4	0.0
236.984057856	-1.4866181E-4	0.0
236.98604032	4.500602E-5	0.0
236.9880064	1.1545405E-4	0.0
236.98997248	3.7962533E-4	0.0
236.991954944	4.4103E-4	0.0
236.993921024	2.2139223E-4	0.0
236.995903488	4.545742E-4	0.0
236.997869568	4.054644E-4	0.0
236.999852032	2.93156E-4	0.0
237.001818112	4.4713504E-4	0.0
237.003784192	5.192318E-4	0.0
237.005766656	2.7285246E-4	0.0
237.007732736	1.5895613E-4	0.0
237.0097152	3.659868E-4	0.0
237.01168128	3.4372843E-4	0.0
237.01364736	6.537241E-5	0.0
237.015629824	-1.1498007E-4	0.0
237.017595904	-1.9700165E-4	0.0
237.019578368	1.04423E-4	0.0
237.021544448	3.280431E-4	0.0
237.023510528	-2.634563E-5	0.0
237.025492992	2.7905786E-4	0.0
237.027459072	6.7440415E-5	0.0
237.029441536	1.302558E-4	0.0
237.031407616	1.7889575E-4	0.0
237.033373696	9.076061E-6	0.0
237.03535616	1.7453506E-4	0.0
237.03732224	1.2546693E-4	0.0
237.039304704	2.268542E-4	0.0
237.041270784	5.824355E-4	2.078859182574888E-7
237.043236864	5.8939366E-4	4.7897503918648E-7
237.045219328	1.7670923E-4	1.0561262797637028E-6
237.047185408	1.4787851E-4	2.2285864815785317E-6
237.049167872	6.555542E-5	5.037384198658401E-6
237.051133952	2.165901E-4	9.906620107358322E-6
237.053100032	5.873154E-4	1.8689966964302585E-5
237.055082496	6.1357126E-4	3.383367948117666E-5
237.057048576	6.12239E-4	5.87810245633591E-5
237.05903104	8.756091E-4	9.802803106140345E-5
237.06099712	8.2060846E-4	1.56949128722772E-4
237.0629632	8.257736E-4	2.412818284938112E-4
237.064945664	7.8060327E-4	3.562157799024135E-4
237.066911744	0.0010631097	5.051281186752021E-4
237.068894208	0.001533569	6.881862063892186E-4
237.070860288	0.001383463	9.011297952383757E-4
237.072826368	0.001446097	0.0011346597457304597
237.074808832	0.0015099369	0.0013747301418334246
237.076774912	6.838088E-4	0.0016038428293541074
237.078757376	6.806882E-4	0.0018031211802735925
237.080723456	8.017813E-4	0.0019547883421182632
237.082689536	6.189939E-4	0.002044553868472576
237.084672	8.783095E-4	0.0020635395776480436
237.08663808	0.001168711	0.002009485149756074
237.088620544	9.0280536E-4	0.0018871406791731715
237.090586624	9.518076E-4	0.0017077605007216334
237.092552704	0.0012758287	0.001487694913521409
237.094535168	7.438323E-4	0.0012461887672543526
237.096501248	8.367022E-4	0.0010026934323832393
237.098483712	6.393526E-4	7.742035668343306E-4
237.100449792	2.728117E-4	5.732817808166146E-4
237.102415872	5.4713886E-4	4.06903971452266E-4
237.104398336	5.957332E-4	2.76866921922192E-4
237.106364416	5.6512596E-4	1.8079110304825008E-4
237.10834688	4.4441744E-4	1.1374477617209777E-4
237.11031296	4.3651168E-4	6.98240110068582E-5
237.11227904	3.0981223E-4	4.33975801570341E-5
237.114261504	3.1885164E-4	2.9867402190575376E-5
237.116227584	-3.6254667E-5	2.597267484816257E-5
237.118210048	4.7002346E-4	2.9736722353845835E-5
237.120176128	5.467293E-4	4.009372787550092E-5
237.122142208	-1.9048169E-4	5.68649047636427E-5
237.124124672	-2.2242233E-4	7.959030335769057E-5
237.126090752	-2.55654E-4	1.0744172323029488E-4
237.128073216	2.1235584E-4	1.3972152373753488E-4
237.130039296	2.584081E-4	1.7388157721143216E-4
237.132005376	5.51476E-4	2.0710231910925359E-4
237.13398784	7.3197985E-4	2.3610683274455369E-4
237.13595392	6.825923E-4	2.576746337581426E-4
237.137936384	2.3584705E-4	2.692239067982882E-4
237.139902464	3.5862144E-4	2.693123242352158E-4
237.141868544	3.648471E-4	2.579287684056908E-4
237.143851008	2.6739071E-4	2.3649549984838814E-4
237.145817088	7.7614415E-5	2.0758026221301407E-4
237.147799552	-5.584434E-5	1.7439805378671736E-4
237.149765632	4.1342303E-4	1.402295019943267E-4
237.151731712	4.3463436E-4	1.0790424857987091E-4
237.153714176	1.05199724E-4	7.945253310026601E-5
237.155680256	-2.6356573E-5	5.597993003902957E-5
237.15766272	1.9996086E-4	3.774046854232438E-5
237.1596288	-6.3185726E-5	2.4346714781131595E-5
237.16159488	2.2008639E-5	1.5029377209430095E-5
237.163577344	2.445109E-4	8.878208973328583E-6
237.165543424	2.371537E-4	5.0188391469419E-6
237.167525888	6.488254E-5	2.7151179438078543E-6
237.169491968	4.9314553E-5	1.4056815871299477E-6
237.171458048	1.9609308E-4	6.964780823182082E-7
237.173440512	2.1637333E-4	3.302566540241969E-7
237.175406592	3.2339114E-4	1.4987188023951603E-7
237.177389056	-2.5684623E-5	6.50906883947755E-8
237.179355136	-3.0510282E-4	0.0
237.181321216	-3.02149E-4	0.0
237.18330368	-1.0193829E-4	0.0
237.18526976	-1.6307136E-5	0.0
237.187252224	5.186625E-6	0.0
237.189218304	2.9223362E-5	0.0
237.191184384	1.4095879E-4	0.0
237.193166848	2.0351176E-4	0.0
237.195132928	1.6407305E-4	0.0
237.197115392	5.2630992E-5	0.0
237.199081472	1.8911724E-4	0.0
237.201047552	5.583855E-4	0.0
237.203030016	3.7559666E-4	0.0
237.204996096	1.0815551E-4	0.0
237.20697856	2.7673514E-4	0.0
237.20894464	1.578879E-4	0.0
237.21091072	-1.4891537E-4	0.0
237.212893184	-4.6770124E-6	0.0
237.214859264	1.05027895E-4	0.0
237.216841728	1.8908698E-4	0.0
237.218807808	3.7513705E-4	0.0
237.220773888	1.00183854E-4	0.0
237.222756352	1.3231006E-4	0.0
237.224722432	8.0298155E-4	7.033430193814638E-8
237.226704896	6.666485E-4	1.6250322687483276E-7
237.228670976	5.554691E-4	3.593385144995409E-7
237.230637056	3.0617797E-4	7.604808160976972E-7
237.23261952	1.0538226E-4	1.5403525139845442E-6
237.2345856	1.6397293E-4	2.9860095764888683E-6
237.236568064	-3.653709E-5	5.53981135453796E-6
237.238534144	-1.5653172E-4	9.83607787929941E-6
237.240500224	4.337574E-5	1.6713200238882564E-5
237.242482688	3.2663214E-4	2.7176505682291463E-5
237.244448768	3.794167E-4	4.2287061660317704E-5
237.246431232	-1.4216351E-4	6.296337960520759E-5
237.248397312	1.7494484E-4	8.970715862233192E-5
237.250363392	7.4667355E-6	1.2230034917593002E-4
237.252345856	-3.159596E-5	1.5955328126437962E-4
237.254311936	3.7474566E-4	1.9920368504244834E-4
237.2562944	3.6221542E-4	2.3803938529454172E-4
237.25826048	3.077922E-4	2.722807112149894E-4
237.26022656	4.6600946E-4	2.981662400998175E-4
237.262209024	5.7484454E-4	3.126224619336426E-4
237.264175104	5.0876464E-4	3.1385538750328124E-4
237.266157568	6.180153E-4	3.0170942773111165E-4
237.268123648	8.54913E-4	2.7769964071922004E-4
237.270089728	0.0010085228	2.4470602511428297E-4
237.272072192	6.381342E-4	2.0641493028961122E-4
237.274038272	3.4367954E-4	1.6665078874211758E-4
237.276020736	7.437604E-4	1.2876366963610053E-4
237.277986816	5.141009E-4	9.520567982690409E-5
237.279952896	7.26157E-4	6.735918577760458E-5
237.28193536	1.9823373E-4	4.5602460886584595E-5
237.28390144	-8.943179E-5	2.9542285119532607E-5
237.285883904	3.2957967E-5	1.8313750842935406E-5
237.287849984	-4.068057E-4	1.0864345313166268E-5
237.289816064	3.6068037E-4	6.167912943055853E-6
237.291798528	2.442392E-4	3.4983497698704014E-6
237.293764608	-4.142941E-4	2.073929863399826E-6
237.295747072	1.4434891E-5	1.5812619267308037E-6
237.297713152	2.3529548E-4	1.8856850374504575E-6
237.299679232	5.236926E-4	3.0949902338761603E-6
237.301661696	4.5193997E-4	5.572970621869899E-6
237.303627776	3.421438E-4	9.926716302288696E-6
237.30561024	0.0011428097	1.7174690583487973E-5
237.30757632	0.001099365	2.8436419597710483E-5
237.309558784	3.8068774E-4	4.505454853642732E-5
237.311524864	5.8413807E-5	6.830674828961492E-5
237.313490944	-7.016878E-5	9.90914340945892E-5
237.315473408	3.0897706E-4	1.375477440888062E-4
237.317439488	7.772E-4	1.8269680731464177E-4
237.319421952	3.9562405E-4	2.3221988521981984E-4
237.321388032	6.6672626E-4	2.8249723254702985E-4
237.323354112	0.0011010695	3.2896065386012197E-4
237.325336576	0.0014201159	3.6674385773949325E-4
237.327302656	5.6105E-4	3.9150399970822036E-4
237.32928512	7.459369E-4	4.002313071396202E-4
237.3312512	9.972068E-4	3.918357833754271E-4
237.33321728	0.001526313	3.673660976346582E-4
237.335199744	0.0011683655	3.2979954266920686E-4
237.337165824	3.6384803E-4	2.834597835317254E-4
237.339148288	-1.6571596E-4	2.3321072512771934E-4
237.341114368	4.8311053E-5	1.836342562455684E-4
237.343080448	4.01978E-4	1.3837307051289827E-4
237.345062912	4.1400277E-4	9.977213630918413E-5
237.347028992	1.2673842E-4	6.883523747092113E-5
237.349011456	1.212527E-4	4.5442346163326874E-5
237.350977536	-2.7965024E-4	2.8705842851195484E-5
237.352943616	1.408568E-4	1.735246041789651E-5
237.35492608	1.9676061E-4	1.0038072105089668E-5
237.35689216	2.0921472E-4	5.557234089792473E-6
237.358874624	6.692995E-4	2.944405423477292E-6
237.360840704	8.7795535E-4	1.493071408731339E-6
237.362806784	3.8278554E-4	7.246219979606394E-7
237.364789248	-2.0691278E-4	4.4293727796684834E-7
237.366755328	7.164976E-5	3.9305589893956494E-7
237.368737792	6.10812E-4	5.332672685653961E-7
237.370703872	7.006534E-4	1.118147110901191E-6
237.372669952	5.2039453E-4	2.2439669464802137E-6
237.374652416	7.1720465E-4	4.3101408664369956E-6
237.376618496	9.121023E-4	7.923464181658346E-6
237.37860096	6.0655305E-4	1.394037917634705E-5
237.38056704	6.493189E-4	2.347218651266303E-5
237.38253312	8.2995335E-4	3.7820969737367705E-5
237.384515584	6.5495947E-4	5.8316567447036505E-5
237.386481664	5.250134E-4	8.604254253441468E-5
237.388464128	4.5677213E-4	1.2212964065838605E-4
237.390430208	8.065767E-4	1.655602245591581E-4
237.392396288	6.199948E-4	2.1524254407268018E-4
237.394378752	3.390483E-4	2.687661617528647E-4
237.396344832	7.1057875E-4	3.2307315268553793E-4
237.398327296	7.981522E-4	3.7519008037634194E-4
237.400293376	7.299158E-4	4.231792117934674E-4
237.402259456	9.304058E-4	4.6706385910511017E-4
237.40424192	0.0012575028	5.094133666716516E-4
237.406208	0.0012203321	5.552818765863776E-4
237.408190464	0.0013074457	6.113128620199859E-4
237.410156544	0.0013959735	6.840358837507665E-4
237.412122624	0.001274191	7.777007995173335E-4
237.414105088	0.0011028048	8.922276902012527E-4
237.416071168	0.0010409866	0.0010219793766736984
237.418053632	0.0010665698	0.0011558831902220845
237.420019712	8.3195616E-4	0.0012790050823241472
237.421985792	8.324903E-4	0.0013752337545156479
237.423968256	9.254477E-4	0.0014304178766906261
237.425934336	9.874179E-4	0.0014349417760968208
237.4279168	0.0011869854	0.0013855482684448361
237.42988288	0.0011235956	0.001286058803088963
237.43184896	8.1859797E-4	0.0011465619318187237
237.433831424	7.703587E-4	9.817109676077962E-4
237.435797504	8.1504404E-4	8.082827553153038E-4
237.437779968	0.0010251558	6.425897008739412E-4
237.439746048	0.0010753904	4.982863902114332E-4
237.441712128	7.078351E-4	3.8501175004057586E-4
237.443694592	6.725021E-4	3.079441958107054E-4
237.445660672	3.1328792E-4	2.6831025024876E-4
237.447643136	-1.6364413E-5	2.638152800500393E-4
237.449609216	6.11215E-4	2.896422811318189E-4
237.451575296	6.023942E-4	3.3896288368850946E-4
237.45355776	3.9080236E-4	4.034196608699858E-4
237.45552384	7.559393E-4	4.7364342026412487E-4
237.457506304	0.0011216229	5.399600486271083E-4
237.459472384	8.9485E-4	5.933367065154016E-4
237.461438464	9.623369E-4	6.264421972446144E-4
237.463420928	0.0010032972	6.34614028967917E-4
237.465387008	7.593307E-4	6.162940408103168E-4
237.467369472	6.743063E-4	5.739706684835255E-4
237.469335552	2.5952546E-4	5.1219726447016E-4
237.471301632	1.8158936E-4	4.3784771696664393E-4
237.473284096	8.412273E-5	3.584519145078957E-4
237.475250176	2.5321994E-4	2.809666912071407E-4
237.47723264	4.4899885E-4	2.1082056628074497E-4
237.47919872	5.6231197E-4	1.5141053881961852E-4
237.4811648	5.410841E-4	1.0407934314571321E-4
237.483147264	4.1628568E-4	6.847686745459214E-5
237.485113344	2.581776E-4	4.312368037062697E-5
237.487095808	6.939053E-4	2.59961852862034E-5
237.489061888	4.613908E-4	1.5002183317847084E-5
237.491027968	2.3808036E-4	8.288526260002982E-6
237.493010432	3.3762804E-4	4.3842878767463844E-6
237.494976512	1.5005106E-4	2.220401938757277E-6
237.496958976	5.2504067E-4	1.0766749483082094E-6
237.498925056	1.7049964E-4	4.998760800845048E-7
237.500891136	1.4633973E-4	2.222122930106707E-7
237.5028736	5.172818E-4	0.0
237.50483968	0.0011072337	0.0
237.506822144	4.6185273E-4	0.0
237.508788224	1.6319365E-4	0.0
237.510754304	5.628242E-4	0.0
237.512736768	4.5202472E-4	0.0
237.514702848	4.468177E-4	0.0
237.516685312	7.026942E-4	0.0
237.518651392	2.0302422E-4	0.0
237.520617472	6.659982E-4	0.0
237.522599936	8.9962356E-5	0.0
237.524566016	-9.669029E-5	0.0
237.52654848	1.5648906E-4	0.0
237.52851456	3.6703292E-4	0.0
237.53048064	2.7792537E-4	0.0
237.532463104	4.062132E-4	0.0
237.534429184	-1.9528452E-4	0.0
237.536411648	1.513293E-4	0.0
237.538377728	3.000713E-4	0.0
237.540343808	3.4481692E-4	0.0
237.542326272	4.6695917E-4	0.0
237.544292352	2.4148342E-4	0.0
237.546274816	4.5937914E-4	0.0
237.548240896	3.8345586E-4	0.0
237.550206976	7.1026676E-4	0.0
237.55218944	5.044126E-4	0.0
237.55415552	1.05268875E-4	0.0
237.556137984	4.7276806E-4	0.0
237.558104064	4.2164055E-4	0.0
237.560070144	3.2129962E-4	0.0
237.562052608	3.3137247E-5	0.0
237.564018688	1.5823958E-5	0.0
237.566001152	2.2811987E-4	0.0
237.567967232	6.706439E-5	0.0
237.569933312	1.8102439E-5	0.0
237.571915776	1.9034659E-4	0.0
237.573881856	2.0088637E-4	0.0
237.57586432	3.4906992E-5	0.0
237.5778304	3.3368994E-4	0.0
237.57979648	4.3820482E-4	0.0
237.581778944	4.5657306E-4	0.0
237.583745024	4.3702553E-4	0.0
237.585727488	6.173445E-4	0.0
237.587693568	6.5555086E-4	0.0
237.589659648	4.4906148E-4	0.0
237.591642112	1.9233217E-4	0.0
237.593608192	1.5574004E-4	0.0
237.595590656	3.7516057E-4	0.0
237.597556736	4.7561256E-4	0.0
237.599522816	2.9838117E-4	0.0
237.60150528	2.8677736E-4	0.0
237.60347136	4.2186034E-4	0.0
237.605453824	4.6364576E-4	0.0
237.607419904	3.9111366E-4	0.0
237.609385984	2.7144313E-4	0.0
237.611368448	-3.0695603E-5	0.0
237.613334528	-5.6915127E-5	0.0
237.615316992	1.8594213E-4	0.0
237.617283072	1.4708968E-4	0.0
237.619265536	9.138262E-5	0.0
237.621231616	1.9010049E-4	0.0
237.623197696	2.6844567E-4	0.0
237.62518016	1.809684E-4	0.0
237.62714624	1.4577745E-4	0.0
237.629128704	9.3698356E-5	0.0
237.631094784	1.6976226E-4	0.0
237.633060864	3.8735996E-4	0.0
237.635043328	4.9846235E-4	0.0
237.637009408	3.1268466E-4	2.1041077502559347E-7
237.638991872	4.0384484E-4	4.729845670681243E-7
237.640957952	3.8827522E-4	1.017739577946486E-6
237.642924032	1.5431465E-4	2.0961826976417797E-6
237.644906496	2.1303035E-4	4.132631147513166E-6
237.646872576	2.0960285E-4	7.798566912242677E-6
237.64885504	3.0234046E-4	1.408570915373275E-5
237.65082112	8.344193E-5	2.4349845261895098E-5
237.6527872	3.6666132E-4	4.0285369323100895E-5
237.654769664	4.4855088E-4	6.378246325766668E-5
237.656735744	4.2774607E-4	9.663413220550865E-5
237.658718208	2.8382553E-4	1.4009226288180798E-4
237.660684288	1.3708914E-4	1.9433557463344187E-4
237.662650368	4.8359376E-4	2.579657011665404E-4
237.664632832	7.518885E-4	3.277110808994621E-4
237.666598912	7.263542E-4	3.984871436841786E-4
237.668581376	5.703623E-4	4.640565312001854E-4
237.670547456	5.1965343E-4	5.175219848752022E-4
237.672513536	4.6967258E-4	5.5313779739663E-4
237.674496	6.127538E-4	5.667948862537742E-4
237.67646208	8.1342424E-4	5.574218812398612E-4
237.678444544	9.216637E-4	5.271340487524867E-4
237.680410624	5.686028E-4	4.811389953829348E-4
237.682376704	4.7690034E-4	4.2707545799203217E-4
237.684359168	6.407624E-4	3.739770036190748E-4
237.686325248	6.7173166E-4	3.3106887713074684E-4
237.688307712	6.5470545E-4	3.0657212482765317E-4
237.690273792	5.747805E-4	3.066649369429797E-4
237.692239872	5.884395E-4	3.3466314198449254E-4
237.694222336	8.664051E-4	3.9046318852342665E-4
237.696188416	5.0213083E-4	4.703066369984299E-4
237.69817088	3.80467E-4	5.669520469382405E-4
237.70013696	0.0010150451	6.703335093334317E-4
237.70210304	8.743856E-4	7.687263423576951E-4
237.704085504	4.8220003E-4	8.503073477186263E-4
237.706051584	5.582705E-4	9.04854096006602E-4
237.708034048	5.544404E-4	9.252768359147012E-4
237.710000128	9.4452815E-4	9.086696663871408E-4
237.711966208	3.8567264E-4	8.56673636008054E-4
237.713948672	4.6980576E-4	7.749825017526746E-4
237.715914752	6.367493E-4	6.727204308845103E-4
237.717897216	7.583188E-4	5.599701544269919E-4
237.719863296	2.6674797E-5	4.469148407224566E-4
237.721829376	-1.2941103E-5	3.4206040436401963E-4
237.72381184	2.8947633E-4	2.513559302315116E-4
237.72577792	5.277371E-4	1.779388403519988E-4
237.727760384	7.834049E-4	1.2246466940268874E-4
237.729726464	6.8044115E-4	8.381187944905832E-5
237.731692544	6.377414E-4	5.988945486024022E-5
237.733675008	2.008221E-4	4.83223884657491E-5
237.735641088	2.7091577E-4	4.688228727900423E-5
237.737623552	2.3774788E-4	5.3636147640645504E-5
237.739589632	3.203243E-4	6.71375310048461E-5
237.741555712	2.4027968E-4	8.549821359338239E-5
237.743538176	1.7100348E-4	1.0715103417169303E-4
237.745504256	5.56606E-4	1.3028820103500038E-4
237.74748672	2.1423315E-4	1.530582958366722E-4
237.7494528	2.617654E-5	1.7405649123247713E-4
237.75141888	4.1796625E-4	1.9260935368947685E-4
237.753401344	4.318432E-4	2.0898603543173522E-4
237.755367424	2.60037E-4	2.2493695723824203E-4
237.757349888	6.254771E-5	2.4345256679225713E-4
237.759315968	1.7339372E-4	2.6828248519450426E-4
237.761282048	4.9269E-4	3.030806255992502E-4
237.763264512	3.9489227E-4	3.503340412862599E-4
237.765230592	3.1931567E-4	4.103253595530987E-4
237.767213056	6.667449E-4	4.8045572475530207E-4
237.769179136	7.053664E-4	5.551736103370786E-4
237.771145216	7.0657546E-4	6.268922006711364E-4
237.77312768	0.0012731926	6.86559418682009E-4
237.77509376	0.0012104901	7.262089638970792E-4
237.777076224	0.0010232794	7.4007612420246E-4
237.779042304	7.7579834E-4	7.259860285557806E-4
237.781008384	7.688968E-4	6.857526605017483E-4
237.782990848	4.0434845E-4	6.251895101740956E-4
237.784956928	4.6771145E-4	5.530929192900658E-4
237.786939392	7.5012154E-4	4.7985700075514615E-4
237.788905472	6.4725184E-4	4.1582988342270255E-4
237.790871552	6.163685E-4	3.6975095281377435E-4
237.792854016	6.1048626E-4	3.474931581877172E-4
237.794820096	3.9233253E-4	3.514520649332553E-4
237.79680256	6.4879365E-4	3.8014689926058054E-4
237.79876864	9.2833175E-4	4.287395568098873E-4
237.80073472	0.0010185983	4.897551843896508E-4
237.802717184	7.771858E-4	5.541879800148308E-4
237.804683264	5.723083E-4	6.127749802544713E-4
237.806665728	5.591506E-4	6.572621059603989E-4
237.808631808	6.695724E-4	6.814702064730227E-4
237.810597888	7.555877E-4	6.82004785630852E-4
237.812580352	6.19223E-4	6.585061782971025E-4
237.814546432	4.5961127E-4	6.134272553026676E-4
237.816528896	4.0067508E-4	5.512868519872427E-4
237.818494976	5.254954E-4	4.783472395502031E-4
237.820461056	4.5907692E-4	4.0065738721750677E-4
237.82244352	3.9186314E-4	3.2399952760897577E-4
237.8244096	1.686931E-4	2.529849298298359E-4
237.826392064	2.0188591E-4	1.9073026487603784E-4
237.828358144	4.264541E-4	1.388254459016025E-4
237.830324224	3.7552053E-4	9.753216727403924E-5
237.832306688	2.6011057E-4	6.611688149860129E-5
237.834272768	7.244371E-5	4.322944369050674E-5
237.836255232	1.5516156E-5	2.7247839170740917E-5
237.838221312	9.40178E-5	1.654728657740634E-5
237.840187392	1.425092E-4	9.67624055192573E-6
237.842169856	1.4418489E-4	5.445142051030416E-6
237.844135936	3.434283E-4	2.9469579203578178E-6
237.8461184	5.1212835E-4	1.533050294710847E-6
237.84808448	2.0026168E-4	6.931268217158504E-7
237.85005056	-6.8668654E-5	3.381758233444998E-7
237.852033024	2.592426E-6	1.579457347133939E-7
237.853999104	2.1551791E-4	2.1164673569273873E-7
237.855981568	3.889693E-4	3.1655326893087476E-7
237.857947648	4.582066E-4	6.801860763516743E-7
237.859913728	2.1396027E-4	1.3991274272484588E-6
237.861896192	2.5122516E-5	2.755007471932913E-6
237.863862272	1.6406187E-4	5.193083325139014E-6
237.865844736	-1.2592916E-4	9.370189218316227E-6
237.867810816	-7.350129E-5	1.6183965271920897E-5
237.869776896	9.07293E-5	2.6755484213936143E-5
237.87175936	5.2065065E-4	4.23366145696491E-5
237.87372544	1.609459E-4	6.411789945559576E-5
237.875707904	-2.0712885E-4	9.293622861150652E-5
237.877673984	1.692852E-4	1.289243227802217E-4
237.879640064	2.9883123E-4	1.7117417883127928E-4
237.881622528	4.9165774E-5	2.175352128688246E-4
237.883588608	6.325389E-5	2.6464046095497906E-4
237.885571072	1.7383284E-4	3.082360199186951E-4
237.887537152	5.0556625E-4	3.4377980045974255E-4
237.889503232	2.1388786E-4	3.67204484064132E-4
237.891485696	1.7088823E-4	3.7567343679256737E-4
237.893451776	1.8088808E-4	3.681322850752622E-4
237.89543424	2.9601002E-4	3.4552038414403796E-4
237.89740032	4.5296233E-4	3.105830692220479E-4
237.8993664	5.2161363E-4	2.673344570212066E-4
237.901348864	5.222593E-4	2.2031107801012695E-4
237.903314944	-1.8674449E-6	1.7380317149218172E-4
237.905297408	-1.8802905E-4	1.3124079850967973E-4
237.907263488	-4.7380247E-5	9.484963811701164E-5
237.909229568	5.762102E-5	6.560624024132267E-5
237.911212032	8.3658E-5	4.3430896766949445E-5
237.913178112	4.542245E-4	2.751750434981659E-5
237.915160576	1.4013643E-4	1.6687581592123024E-5
237.917126656	5.631858E-4	9.68658241617959E-6
237.919092736	1.4219372E-4	5.382190465752501E-6
237.9210752	-1.0598582E-4	2.8626579933188623E-6
237.92304128	-1.570046E-4	1.4575133491234737E-6
237.925023744	6.436565E-5	1.1555719083844451E-6
237.926989824	3.693425E-5	1.3193490531193675E-6
237.928972288	5.6250894E-4	2.2466440441348823E-6
237.930938368	1.0593966E-4	4.267679742042674E-6
237.932904448	1.0869556E-5	8.307803909701761E-6
237.934886912	4.4745588E-4	1.5480751244467683E-5
237.936852992	-1.1828638E-5	2.7611193218035623E-5
237.938835456	-2.384597E-4	4.7133824409684166E-5
237.940801536	-9.740997E-5	7.699888374190778E-5
237.942767616	-7.335367E-5	1.2036382395308465E-4
237.94475008	5.4821244E-4	1.800220925360918E-4
237.94671616	2.4082707E-4	2.5759838172234595E-4
237.948698624	8.1221166E-4	3.5265740007162094E-4
237.950664704	0.0012588693	4.619569517672062E-4
237.952630784	8.894304E-4	5.791333969682455E-4
237.954613248	3.713042E-4	6.950618117116392E-4
237.956579328	2.923874E-4	7.989217410795391E-4
237.958561792	5.3270126E-4	8.798164781183004E-4
237.960527872	0.0012518055	9.286142303608358E-4
237.962493952	0.0010503129	9.395676897838712E-4
237.964476416	8.962845E-4	9.115527500398457E-4
237.966442496	6.5139553E-4	8.478047675453126E-4
237.96842496	6.133324E-4	7.559741497971117E-4
237.97039104	8.413951E-4	6.464816397055984E-4
237.97235712	2.8026671E-4	5.309110856615007E-4
237.974339584	2.890109E-4	4.2033655336126685E-4
237.976305664	1.2949537E-4	3.2403814839199185E-4
237.978288128	-1.8482706E-5	2.488516620360315E-4
237.980254208	3.6703036E-4	1.9917060853913426E-4
237.982220288	6.961938E-4	1.7736922018229961E-4
237.984202752	4.7069075E-4	1.8432352226227522E-4
237.986168832	2.2365488E-4	2.1970359375700355E-4
237.988151296	3.3966856E-4	2.8187615680508316E-4
237.990117376	6.12368E-4	3.6748411366716027E-4
237.992083456	0.0010077722	4.7093626926653087E-4
237.99406592	0.0011577295	5.841644597239792E-4
237.996032	9.806425E-4	6.969362730160356E-4
237.998014464	9.6600095E-4	7.978237699717283E-4
237.999980544	9.089337E-4	8.75720230396837E-4
238.001946624	8.604665E-4	9.214255842380226E-4
238.003929088	9.114385E-4	9.297204669564962E-4
238.005895168	8.482436E-4	8.993202354758978E-4
238.007877632	6.6850346E-4	8.338478510268033E-4
238.009843712	6.800735E-4	7.412584964185953E-4
238.011809792	8.3677715E-4	6.314232014119625E-4
238.013792256	6.524677E-4	5.157315754331648E-4
238.015758336	6.003558E-4	4.046678077429533E-4
238.0177408	8.146196E-4	3.0672288266941905E-4
238.01970688	8.181328E-4	2.278136380482465E-4
238.02167296	4.4334828E-4	1.7140837735496461E-4
238.023655424	1.9935248E-4	1.3913984003011137E-4
238.025621504	3.9543546E-4	1.3157882494851947E-4
238.027603968	4.708833E-4	1.4881764946039766E-4
238.029570048	4.1306493E-4	1.9062100909650326E-4
238.031536128	2.4065687E-4	2.5609054137021303E-4
238.033518592	2.1755867E-4	3.4296794910915196E-4
238.035484672	1.6646026E-4	4.4688564958050847E-4
238.037467136	2.4240333E-4	5.609045037999749E-4
238.039433216	6.364278E-4	6.756538641639054E-4
238.041399296	7.491055E-4	7.801800384186208E-4
238.04338176	5.6692783E-4	8.632985991425812E-4
238.04534784	4.3254936E-4	9.158584289252758E-4
238.047330304	NaN	9.314180351793766E-4
238.049296384	NaN	9.081144817173481E-4
238.051262464	NaN	8.487313170917332E-4
238.053244928	NaN	7.601885590702295E-4
238.055211008	NaN	6.522830808535218E-4
238.057193472	NaN	5.359731148928404E-4
238.059159552	NaN	4.2158245923928916E-4
238.061125632	NaN	3.1734592630527914E-4
238.063108096	NaN	2.2856846044305712E-4
238.065074176	NaN	1.5750870807096362E-4
238.06705664	NaN	1.0384927008999512E-4
238.06902272	NaN	6.551616388605908E-5
238.0709888	NaN	3.955325882998295E-5
238.072971264	NaN	2.285357732034754E-5
238.074937344	NaN	1.2638772204809356E-5
238.076919808	NaN	6.690599093417404E-6
238.078885888	NaN	3.3904884730873164E-6
238.080851968	NaN	1.6447835378130549E-6
