236.18406	HC3N_vib	26-25	2.3618406E11
236.900358	HC3N_vib	26,-1-25,1	2.36900358E11
237.086482	HC3N_vib	26,1-25,-1	2.37086482E11
237.093383	HC3N_vib	26,-1-25,1	2.37093383E11
237.432261	HC3N_vib	26,1-25,-1	2.37432261E11
237.2701268	HC3N_vib	26,0-25,0	2.372701268E11
237.468942	HC3N_vib	26,2-25,-2	2.37468942E11
237.470729	HC3N_vib	26,-2-25,2	2.37470729E11
237.9688357	HC3N_vib	26,0-25,0	2.379688357E11
238.0101334	HC3N_vib	26,-2-25,2	2.380101334E11
238.0539019	HC3N_vib	26,2-25,-2	2.380539019E11
236.69231	HC3N_vib	26,0,1-25,0,1	2.3669231E11
237.7600484	HC3N_vib	26,0,0-25,0,0	2.377600484E11
237.7840909	HC3N_vib	26,-2,0-25,2,0	2.377840909E11
237.8234185	HC3N_vib	26,2,0-25,-2,0	2.378234185E11
237.681316	HC3N_vib	26,0,0-25,0,0	2.37681316E11
237.713597	HC3N_vib	26,0,1-25,0,1	2.37713597E11
237.783924	HC3N_vib	26,-2,2-25,2,2	2.37783924E11
237.81488	HC3N_vib	26,2,2-25,-2,2	2.3781488E11
236.5127888	HC3N_vib	26-25	2.365127888E11
236.529548	HC3N_vib	26,-1,0-25,1,0	2.36529548E11
236.661413	HC3N_vib	26,1,0-25,-1,0	2.36661413E11
236.795303	HC3N_vib	26,-1-25,1	2.36795303E11
237.145682	HC3N_vib	26,1-25,-1	2.37145682E11
235.2700163	HC3N_vib	25,-2,3-24,2,0	2.352700163E11
237.336053	HC3N_vib	26,0,2-25,0,2	2.37336053E11
237.409811	HC3N_vib	26,0,1-25,0,1	2.37409811E11
237.716917	HC3N_vib	26,-2,3-25,2,3	2.37716917E11
237.898314	HC3N_vib	26,2,3-25,-2,3	2.37898314E11
235.1517196	SO2,v=0	4,2,2-3,1,3	2.351517196E11
236.2166869	SO2,v=0	16,1,15-15,2,14	2.362166869E11
237.068833	SO2,v=0	12,3,9-12,2,10	2.37068833E11
236.7270204	H2CS	7,1,7-6,1,6	2.367270204E11
