220.033335296	4.002999E-5	0.0
220.0313856	1.0032569E-4	0.0
220.029435904	7.1316084E-5	0.0
220.027469824	-2.6006544E-5	0.0
220.025520128	6.424934E-5	0.0
220.023570432	-1.6367629E-4	0.0
220.021604352	-4.3030755E-5	0.0
220.019654656	1.3750207E-4	0.0
220.01770496	-1.0311371E-4	0.0
220.01573888	2.4039533E-5	0.0
220.013789184	3.4031385E-5	0.0
220.011839488	3.7339647E-5	0.0
220.009889792	-3.8829836E-5	0.0
220.007923712	5.560812E-5	0.0
220.005974016	2.2070608E-5	0.0
220.00402432	8.997672E-5	0.0
220.00205824	-6.4681604E-5	0.0
220.000108544	-1.00385245E-4	0.0
219.998158848	5.303815E-5	0.0
219.996192768	4.3509244E-5	0.0
219.994243072	-3.673737E-5	0.0
219.992293376	-6.733745E-5	0.0
219.99034368	5.0914692E-5	0.0
219.9883776	1.6410022E-5	0.0
219.986427904	-8.700151E-5	0.0
219.984478208	1.1119039E-5	0.0
219.982512128	-1.9172234E-5	0.0
219.980562432	-8.452872E-6	0.0
219.978612736	1.7988651E-6	0.0
219.976646656	2.9244367E-5	0.0
219.97469696	6.1210856E-5	0.0
219.972747264	5.271622E-5	0.0
219.970797568	-1.9404923E-5	0.0
219.968831488	-1.1130459E-6	0.0
219.966881792	-3.412722E-5	0.0
219.964932096	-5.717665E-6	0.0
219.962966016	4.1675274E-5	0.0
219.96101632	-5.7346882E-5	0.0
219.959066624	4.2478125E-5	0.0
219.957100544	2.003021E-4	0.0
219.955150848	2.2300112E-4	0.0
219.953201152	3.218435E-4	0.0
219.951251456	2.630772E-4	0.0
219.949285376	1.6426052E-4	0.0
219.94733568	3.765449E-4	0.0
219.945385984	3.7385616E-4	0.0
219.943419904	2.9516255E-4	0.0
219.941470208	2.865316E-4	0.0
219.939520512	2.8789352E-4	0.0
219.937554432	1.2507141E-4	0.0
219.935604736	1.550207E-4	0.0
219.93365504	8.025204E-5	0.0
219.931705344	1.3600383E-4	0.0
219.929739264	2.1429459E-4	0.0
219.927789568	9.2997085E-5	0.0
219.925839872	6.685672E-5	0.0
219.923873792	1.978443E-5	0.0
219.921924096	7.527851E-5	0.0
219.9199744	-4.6171914E-5	0.0
219.91800832	5.1734387E-5	0.0
219.916058624	1.4506966E-4	0.0
219.914108928	9.050143E-5	0.0
219.912159232	5.3612894E-5	0.0
219.910193152	1.6646796E-5	0.0
219.908243456	-2.3098195E-5	0.0
219.90629376	4.2415675E-5	0.0
219.90432768	-1.12612315E-5	0.0
219.902377984	1.3713223E-4	0.0
219.900428288	7.945458E-5	0.0
219.898462208	1.9790637E-4	0.0
219.896512512	5.4682372E-5	0.0
219.894562816	-2.4851297E-5	0.0
219.892596736	-4.3589887E-5	0.0
219.89064704	-1.896807E-5	0.0
219.888697344	2.5544152E-6	0.0
219.886747648	7.276982E-5	0.0
219.884781568	1.2439298E-5	0.0
219.882831872	8.3741485E-5	0.0
219.880882176	1.1501968E-4	0.0
219.878916096	-3.5913246E-5	0.0
219.8769664	-7.5757576E-5	0.0
219.875016704	2.6001968E-5	0.0
219.873050624	1.0812867E-5	0.0
219.871100928	-6.437752E-5	0.0
219.869151232	6.932766E-6	0.0
219.867201536	9.1556096E-5	0.0
219.865235456	5.1991592E-5	0.0
219.86328576	3.7646736E-5	0.0
219.861336064	-2.7360742E-5	0.0
219.859369984	4.8824862E-5	0.0
219.857420288	5.6550853E-5	0.0
219.855470592	1.3601685E-6	0.0
219.853504512	6.662602E-5	0.0
219.851554816	9.1593E-5	0.0
219.84960512	-4.969115E-5	0.0
219.847655424	-9.401876E-5	0.0
219.845689344	-3.5862442E-5	0.0
219.843739648	8.2200364E-5	0.0
219.841789952	-8.420967E-6	0.0
219.839823872	-7.494154E-5	0.0
219.837874176	8.027615E-5	0.0
219.83592448	1.591907E-5	0.0
219.8339584	-5.8500655E-6	0.0
219.832008704	-7.198817E-6	0.0
219.830059008	-3.2733424E-5	0.0
219.828109312	-5.7102507E-6	0.0
219.826143232	-8.811191E-5	0.0
219.824193536	6.8668625E-5	0.0
219.82224384	-1.0540111E-4	0.0
219.82027776	-1.4775925E-4	0.0
219.818328064	5.871922E-5	0.0
219.816378368	3.77622E-5	0.0
219.814412288	5.7247E-5	0.0
219.812462592	-1.2798598E-5	0.0
219.810512896	1.7416725E-4	0.0
219.8085632	-2.7211701E-5	0.0
219.80659712	-6.452966E-6	0.0
219.804647424	8.403288E-6	0.0
219.802697728	2.5461612E-5	0.0
219.800731648	2.4303446E-5	0.0
219.798781952	6.9588146E-5	0.0
219.796832256	1.0664793E-4	0.0
219.794866176	1.2497696E-4	0.0
219.79291648	5.3989148E-5	0.0
219.790966784	6.223706E-5	0.0
219.789017088	2.6713835E-6	0.0
219.787051008	3.53958E-6	0.0
219.785101312	7.771233E-6	0.0
219.783151616	6.61058E-5	0.0
219.781185536	1.6713103E-6	0.0
219.77923584	-5.407902E-5	0.0
219.777286144	-4.533478E-5	0.0
219.775320064	-1.1282583E-4	0.0
219.773370368	-8.438546E-6	0.0
219.771420672	2.5765841E-5	0.0
219.769454592	1.3060061E-5	1.859144171945104E-9
219.767504896	1.1782837E-4	5.174547457187373E-9
219.7655552	9.341173E-5	1.3478150151513546E-8
219.763605504	-5.652153E-5	3.285385474782743E-8
219.761639424	3.8768987E-5	7.494448794886921E-8
219.759689728	-1.7317123E-5	1.5998895719349093E-7
219.757740032	2.3947783E-5	3.1962079560798884E-7
219.755773952	9.829965E-6	5.97547739289439E-7
219.753824256	5.110493E-5	1.0454414223204367E-6
219.75187456	6.0386476E-5	1.711646177682269E-6
219.74990848	-2.2109796E-5	2.6224838620692026E-6
219.747958784	-4.4078006E-5	3.760100753424922E-6
219.746009088	3.1462652E-5	5.045183115726104E-6
219.744059392	-1.9525594E-5	6.335092621156946E-6
219.742093312	-2.1201713E-5	7.444536095135845E-6
219.740143616	-7.476322E-6	8.187304956663866E-6
219.73819392	-4.2430773E-5	8.426946806139313E-6
219.73622784	1.5975758E-6	8.117613106151111E-6
219.734278144	-1.2127485E-5	7.32096441424801E-6
219.732328448	1.0301058E-4	6.181852313602576E-6
219.730362368	1.2455338E-4	4.893850018561352E-6
219.728412672	1.2038094E-4	3.646415507319034E-6
219.726462976	-4.035945E-5	2.58884824688721E-6
219.72451328	-1.0567456E-4	1.815883479139302E-6
219.7225472	1.3250931E-5	1.374340286020015E-6
219.720597504	-8.9818925E-5	1.2810420457753935E-6
219.718647808	4.6501387E-5	1.5385265896838973E-6
219.716681728	6.723862E-5	2.13896373679745E-6
219.714732032	1.3560274E-4	3.0538644750777166E-6
219.712782336	-7.0106753E-6	4.2157880670856684E-6
219.710816256	-8.252741E-5	5.504039563675178E-6
219.70886656	7.696796E-5	6.747131010342855E-6
219.706916864	2.5669842E-5	7.746728442725725E-6
219.704967168	-6.39742E-5	8.329563570441678E-6
219.703001088	1.02501595E-4	8.381945008295588E-6
219.701051392	1.7405426E-4	7.898345756984781E-6
219.699101696	8.00071E-5	6.9692760007455945E-6
219.697135616	6.4744536E-6	5.768014489149209E-6
219.69518592	6.8548194E-5	4.497454483498586E-6
219.693236224	9.8799734E-5	3.346158791828202E-6
219.691270144	2.6608877E-5	2.4586952349636704E-6
219.689320448	-4.7430047E-5	1.9271258224762278E-6
219.687370752	3.047084E-5	1.7981490145757562E-6
219.685421056	1.11372734E-4	2.0835655050177593E-6
219.683454976	3.6237376E-5	2.7634464458969887E-6
219.68150528	9.020651E-5	3.778873633564217E-6
219.679555584	1.388645E-5	5.0204562285216525E-6
219.677589504	5.499959E-5	6.324889909592457E-6
219.675639808	2.844917E-5	7.4905242399836425E-6
219.673690112	9.302994E-5	8.31441593618365E-6
219.671724032	-3.3717446E-5	8.640224223199766E-6
219.669774336	1.8268848E-6	8.4061639427091E-6
219.66782464	1.6230357E-5	7.653852662770078E-6
219.665874944	7.264281E-5	6.5217495830438565E-6
219.663908864	-7.1397444E-5	5.200436135055497E-6
219.661959168	-1.0035449E-4	3.880581061821431E-6
219.660009472	6.260304E-5	2.709735554162762E-6
219.658043392	-1.6298369E-5	1.7706228163660853E-6
219.656093696	-3.0439222E-5	1.0826619245563052E-6
219.654144	-1.5909895E-5	6.194824209160288E-7
219.65217792	8.8101815E-6	3.3169357038786984E-7
219.650228224	-8.1029E-5	1.6619561904462898E-7
219.648278528	-6.03323E-5	7.792549894247713E-8
219.646328832	-9.54721E-5	3.419153316031043E-8
219.644362752	-2.557624E-5	1.403904992258731E-8
219.642413056	4.9634516E-5	5.3943254307853294E-9
219.64046336	3.8985985E-5	1.939626237401626E-9
219.63849728	1.8103428E-5	0.0
219.636547584	3.1698524E-5	0.0
219.634597888	-1.0750191E-4	0.0
219.632631808	-1.5297867E-4	0.0
219.630682112	-1.14417824E-4	0.0
219.628732416	-5.2599273E-5	0.0
219.626766336	7.962712E-5	0.0
219.62481664	4.733533E-5	0.0
219.622866944	-6.41752E-5	0.0
219.620917248	3.4742923E-5	0.0
219.618951168	3.199342E-5	0.0
219.617001472	6.360248E-5	0.0
219.615051776	8.746769E-5	0.0
219.613085696	4.0710132E-5	0.0
219.611136	5.1897616E-5	0.0
219.609186304	-1.922839E-5	0.0
219.607220224	-6.355488E-5	0.0
219.605270528	2.9037745E-5	0.0
219.603320832	-7.512404E-5	0.0
219.601371136	-9.9040335E-5	0.0
219.599405056	-3.509608E-6	0.0
219.59745536	-1.1104951E-5	0.0
219.595505664	-8.4558815E-5	0.0
219.593539584	-1.5953685E-5	0.0
219.591589888	-1.124368E-4	0.0
219.589640192	-4.5956644E-5	0.0
219.587674112	3.6241698E-5	0.0
219.585724416	-1.3705973E-4	0.0
219.58377472	-1.3453296E-5	0.0
219.581825024	-9.947452E-5	0.0
219.579858944	-1.3879754E-4	0.0
219.577909248	-1.3292536E-4	0.0
219.575959552	-5.3958254E-5	0.0
219.573993472	-4.5494413E-5	0.0
219.572043776	-5.9789192E-5	0.0
219.57009408	1.0581859E-4	0.0
219.568128	4.1848616E-5	0.0
219.566178304	1.8768795E-4	0.0
219.564228608	4.120218E-4	0.0
219.562278912	5.998741E-4	1.5903545841355893E-12
219.560312832	6.1072933E-4	4.444520272650632E-12
219.558363136	6.798555E-4	1.162244345903618E-11
219.55641344	7.346877E-4	2.8439186769424474E-11
219.55444736	6.9522596E-4	6.511498285011186E-11
219.552497664	4.8445837E-4	1.3950490762582035E-10
219.550547968	5.202232E-4	2.7966770566045795E-10
219.548581888	2.684569E-4	5.246116874246809E-10
219.546632192	2.713753E-4	9.208304119212585E-10
219.544682496	2.194898E-4	2.019474143466482E-9
219.5427328	6.0889302E-5	3.659004210732064E-9
219.54076672	4.950368E-5	6.62964438902236E-9
219.538817024	-1.9937326E-5	1.2073024358016937E-8
219.536867328	3.8673337E-5	2.1998339150286483E-8
219.534901248	8.503221E-5	3.963214822988448E-8
219.532951552	1.14046576E-4	6.958433829140631E-8
219.531001856	-2.10829E-5	1.1752186424018873E-7
219.529035776	2.5872536E-5	1.8904842136180378E-7
219.52708608	2.7300217E-5	2.877011411328567E-7
219.525136384	4.2034655E-5	4.124105714709003E-7
219.523186688	-5.9043687E-5	5.553665687330067E-7
219.521220608	-3.5710054E-5	7.018150540716306E-7
219.519270912	-4.832846E-5	8.311481565215217E-7
219.517321216	1.0590398E-4	9.226131965078821E-7
219.515355136	2.0091911E-5	9.606926596461562E-7
219.51340544	9.769693E-5	9.405057994626986E-7
219.511455744	-8.321541E-6	8.702676836946921E-7
219.509489664	1.461478E-5	7.698633339714434E-7
219.507539968	3.1518495E-5	6.659950031462358E-7
219.505590272	1.5030778E-7	5.854904543411976E-7
219.503624192	-3.9996532E-5	5.487894441102981E-7
219.501674496	-6.234282E-5	5.651971264342137E-7
219.4997248	3.0908425E-6	6.307927833404392E-7
219.497775104	-7.43016E-5	7.293184580703382E-7
219.495809024	-7.28762E-6	8.358821901310876E-7
219.493859328	-1.1203918E-8	9.228720614373742E-7
219.491909632	-4.2749427E-5	9.667677431934862E-7
219.489943552	8.548505E-5	9.53972062234243E-7
219.487993856	5.0355093E-6	8.838160283630714E-7
219.48604416	-1.8840574E-5	7.677200528632966E-7
219.48407808	-1.5545816E-5	6.249628654586559E-7
219.482128384	5.5596523E-5	4.76704030916153E-7
219.480178688	4.9693466E-5	3.4093167755600007E-7
219.478228992	9.168155E-5	2.286708422616357E-7
219.476262912	1.1737406E-4	1.4394704805908987E-7
219.474313216	-3.3584387E-5	8.512952121009221E-8
219.47236352	-2.3726387E-5	4.735993996973775E-8
219.47039744	4.0556457E-5	2.482695471428542E-8
219.468447744	1.9255377E-4	1.2288818851402539E-8
219.466498048	6.302833E-5	5.757705423548032E-9
219.464531968	8.7082444E-5	2.7940709745877257E-9
219.462582272	1.2403748E-4	1.7320959111444267E-9
219.460632576	-6.249261E-6	2.117522601707833E-9
219.45868288	4.73622E-6	4.1437955289325146E-9
219.4567168	6.6548004E-5	9.268905643011749E-9
219.454767104	3.9816274E-5	1.9621294811145162E-8
219.452817408	6.5168584E-5	3.8950759062572615E-8
219.450851328	-1.3974745E-5	7.23783983858084E-8
219.448901632	2.6151161E-5	1.2585064723680262E-7
219.446951936	5.474026E-5	2.0475231110594905E-7
219.444985856	4.2624357E-5	3.1168769965006504E-7
219.44303616	7.854824E-5	4.4394482756615616E-7
219.441086464	7.111777E-5	5.916371605962922E-7
219.439136768	1.0095589E-5	7.379852604572079E-7
219.437170688	-5.9925027E-5	8.614180728727661E-7
219.435220992	-1.7255E-5	9.413999464413791E-7
219.433271296	-2.6318752E-5	9.640524467613432E-7
219.431305216	1.5432279E-5	9.269658107768919E-7
219.42935552	-1.732087E-5	8.407753853134636E-7
219.427405824	-1.4180124E-5	7.269294428624562E-7
219.425439744	8.352932E-5	6.125132472334371E-7
219.423490048	8.7217384E-5	5.238964035925164E-7
219.421540352	8.505826E-5	4.81012023101357E-7
219.419590656	-1.5506737E-5	4.934220783070487E-7
219.417624576	-5.7329347E-5	5.585429789789487E-7
219.41567488	-9.462664E-5	6.620902581744303E-7
219.413725184	4.5833667E-6	7.80767265950999E-7
219.411759104	1.1053242E-4	8.870318879417027E-7
219.409809408	3.2768854E-5	9.552975370752392E-7
219.407859712	8.84272E-5	9.680682069301838E-7
219.405893632	9.5405616E-5	9.201027637573134E-7
219.403943936	2.4588746E-6	8.190800144802779E-7
219.40199424	-4.1360207E-5	6.823660783084051E-7
219.400044544	1.8882289E-4	5.321844014360977E-7
219.398078464	1.2445323E-4	3.883447448060906E-7
219.396128768	7.141019E-5	2.651451040946995E-7
219.394179072	-1.3523989E-5	1.6937933366989455E-7
219.392212992	-7.935744E-5	1.0123961402541681E-7
219.390263296	-7.535614E-6	5.661726021344293E-8
219.3883136	-1.2179414E-5	2.9625010000700058E-8
219.38634752	-4.0397306E-5	1.4503714673708146E-8
219.384397824	-1.4898854E-5	6.643729566491174E-9
219.382448128	-2.1530044E-5	2.8474795854549484E-9
219.380482048	9.783406E-6	1.1418709311428188E-9
219.378532352	7.177556E-5	4.2843584235896515E-10
219.376582656	1.4629657E-4	0.0
219.37463296	5.4428543E-5	0.0
219.37266688	-1.4276453E-4	0.0
219.370717184	-7.781117E-5	0.0
219.368767488	1.6139938E-5	0.0
219.366801408	1.7844462E-5	0.0
219.364851712	5.195648E-5	0.0
219.362902016	3.417467E-5	0.0
219.360935936	4.7904832E-5	0.0
219.35898624	-1.4940461E-5	0.0
219.357036544	2.3908808E-6	0.0
219.355086848	6.428413E-5	0.0
219.353120768	8.526459E-5	0.0
219.351171072	1.2519571E-4	0.0
219.349221376	-5.6273613E-5	0.0
219.347255296	2.870383E-5	0.0
219.3453056	9.883761E-5	0.0
219.343355904	1.0316199E-4	0.0
219.341389824	6.35879E-5	0.0
219.339440128	6.189823E-5	0.0
219.337490432	2.5546697E-5	0.0
219.335540736	1.419677E-4	0.0
219.333574656	7.5363816E-5	0.0
219.33162496	4.6188732E-5	0.0
219.329675264	6.111634E-5	0.0
219.327709184	-4.919333E-5	0.0
219.325759488	-1.5746904E-4	0.0
219.323809792	-2.7484884E-5	0.0
219.321843712	-9.4309935E-6	0.0
219.319894016	-1.603204E-5	0.0
219.31794432	-3.4840883E-5	0.0
219.315994624	9.3535506E-5	0.0
219.314028544	4.1846442E-6	0.0
219.312078848	4.8811562E-5	0.0
219.310129152	5.0445728E-5	0.0
219.308163072	-8.2646126E-5	0.0
219.306213376	-1.3570004E-4	0.0
219.30426368	-6.226787E-5	0.0
219.3022976	4.331611E-5	0.0
219.300347904	2.8966062E-5	0.0
219.298398208	4.7510897E-5	0.0
219.296448512	7.275645E-5	0.0
219.294482432	1.6933818E-5	0.0
219.292532736	4.8588132E-5	0.0
219.29058304	-2.7726406E-5	0.0
219.28861696	-4.2776654E-5	0.0
219.286667264	-7.3640826E-5	0.0
219.284717568	-3.40454E-5	0.0
219.282751488	9.004748E-6	0.0
219.280801792	6.592875E-5	0.0
219.278852096	4.3779793E-5	0.0
219.2769024	8.1806895E-5	0.0
219.27493632	1.01652346E-4	0.0
219.272986624	6.123308E-5	0.0
219.271036928	8.10081E-5	0.0
219.269070848	-3.6921516E-5	0.0
219.267121152	-9.413332E-7	0.0
219.265171456	8.954767E-5	0.0
219.263205376	1.9557152E-7	0.0
219.26125568	-7.548185E-5	0.0
219.259305984	4.416774E-5	0.0
219.257356288	-1.3897464E-5	0.0
219.255390208	-1.0964767E-4	0.0
219.253440512	2.4019713E-5	0.0
219.251490816	2.806047E-6	0.0
219.249524736	-5.5088167E-5	0.0
219.24757504	-7.450991E-5	0.0
219.245625344	-3.4157696E-5	0.0
219.243659264	-7.8046214E-5	0.0
219.241709568	-1.8542129E-5	8.459229150492575E-11
219.239759872	3.550633E-5	2.2933945020842117E-10
219.237793792	6.451736E-5	5.816869763641819E-10
219.235844096	-2.3223447E-5	1.415371708723967E-9
219.2338944	-3.38476E-5	3.206294785229602E-9
219.231944704	2.4663417E-5	6.729780732683821E-9
219.229978624	-3.0090507E-5	1.3246795660393218E-8
219.228028928	1.768653E-5	2.4465974135523538E-8
219.226079232	9.353871E-5	4.242492224193484E-8
219.224113152	4.2620326E-5	6.911862726610707E-8
219.222163456	5.37741E-5	1.058865422010058E-7
219.22021376	-2.4216492E-5	1.5266967068328086E-7
219.21824768	-3.072419E-5	2.07379343919456E-7
219.216297984	2.610779E-5	2.6566564770291734E-7
219.214348288	4.2440442E-5	3.213134220914071E-7
219.212398592	2.8983532E-5	3.672773800644791E-7
219.210432512	1.2818747E-5	3.9713353316983557E-7
219.208482816	3.501361E-5	4.0652557231624087E-7
219.20653312	9.069768E-5	3.9416531194547133E-7
219.20456704	6.8801484E-5	3.620904749368492E-7
219.202617344	1.878424E-5	3.151251064537064E-7
219.200667648	3.797432E-5	2.7555381620913977E-7
219.198701568	1.2138531E-4	2.4584937818872277E-7
219.196751872	3.780845E-5	2.599828690108552E-7
219.194802176	5.3266573E-5	3.6851139384452836E-7
219.19285248	2.8980512E-5	6.59849604289775E-7
219.1908864	-3.7530786E-5	1.279984985558258E-6
219.188936704	-6.5833505E-5	2.4474495603499236E-6
219.186987008	-6.9447624E-6	4.450228971109027E-6
219.185020928	-3.2244632E-5	7.606972758367192E-6
219.183071232	-1.0100192E-5	1.2180892554169986E-5
219.181121536	6.770567E-5	1.825266554078553E-5
219.179155456	-3.3214805E-5	2.5587705749785528E-5
219.17720576	3.2889417E-5	3.355782610015012E-5
219.175256064	1.05065774E-4	4.1177248931489885E-5
219.173306368	8.567322E-5	4.7281231672968715E-5
219.171340288	1.3170137E-4	5.081029303255491E-5
219.169390592	4.637728E-5	5.110825441079214E-5
219.167440896	3.3585377E-5	4.811938197235577E-5
219.165474816	1.250974E-4	4.240537600708194E-5
219.16352512	9.28177E-5	3.497468424029648E-5
219.161575424	2.531249E-5	2.6994610379915684E-5
219.159609344	2.3795017E-5	1.9497081666486338E-5
219.157659648	-4.8089205E-5	1.3178128938307054E-5
219.155709952	-4.6866597E-5	8.33810099720722E-6
219.153760256	-4.0336672E-5	4.9435702749178745E-6
219.151794176	-1.1621457E-5	2.754863771770033E-6
219.14984448	5.5338387E-5	1.456576796954323E-6
219.147894784	1.544036E-4	7.516284767916659E-7
219.145928704	3.2206073E-5	4.074440482781938E-7
219.143979008	2.2796683E-5	2.6429179911247047E-7
219.142029312	3.1860232E-5	2.2271399302553618E-7
219.140063232	1.08495165E-4	2.2495807172617788E-7
219.138113536	2.2103197E-5	2.3253450365245953E-7
219.13616384	1.1311247E-4	2.4571511403337354E-7
219.134214144	9.267352E-5	2.431117422929674E-7
219.132248064	-2.6066022E-5	2.2506870323013572E-7
219.130298368	-1.7429224E-5	1.9498394010497577E-7
219.128348672	6.065285E-5	1.5802440600509726E-7
219.126382592	3.3428616E-5	1.1980874603523262E-7
219.124432896	1.2254684E-4	8.497531212015019E-8
219.1224832	1.3140815E-4	5.638177924538468E-8
219.12051712	1.1717784E-4	3.499634004811014E-8
219.118567424	-2.7363682E-5	2.032103729732171E-8
219.116617728	4.7027215E-6	1.1038548741737486E-8
219.114651648	1.10793E-4	5.6093867328854685E-9
219.112701952	-4.8777138E-6	2.764178663738903E-9
219.110752256	3.197768E-5	1.4483808596921222E-9
219.10880256	1.603467E-5	1.1540622901762276E-9
219.10683648	-1.7164608E-5	1.747692324194361E-9
219.104886784	-2.5074156E-5	3.4965146333831854E-9
219.102937088	7.546207E-5	7.060459328300794E-9
219.100971008	4.0511813E-6	1.3609116500390428E-8
219.099021312	2.2996735E-5	2.4538667986462315E-8
219.097071616	3.8626567E-5	4.1390393334950204E-8
219.095105536	-2.1073456E-5	6.5308967123201E-8
219.09315584	3.031517E-5	9.639887110779455E-8
219.091206144	1.1026046E-4	1.33106098587632E-7
219.089256448	2.989529E-5	1.7192911627716967E-7
219.087290368	1.07319196E-4	2.0774365339093492E-7
219.085340672	6.941684E-5	2.348185716982698E-7
219.083390976	8.604629E-5	2.4829293465700175E-7
219.081424896	5.593386E-6	2.4559713551752793E-7
219.0794752	1.14450886E-4	2.2725276949131512E-7
219.077525504	-2.6760614E-5	1.967079157338958E-7
219.075559424	-1.0034173E-4	1.5928031871226267E-7
219.073609728	1.2107522E-5	1.2065007126693672E-7
219.071660032	2.7155382E-5	8.549074692609793E-8
219.069710336	-1.6771684E-5	5.6668078229904495E-8
219.067744256	-3.8910577E-5	3.513836688284755E-8
219.06579456	-2.7535798E-5	2.038217061794967E-8
219.063844864	-7.500729E-5	1.105974334336679E-8
219.061878784	-2.9703018E-5	5.613955966765616E-9
219.059929088	-1.8597939E-5	2.6657287488518477E-9
219.057979392	-6.183028E-6	1.1841003733081834E-9
219.056013312	-1.1913725E-5	4.920253648954542E-10
219.054063616	-1.594586E-5	1.9125688532906082E-10
219.05211392	2.718709E-5	6.95454180354993E-11
219.050164224	-5.3580818E-5	3.151208113894022E-11
219.048198144	4.4713423E-5	8.543218910084249E-11
219.046248448	-4.4481916E-5	2.166573448425524E-10
219.044298752	6.608383E-5	5.139692560440778E-10
219.042332672	7.600451E-5	1.140540439870108E-9
219.040382976	-1.0280892E-4	2.3675077454043958E-9
219.03843328	-3.4937613E-5	4.5970982576193364E-9
219.0364672	-7.543069E-5	8.349959834674792E-9
219.034517504	-5.8190803E-5	1.4187167884927021E-8
219.032567808	-3.8018246E-5	2.2548439559955114E-8
219.030618112	-1.9994122E-5	3.352322508476391E-8
219.028652032	-1.8036322E-5	4.662141606104342E-8
219.026702336	1.6644351E-4	6.065053526072006E-8
219.02475264	1.2209766E-4	7.380623401331832E-8
219.02278656	-8.448169E-5	8.401593021289955E-8
219.020836864	-4.2165186E-5	8.946230423134693E-8
219.018887168	-1.4348391E-5	8.911038662517967E-8
219.016921088	3.3676377E-5	8.302843923502223E-8
219.014971392	6.0745282E-5	7.236608468019767E-8
219.013021696	-1.3163591E-4	5.900012922666065E-8
219.011072	-1.388732E-4	4.499667127788598E-8
219.00910592	9.7329335E-5	3.2100899716169806E-8
219.007156224	1.850162E-5	2.1422174256713333E-8
219.005206528	-1.1271046E-4	1.3372781992870841E-8
219.003240448	-6.0313192E-5	7.808848678791946E-9
219.001290752	1.35943565E-5	4.26542179354783E-9
218.999341056	3.2145836E-5	2.1794468452185356E-9
218.997374976	2.4991614E-5	1.0416928430956318E-9
218.99542528	7.034588E-5	4.657439989230738E-10
218.993475584	5.2487827E-5	1.947871863805517E-10
218.991525888	5.626891E-5	7.62049243152596E-11
218.989559808	1.3475359E-4	2.788785521956605E-11
218.987610112	1.0363346E-4	0.0
218.985660416	-1.0618241E-5	0.0
218.983694336	-7.686442E-5	0.0
218.98174464	4.8331232E-5	0.0
218.979794944	1.5519845E-5	0.0
218.977828864	-3.4352444E-5	0.0
218.975879168	5.0889998E-5	0.0
218.973929472	5.9831145E-5	0.0
218.971963392	1.366705E-4	0.0
218.970013696	4.1360385E-5	0.0
218.968064	-1.3166014E-4	0.0
218.966114304	-1.335296E-4	0.0
218.964148224	-1.0699731E-5	0.0
218.962198528	-4.7527585E-5	0.0
218.960248832	1.697487E-5	0.0
218.958282752	-1.08252665E-4	0.0
218.956333056	9.942131E-6	0.0
218.95438336	3.083331E-5	0.0
218.95241728	-2.4337789E-5	0.0
218.950467584	1.0535988E-5	0.0
218.948517888	-2.6292537E-5	0.0
218.946568192	-5.136319E-5	0.0
218.944602112	-3.8937133E-6	0.0
218.942652416	-1.7031123E-5	0.0
218.94070272	4.599731E-5	0.0
218.93873664	4.4256117E-7	0.0
218.936786944	7.729928E-5	1.68856352511515E-11
218.934837248	-3.2747932E-5	4.5617627730809573E-11
218.932871168	-9.9630306E-5	1.152735615295164E-10
218.930921472	1.2458972E-5	2.724609704518599E-10
218.928971776	4.7609385E-5	6.023633813967422E-10
218.92702208	-4.3745513E-5	1.2456400355631558E-9
218.925056	-6.662612E-5	2.409392907409824E-9
218.923106304	7.6259224E-5	4.359140159948538E-9
218.921156608	1.184579E-4	7.3768950947794565E-9
218.919190528	8.171578E-6	1.1676860367515474E-8
218.917240832	-1.1097596E-4	1.7288572351503717E-8
218.915291136	1.7936874E-5	2.3942577698221612E-8
218.913325056	6.719686E-5	3.101431644836339E-8
218.91137536	3.2994224E-6	3.757797273351571E-8
218.909425664	6.487571E-5	4.2587736004406906E-8
218.907475968	9.50847E-5	4.5145579719019224E-8
218.905509888	1.1967559E-4	4.476366299854817E-8
218.903560192	-6.737447E-5	4.151603860691466E-8
218.901610496	5.7538346E-5	3.601521925133966E-8
218.899644416	3.979101E-5	2.9223746977891096E-8
218.89769472	8.949738E-5	2.218020433986112E-8
218.895745024	1.21255696E-4	1.5746170589636677E-8
218.893778944	8.7560635E-5	1.0455961430011484E-8
218.891829248	1.767331E-5	6.494266902024037E-9
218.889879552	-6.907844E-6	3.772925083467271E-9
218.887929856	-1.0417536E-4	1.58613140399666E-8
218.885963776	-3.557766E-5	3.9159267828381417E-8
218.88401408	2.3782815E-5	9.889163976595228E-8
218.882064384	2.3749251E-5	2.377939551934105E-7
218.880098304	2.6740705E-7	5.397956215347222E-7
218.878148608	4.0127255E-5	1.1416344705139636E-6
218.876198912	2.6705953E-5	2.2592487312067533E-6
218.874232832	-7.4568297E-6	4.183349119557533E-6
218.872283136	-1.1573903E-4	7.248144356708508E-6
218.87033344	-4.497792E-5	1.1751938473025803E-5
218.868383744	3.851187E-5	1.7833361198427156E-5
218.866417664	-2.8376116E-5	2.5333241865155287E-5
218.864467968	3.502181E-5	3.3698837796691805E-5
218.862518272	3.828625E-5	4.199344402877614E-5
218.860552192	-4.4529595E-5	4.904622619505972E-5
218.858602496	6.1701576E-5	5.371938459575176E-5
218.8566528	6.612997E-5	5.5210006394190714E-5
218.85468672	1.355787E-4	5.327609687810764E-5
218.852737024	6.6814837E-6	4.830005127587356E-5
218.850787328	2.4916308E-5	4.116704440093599E-5
218.848821248	-8.149826E-5	3.301039760117419E-5
218.846871552	-7.721754E-5	2.4922926968429238E-5
218.844921856	3.2473712E-5	1.7732896594679914E-5
218.84297216	1.1539364E-5	1.1901589459739625E-5
218.84100608	1.4834885E-5	7.542061212006956E-6
218.839056384	8.495606E-5	4.516727130976506E-6
218.837106688	2.304285E-5	2.558188953116769E-6
218.835140608	1.233036E-4	1.3710491657548118E-6
218.833190912	5.7202167E-5	6.955108347028727E-7
218.831241216	1.3505349E-4	3.3395269838365493E-7
218.829275136	1.1782929E-4	1.5172577150224242E-7
218.82732544	5.734288E-8	6.519181283692888E-8
218.825375744	-8.0349455E-5	1.9419106322970947E-8
218.823426048	-4.5761004E-5	7.856066908118464E-9
218.821459968	-2.759384E-6	2.972629697950424E-9
218.819510272	5.3808923E-5	0.0
218.817560576	1.2249379E-4	0.0
218.815594496	1.1310019E-5	0.0
218.8136448	6.2985186E-5	0.0
218.811695104	4.887428E-5	0.0
218.809729024	2.5709438E-5	0.0
218.807779328	4.236564E-5	0.0
218.805829632	4.916663E-5	0.0
218.803879936	-5.076711E-6	0.0
218.801913856	8.303438E-5	0.0
218.79996416	1.1095771E-4	0.0
218.798014464	4.4866567E-5	0.0
218.796048384	-1.5169756E-5	0.0
218.794098688	-5.5623554E-5	0.0
218.792148992	2.1842267E-5	0.0
218.790182912	-5.850517E-5	0.0
218.788233216	-2.4484254E-5	0.0
218.78628352	-6.537003E-5	0.0
218.784333824	2.9584155E-5	0.0
218.782367744	-3.4440884E-5	0.0
218.780418048	-6.3178864E-5	0.0
218.778468352	1.0847712E-5	0.0
218.776502272	1.147406E-4	0.0
218.774552576	-4.5191402E-5	0.0
218.77260288	-2.5034731E-5	0.0
218.7706368	-2.9566154E-5	0.0
218.768687104	2.9882549E-5	0.0
218.766737408	4.7541253E-5	0.0
218.764787712	8.215409E-5	0.0
218.762821632	1.8758321E-4	0.0
218.760871936	2.3986679E-4	0.0
218.75892224	2.1774395E-4	0.0
218.75695616	3.101039E-4	0.0
218.755006464	2.1006234E-4	0.0
218.753056768	2.604077E-4	0.0
218.751090688	2.2318459E-4	0.0
218.749140992	1.9070483E-4	0.0
218.747191296	1.9402301E-4	0.0
218.7452416	6.473604E-5	0.0
218.74327552	1.07577594E-4	0.0
218.741325824	3.424495E-5	0.0
218.739376128	1.5532702E-5	0.0
218.737410048	1.12678215E-4	0.0
218.735460352	9.9473065E-5	0.0
218.733510656	8.168889E-5	0.0
218.731544576	7.791212E-5	0.0
218.72959488	1.6936933E-4	0.0
218.727645184	8.364822E-5	0.0
218.725679104	9.534907E-5	0.0
218.723729408	8.669768E-5	0.0
218.721779712	4.69102E-5	0.0
218.719830016	2.6700081E-5	0.0
218.717863936	-2.353724E-5	0.0
218.71591424	1.1387913E-4	0.0
218.713964544	2.567883E-6	0.0
218.711998464	4.370742E-5	0.0
218.710048768	6.5164E-5	1.2368797097650486E-9
218.708099072	8.3078354E-5	3.4622431588360314E-9
218.706132992	1.05035244E-4	9.0636769201069E-9
218.704183296	4.3700864E-5	2.2190770110341873E-8
218.7022336	-4.6611813E-6	5.0811149066021244E-8
218.700283904	5.731148E-5	1.0880847156613527E-7
218.698317824	5.7747486E-5	2.1791284154915047E-7
218.696368128	6.592886E-5	4.081468318872794E-7
218.694418432	-3.7587688E-5	7.149311045395734E-7
218.692452352	-6.151814E-5	1.1711787237800309E-6
218.690502656	2.7465847E-5	1.7942883232535678E-6
218.68855296	2.8048755E-6	2.570817741798237E-6
218.68658688	2.0594345E-5	3.44480827152438E-6
218.684637184	5.1910625E-5	4.31696071245824E-6
218.682687488	1.1063931E-5	5.0596122491697315E-6
218.680737792	2.547372E-6	5.546120064536808E-6
218.678771712	-2.0493282E-5	5.6858998505049385E-6
218.676822016	2.6819596E-5	5.451906417874852E-6
218.67487232	5.4430144E-5	4.889165666099871E-6
218.67290624	4.025842E-5	4.100651494809426E-6
218.670956544	4.455298E-5	3.2165780794457532E-6
218.669006848	-5.4966313E-5	2.3596867322339676E-6
218.667040768	-2.7159806E-5	1.6189213738471153E-6
218.665091072	2.0495443E-5	1.0387466318206862E-6
218.663141376	8.964268E-5	6.233099156816024E-7
218.66119168	5.3876574E-5	3.497898148907552E-7
218.6592256	-2.073909E-5	1.8358055342559965E-7
218.657275904	-1.157727E-5	9.010685175780964E-8
218.655326208	-3.1508087E-6	4.1362756775242815E-8
218.653360128	-3.4028933E-5	1.775739377762875E-8
218.651410432	1.1003162E-5	7.129561829799513E-9
218.649460736	-2.594921E-5	2.677133625894612E-9
218.647494656	3.3869667E-6	0.0
218.64554496	-6.305336E-5	0.0
218.643595264	3.5302357E-5	0.0
218.641645568	-1.3328222E-5	0.0
218.639679488	-3.7983398E-6	0.0
218.637729792	7.28665E-5	0.0
218.635780096	7.3513205E-5	0.0
218.633814016	3.1196043E-6	0.0
218.63186432	4.5928362E-5	0.0
218.629914624	1.6189442E-4	0.0
218.627948544	9.702463E-5	0.0
218.625998848	-3.933002E-5	0.0
218.624049152	-2.4999748E-5	0.0
218.622099456	-3.5490524E-5	0.0
218.620133376	4.9057504E-5	0.0
218.61818368	9.512897E-5	0.0
218.616233984	1.1183722E-4	0.0
218.614267904	-1.7941175E-5	0.0
218.612318208	-2.4790976E-5	2.3498250220632677E-11
218.610368512	1.5084225E-5	6.220263193412734E-11
218.608402432	-2.665537E-5	1.539841726350133E-10
218.606452736	3.62641E-5	3.564814832213159E-10
218.60450304	9.855104E-5	7.717730343692608E-10
218.602553344	-8.465373E-5	1.5625627458604185E-9
218.600587264	-7.082276E-5	2.958552514087387E-9
218.598637568	3.2346717E-5	5.23858956213985E-9
218.596687872	-4.6920184E-5	8.674470919345367E-9
218.594721792	4.17009E-5	1.3432758905196351E-8
218.592772096	3.6460377E-5	1.945274341608183E-8
218.5908224	-9.629056E-5	2.6344505243969252E-8
218.58885632	4.217986E-5	3.3365129326057286E-8
218.586906624	6.043649E-5	3.9517477290473835E-8
218.584956928	3.910488E-5	4.377027096325037E-8
218.582990848	-3.681219E-5	4.5338069298850314E-8
218.581041152	-7.6552824E-5	4.391781871504463E-8
218.579091456	5.4116885E-5	3.978434293117061E-8
218.57714176	8.528151E-6	3.3703670965223864E-8
218.57517568	-2.9522142E-5	2.6701515665195075E-8
218.573225984	8.8493625E-6	1.9782820714908667E-8
218.571276288	-2.6108466E-5	1.3706735302321249E-8
218.569310208	-7.64658E-5	8.881233526381038E-9
218.567360512	-1.7068376E-5	5.381533885184808E-9
218.565410816	-1.1360161E-6	3.0495270753050363E-9
218.563444736	-6.566833E-5	1.6160407456666803E-9
218.56149504	5.7398365E-6	8.008766982925408E-10
218.559545344	1.2391202E-4	3.7116965057037987E-10
218.557595648	-1.46684715E-5	1.608693733778921E-10
218.555629568	1.6128513E-4	6.52029680248134E-11
218.553679872	1.3828304E-4	2.4714678220627562E-11
218.551730176	-1.9544384E-5	0.0
218.549764096	2.718851E-5	0.0
218.5478144	3.3735698E-5	0.0
218.545864704	-4.6365885E-6	0.0
218.543898624	5.8588048E-5	0.0
218.541948928	-5.4168817E-5	0.0
218.539999232	8.0694226E-5	0.0
218.538049536	5.0974864E-5	0.0
218.536083456	-8.472525E-5	0.0
218.53413376	-3.7413673E-5	0.0
218.532184064	8.1128965E-5	0.0
218.530217984	4.1812717E-5	0.0
218.528268288	6.1002458E-5	0.0
218.526318592	9.633001E-5	0.0
218.524352512	1.05416766E-4	0.0
218.522402816	-1.4032662E-5	0.0
218.52045312	-1.9684034E-4	0.0
218.518503424	1.826972E-5	0.0
218.516537344	3.0810418E-6	0.0
218.514587648	1.7668268E-5	1.7447142905760438E-12
218.512637952	5.8640042E-5	4.870807316509351E-12
218.510671872	5.0349496E-5	1.2715904718074711E-11
218.508722176	-2.661655E-5	3.1042775988643356E-11
218.50677248	1.0972581E-4	7.08661809789568E-11
218.5048064	9.3085546E-5	1.512817787707732E-10
218.502856704	1.1804055E-4	3.0199603928693364E-10
218.500907008	3.6776466E-5	5.637433853067364E-10
218.498957312	-5.171617E-5	9.840797066118512E-10
218.496991232	8.068216E-6	1.6063722574344297E-9
218.495041536	6.2820356E-5	2.452043235123824E-9
218.49309184	3.549263E-5	3.5000824460951208E-9
218.49112576	-6.0464998E-5	4.671920628140924E-9
218.489176064	-8.416459E-5	6.255112428021903E-9
218.487226368	9.831333E-6	7.974650273467887E-9
218.485260288	5.764667E-5	1.0440932562971739E-8
218.483310592	1.5432497E-5	1.4843932305552698E-8
218.481360896	2.8871176E-5	2.360786766075762E-8
218.4794112	9.821287E-5	4.097230998922896E-8
218.47744512	1.3217724E-4	7.343010821614371E-8
218.475495424	1.4763651E-4	1.2963594997472683E-7
218.473545728	1.2523071E-4	2.1928930493686494E-7
218.471579648	1.266412E-4	3.5063226277998183E-7
218.469629952	2.4136028E-4	5.267031610856066E-7
218.467680256	1.517558E-4	7.413111120513349E-7
218.465714176	1.3536625E-4	9.764771675691009E-7
218.46376448	1.4651607E-4	1.2032057838951005E-6
218.461814784	1.263238E-4	1.3865844721294707E-6
218.459848704	3.423993E-5	1.4943249198040576E-6
218.457899008	1.936452E-5	1.5059878251122427E-6
218.455949312	3.604268E-5	1.4192806929713697E-6
218.453999616	7.760657E-5	1.2507857718446758E-6
218.452033536	1.3598953E-4	1.03076774848887E-6
218.45008384	3.1769603E-5	7.943301056911878E-7
218.448134144	-2.4457756E-6	5.724015750274702E-7
218.446168064	-4.3402557E-5	3.857085175695829E-7
218.444218368	6.3690104E-6	2.4303878376485955E-7
218.442268672	4.444486E-5	1.43202314006885E-7
218.440302592	4.8506903E-5	7.890107411867575E-8
218.438352896	9.150502E-5	4.065134717734509E-8
218.4364032	-9.80879E-6	1.958528805801052E-8
218.434453504	-5.519336E-5	8.823516139955245E-9
218.432487424	-6.8278285E-5	3.7171790090440027E-9
218.430537728	8.132425E-5	1.4643518619905649E-9
218.428588032	1.6044876E-4	5.394334423591829E-10
218.426621952	1.0261564E-4	0.0
218.424672256	-6.0990924E-6	0.0
218.42272256	5.7512734E-5	0.0
218.42075648	6.542285E-5	0.0
218.418806784	-5.6519457E-5	0.0
218.416857088	1.9799403E-5	0.0
218.414907392	4.629667E-5	0.0
218.412941312	-3.106448E-5	0.0
218.410991616	-1.9652924E-5	0.0
218.40904192	5.3338168E-5	0.0
218.40707584	-1.5601401E-5	0.0
218.405126144	-5.26313E-5	0.0
218.403176448	-6.134726E-5	0.0
218.401210368	-1.2330484E-5	0.0
218.399260672	8.300857E-6	0.0
218.397310976	-1.4656233E-5	0.0
218.39536128	-3.769279E-5	0.0
218.3933952	3.5535195E-5	0.0
218.391445504	1.8017026E-5	0.0
218.389495808	2.374218E-5	0.0
218.387529728	8.471796E-5	0.0
218.385580032	1.3360528E-4	0.0
218.383630336	8.146367E-5	0.0
218.381664256	-1.4622866E-5	0.0
218.37971456	2.0725502E-5	0.0
218.377764864	-1.5732787E-4	0.0
218.375815168	-9.6865115E-5	0.0
218.373849088	8.980541E-6	0.0
218.371899392	-6.476591E-6	0.0
218.369949696	-1.1600716E-4	0.0
218.367983616	-1.8278808E-4	3.1703467628929616E-10
218.36603392	-5.3829644E-5	8.908672133323137E-10
218.364084224	2.497274E-5	2.3407071836345494E-9
218.362118144	1.7518594E-5	5.7505449291284094E-9
218.360168448	8.506216E-5	1.3209814575532164E-8
218.358218752	1.0901578E-6	2.8373561278272064E-8
218.356269056	-1.0961055E-5	5.698468896753184E-8
218.354302976	3.0816285E-5	1.0701084818265372E-7
218.35235328	5.0564297E-5	1.8789931743867783E-7
218.350403584	-1.3153031E-5	4.792331651515269E-7
218.348437504	-1.18268836E-4	9.23998868529452E-7
218.346487808	-6.8976195E-5	1.7907376559378463E-6
218.344538112	-1.4937049E-5	3.4742522529995767E-6
218.342572032	-6.745636E-5	6.667823072348256E-6
218.340622336	-6.1492385E-5	1.247243653779151E-5
218.33867264	-6.104458E-5	2.2431708202930167E-5
218.336722944	6.5285E-5	3.838733027805574E-5
218.334756864	5.2515068E-5	6.205857789609581E-5
218.332807168	1.8587461E-5	9.434187813894823E-5
218.330857472	1.03532206E-4	1.3450320693664253E-4
218.328891392	1.8509955E-4	1.7960592231247574E-4
218.326941696	1.9858894E-4	2.2455367434304208E-4
218.324992	2.3156058E-4	2.6293439441360533E-4
218.32302592	3.9101648E-4	2.884850255213678E-4
218.321076224	3.4247953E-4	2.967107866425067E-4
218.319126528	1.9947244E-4	2.8610118897631764E-4
218.317160448	1.6659434E-4	2.585454494692385E-4
218.315210752	2.5065415E-4	2.1881733846385032E-4
218.313261056	2.2750164E-4	1.732884848024696E-4
218.31131136	1.2201689E-4	1.2830228661186993E-4
218.30934528	9.974888E-5	8.875743515091017E-5
218.307395584	2.7482392E-5	5.735046579502523E-5
218.305445888	1.0952427E-5	3.461079177213833E-5
218.303479808	-5.4751123E-5	1.9511720893206075E-5
218.301530112	7.699651E-5	1.0277420187776443E-5
218.299580416	8.23407E-5	5.059162958787056E-6
218.297614336	8.419715E-5	2.3278885237232316E-6
218.29566464	-5.7954594E-6	1.0013591236202046E-6
218.293714944	5.131439E-5	4.0272252022077737E-7
218.291765248	1.4112063E-5	1.514353158427184E-7
218.289799168	1.0456432E-5	0.0
218.287849472	-2.1773149E-5	0.0
218.285899776	6.831213E-5	0.0
218.283933696	1.434252E-4	0.0
218.281984	4.1454146E-7	0.0
218.280034304	-6.5771737E-6	0.0
218.278068224	-6.5328413E-6	0.0
218.276118528	-6.65264E-6	0.0
218.274168832	1.8114939E-5	0.0
218.272219136	4.803759E-5	0.0
218.270253056	3.14475E-6	0.0
218.26830336	-2.298341E-5	0.0
218.266353664	-2.8684308E-5	0.0
218.264387584	1.1560654E-5	0.0
218.262437888	-2.0660684E-5	0.0
218.260488192	1.281268E-6	0.0
218.258522112	9.991709E-5	0.0
218.256572416	4.9491384E-5	0.0
218.25462272	1.7862645E-5	0.0
218.252673024	-5.7597563E-6	0.0
218.250706944	9.68839E-5	0.0
218.248757248	1.5628613E-4	0.0
218.246807552	-5.954949E-5	0.0
218.244841472	6.171621E-6	0.0
218.242891776	6.9124595E-5	0.0
218.24094208	1.0529316E-5	0.0
218.238976	-7.717116E-5	0.0
218.237026304	-3.4083114E-5	0.0
218.235076608	1.2171075E-4	0.0
218.233126912	1.13066446E-4	0.0
218.231160832	1.3417746E-4	0.0
218.229211136	1.6622226E-4	0.0
218.22726144	1.9613668E-4	0.0
218.22529536	2.3301001E-4	0.0
218.223345664	1.9110832E-4	0.0
218.221395968	3.4082422E-4	0.0
218.219429888	5.0185097E-4	0.0
218.217480192	3.8950503E-4	0.0
218.215530496	3.2221284E-4	0.0
218.2135808	3.251799E-4	0.0
218.21161472	3.9923922E-4	0.0
218.209665024	3.1440513E-4	0.0
218.207715328	3.069554E-4	0.0
218.205749248	2.4525286E-4	0.0
218.203799552	1.3155532E-4	0.0
218.201849856	2.531532E-4	0.0
218.199883776	1.2296624E-4	0.0
218.19793408	9.58778E-5	0.0
218.195984384	-9.220245E-5	0.0
218.194018304	9.417404E-5	0.0
218.192068608	1.0875799E-4	0.0
218.190118912	2.2218856E-5	0.0
218.188169216	-8.7463695E-6	0.0
218.186203136	-4.1622377E-5	0.0
218.18425344	-9.2435854E-5	0.0
218.182303744	7.953856E-5	0.0
218.180337664	1.1010445E-4	0.0
218.178387968	4.7396163E-5	0.0
218.176438272	9.888573E-6	0.0
218.174472192	5.7059442E-5	0.0
218.172522496	-6.771035E-5	0.0
218.1705728	-3.7320475E-5	0.0
218.168623104	-3.2051707E-5	0.0
218.166657024	8.931848E-5	0.0
218.164707328	7.236286E-5	0.0
218.162757632	1.16200856E-4	0.0
218.160791552	2.1087306E-4	0.0
