220.033335296	1.878087E-4	2.2619344690610887E-6
220.0313856	1.3931602E-4	1.2042419257340953E-6
220.029435904	-9.9858684E-5	6.184279754961608E-7
220.027469824	-7.879263E-5	3.0634262770945497E-7
220.025520128	-5.4186916E-5	1.4637595313615748E-7
220.023570432	7.787061E-5	0.0
220.021604352	7.988774E-5	0.0
220.019654656	-1.6063184E-4	0.0
220.01770496	1.44093E-4	0.0
220.01573888	3.543245E-5	0.0
220.013789184	1.7831862E-6	0.0
220.011839488	-7.7457466E-5	0.0
220.009889792	2.1811837E-4	0.0
220.007923712	-2.9803085E-5	0.0
220.005974016	-4.5131026E-5	0.0
220.00402432	5.6390585E-5	0.0
220.00205824	2.6648567E-4	0.0
220.000108544	2.4826365E-4	0.0
219.998158848	1.0670099E-5	0.0
219.996192768	-7.783739E-5	0.0
219.994243072	-1.7962628E-4	0.0
219.992293376	-4.576712E-5	0.0
219.99034368	-2.6907719E-5	0.0
219.9883776	5.997315E-5	0.0
219.986427904	1.9696791E-4	0.0
219.984478208	1.0547396E-4	0.0
219.982512128	5.0112423E-5	0.0
219.980562432	2.8310105E-4	0.0
219.978612736	1.699052E-4	0.0
219.976646656	3.7356214E-5	0.0
219.97469696	-7.788733E-5	0.0
219.972747264	-3.4509583E-5	0.0
219.970797568	1.1527973E-6	0.0
219.968831488	2.7283042E-4	0.0
219.966881792	4.7583896E-4	0.0
219.964932096	1.942155E-4	0.0
219.962966016	4.8233714E-4	0.0
219.96101632	4.928917E-4	0.0
219.959066624	5.2141567E-4	0.0
219.957100544	4.044844E-4	0.0
219.955150848	4.564671E-4	0.0
219.953201152	7.973655E-4	0.0
219.951251456	7.742799E-4	0.0
219.949285376	9.6092286E-4	0.0
219.94733568	6.817384E-4	0.0
219.945385984	7.8129914E-4	0.0
219.943419904	7.02975E-4	0.0
219.941470208	9.65962E-4	0.0
219.939520512	9.180577E-4	0.0
219.937554432	8.1172044E-4	0.0
219.935604736	5.620978E-4	0.0
219.93365504	5.179436E-4	0.0
219.931705344	3.5781722E-4	0.0
219.929739264	2.1659123E-4	0.0
219.927789568	1.5380542E-4	0.0
219.925839872	3.878945E-4	0.0
219.923873792	-6.07209E-5	0.0
219.921924096	4.3814704E-5	0.0
219.9199744	2.0363153E-4	0.0
219.91800832	1.3969309E-4	0.0
219.916058624	3.922694E-4	0.0
219.914108928	4.2151957E-4	0.0
219.912159232	1.863669E-4	0.0
219.910193152	1.3920764E-5	0.0
219.908243456	2.0270987E-4	0.0
219.90629376	1.169262E-4	0.0
219.90432768	1.9845873E-4	0.0
219.902377984	1.7361279E-4	0.0
219.900428288	2.3686868E-4	0.0
219.898462208	2.2989867E-4	0.0
219.896512512	9.644782E-5	0.0
219.894562816	4.3024243E-5	0.0
219.892596736	8.959561E-5	0.0
219.89064704	2.9438694E-5	0.0
219.888697344	1.065253E-6	0.0
219.886747648	1.5031308E-4	0.0
219.884781568	-1.1162478E-4	0.0
219.882831872	1.4232699E-4	0.0
219.880882176	4.475627E-5	0.0
219.878916096	-8.550764E-5	0.0
219.8769664	-4.4387365E-5	0.0
219.875016704	1.6717153E-4	0.0
219.873050624	8.964299E-5	0.0
219.871100928	2.2108614E-4	0.0
219.869151232	1.4457159E-4	0.0
219.867201536	5.19448E-5	0.0
219.865235456	1.04193394E-4	0.0
219.86328576	-3.228477E-5	0.0
219.861336064	1.3727212E-4	0.0
219.859369984	-1.7355726E-5	0.0
219.857420288	8.253223E-5	0.0
219.855470592	2.6384852E-4	0.0
219.853504512	1.4965335E-4	0.0
219.851554816	-5.0460345E-5	0.0
219.84960512	1.1422957E-5	0.0
219.847655424	-8.119201E-5	0.0
219.845689344	-8.1842656E-5	0.0
219.843739648	-2.2679631E-5	0.0
219.841789952	1.2488634E-4	0.0
219.839823872	2.8633833E-4	0.0
219.837874176	1.0509841E-4	0.0
219.83592448	9.720149E-5	0.0
219.8339584	4.6804947E-5	0.0
219.832008704	3.7908849E-6	0.0
219.830059008	-1.1926186E-4	0.0
219.828109312	-1.2388983E-4	0.0
219.826143232	6.574595E-5	0.0
219.824193536	-1.2873241E-4	0.0
219.82224384	-9.353273E-5	0.0
219.82027776	-1.7857004E-4	0.0
219.818328064	8.575111E-5	0.0
219.816378368	6.3800886E-5	0.0
219.814412288	-4.926144E-5	0.0
219.812462592	-8.0402793E-7	0.0
219.810512896	-9.855239E-5	0.0
219.8085632	1.8418936E-5	0.0
219.80659712	9.082484E-5	0.0
219.804647424	1.4889723E-4	0.0
219.802697728	2.8133875E-4	0.0
219.800731648	2.9067165E-4	0.0
219.798781952	4.181979E-4	0.0
219.796832256	1.8270005E-4	0.0
219.794866176	2.4243939E-4	0.0
219.79291648	4.0891458E-4	0.0
219.790966784	3.6753452E-4	0.0
219.789017088	2.8257264E-4	0.0
219.787051008	2.4059141E-4	0.0
219.785101312	1.5268492E-4	0.0
219.783151616	1.5166221E-4	0.0
219.781185536	9.5660034E-5	0.0
219.77923584	1.7793366E-4	2.521558712942351E-7
219.777286144	-3.4095494E-5	5.286012196847878E-7
219.775320064	-1.1943025E-4	1.068762344402785E-6
219.773370368	-6.5498225E-6	2.0841453078901395E-6
219.771420672	3.5978905E-5	3.91977300751023E-6
219.769454592	3.111321E-5	7.110020760592306E-6
219.767504896	2.2128382E-4	1.2437822078936733E-5
219.7655552	7.6572695E-5	2.0982764908694662E-5
219.763605504	1.8851419E-5	3.4135176974814385E-5
219.761639424	1.375266E-4	5.354687527869828E-5
219.759689728	8.689559E-5	8.098926628008485E-5
219.757740032	3.2567146E-4	1.1810089199570939E-4
219.755773952	2.1924399E-4	1.660314155742526E-4
219.753824256	2.0420755E-4	2.250259421998635E-4
219.75187456	2.914975E-4	2.940330596175045E-4
219.74990848	4.7477515E-4	3.7044513737782836E-4
219.747958784	5.88632E-4	4.500788345467299E-4
219.746009088	5.435468E-4	5.276005249470472E-4
219.744059392	7.3236664E-4	5.966946482658386E-4
219.742093312	6.709103E-4	6.514009437523782E-4
219.740143616	7.219633E-4	6.867102347314358E-4
219.73819392	8.379252E-4	6.994409486651421E-4
219.73622784	6.8360026E-4	6.888187490403652E-4
219.734278144	6.7645445E-4	6.567175150848925E-4
219.732328448	8.135826E-4	6.075252313166857E-4
219.730362368	6.017716E-4	5.47644798643887E-4
219.728412672	6.192809E-4	4.8471870832145214E-4
219.726462976	7.447955E-4	4.2667679372243583E-4
219.72451328	7.0838985E-4	3.807686152867973E-4
219.7225472	2.7624267E-4	3.526821674313396E-4
219.720597504	3.9919087E-4	3.4588153357617557E-4
219.718647808	5.1080674E-4	3.612024593167007E-4
219.716681728	5.1571586E-4	3.9676029700785875E-4
219.714732032	4.822694E-4	4.481630749069154E-4
219.712782336	7.666902E-4	5.092404899187386E-4
219.710816256	6.248728E-4	5.721678608097136E-4
219.70886656	5.669529E-4	6.29215152002871E-4
219.706916864	7.2266645E-4	6.733000045642257E-4
219.704967168	7.1396393E-4	6.990290130488575E-4
219.703001088	5.9579225E-4	7.034367881715298E-4
219.701051392	4.208475E-4	6.864122697152197E-4
219.699101696	4.0631002E-4	6.507469806820154E-4
219.697135616	5.278589E-4	6.01784442551434E-4
219.69518592	5.6408247E-4	5.466006696224213E-4
219.693236224	3.983933E-4	4.935012548230588E-4
219.691270144	4.0647545E-4	4.5004545245319605E-4
219.689320448	5.6553987E-4	4.226166056469083E-4
219.687370752	5.187715E-4	4.15280694141984E-4
219.685421056	6.232735E-4	4.2919517727568746E-4
219.683454976	4.938575E-4	4.624356224667281E-4
219.68150528	5.1071827E-4	5.102709401398897E-4
219.679555584	6.5300014E-4	5.658372538164258E-4
219.677589504	4.0771562E-4	6.21114275418222E-4
219.675639808	4.0770957E-4	6.680452497676015E-4
219.673690112	6.573613E-4	6.9963134592399E-4
219.671724032	6.024241E-4	7.108378340490162E-4
219.669774336	7.746012E-4	6.991841364651918E-4
219.66782464	6.372728E-4	6.649426068179309E-4
219.665874944	4.603385E-4	6.109322421252728E-4
219.663908864	5.8870384E-4	5.419528461061418E-4
219.661959168	4.110408E-4	4.639677354134619E-4
219.660009472	4.054355E-4	3.8310367381200194E-4
219.658043392	2.8672017E-4	3.0517432605847716E-4
219.656093696	3.088272E-4	2.3438985226675868E-4
219.654144	1.9678095E-4	1.7355696763843298E-4
219.65217792	3.5768136E-4	1.2389077164698392E-4
219.650228224	3.972238E-4	8.525772136636078E-5
219.648278528	1.5659182E-4	5.656482244376093E-5
219.646328832	2.9156387E-5	3.618315895437263E-5
219.644362752	-3.2246877E-5	2.2317453840514645E-5
219.642413056	1.5446852E-4	1.3273654985823669E-5
219.64046336	1.1577998E-4	7.613238267367706E-6
219.63849728	-1.2877607E-4	4.2111414586543106E-6
219.636547584	-1.2809096E-4	2.246446911158273E-6
219.634597888	2.2422342E-5	1.1557625612113043E-6
219.632631808	5.1002302E-5	5.734857495554024E-7
219.630682112	1.342487E-4	2.744497464846063E-7
219.628732416	4.2153773E-4	0.0
219.626766336	2.2399676E-4	0.0
219.62481664	1.9669562E-4	0.0
219.622866944	1.7167424E-4	0.0
219.620917248	-7.17608E-5	0.0
219.618951168	1.7048867E-4	0.0
219.617001472	1.521699E-4	0.0
219.615051776	7.562542E-5	0.0
219.613085696	1.8208014E-4	0.0
219.611136	3.6133155E-5	0.0
219.609186304	2.2556534E-4	0.0
219.607220224	2.1072192E-4	0.0
219.605270528	1.182098E-4	0.0
219.603320832	1.600518E-5	0.0
219.601371136	-1.4876312E-5	0.0
219.599405056	-1.5396514E-4	0.0
219.59745536	-2.5531492E-4	0.0
219.595505664	-2.7751963E-5	0.0
219.593539584	-1.4303287E-4	0.0
219.591589888	6.2354775E-5	0.0
219.589640192	1.332637E-4	0.0
219.587674112	-4.318619E-5	0.0
219.585724416	-2.8727281E-6	0.0
219.58377472	-2.8744177E-4	0.0
219.581825024	8.41851E-6	0.0
219.579858944	1.7777138E-5	0.0
219.577909248	4.806363E-5	0.0
219.575959552	2.7972792E-5	0.0
219.573993472	3.285858E-4	0.0
219.572043776	4.2193948E-4	2.4642444529376917E-8
219.57009408	4.3062126E-4	5.179188278248148E-8
219.568128	7.977144E-4	1.0498075653231353E-7
219.566178304	6.7933026E-4	2.0522283250556939E-7
219.564228608	8.64029E-4	3.869122338073794E-7
219.562278912	0.0010006202	7.035054068182944E-7
219.560312832	0.0013065855	1.2336424788372824E-6
219.558363136	0.0014310458	2.0862901237705955E-6
219.55641344	0.0014172527	3.5137748000124702E-6
219.55444736	0.0014572784	5.586448878602823E-6
219.552497664	0.0013816624	8.595316103310324E-6
219.550547968	0.0010849058	1.281161075894488E-5
219.548581888	8.352558E-4	1.8523696780903265E-5
219.546632192	8.2613534E-4	2.6021310986834578E-5
219.544682496	4.993303E-4	3.55821757693775E-5
219.5427328	2.6697473E-4	4.7465815441682935E-5
219.54076672	2.531553E-4	6.19149868725799E-5
219.538817024	3.4650235E-4	7.918190385680646E-5
219.536867328	-8.0022735E-5	9.94637593976222E-5
219.534901248	-8.33241E-5	1.2295345368329436E-4
219.532951552	6.200915E-6	1.4981957792770118E-4
219.531001856	7.3046125E-5	1.7986215243581682E-4
219.529035776	1.4163106E-4	2.1270415163598955E-4
219.52708608	1.296319E-4	2.4750170996412635E-4
219.525136384	3.6443718E-4	2.829327422659844E-4
219.523186688	4.250721E-4	3.172779397573322E-4
219.521220608	3.7307345E-4	3.485494526103139E-4
219.519270912	3.455461E-4	3.7488059024326503E-4
219.517321216	4.235849E-4	3.94859496736899E-4
219.515355136	4.6864134E-4	4.0788683691062033E-4
219.51340544	3.1747663E-4	4.1440175846219063E-4
219.511455744	3.5157864E-4	4.158947558607906E-4
219.509489664	3.6522007E-4	4.1467673145234585E-4
219.507539968	2.8719677E-4	4.134259361308068E-4
219.505590272	3.1919364E-4	4.146041173953563E-4
219.503624192	3.098073E-4	4.198771493975073E-4
219.501674496	2.8285844E-4	4.296853148844093E-4
219.4997248	3.097605E-4	4.430768603924662E-4
219.497775104	4.6872644E-4	4.5785217662341893E-4
219.495809024	2.3771176E-4	4.70982922706753E-4
219.493859328	1.8091506E-4	4.791986139025539E-4
219.491909632	3.507727E-4	4.796082794200629E-4
219.489943552	2.762556E-4	4.7021385398693383E-4
219.487993856	1.6900286E-4	4.502193769440055E-4
219.48604416	2.9686542E-4	4.2015837971121073E-4
219.48407808	1.8144684E-4	3.816555254161358E-4
219.482128384	9.876099E-5	3.3717561746016145E-4
219.480178688	1.6434636E-4	2.8958736220374703E-4
219.478228992	-9.039889E-5	2.4174695136025548E-4
219.476262912	2.845545E-5	1.9614807388279587E-4
219.474313216	2.244616E-4	1.5482617891393602E-4
219.47236352	3.5603698E-5	1.1881301907123998E-4
219.47039744	1.6693427E-4	8.892315236153081E-5
219.468447744	-5.8998594E-5	6.512561230920255E-5
219.466498048	-6.889768E-5	4.716114926850423E-5
219.464531968	2.9668963E-5	3.46066735801287E-5
219.462582272	-1.2351741E-4	2.7050455173593946E-5
219.460632576	-1.2711069E-4	2.4228469555964693E-5
219.45868288	-6.224472E-5	2.6104906282853335E-5
219.4567168	-2.6888452E-5	3.2885891414480284E-5
219.454767104	2.2870587E-4	4.494578024605289E-5
219.452817408	3.221927E-5	6.275322812143713E-5
219.450851328	1.3721519E-4	8.656784484628588E-5
219.448901632	7.3793395E-5	1.1643396283034235E-4
219.446951936	1.578257E-4	1.5149445971474051E-4
219.444985856	7.4059055E-5	1.9051888375543058E-4
219.44303616	9.2443945E-5	2.313309087185189E-4
219.441086464	7.541157E-5	2.7124895132146776E-4
219.439136768	4.5432644E-5	3.073249536100775E-4
219.437170688	3.026927E-4	3.368486650288105E-4
219.435220992	2.4892477E-4	3.5772990668192506E-4
219.433271296	2.2766233E-4	3.6900106351822615E-4
219.431305216	2.3988582E-4	3.7104004877619445E-4
219.42935552	4.5193575E-4	3.6557752173393965E-4
219.427405824	4.6732934E-4	3.5543128615245223E-4
219.425439744	2.958321E-4	3.4399930154904723E-4
219.423490048	2.0025327E-4	3.3460318809375167E-4
219.421540352	3.441843E-4	3.2981307595036924E-4
219.419590656	2.692347E-4	3.309145104140043E-4
219.417624576	3.1719118E-4	3.376349341124296E-4
219.41567488	4.7175091E-4	3.4819860593415797E-4
219.413725184	1.7219613E-4	3.597041068132967E-4
219.411759104	2.3399625E-4	3.687201242428273E-4
219.409809408	5.3406955E-4	3.7197236088104546E-4
219.407859712	3.806805E-4	3.669625730253756E-4
219.405893632	4.123884E-4	3.524028870742768E-4
219.403943936	5.0313055E-4	3.283884434495121E-4
219.40199424	5.61156E-4	2.9630199423991144E-4
219.400044544	4.1558227E-4	2.584941394161433E-4
219.398078464	3.6406604E-4	2.1782555268146098E-4
219.396128768	3.7368812E-4	1.7718254821375012E-4
219.394179072	1.9512145E-4	1.390572579111904E-4
219.392212992	2.4659402E-4	1.0526960977585986E-4
219.390263296	3.2381545E-4	7.680550334043801E-5
219.3883136	1.3529143E-4	5.408528886619024E-5
219.38634752	1.8724293E-4	3.672198363346979E-5
219.384397824	1.6477698E-4	2.4040604330366477E-5
219.382448128	1.2738904E-4	1.5175897715380415E-5
219.380482048	-3.7939644E-5	9.23769039218314E-6
219.378532352	-1.0868011E-4	5.422369667940075E-6
219.376582656	-1.7160031E-5	3.0693233838974265E-6
219.37463296	7.496791E-5	1.6754667058194173E-6
219.37266688	8.320336E-5	8.819988579489291E-7
219.370717184	7.0908856E-5	4.4776217578146316E-7
219.368767488	1.18109216E-4	2.192179380244852E-7
219.366801408	1.3398571E-4	1.0350365897693337E-7
219.364851712	1.2454746E-4	0.0
219.362902016	1.7580815E-4	0.0
219.360935936	4.3755914E-5	0.0
219.35898624	3.8882186E-5	0.0
219.357036544	2.3523072E-4	0.0
219.355086848	1.4574575E-4	0.0
219.353120768	-6.694219E-5	0.0
219.351171072	1.0237429E-4	0.0
219.349221376	1.7695484E-4	0.0
219.347255296	-4.7149668E-5	0.0
219.3453056	-4.6956757E-6	0.0
219.343355904	-1.13346854E-4	0.0
219.341389824	-1.6472209E-4	0.0
219.339440128	-2.1012686E-4	0.0
219.337490432	-2.9884284E-5	0.0
219.335540736	-1.8148514E-5	0.0
219.333574656	-1.13751456E-4	0.0
219.33162496	3.046827E-5	0.0
219.329675264	-1.6828766E-4	0.0
219.327709184	-9.054057E-5	0.0
219.325759488	-4.0228835E-5	0.0
219.323809792	6.5630586E-5	0.0
219.321843712	1.05012376E-4	0.0
219.319894016	-8.172135E-5	0.0
219.31794432	1.1206586E-4	0.0
219.315994624	5.142489E-5	0.0
219.314028544	9.887263E-5	0.0
219.312078848	-3.903517E-5	0.0
219.310129152	8.871366E-6	0.0
219.308163072	8.404516E-5	0.0
219.306213376	1.7225725E-4	0.0
219.30426368	2.4412299E-4	0.0
219.3022976	4.4500273E-5	0.0
219.300347904	1.5389983E-4	0.0
219.298398208	-1.1675928E-4	0.0
219.296448512	-9.122544E-5	0.0
219.294482432	-1.0515278E-5	0.0
219.292532736	8.231255E-5	0.0
219.29058304	2.3882877E-4	0.0
219.28861696	-5.0477167E-5	0.0
219.286667264	-1.2344122E-4	0.0
219.284717568	5.3457734E-5	0.0
219.282751488	9.1312155E-5	0.0
219.280801792	1.6776199E-4	0.0
219.278852096	1.6867899E-4	0.0
219.2769024	1.6866572E-4	0.0
219.27493632	2.1159305E-4	0.0
219.272986624	1.6756175E-4	0.0
219.271036928	1.5489425E-4	0.0
219.269070848	2.6630802E-4	0.0
219.267121152	-7.899205E-5	0.0
219.265171456	2.4586154E-5	0.0
219.263205376	8.7784305E-5	0.0
219.26125568	-8.798263E-5	0.0
219.259305984	1.09870154E-4	0.0
219.257356288	1.293816E-4	0.0
219.255390208	-3.8629638E-5	0.0
219.253440512	-7.212081E-5	4.986529233974579E-8
219.251490816	6.57257E-5	1.0695398344751084E-7
219.249524736	6.65264E-5	2.2121660947505006E-7
219.24757504	9.8100914E-5	4.789748686562234E-7
219.245625344	2.4385349E-4	9.768064046511427E-7
219.243659264	2.456095E-4	1.841563289417536E-6
219.241709568	1.5940162E-4	3.3538619845785433E-6
219.239759872	2.1493138E-4	5.9012418205384165E-6
219.237793792	1.8697401E-4	1.0033308171841782E-5
219.235844096	2.749933E-5	1.6485664673382416E-5
219.2338944	-1.1338824E-4	2.6181116481893696E-5
219.231944704	5.3691612E-5	4.0192662709159777E-5
219.229978624	-3.189542E-5	5.965338641544804E-5
219.228028928	2.2051897E-4	8.560670539736748E-5
219.226079232	3.113533E-4	1.1880081001436338E-4
219.224113152	3.952991E-4	1.5945170889608562E-4
219.222163456	1.4827208E-4	2.070162445306778E-4
219.22021376	6.8252026E-5	2.6002738741226494E-4
219.21824768	3.308204E-4	3.160511841997504E-4
219.216297984	2.3924297E-4	3.7179869832471013E-4
219.214348288	2.9744877E-4	4.234096559230238E-4
219.212398592	3.7510094E-4	4.668713372666389E-4
219.210432512	1.9808783E-4	4.990696907043457E-4
219.208482816	7.239001E-5	5.166722112335265E-4
219.20653312	4.237383E-5	5.186560447327793E-4
219.20456704	1.632885E-4	5.053039640188217E-4
219.202617344	-8.0600785E-6	4.787579528056085E-4
219.200667648	2.4053088E-4	4.428421088960022E-4
219.198701568	2.765776E-4	4.028335679322481E-4
219.196751872	2.9426353E-4	3.650633152574301E-4
219.194802176	1.353253E-4	3.364114963915199E-4
219.19285248	3.2069703E-4	3.237163182348013E-4
219.1908864	4.0588313E-4	3.331191837787628E-4
219.188936704	4.2120804E-4	3.6935610114596784E-4
219.186987008	5.8356946E-4	4.350287781562656E-4
219.185020928	5.085172E-4	5.299386684782803E-4
219.183071232	9.1400807E-4	6.50625501293689E-4
219.181121536	0.0010999814	7.90255144238472E-4
219.179155456	7.429133E-4	9.390008635818958E-4
219.17720576	6.683049E-4	0.0010849941754713655
219.175256064	8.3910447E-4	0.001215487951412797
219.173306368	0.001086764	0.0013185731368139386
219.171340288	0.0012583754	0.001384545350447297
219.169390592	0.0011951863	0.001407127478159964
219.167440896	0.0012309127	0.001384195638820529
219.165474816	0.0011547599	0.0013180936221033335
219.16352512	7.290361E-4	0.0012151474365964532
219.161575424	6.4831803E-4	0.0010849138488993049
219.159609344	7.578078E-4	9.390873019583523E-4
219.157659648	4.536608E-4	7.896642200648785E-4
219.155709952	4.359297E-4	6.477351416833699E-4
219.153760256	3.0187535E-4	5.221458850428462E-4
219.151794176	3.4219568E-4	4.1870560380630195E-4
219.14984448	3.9258524E-4	3.399302950128913E-4
219.147894784	2.4494535E-4	2.852975740097463E-4
219.145928704	3.5380764E-4	2.518601540941745E-4
219.143979008	2.0803761E-4	2.35060797422193E-4
219.142029312	3.78748E-4	2.295770973432809E-4
219.140063232	6.3699164E-4	2.300877240486443E-4
219.138113536	5.08574E-4	2.3188299383036792E-4
219.13616384	3.6044844E-4	2.3129441251512617E-4
219.134214144	3.3016567E-4	2.259289176436141E-4
219.132248064	3.117327E-4	2.14714789763093E-4
219.130298368	1.9021175E-4	1.9777783018071204E-4
219.128348672	2.2645522E-4	1.7618265701457858E-4
219.126382592	2.8504088E-4	1.5144534700084478E-4
219.124432896	1.3527746E-4	1.2587342644110322E-4
219.1224832	2.697041E-4	1.0093684977618977E-4
219.12051712	1.6968435E-4	7.812870171619579E-5
219.118567424	1.1625949E-4	5.8524605265120044E-5
219.116617728	8.378113E-5	4.262936272425577E-5
219.114651648	4.2922962E-5	3.0601495382143185E-5
219.112701952	2.3967127E-4	2.2346090190694667E-5
219.110752256	3.9810948E-5	1.7666168787400238E-5
219.10880256	5.589419E-5	1.6395029888371937E-5
219.10683648	3.6412912E-6	1.848073588917032E-5
219.104886784	1.3011362E-4	2.401095480308868E-5
219.102937088	9.3185045E-5	3.317308801342733E-5
219.100971008	8.161429E-5	4.615646685124375E-5
219.099021312	1.5223568E-4	6.301245593931526E-5
219.097071616	6.526772E-5	8.35016107885167E-5
219.095105536	3.086805E-6	1.069613135769032E-4
219.09315584	7.610098E-5	1.3223628047853708E-4
219.091206144	3.0202611E-5	1.5768043522257358E-4
219.089256448	4.238105E-5	1.8138049927074462E-4
219.087290368	1.251726E-4	2.012223267229274E-4
219.085340672	2.0616857E-4	2.1531141828745604E-4
219.083390976	7.685337E-5	2.2222287952899933E-4
219.081424896	2.4924142E-4	2.2123493545223027E-4
219.0794752	2.578033E-4	2.124516904586926E-4
219.077525504	1.6355485E-4	1.9678502576425672E-4
219.075559424	3.864363E-4	1.7580138228368014E-4
219.073609728	2.1417002E-4	1.5146615623962134E-4
219.071660032	7.7908444E-5	1.2584513751789927E-4
219.069710336	3.1214724E-5	1.0082153312396258E-4
219.067744256	1.5674712E-4	7.788227958371863E-5
219.06579456	8.041091E-5	5.800650978926569E-5
219.063844864	1.3509399E-4	4.16542861785274E-5
219.061878784	2.3612712E-4	2.887608206947334E-5
219.059929088	4.164123E-5	1.9329936549183913E-5
219.057979392	-1.0199479E-4	1.2553023225336801E-5
219.056013312	1.0707934E-5	8.013133083295543E-6
219.054063616	1.1358114E-5	5.223751031735446E-6
219.05211392	-1.250836E-4	3.8094685805845074E-6
219.050164224	-1.7181219E-5	3.542269269019016E-6
219.048198144	1.17893964E-4	4.3543759602471255E-6
219.046248448	1.189814E-4	6.333661531243706E-6
219.044298752	-1.5911943E-5	9.703476280265022E-6
219.042332672	3.1958945E-4	1.4785141502215993E-5
219.040382976	6.5947E-5	2.1894620658713393E-5
219.03843328	-2.106204E-5	3.147042662021704E-5
219.0364672	9.795388E-5	4.361337414593436E-5
219.034517504	2.10292E-4	5.8276200434193015E-5
219.032567808	2.3800583E-4	7.507972622988746E-5
219.030618112	2.531964E-4	9.32666371227242E-5
219.028652032	2.513526E-4	1.1171787627972662E-4
219.026702336	3.1117866E-5	1.2904316827189177E-4
219.02475264	-6.2455314E-5	1.4374377497006208E-4
219.02278656	-4.2289677E-5	1.5442223229911178E-4
219.020836864	9.358132E-5	1.5999845345504582E-4
219.018887168	2.1297397E-4	1.5988844097591937E-4
219.016921088	2.1370692E-4	1.5410395280923694E-4
219.014971392	-2.7526175E-5	1.432501303497702E-4
219.013021696	-1.511671E-5	1.284226746065542E-4
219.011072	2.3149123E-5	1.1102720600320026E-4
219.00910592	-6.93808E-5	9.25618878682144E-5
219.007156224	1.1169019E-4	7.440913032041863E-5
219.005206528	-1.4798779E-5	5.767580296378583E-5
219.003240448	-8.8434674E-5	4.310419535613619E-5
219.001290752	2.6682212E-5	3.1059811590239406E-5
218.999341056	-2.0028261E-4	2.1578973246505484E-5
218.997374976	2.649782E-6	1.4455038581218105E-5
218.99542528	1.1549441E-4	9.336254152003676E-6
218.993475584	2.4650997E-5	5.81424546908238E-6
218.991525888	1.4277297E-4	3.491325742288609E-6
218.989559808	1.7572026E-4	2.0214831693010638E-6
218.987610112	2.1509296E-4	1.1285911796221626E-6
218.985660416	7.879937E-5	6.075668466110073E-7
218.983694336	1.1230102E-4	3.153897694119223E-7
218.98174464	1.9893382E-4	1.5786743290391314E-7
218.979794944	3.2983633E-4	7.619625108645778E-8
218.977828864	2.9823504E-4	3.546258753317488E-8
218.975879168	-1.2141793E-4	0.0
218.973929472	2.2706977E-4	0.0
218.971963392	1.4561479E-4	0.0
218.970013696	1.0622496E-4	0.0
218.968064	8.675822E-5	0.0
218.966114304	-2.7379192E-6	0.0
218.964148224	1.6125158E-4	0.0
218.962198528	1.0441284E-4	0.0
218.960248832	-1.215359E-5	0.0
218.958282752	-2.3482256E-5	0.0
218.956333056	-1.5786994E-4	0.0
218.95438336	-2.4222541E-5	0.0
218.95241728	1.8201681E-4	0.0
218.950467584	4.294287E-5	0.0
218.948517888	1.0618014E-4	3.087752986630221E-8
218.946568192	2.1238514E-4	6.614103398305815E-8
218.944602112	7.4389325E-5	1.3660830688877468E-7
218.942652416	-1.2386887E-5	2.720591112392867E-7
218.94070272	-6.339019E-5	5.22430070759583E-7
218.93873664	-1.961069E-5	9.673233307694318E-7
218.936786944	-1.5410414E-4	1.7269876479986124E-6
218.934837248	-8.289319E-5	2.972892161778873E-6
218.932871168	2.1507667E-5	4.9344462240696885E-6
218.930921472	-1.001829E-4	7.896966963016894E-6
218.928971776	-2.1189742E-4	1.2185406376374885E-5
218.92702208	-8.9699E-5	1.8128926967619918E-5
218.925056	-4.0673483E-5	2.6004739993368275E-5
218.923106304	-1.0408415E-4	3.596473470679484E-5
218.921156608	2.7319935E-5	4.795643690158613E-5
218.919190528	2.0472117E-4	6.165499507915229E-5
218.917240832	1.750263E-4	7.642792479600757E-5
218.915291136	2.470081E-4	9.135096479440108E-5
218.913325056	6.00415E-4	1.0528627899475396E-4
218.91137536	6.375993E-4	1.1701699258992448E-4
218.909425664	5.5676635E-4	1.2541927571874112E-4
218.907475968	9.081205E-4	1.296379923587665E-4
218.905509888	8.6347637E-4	1.2922928726766258E-4
218.903560192	6.660228E-4	1.2423658336047083E-4
218.901610496	9.0284966E-4	1.1518309474922717E-4
218.899644416	0.0011645695	1.0298238339601085E-4
218.89769472	0.0010758692	8.929980685934424E-5
218.895745024	8.097572E-4	7.488514529541135E-5
218.893778944	7.7872764E-4	6.133085116744041E-5
218.891829248	5.3184055E-4	5.0139504310209304E-5
218.889879552	4.1174103E-4	4.239211557433009E-5
218.887929856	3.645061E-4	3.960826143156737E-5
218.885963776	6.516539E-5	4.3499709136085585E-5
218.88401408	1.11819296E-4	5.62508575967513E-5
218.882064384	2.2960984E-4	8.064730354817584E-5
218.880098304	3.6737364E-4	1.2006505130557343E-4
218.878148608	2.6785204E-4	1.7824438691604882E-4
218.876198912	1.2925669E-4	2.5880002067424357E-4
218.874232832	2.7096824E-4	3.6448193714022636E-4
218.872283136	6.795722E-4	4.962748498655856E-4
218.87033344	7.614048E-4	6.525299395434558E-4
218.868383744	6.00003E-4	8.283604984171689E-4
218.866417664	8.975565E-4	0.0010155324125662446
218.864467968	8.7598764E-4	0.001202968880534172
218.862518272	9.656088E-4	0.0013778280699625611
218.860552192	0.0011826323	0.0015270314179360867
218.858602496	0.0010531386	0.0016387650975957513
218.8566528	0.0011716885	0.0017039707163348794
218.85468672	0.001401958	0.0017173730302602053
218.852737024	0.0010631976	0.0016780520090833306
218.850787328	0.0010804068	0.001589509891346097
218.848821248	0.0010180413	0.0014592346269637346
218.846871552	0.0010077283	0.0012978060403838754
218.844921856	8.3845755E-4	0.00111762888263911
218.84297216	7.485672E-4	9.314585477113724E-4
218.84100608	6.3320674E-4	7.509368006139994E-4
218.839056384	2.9679138E-4	5.854025366716087E-4
218.837106688	3.1268463E-4	4.4116590288467705E-4
218.835140608	4.0958036E-4	3.213515446987003E-4
218.833190912	1.4771818E-4	2.2623564291279763E-4
218.831241216	9.752012E-5	1.5393763897009194E-4
218.829275136	1.2761093E-4	1.0123697575181723E-4
218.82732544	1.4530407E-4	6.435152317862958E-5
218.825375744	1.6868737E-4	3.9537117118015885E-5
218.823426048	1.6118324E-4	2.3478598450310528E-5
218.821459968	8.1884726E-5	1.3475175364874303E-5
218.819510272	7.203378E-5	7.47412286727922E-6
218.817560576	-1.1607662E-4	4.005894425063161E-6
218.815594496	1.03621795E-4	2.074454187095398E-6
218.8136448	1.5673746E-5	8.844743888403173E-7
218.811695104	-1.9535602E-5	4.346298680957261E-7
218.809729024	8.995056E-5	2.0592990779277898E-7
218.807779328	-4.2176696E-5	0.0
218.805829632	7.913069E-5	0.0
218.803879936	-1.8730643E-4	0.0
218.801913856	-1.0307128E-4	0.0
218.79996416	-7.551083E-5	0.0
218.798014464	-4.6830224E-5	0.0
218.796048384	-2.0360638E-5	0.0
218.794098688	-2.2366707E-5	0.0
218.792148992	1.4027714E-4	0.0
218.790182912	1.5864923E-4	0.0
218.788233216	-6.411045E-5	0.0
218.78628352	-4.833629E-5	0.0
218.784333824	-4.2169595E-5	0.0
218.782367744	-1.0791531E-5	0.0
218.780418048	4.5444867E-5	0.0
218.778468352	-2.6401487E-5	0.0
218.776502272	1.3954384E-4	0.0
218.774552576	1.5153567E-4	0.0
218.77260288	2.7989963E-4	0.0
218.7706368	3.087017E-4	0.0
218.768687104	1.7659989E-4	0.0
218.766737408	2.916372E-4	0.0
218.764787712	8.8042514E-5	0.0
218.762821632	-3.6466932E-5	0.0
218.760871936	1.5749986E-4	0.0
218.75892224	7.6385964E-5	0.0
218.75695616	-9.9613735E-6	0.0
218.755006464	8.486461E-5	0.0
218.753056768	2.2453716E-4	0.0
218.751090688	2.3416412E-4	0.0
218.749140992	1.3156497E-4	0.0
218.747191296	5.1892763E-5	0.0
218.7452416	-1.3269117E-4	0.0
218.74327552	-1.1606102E-4	0.0
218.741325824	-1.5146862E-4	0.0
218.739376128	-2.3363047E-5	0.0
218.737410048	-4.231855E-5	0.0
218.735460352	2.5398453E-4	0.0
218.733510656	2.4462485E-4	0.0
218.731544576	1.2206419E-4	0.0
218.72959488	1.3476732E-4	0.0
218.727645184	1.9537268E-4	0.0
218.725679104	6.1717285E-5	0.0
218.723729408	1.3435032E-4	0.0
218.721779712	3.0375406E-4	0.0
218.719830016	1.4497963E-4	2.167779200590303E-7
218.717863936	-6.484998E-5	4.5665382231163676E-7
218.71591424	-5.0063078E-5	9.274735930375755E-7
218.713964544	-1.4077936E-5	1.8161757679990842E-6
218.711998464	-1.0946126E-4	3.4288616461708443E-6
218.710048768	-9.65639E-5	6.2412091210717335E-6
218.708099072	-1.3798446E-4	1.0952239790640306E-5
218.706132992	-1.2080483E-4	1.8528251530369744E-5
218.704183296	-8.140837E-5	3.0216491722967476E-5
218.7022336	3.7158425E-5	4.750126026920043E-5
218.700283904	-5.925401E-5	7.19763629604131E-5
218.698317824	2.8809457E-4	1.0511683649383485E-4
218.696368128	3.2840384E-4	1.479560014558956E-4
218.694418432	4.4896844E-4	2.0070919708814472E-4
218.692452352	3.9526896E-4	2.624160551931709E-4
218.690502656	3.9003772E-4	3.3070557401515543E-4
218.68855296	4.6518206E-4	4.0177733171731234E-4
218.68658688	5.29229E-4	4.706631298176944E-4
218.684637184	5.208428E-4	5.317594623193145E-4
218.682687488	6.232742E-4	5.795623292215168E-4
218.680737792	5.586936E-4	6.094661657698452E-4
218.678771712	4.8199418E-4	6.18470658082515E-4
218.676822016	6.1598344E-4	6.056554266251624E-4
218.67487232	5.0479436E-4	5.72328339330852E-4
218.67290624	6.135832E-4	5.218147998675704E-4
218.670956544	4.727422E-4	4.5893382048234344E-4
218.669006848	2.6677205E-4	3.8926617708057165E-4
218.667040768	1.8092227E-4	3.183509106747806E-4
218.665091072	2.2150524E-4	2.5098433252424E-4
218.663141376	2.0444783E-4	1.9072445866186172E-4
218.66119168	7.89308E-5	1.396847073920071E-4
218.6592256	1.7429871E-5	9.859757119556889E-5
218.657275904	-8.481951E-5	6.707533611916006E-5
218.655326208	-6.767596E-5	4.3980831833323464E-5
218.653360128	1.1693773E-4	2.779666829155758E-5
218.651410432	1.4316995E-4	1.69346258189762E-5
218.649460736	1.0353949E-4	9.94586298475042E-6
218.647494656	2.6438089E-5	5.6313315326406155E-6
218.64554496	-1.8802419E-5	3.0739345220354153E-6
218.643595264	9.735562E-5	1.6177434645214817E-6
218.641645568	1.14875664E-4	8.208394319808576E-7
218.639679488	1.0234705E-4	4.015605838958436E-7
218.637729792	-3.532781E-5	1.894035790428461E-7
218.635780096	-2.1671056E-4	0.0
218.633814016	-4.6453504E-5	0.0
218.63186432	-9.100373E-5	0.0
218.629914624	5.562144E-6	0.0
218.627948544	-3.502705E-5	0.0
218.625998848	5.923275E-5	0.0
218.624049152	3.439682E-5	3.9411442998016355E-8
218.622099456	-5.270418E-6	8.354326297421721E-8
218.620133376	1.1786544E-4	1.707393266769941E-7
218.61818368	4.5895395E-5	3.3642518815213407E-7
218.616233984	-2.6732456E-5	6.391082933987491E-7
218.614267904	-3.4251025E-5	1.1705508313752944E-6
218.612318208	1.2664596E-4	2.0669667719630525E-6
218.610368512	-6.0002385E-5	3.518852736306144E-6
218.608402432	-1.304443E-4	5.7754909903451335E-6
218.606452736	1.859456E-4	9.138840141531546E-6
218.60450304	-2.0997779E-5	1.3941244105808437E-5
218.602553344	4.7900998E-5	2.0502962797763757E-5
218.600587264	3.0318875E-4	2.9069065931253135E-5
218.598637568	1.5604642E-4	3.973224011133425E-5
218.596687872	2.8846838E-5	5.235462595010176E-5
218.594721792	8.8603636E-5	6.650807335972786E-5
218.592772096	1.1064129E-4	8.145419269567356E-5
218.5908224	3.728264E-4	9.61811383604072E-5
218.58885632	3.4915126E-4	1.0950252180919051E-4
218.586906624	2.2047368E-4	1.2020900612697005E-4
218.584956928	1.4965696E-4	1.272467925446108E-4
218.582990848	1.9220711E-4	1.298872084589675E-4
218.581041152	2.8129487E-4	1.278499694308266E-4
218.579091456	3.7331932E-4	1.213516152347438E-4
218.57714176	2.524085E-4	1.110681623686105E-4
218.57517568	1.8904166E-4	9.80200493359007E-5
218.573225984	2.433579E-4	8.34066595416516E-5
218.571276288	3.227151E-4	6.842682341812178E-5
218.569310208	2.7756492E-5	5.4122010624269024E-5
218.567360512	4.0825973E-5	4.1269577195635065E-5
218.565410816	2.8218149E-4	3.033798566320911E-5
218.563444736	2.6019727E-4	2.1500136426766403E-5
218.56149504	1.0444532E-4	1.468908249080414E-5
218.559545344	9.669951E-5	9.674996363173705E-6
218.557595648	8.7632965E-5	6.143497103039408E-6
218.555629568	2.9807847E-5	3.760919980777544E-6
218.553679872	-1.21936675E-4	2.219688894911087E-6
218.551730176	-4.8940077E-5	1.2630307537619956E-6
218.549764096	2.5618883E-6	6.928928542038193E-7
218.5478144	6.0233815E-6	3.664749783638399E-7
218.545864704	1.6157685E-5	1.868763348511493E-7
218.543898624	8.0681E-6	9.187484550920999E-8
218.541948928	-2.3768347E-5	4.354836846687249E-8
218.539999232	-7.592904E-6	0.0
218.538049536	-9.7877935E-5	0.0
218.536083456	-3.3081924E-5	0.0
218.53413376	5.8387553E-7	0.0
218.532184064	3.2670032E-5	0.0
218.530217984	-1.16097166E-4	0.0
218.528268288	-6.6271816E-5	0.0
218.526318592	-4.410145E-5	0.0
218.524352512	1.5697145E-4	2.5891239374686847E-8
218.522402816	9.115942E-5	5.448078610470475E-8
218.52045312	-1.5844887E-5	1.1052313908521683E-7
218.518503424	-1.7629587E-4	2.1616200740481872E-7
218.516537344	8.8158464E-5	4.075919264323602E-7
218.514587648	3.794679E-5	7.409487352560973E-7
218.512637952	6.7238165E-5	1.298569600294286E-6
218.510671872	-4.4575783E-5	2.1941043542028638E-6
218.508722176	-8.505904E-5	3.5740440580411814E-6
218.50677248	-2.0343333E-4	5.612672794086393E-6
218.5048064	7.928133E-5	8.497388080286328E-6
218.502856704	1.1010252E-4	1.2402320862747729E-5
218.500907008	-4.1710104E-5	1.745096051308792E-5
218.498957312	-2.1371251E-4	2.383900573477149E-5
218.496991232	-1.16405376E-4	3.130536060780287E-5
218.495041536	-2.6176622E-6	3.973026105086319E-5
218.49309184	8.977454E-5	4.879988409811631E-5
218.49112576	1.3074855E-4	5.813867392134853E-5
218.489176064	1.3711915E-4	6.740569369867444E-5
218.487226368	7.914489E-5	7.641929551027715E-5
218.485260288	8.242E-5	8.528468606527895E-5
218.483310592	-2.8818292E-8	9.448945638723671E-5
218.481360896	1.6200956E-4	1.0492833098396659E-4
218.4794112	-1.40577E-7	1.17825111374259E-4
218.47744512	8.7697925E-5	1.3453922292683274E-4
218.475495424	1.0505207E-4	1.56271576997824E-4
218.473545728	1.3929018E-4	1.837153104133904E-4
218.471579648	2.6828662E-4	2.167283237213269E-4
218.469629952	2.150017E-4	2.5411375099793077E-4
218.467680256	2.7110748E-4	2.935846569016576E-4
218.465714176	3.3858704E-4	3.3195599098689854E-4
218.46376448	2.715891E-4	3.655455366242677E-4
218.461814784	2.5599304E-4	3.90722620068118E-4
218.459848704	2.8910703E-4	4.0449033258482814E-4
218.457899008	3.1036657E-4	4.049847775604576E-4
218.455949312	4.0934078E-4	3.917843569070101E-4
218.453999616	5.860343E-4	3.659713256638497E-4
218.452033536	3.039678E-4	3.2993333297781646E-4
218.45008384	2.8443726E-4	2.8695876244455576E-4
218.448134144	4.8986875E-4	2.4071084044408053E-4
218.446168064	3.808968E-4	1.9469342078082263E-4
218.444218368	3.901113E-4	1.518133212812245E-4
218.442268672	4.6353304E-4	1.1410913430154324E-4
218.440302592	5.0555245E-4	8.266203076345846E-5
218.438352896	4.0246296E-4	5.77260107093025E-5
218.4364032	1.4934683E-4	3.8855287129990757E-5
218.434453504	1.3861438E-4	2.5208808438037522E-5
218.432487424	1.07706925E-4	1.5765148418722674E-5
218.430537728	1.8134591E-4	9.5039631560212E-6
218.428588032	9.767728E-5	5.523165782506112E-6
218.426621952	1.3879262E-4	3.0942865123506635E-6
218.424672256	1.3406499E-4	1.6712109527361463E-6
218.42272256	1.4049996E-4	8.701761089469073E-7
218.42075648	1.5580881E-4	4.3680987005245697E-7
218.418806784	1.3153645E-4	2.1139257455615734E-7
218.416857088	2.2699771E-4	9.862904448709742E-8
218.414907392	2.95666E-4	0.0
218.412941312	2.499206E-4	0.0
218.410991616	1.15225375E-4	0.0
218.40904192	2.510248E-4	0.0
218.40707584	3.670621E-4	0.0
218.405126144	3.531322E-4	0.0
218.403176448	3.3347477E-4	0.0
218.401210368	2.706268E-4	0.0
218.399260672	2.535843E-4	0.0
218.397310976	4.5971602E-4	0.0
218.39536128	4.5778294E-4	0.0
218.3933952	2.9576506E-4	0.0
218.391445504	2.1165126E-4	0.0
218.389495808	3.2152625E-4	0.0
218.387529728	1.7509382E-4	0.0
218.385580032	-3.6350157E-6	0.0
218.383630336	5.453994E-6	0.0
218.381664256	1.0877784E-5	0.0
218.37971456	1.6371772E-4	0.0
218.377764864	1.7575809E-4	1.3545331967179663E-7
218.375815168	-3.0420842E-5	2.8610566005227156E-7
218.373849088	-1.2290396E-4	5.825824018756975E-7
218.371899392	-2.4493149E-5	1.1436237628004164E-6
218.369949696	4.1319807E-5	2.1642081264872104E-6
218.367983616	5.782808E-5	3.948191988456529E-6
218.36603392	1.8708076E-4	6.943464086361928E-6
218.364084224	1.594135E-4	1.1771209756261669E-5
218.362118144	1.7869164E-4	1.9966650143032894E-5
218.360168448	6.0797604E-5	3.184561865055002E-5
218.358218752	-3.0655014E-5	4.915391036774963E-5
218.356269056	1.4530198E-4	7.350658415816724E-5
218.354302976	1.789041E-5	1.0665308946045116E-4
218.35235328	5.621049E-5	1.5040226571727544E-4
218.350403584	-2.0491489E-5	2.065617882180959E-4
218.348437504	1.9875326E-4	2.769125276245177E-4
218.346487808	2.5198614E-4	3.6321315565146506E-4
218.344538112	3.3107464E-4	4.6718731755390763E-4
218.342572032	3.671366E-4	5.904182326048613E-4
218.340622336	5.367791E-4	7.34060478862375E-4
218.33867264	5.541689E-4	8.983013685792685E-4
218.336722944	7.374279E-4	0.001081621740013361
218.334756864	8.0397824E-4	0.001280002761632204
218.332807168	8.781993E-4	0.0014863427495583892
218.330857472	9.7427476E-4	0.0016903848154470325
218.328891392	9.5515704E-4	0.0018793139606714249
218.326941696	7.3768926E-4	0.0020390215795487165
218.324992	9.304373E-4	0.0021558301523327827
218.32302592	0.0010994747	0.0022183151450008154
218.321076224	0.0010173076	0.0022189337760210037
218.319126528	9.5150183E-4	0.0021551833488047123
218.317160448	0.0010120249	0.002030160278081894
218.315210752	8.0519816E-4	0.0018524377373978496
218.313261056	7.8041974E-4	0.0016351972008123994
218.31131136	8.192483E-4	0.001394664403051138
218.30934528	6.2434404E-4	0.0011480278335511684
218.307395584	6.596767E-4	9.111932013183832E-4
218.305445888	3.8347737E-4	6.968578672967851E-4
218.303479808	3.627914E-4	5.132891819812357E-4
218.301530112	3.4835242E-4	3.6406159051693976E-4
218.299580416	2.814973E-4	2.4864234728738666E-4
218.297614336	1.11412075E-4	1.6353487444575876E-4
218.29566464	1.8897251E-4	1.0359899897594005E-4
218.293714944	2.5249826E-4	6.317282532108948E-5
218.291765248	2.7117395E-4	3.7158028135308996E-5
218.289799168	1.0157358E-4	2.106201100104954E-5
218.287849472	4.6203662E-5	1.1506162081786897E-5
218.285899776	-1.7077376E-5	6.058756298443768E-6
218.283933696	-1.02537226E-4	3.075336962865549E-6
218.281984	-1.6357668E-4	1.5047818351376918E-6
218.280034304	6.3975625E-5	7.098021796991816E-7
218.278068224	-2.1962745E-5	0.0
218.276118528	-8.0645266E-5	0.0
218.274168832	-6.885263E-5	0.0
218.272219136	-8.2664956E-5	0.0
218.270253056	-2.521149E-4	0.0
218.26830336	1.344707E-5	0.0
218.266353664	8.841155E-5	0.0
218.264387584	7.701216E-5	0.0
218.262437888	-7.8923076E-5	0.0
218.260488192	-3.2392338E-5	0.0
218.258522112	2.8771634E-5	0.0
218.256572416	-7.952919E-5	0.0
218.25462272	-1.5384017E-4	0.0
218.252673024	-1.2944889E-4	0.0
218.250706944	-4.6771085E-5	0.0
218.248757248	5.859072E-5	0.0
218.246807552	-2.670504E-5	0.0
218.244841472	1.7021951E-4	0.0
218.242891776	5.368777E-5	0.0
218.24094208	7.4813426E-5	0.0
218.238976	1.03242746E-4	0.0
218.237026304	4.5191315E-5	0.0
218.235076608	1.0347279E-5	0.0
218.233126912	-3.1470445E-5	0.0
218.231160832	-6.1299124E-6	0.0
218.229211136	-1.6583659E-5	0.0
218.22726144	2.1107548E-5	0.0
218.22529536	-7.6644654E-5	0.0
218.223345664	9.956274E-5	0.0
218.221395968	6.554083E-5	0.0
218.219429888	-1.3870193E-4	0.0
218.217480192	-1.6981212E-4	0.0
218.215530496	6.969256E-6	0.0
218.2135808	7.086997E-5	0.0
218.21161472	4.71968E-5	0.0
218.209665024	3.758497E-5	0.0
218.207715328	-2.0709651E-5	0.0
218.205749248	-4.273712E-5	0.0
218.203799552	-4.1985833E-5	0.0
218.201849856	-4.0800085E-5	0.0
218.199883776	-1.9448885E-4	0.0
218.19793408	-2.3969333E-4	0.0
218.195984384	2.1542019E-6	0.0
218.194018304	3.234896E-5	0.0
218.192068608	1.4312862E-4	0.0
218.190118912	5.7780468E-5	0.0
218.188169216	1.1489976E-4	0.0
218.186203136	1.8552347E-4	0.0
218.18425344	1.2622884E-4	0.0
218.182303744	1.21544166E-4	0.0
218.180337664	-9.86436E-5	0.0
218.178387968	-2.1293404E-4	0.0
218.176438272	-1.9578385E-4	0.0
218.174472192	-5.753304E-5	0.0
218.172522496	3.5028606E-5	0.0
218.1705728	-2.1525722E-5	0.0
218.168623104	-8.461992E-5	0.0
218.166657024	-6.1291335E-5	0.0
218.164707328	-7.885707E-5	0.0
218.162757632	-1.9739545E-4	0.0
218.160791552	1.2779183E-4	0.0
