234.319003648	-6.863859E-6	0.0
234.320986112	2.7868663E-7	0.0
234.322952192	-8.762466E-5	0.0
234.324918272	-8.784277E-5	0.0
234.326900736	-1.11568326E-4	0.0
234.328866816	-1.7516718E-4	0.0
234.33084928	-5.712559E-5	0.0
234.33281536	-1.6739545E-5	0.0
234.33478144	-5.581982E-5	0.0
234.336763904	-7.586846E-5	0.0
234.338729984	-1.3083173E-5	0.0
234.340712448	7.9324105E-5	0.0
234.342678528	9.540205E-5	0.0
234.344644608	1.2263544E-4	0.0
234.346627072	7.318314E-5	0.0
234.348593152	-9.688125E-5	0.0
234.350575616	-9.717392E-5	0.0
234.352541696	-1.022442E-5	0.0
234.354507776	1.1018889E-4	0.0
234.35649024	6.788601E-5	0.0
234.35845632	7.3157016E-6	0.0
234.360438784	1.2945023E-5	0.0
234.362404864	7.642618E-5	0.0
234.364370944	2.0181235E-4	0.0
234.366353408	5.7459274E-5	0.0
234.368319488	-1.0966575E-4	0.0
234.370301952	3.756535E-5	0.0
234.372268032	3.2920496E-5	0.0
234.374234112	-6.0843664E-5	0.0
234.376216576	1.6210124E-5	0.0
234.378182656	5.0089777E-5	0.0
234.38016512	4.847981E-5	0.0
234.3821312	6.590609E-6	0.0
234.38409728	3.644724E-5	0.0
234.386079744	-2.6082515E-5	0.0
234.388045824	-1.6975286E-5	0.0
234.390028288	-1.5174139E-4	0.0
234.391994368	5.7459507E-5	0.0
234.393960448	8.900881E-5	0.0
234.395942912	1.4500965E-4	0.0
234.397908992	-9.308518E-5	0.0
234.399891456	-4.6257872E-5	0.0
234.401857536	-1.4268958E-4	0.0
234.403823616	-1.779147E-4	0.0
234.40580608	7.626093E-5	0.0
234.40777216	7.235211E-5	0.0
234.409754624	2.7181115E-6	0.0
234.411720704	1.6479717E-4	0.0
234.413686784	1.9227398E-4	0.0
234.415669248	1.924603E-4	0.0
234.417635328	2.675422E-4	0.0
234.419617792	1.8821184E-4	0.0
234.421583872	2.02179E-4	0.0
234.423549952	1.8373695E-4	0.0
234.425532416	1.7439485E-4	0.0
234.427498496	3.278486E-4	0.0
234.42948096	2.4922844E-4	0.0
234.43144704	1.03302635E-4	0.0
234.43341312	1.07349E-4	0.0
234.435395584	2.0220397E-4	0.0
234.437361664	-7.751177E-6	0.0
234.439344128	-3.0939234E-6	0.0
234.441310208	6.883724E-5	0.0
234.443276288	8.635809E-5	0.0
234.445258752	1.0417284E-4	0.0
234.447224832	6.0554234E-5	0.0
234.449207296	4.154402E-5	0.0
234.451173376	-4.1676696E-5	0.0
234.453139456	-5.7150155E-5	0.0
234.45512192	3.0975953E-5	0.0
234.457088	7.448117E-5	0.0
234.459070464	2.795189E-5	0.0
234.461036544	4.714703E-5	0.0
234.463002624	1.1402765E-6	0.0
234.464985088	-4.9451086E-5	0.0
234.466951168	2.449844E-7	0.0
234.468933632	9.436502E-5	0.0
234.470899712	2.7763192E-6	0.0
234.472865792	-1.0111556E-5	0.0
234.474848256	1.5686899E-4	0.0
234.476814336	6.0682465E-5	0.0
234.4787968	-9.004028E-5	0.0
234.48076288	8.542195E-6	0.0
234.48272896	1.3508262E-4	0.0
234.484711424	7.245857E-5	0.0
234.486677504	2.3773744E-5	0.0
234.488659968	2.2063894E-5	0.0
234.490626048	1.1668318E-4	0.0
234.492592128	5.5601635E-5	0.0
234.494574592	-2.3621611E-5	0.0
234.496540672	-4.6031328E-5	0.0
234.498523136	-6.641273E-6	0.0
234.500489216	-2.3669458E-5	0.0
234.502455296	-1.634251E-5	0.0
234.50443776	-3.9743145E-6	0.0
234.50640384	-4.3401098E-5	0.0
234.508386304	1.1417363E-5	0.0
234.510352384	4.3052703E-5	0.0
234.512318464	-5.8764826E-6	0.0
234.514300928	-2.5492056E-5	0.0
234.516267008	-6.0884468E-5	0.0
234.518249472	-9.631291E-5	0.0
234.520215552	-5.3721375E-5	0.0
234.522181632	4.8648206E-5	0.0
234.524164096	7.472203E-5	0.0
234.526130176	1.2987775E-4	0.0
234.52811264	1.33006E-4	0.0
234.53007872	3.9147493E-5	0.0
234.532061184	6.0188166E-5	0.0
234.534027264	1.3776058E-4	0.0
234.535993344	1.81836E-4	0.0
234.537975808	2.9276067E-4	0.0
234.539941888	2.0066624E-4	0.0
234.541924352	1.202619E-4	0.0
234.543890432	1.634475E-4	0.0
234.545856512	1.0528356E-4	0.0
234.547838976	9.56304E-5	0.0
234.549805056	2.408896E-4	0.0
234.55178752	1.0037066E-4	0.0
234.5537536	1.0191917E-5	0.0
234.55571968	1.3535451E-4	0.0
234.557702144	1.4698626E-4	0.0
234.559668224	-1.659874E-5	0.0
234.561650688	3.3917186E-5	0.0
234.563616768	4.8608043E-5	0.0
234.565582848	8.7582666E-5	0.0
234.567565312	5.4088177E-5	0.0
234.569531392	6.40574E-5	0.0
234.571513856	9.858106E-5	0.0
234.573479936	1.3150623E-4	0.0
234.575446016	1.3849382E-4	0.0
234.57742848	1.0605824E-4	0.0
234.57939456	1.1345091E-4	0.0
234.581377024	1.7586512E-4	0.0
234.583343104	5.29781E-5	0.0
234.585309184	-5.2440457E-5	0.0
234.587291648	1.9880059E-5	0.0
234.589257728	1.0826548E-4	0.0
234.591240192	-4.356564E-6	0.0
234.593206272	4.4101955E-5	0.0
234.595172352	7.410416E-5	0.0
234.597154816	1.5517096E-4	0.0
234.599120896	4.672025E-5	0.0
234.60110336	8.902895E-5	0.0
234.60306944	1.7944902E-4	0.0
234.60503552	2.0415212E-4	0.0
234.607017984	8.087138E-5	0.0
234.608984064	2.6051293E-5	0.0
234.610966528	1.0510138E-5	0.0
234.612932608	-1.4286886E-4	0.0
234.614898688	-1.1086518E-4	0.0
234.616881152	-5.053957E-5	0.0
234.618847232	1.13524366E-4	0.0
234.620829696	1.4794261E-4	0.0
234.622795776	9.2669725E-5	0.0
234.624761856	3.6661095E-5	0.0
234.62674432	6.70257E-5	0.0
234.6287104	1.3445043E-4	0.0
234.630692864	6.212432E-5	0.0
234.632658944	9.953324E-6	0.0
234.634625024	5.3854183E-5	0.0
234.636607488	1.2651003E-4	0.0
234.638573568	1.2490466E-4	0.0
234.640556032	8.783255E-5	0.0
234.642522112	5.955859E-5	0.0
234.644488192	-2.5272788E-5	0.0
234.646470656	-7.975644E-5	0.0
234.648436736	-5.594811E-5	0.0
234.6504192	-4.8449798E-5	0.0
234.65238528	-7.4408905E-5	0.0
234.65435136	6.463558E-5	0.0
234.656333824	1.641577E-4	0.0
234.658299904	1.7387374E-5	0.0
234.660282368	-1.7689833E-4	0.0
234.662248448	-8.9918336E-5	0.0
234.664214528	-8.330925E-6	0.0
234.666196992	7.076973E-5	0.0
234.668163072	1.7499352E-4	0.0
234.670145536	9.013682E-5	0.0
234.672111616	-4.768303E-5	0.0
234.674077696	-1.5463225E-5	0.0
234.67606016	4.5967452E-5	0.0
234.67802624	7.0890106E-5	0.0
234.680008704	-5.059801E-5	0.0
234.681974784	-5.917683E-5	0.0
234.683940864	-3.709005E-5	0.0
234.685923328	-9.0929985E-5	0.0
234.687889408	-1.1996461E-4	0.0
234.689871872	1.2670166E-5	0.0
234.691837952	5.381728E-5	0.0
234.693804032	1.2490233E-4	0.0
234.695786496	4.737951E-5	0.0
234.697752576	-1.1639246E-4	0.0
234.69973504	-1.13532136E-4	0.0
234.70170112	-4.952565E-5	0.0
234.7036672	4.84691E-5	0.0
234.705649664	1.2113135E-4	0.0
234.707615744	4.624941E-5	0.0
234.709598208	6.573227E-5	0.0
234.711564288	1.1951434E-4	0.0
234.713530368	2.3427001E-5	0.0
234.715512832	-1.551829E-5	0.0
234.717478912	1.6884762E-6	0.0
234.719461376	1.6587426E-5	0.0
234.721427456	9.667162E-5	0.0
234.723393536	1.1636449E-4	0.0
234.725376	2.0552823E-5	0.0
234.72734208	1.4792767E-5	0.0
234.729324544	8.679442E-5	0.0
234.731290624	1.05810395E-4	0.0
234.733256704	3.7251623E-6	0.0
234.735239168	-5.454443E-5	0.0
234.737205248	7.630372E-6	0.0
234.739187712	8.385394E-5	0.0
234.741153792	1.7911555E-4	0.0
234.743119872	1.4487676E-4	0.0
234.745102336	7.8039986E-5	0.0
234.747068416	1.7838775E-5	0.0
234.74905088	-2.6331934E-5	0.0
234.75101696	-6.886502E-6	0.0
234.75298304	4.4776407E-5	0.0
234.754965504	4.045699E-5	0.0
234.756931584	9.156494E-5	0.0
234.758914048	1.2727761E-4	0.0
234.760880128	2.1822972E-5	0.0
234.762846208	-2.0187708E-5	0.0
234.764828672	5.755159E-5	0.0
234.766794752	5.4951106E-5	0.0
234.768777216	-6.375306E-5	0.0
234.770743296	3.926193E-5	0.0
234.772709376	7.586715E-5	0.0
234.77469184	6.557081E-6	0.0
234.77665792	1.3649859E-5	0.0
234.778640384	1.393216E-4	0.0
234.780606464	1.9760743E-4	0.0
234.782572544	1.1232936E-4	0.0
234.784555008	2.6590937E-5	0.0
234.786521088	9.711394E-5	0.0
234.788503552	1.5443108E-4	0.0
234.790469632	4.5006153E-5	0.0
234.792435712	2.856208E-5	0.0
234.794418176	4.5523046E-7	0.0
234.796384256	-5.8607733E-5	0.0
234.79836672	-7.492794E-5	0.0
234.8003328	1.2307416E-5	0.0
234.80229888	1.8401425E-4	0.0
234.804281344	1.465791E-4	0.0
234.806247424	3.9749943E-5	0.0
234.808229888	-7.998392E-5	0.0
234.810195968	-5.209226E-5	0.0
234.812162048	-8.162334E-5	0.0
234.814144512	2.9643637E-5	0.0
234.816110592	1.759409E-4	0.0
234.818093056	2.0548304E-4	0.0
234.820059136	6.405392E-6	0.0
234.822025216	-2.0194868E-5	0.0
234.82400768	4.679202E-5	0.0
234.82597376	2.0120687E-4	0.0
234.827956224	1.2368201E-4	0.0
234.829922304	-4.2591488E-5	0.0
234.831888384	-1.8108589E-5	0.0
234.833870848	2.7722446E-4	0.0
234.835836928	2.1925718E-4	0.0
234.837819392	6.974854E-5	0.0
234.839785472	-6.744145E-5	0.0
234.841767936	-8.7306675E-5	0.0
234.843734016	7.656535E-5	0.0
234.845700096	-9.620558E-5	0.0
234.84768256	2.3609424E-5	0.0
234.84964864	6.8700974E-5	0.0
234.851631104	1.224841E-4	0.0
234.853597184	1.5781917E-4	0.0
234.855563264	9.055702E-5	0.0
234.857545728	-3.2277032E-5	0.0
234.859511808	8.664063E-5	0.0
234.861494272	2.1066971E-5	0.0
234.863460352	-7.119439E-5	0.0
234.865426432	-8.302003E-5	0.0
234.867408896	6.1622166E-5	0.0
234.869374976	1.3439414E-4	0.0
234.87135744	3.4316665E-5	0.0
234.87332352	6.186192E-5	0.0
234.8752896	6.668594E-5	0.0
234.877272064	2.5828882E-5	0.0
234.879238144	9.448132E-5	0.0
234.881220608	2.4496101E-5	0.0
234.883186688	-3.857289E-5	0.0
234.885152768	8.75314E-6	0.0
234.887135232	1.0706337E-4	0.0
234.889101312	6.649007E-5	0.0
234.891083776	-3.3979897E-5	0.0
234.893049856	1.2883816E-4	0.0
234.895015936	1.5511898E-4	0.0
234.8969984	1.0108993E-4	0.0
234.89896448	4.976789E-5	0.0
234.900946944	1.0984535E-4	0.0
234.902913024	4.0232193E-5	0.0
234.904879104	6.9760994E-5	0.0
234.906861568	6.847344E-5	0.0
234.908827648	-2.0632706E-5	0.0
234.910810112	-1.2373913E-5	0.0
234.912776192	2.6703277E-5	0.0
234.914742272	3.0860178E-5	0.0
234.916724736	6.7549976E-5	0.0
234.918690816	8.293432E-5	0.0
234.92067328	1.3544735E-4	0.0
234.92263936	7.70263E-5	0.0
234.92460544	-1.7699214E-5	0.0
234.926587904	-6.145863E-5	0.0
234.928553984	-1.46540815E-5	0.0
234.930536448	5.981785E-5	0.0
234.932502528	1.1543841E-4	0.0
234.934468608	8.40015E-5	0.0
234.936451072	4.273425E-5	0.0
234.938417152	1.1386745E-5	0.0
234.940399616	-6.944647E-5	0.0
234.942365696	-7.132326E-5	0.0
234.944331776	7.058574E-5	0.0
234.94631424	1.3233731E-4	0.0
234.94828032	6.4409964E-5	0.0
234.950262784	3.565061E-5	0.0
234.952228864	4.363409E-6	0.0
234.954194944	7.251672E-5	0.0
234.956177408	2.1259464E-5	0.0
234.958143488	7.52076E-5	0.0
234.960125952	1.2711684E-4	0.0
234.962092032	3.0204119E-5	0.0
234.964058112	4.025373E-5	0.0
234.966040576	4.9741986E-5	0.0
234.968006656	5.2223437E-5	0.0
234.96998912	8.4782994E-5	0.0
234.9719552	2.118199E-5	0.0
234.97392128	-2.7954939E-5	0.0
234.975903744	1.5240558E-5	0.0
234.977869824	3.624881E-5	0.0
234.979852288	6.015452E-5	0.0
234.981818368	5.6249602E-5	0.0
234.983784448	1.1312065E-5	0.0
234.985766912	4.9746992E-5	0.0
234.987732992	7.1693676E-6	0.0
234.989715456	-1.0710962E-4	0.0
234.991681536	-1.21616424E-4	0.0
234.993647616	-8.6827335E-5	0.0
234.99563008	-4.1305273E-5	0.0
234.99759616	-3.6464142E-5	0.0
234.999578624	9.314295E-5	0.0
235.001544704	7.793562E-5	0.0
235.003510784	-3.5926594E-5	0.0
235.005493248	-2.2820092E-5	0.0
235.007459328	1.5284434E-4	0.0
235.009441792	1.5578854E-4	0.0
235.011407872	-1.4437853E-4	0.0
235.013373952	-4.6540004E-5	0.0
235.015356416	7.011916E-6	0.0
235.017322496	1.06930136E-4	0.0
235.01930496	8.406838E-5	0.0
235.02127104	1.0788602E-4	0.0
235.02323712	-2.4336867E-5	0.0
235.025219584	1.7344242E-5	0.0
235.027185664	-4.2448588E-5	0.0
235.029168128	-6.588451E-5	0.0
235.031134208	-3.7992384E-5	0.0
235.033100288	-4.5690813E-5	0.0
235.035082752	6.870901E-5	0.0
235.037048832	4.8225444E-5	0.0
235.039031296	4.5135374E-5	0.0
235.040997376	6.749561E-5	0.0
235.042963456	-7.0002397E-6	0.0
235.04494592	6.108328E-5	0.0
235.046912	8.4432526E-5	0.0
235.048894464	-3.2281863E-5	0.0
235.050860544	8.5071355E-5	0.0
235.052826624	1.6712029E-4	0.0
235.054809088	4.6075835E-5	0.0
235.056775168	5.5803906E-5	0.0
235.058757632	1.5480491E-5	0.0
235.060723712	1.2647407E-5	0.0
235.062689792	-9.6183925E-5	0.0
235.064672256	-4.0817726E-5	0.0
235.066638336	3.5881927E-5	0.0
235.0686208	1.8533725E-4	0.0
235.07058688	4.528974E-5	0.0
235.07255296	-6.4393345E-5	0.0
235.074535424	-7.369551E-5	0.0
235.076501504	5.4999884E-5	0.0
235.078483968	7.2826966E-5	0.0
235.080450048	9.707163E-6	0.0
235.082416128	-2.634829E-5	0.0
235.084398592	7.1348375E-5	0.0
235.086364672	1.305334E-4	0.0
235.088347136	1.1253396E-4	0.0
235.090313216	8.536292E-5	0.0
235.092279296	9.1276524E-5	0.0
235.09426176	8.4456566E-5	0.0
235.09622784	4.4413133E-5	0.0
235.098210304	4.6797086E-5	0.0
235.100176384	5.5995526E-5	0.0
235.102142464	5.9566915E-5	0.0
235.104124928	1.7439703E-5	0.0
235.106091008	-8.2069906E-5	0.0
235.108073472	-1.0293338E-5	0.0
235.110039552	1.2837622E-4	0.0
235.112005632	7.9415375E-5	0.0
235.113988096	1.01420956E-4	0.0
235.115954176	9.9730314E-5	0.0
235.11793664	8.143099E-5	0.0
235.11990272	1.270226E-4	0.0
235.1218688	1.4449032E-4	0.0
235.123851264	2.1430013E-5	0.0
235.125817344	2.8764993E-5	0.0
235.127799808	1.321468E-4	0.0
235.129765888	1.4793854E-4	0.0
235.131731968	1.8464493E-4	0.0
235.133714432	1.5251971E-4	0.0
235.135680512	1.0239826E-4	0.0
235.137662976	1.3592535E-4	0.0
235.139629056	1.4800909E-4	0.0
235.141595136	2.7773925E-4	0.0
235.1435776	4.3760415E-4	0.0
235.14554368	4.6146952E-4	0.0
235.147526144	3.6328146E-4	0.0
235.149492224	3.1903666E-4	0.0
235.151474688	3.0562584E-4	0.0
235.153440768	2.6178395E-4	0.0
235.155406848	1.7135216E-4	0.0
235.157389312	1.2792785E-4	0.0
235.159355392	1.6342282E-4	0.0
235.161337856	1.8527462E-4	0.0
235.163303936	2.3670621E-4	0.0
235.165270016	1.9038712E-4	0.0
235.16725248	2.0178162E-4	0.0
235.16921856	1.7929495E-4	0.0
235.171201024	6.776319E-5	0.0
235.173167104	5.180761E-6	0.0
235.175133184	4.4268554E-6	0.0
235.177115648	4.1678537E-5	0.0
235.179081728	1.2030864E-4	0.0
235.181064192	8.993769E-5	0.0
235.183030272	1.1064799E-5	0.0
235.184996352	-5.198178E-5	0.0
235.186978816	-7.3241654E-6	0.0
235.188944896	-3.4004635E-5	0.0
235.19092736	-5.4280226E-5	0.0
235.19289344	-1.6507529E-5	0.0
235.19485952	1.5859947E-5	0.0
235.196841984	1.08795575E-4	0.0
235.198808064	9.22061E-5	0.0
235.200790528	1.5863381E-5	0.0
235.202756608	2.032983E-5	0.0
235.204722688	5.241884E-5	0.0
235.206705152	4.6488236E-5	0.0
235.208671232	4.9244136E-5	0.0
235.210653696	6.3060315E-6	0.0
235.212619776	-4.8331694E-5	0.0
235.214585856	5.3724554E-5	0.0
235.21656832	8.612858E-5	0.0
235.2185344	4.339345E-5	0.0
235.220516864	6.154737E-5	0.0
235.222482944	1.13832284E-4	0.0
235.224449024	3.400083E-5	0.0
235.226431488	-6.5200848E-6	0.0
235.228397568	-4.775119E-5	0.0
235.230380032	-1.0955334E-5	0.0
235.232346112	9.006569E-5	0.0
235.234312192	9.276897E-5	0.0
235.236294656	5.5512868E-5	0.0
235.238260736	9.997397E-5	0.0
235.2402432	8.295382E-5	0.0
235.24220928	-8.574345E-5	0.0
235.24417536	-1.3880618E-5	0.0
235.246157824	6.0195916E-6	0.0
235.248123904	8.981435E-5	0.0
235.250106368	7.758562E-5	0.0
235.252072448	6.0130307E-5	0.0
235.254038528	1.7808743E-4	0.0
235.256020992	1.1184956E-4	0.0
235.257987072	-5.0046376E-5	0.0
235.259969536	1.2655566E-4	0.0
235.261935616	1.1351313E-4	0.0
235.263901696	7.3532676E-5	0.0
235.26588416	1.17609205E-4	0.0
235.26785024	4.4580887E-5	0.0
235.269832704	1.0230833E-4	0.0
235.271798784	1.459579E-4	0.0
235.273764864	2.2122018E-4	0.0
235.275747328	4.7133875E-5	0.0
235.277713408	6.780533E-5	0.0
235.279695872	2.888951E-6	0.0
235.281661952	7.9951584E-5	0.0
235.283628032	7.105821E-5	0.0
235.285610496	5.4118387E-5	0.0
235.287576576	8.166411E-5	0.0
235.28955904	7.179029E-5	0.0
235.29152512	5.957745E-5	0.0
235.2934912	4.9492915E-5	0.0
235.295473664	4.880618E-5	0.0
235.297439744	-1.2656802E-5	0.0
235.299422208	-1.1676441E-4	0.0
235.301388288	-1.7882384E-4	0.0
235.303354368	-7.2880604E-5	0.0
235.305336832	3.7356385E-5	0.0
235.307302912	3.387347E-5	0.0
235.309285376	6.372847E-5	0.0
235.311251456	5.833851E-6	0.0
235.313217536	1.0461493E-4	0.0
235.3152	1.2580525E-4	0.0
235.31716608	1.783598E-5	0.0
235.319148544	1.0537263E-5	0.0
235.321114624	-4.0427385E-5	0.0
235.323080704	1.6774913E-5	0.0
235.325063168	-5.070261E-5	0.0
235.327029248	-5.579578E-5	0.0
235.329011712	-7.281623E-5	0.0
235.330977792	-3.1870393E-5	0.0
235.332943872	5.9505914E-5	0.0
235.334926336	1.107038E-4	0.0
235.336892416	1.07908374E-4	0.0
235.33887488	3.9181486E-5	0.0
235.34084096	3.223737E-5	0.0
235.34280704	4.344875E-5	0.0
235.344789504	5.1624014E-5	0.0
235.346755584	-3.5926187E-5	0.0
235.348738048	-5.3601874E-5	0.0
235.350704128	4.0417535E-6	0.0
235.352670208	8.9938505E-5	0.0
235.354652672	9.742087E-5	0.0
235.356618752	6.692401E-5	0.0
235.358601216	1.4270555E-4	0.0
235.360567296	1.1553509E-4	0.0
235.362533376	1.2253865E-5	0.0
235.36451584	-6.261906E-5	0.0
235.36648192	-1.0841714E-4	0.0
235.368464384	-1.5264192E-4	0.0
235.370430464	-9.228221E-5	0.0
235.372396544	1.9138435E-5	0.0
235.374379008	3.66512E-5	0.0
235.376345088	2.7612132E-5	0.0
235.378327552	7.153074E-5	0.0
235.380293632	1.062072E-4	0.0
235.382259712	4.5348306E-6	0.0
235.384242176	3.1289994E-6	0.0
235.386208256	2.8318598E-5	0.0
235.38819072	-2.1691678E-5	0.0
235.3901568	-6.603818E-5	0.0
235.39212288	-2.795814E-5	0.0
235.394105344	7.121077E-5	0.0
235.396071424	6.554462E-6	0.0
235.398053888	-7.159567E-5	0.0
235.400019968	-3.6840862E-5	0.0
235.401986048	-9.8403325E-5	0.0
235.403968512	-1.9233091E-6	0.0
235.405934592	1.1159344E-4	0.0
235.407917056	-6.203959E-6	0.0
235.409883136	-8.913812E-5	0.0
235.411849216	-3.5297253E-5	0.0
235.41383168	1.0188417E-4	0.0
235.41579776	8.300702E-5	0.0
235.417780224	-4.6258803E-5	0.0
235.419746304	-1.9976997E-5	0.0
235.421712384	-5.1454244E-5	0.0
235.423694848	-4.5092904E-5	0.0
235.425660928	-2.4846184E-5	0.0
235.427643392	6.408412E-5	0.0
235.429609472	4.0191273E-5	0.0
235.431575552	1.0827253E-5	0.0
235.433558016	1.9300955E-4	0.0
235.435524096	1.2474878E-4	0.0
235.43750656	-1.2378557E-6	0.0
235.43947264	-1.0574069E-4	0.0
235.44143872	-7.0473485E-5	0.0
235.443421184	-4.2072625E-5	0.0
235.445387264	3.251083E-5	0.0
235.447369728	3.355135E-5	0.0
235.449335808	-1.16067604E-4	0.0
235.451301888	-2.4266668E-5	0.0
235.453284352	6.234592E-5	0.0
235.455250432	-6.812265E-5	0.0
235.457232896	-1.8698582E-5	0.0
235.459198976	-9.619516E-5	0.0
235.46118144	-1.6226666E-6	0.0
235.46314752	6.1137716E-6	0.0
235.4651136	-4.4544762E-5	0.0
235.467096064	-4.20962E-5	0.0
235.469062144	-4.6012934E-5	0.0
235.471044608	-3.1433952E-5	0.0
235.473010688	-5.1344465E-5	0.0
235.474976768	7.7906516E-5	0.0
235.476959232	8.165596E-5	0.0
235.478925312	1.19830234E-4	0.0
235.480907776	5.02098E-5	0.0
235.482873856	1.40737275E-5	0.0
235.484839936	1.08651686E-4	0.0
235.4868224	5.5735803E-5	0.0
235.48878848	-6.482059E-5	0.0
235.490770944	1.1214147E-4	0.0
235.492737024	3.2019045E-4	0.0
235.494703104	2.2316077E-4	0.0
235.496685568	2.874107E-4	0.0
235.498651648	1.8245551E-4	0.0
235.500634112	1.1749331E-4	0.0
235.502600192	2.5943457E-4	0.0
235.504566272	2.7284073E-4	0.0
235.506548736	3.7300354E-4	0.0
235.508514816	3.9839442E-4	0.0
235.51049728	2.443263E-4	0.0
235.51246336	3.9834867E-4	0.0
235.51442944	4.2606937E-4	0.0
235.516411904	3.5974733E-4	0.0
235.518377984	3.2844697E-4	0.0
235.520360448	2.7435063E-4	0.0
235.522326528	3.0275004E-4	0.0
235.524292608	3.617925E-4	0.0
235.526275072	3.578572E-4	0.0
235.528241152	4.703328E-4	0.0
235.530223616	4.1586126E-4	0.0
235.532189696	3.803512E-4	0.0
235.534155776	4.3531985E-4	0.0
235.53613824	3.3791375E-4	0.0
235.53810432	2.7264282E-4	0.0
235.540086784	2.5716098E-4	0.0
235.542052864	1.7204437E-4	0.0
235.544018944	1.681444E-4	0.0
235.546001408	3.0023814E-4	0.0
235.547967488	2.1882988E-4	0.0
235.549949952	4.076852E-5	0.0
235.551916032	6.214103E-5	0.0
235.553882112	9.4729636E-5	0.0
235.555864576	2.1893419E-4	0.0
235.557830656	2.628978E-4	0.0
235.55981312	1.4818848E-4	0.0
235.5617792	2.5233068E-4	0.0
235.56374528	3.2433402E-4	0.0
235.565727744	1.9588803E-4	0.0
235.567693824	1.6168172E-4	0.0
235.569676288	1.9455403E-4	0.0
235.571642368	2.0788568E-4	0.0
235.573608448	2.531464E-4	0.0
235.575590912	2.1056387E-4	0.0
235.577556992	5.9938688E-5	0.0
235.579539456	8.340493E-5	0.0
235.581505536	1.2015102E-4	0.0
235.583471616	1.02445934E-4	0.0
235.58545408	1.522725E-4	0.0
235.58742016	7.116432E-5	0.0
235.589402624	-4.369952E-6	0.0
235.591368704	6.245762E-5	0.0
235.593334784	4.7871483E-5	0.0
235.595317248	-7.217878E-6	0.0
235.597283328	-2.8714781E-5	0.0
235.599265792	6.679176E-5	0.0
235.601231872	6.0121227E-5	0.0
235.603197952	-1.2753457E-4	0.0
235.605180416	-1.5033149E-4	0.0
235.607146496	-7.1573784E-5	0.0
235.60912896	4.3429423E-5	0.0
235.61109504	2.153857E-5	0.0
235.61306112	-4.3309246E-5	0.0
235.615043584	2.6879647E-5	0.0
235.617009664	1.7156119E-4	0.0
235.618992128	1.8094001E-4	0.0
235.620958208	4.4039905E-5	0.0
235.622924288	-1.4570321E-5	0.0
235.624906752	-7.204607E-6	0.0
235.626872832	3.936094E-5	0.0
235.628855296	1.1195835E-4	0.0
235.630821376	1.281363E-4	0.0
235.632787456	2.7661433E-4	0.0
235.63476992	2.780225E-4	0.0
235.636736	1.4111456E-4	0.0
235.638718464	1.3037851E-4	0.0
235.640684544	1.15643474E-4	0.0
235.642650624	6.650963E-5	0.0
235.644633088	5.8027614E-5	0.0
235.646599168	3.012584E-6	0.0
235.648581632	-7.1431234E-5	0.0
235.650547712	1.4468026E-5	0.0
235.652513792	-3.5765534E-5	0.0
235.654496256	-3.263623E-5	0.0
235.656462336	1.5636371E-5	0.0
235.6584448	1.4088301E-4	0.0
235.66041088	2.6497397E-5	0.0
235.66237696	-5.935605E-5	0.0
235.664359424	-2.8958439E-5	0.0
235.666325504	3.6270347E-5	0.0
235.668307968	1.2412206E-4	0.0
235.670274048	1.9908084E-4	0.0
235.672240128	4.7217636E-5	0.0
235.674222592	6.210459E-5	0.0
235.676188672	-3.601926E-5	0.0
235.678171136	-1.13117116E-4	0.0
235.680137216	-5.864586E-5	0.0
235.682103296	2.5443722E-5	0.0
235.68408576	4.8091508E-5	0.0
235.68605184	-9.8690625E-6	0.0
235.688034304	7.2448047E-6	0.0
235.690000384	9.32628E-5	0.0
235.691966464	-4.0882453E-5	0.0
235.693948928	9.237374E-5	0.0
235.695915008	6.824183E-5	0.0
235.697897472	5.087983E-5	0.0
235.699863552	-8.090034E-5	0.0
235.701829632	1.16618336E-4	0.0
235.703812096	-3.3709115E-5	0.0
235.705778176	1.190427E-5	0.0
235.70776064	5.0672843E-5	0.0
235.70972672	-1.4459028E-5	0.0
235.7116928	-5.982113E-5	0.0
235.713675264	2.891674E-5	0.0
235.715641344	-6.806874E-6	0.0
235.717623808	1.4608236E-4	0.0
235.719589888	1.9597994E-4	0.0
235.721555968	9.7098804E-5	0.0
235.723538432	9.703565E-5	0.0
235.725504512	-1.1322771E-4	0.0
235.727486976	-1.1963812E-4	0.0
235.729453056	-5.6012137E-5	0.0
235.731419136	-1.8628019E-4	0.0
235.7334016	-1.7631032E-4	0.0
235.73536768	-3.0396808E-5	0.0
235.737350144	-1.1289488E-4	0.0
235.739316224	-7.12271E-5	0.0
235.741282304	5.3358137E-5	0.0
235.743264768	1.4531822E-5	0.0
235.745230848	-3.2688677E-5	0.0
235.747213312	-2.523047E-5	0.0
235.749179392	4.4354983E-5	0.0
235.751145472	9.215383E-5	0.0
235.753127936	1.1415615E-4	0.0
235.755094016	-2.8653838E-5	0.0
235.75707648	-8.0830316E-5	0.0
235.75904256	-2.3469747E-5	0.0
235.76100864	8.657352E-5	0.0
235.762991104	2.302242E-4	0.0
235.764957184	1.1698656E-4	0.0
235.766939648	-1.4624745E-5	0.0
235.768905728	2.4728583E-5	0.0
235.770888192	-1.0335015E-5	0.0
235.772854272	-3.8131617E-5	0.0
235.774820352	-2.1200696E-5	0.0
235.776802816	4.4795208E-5	0.0
235.778768896	-1.5122304E-5	0.0
235.78075136	-8.856792E-5	0.0
235.78271744	-1.4586876E-4	0.0
235.78468352	-1.4801162E-4	0.0
235.786665984	1.1632556E-5	0.0
235.788632064	6.501864E-5	0.0
235.790614528	-1.058911E-4	0.0
235.792580608	-1.5144325E-4	0.0
235.794546688	-9.058429E-5	0.0
235.796529152	-1.9291427E-5	0.0
235.798495232	1.1846241E-4	0.0
235.800477696	1.8841068E-4	0.0
235.802443776	9.759025E-5	0.0
235.804409856	7.297452E-5	0.0
235.80639232	6.086454E-5	0.0
235.8083584	1.0755716E-5	0.0
235.810340864	8.019355E-5	0.0
235.812306944	9.158031E-5	0.0
235.814273024	3.4710265E-5	0.0
235.816255488	1.1743442E-5	0.0
235.818221568	9.113985E-5	0.0
235.820204032	5.592952E-5	0.0
235.822170112	-5.9934402E-5	0.0
235.824136192	4.5479905E-5	0.0
235.826118656	7.119849E-5	0.0
235.828084736	-7.329679E-5	0.0
235.8300672	-1.1871605E-4	0.0
235.83203328	-4.668337E-5	0.0
235.83399936	2.936459E-5	0.0
235.835981824	2.1883636E-6	0.0
235.837947904	3.3667533E-5	0.0
235.839930368	1.5488233E-5	0.0
235.841896448	-1.0197128E-4	0.0
235.843862528	-3.0701816E-5	0.0
235.845844992	-4.5959616E-5	0.0
235.847811072	3.8848655E-5	0.0
235.849793536	9.890691E-5	0.0
235.851759616	1.419176E-4	0.0
235.853725696	2.0268308E-4	0.0
235.85570816	1.6097374E-4	0.0
235.85767424	9.2306625E-5	0.0
235.859656704	-4.1268486E-5	0.0
235.861622784	-5.47201E-5	0.0
235.863588864	2.5922945E-5	0.0
235.865571328	1.7584172E-4	0.0
235.867537408	1.713503E-4	0.0
235.869519872	4.9989203E-6	0.0
235.871485952	-1.6821561E-4	0.0
235.873452032	1.1818104E-4	0.0
235.875434496	3.260785E-4	0.0
235.877400576	2.452106E-4	0.0
235.87938304	3.722366E-4	0.0
235.88134912	1.3503466E-4	0.0
235.8833152	-1.7838711E-4	0.0
235.885297664	-2.0605659E-4	0.0
235.887263744	5.0925697E-5	0.0
235.889246208	-4.8218073E-5	0.0
235.891212288	-1.8170755E-5	0.0
235.893178368	2.3244273E-4	0.0
235.895160832	1.1127697E-4	0.0
235.897126912	9.4524454E-5	0.0
235.899109376	-6.925991E-5	0.0
235.901075456	1.581587E-4	0.0
235.903041536	1.6677337E-4	0.0
235.905024	-9.659941E-5	0.0
235.90699008	5.35756E-5	0.0
235.908972544	2.818358E-4	0.0
235.910938624	2.5555387E-4	0.0
235.912904704	1.5370828E-5	0.0
235.914887168	2.1476256E-4	0.0
235.916853248	2.6368757E-4	0.0
235.918835712	2.0751495E-4	0.0
235.920801792	7.762514E-5	0.0
235.922767872	1.864147E-6	0.0
235.924750336	7.522966E-5	0.0
235.926716416	1.5673669E-4	0.0
235.92869888	1.7632054E-4	0.0
235.93066496	1.1725722E-4	0.0
235.93263104	4.8468984E-5	0.0
235.934613504	1.4224205E-4	0.0
235.936579584	2.9507733E-4	0.0
235.938562048	3.4999067E-4	0.0
235.940528128	2.3261724E-4	0.0
235.942494208	1.4400021E-4	0.0
235.944476672	-5.097374E-5	0.0
235.946442752	1.2189806E-4	0.0
235.948425216	3.49286E-4	0.0
235.950391296	2.769864E-4	0.0
235.952357376	1.2233992E-4	0.0
235.95433984	5.4418448E-5	0.0
235.95630592	1.9711051E-4	0.0
235.958288384	1.5911889E-4	0.0
235.960254464	-1.9280309E-5	0.0
235.962220544	1.2057483E-4	0.0
235.964203008	2.2375908E-4	0.0
235.966169088	1.5038897E-4	0.0
235.968151552	1.2530175E-4	0.0
235.970117632	2.2336094E-4	0.0
235.972083712	4.0649972E-4	0.0
235.974066176	2.0685831E-4	0.0
235.976032256	1.0233361E-5	0.0
235.97801472	9.1320646E-5	0.0
235.9799808	1.4995305E-4	0.0
235.98194688	-2.752327E-5	0.0
235.983929344	-9.720588E-5	0.0
235.985895424	-1.2888027E-4	0.0
235.987877888	1.13814485E-5	0.0
235.989843968	1.0843597E-4	0.0
235.991810048	1.4276318E-4	0.0
235.993792512	2.5676587E-4	0.0
235.995758592	2.0336806E-4	0.0
235.997741056	1.932759E-4	0.0
235.999707136	1.6373453E-4	0.0
236.001673216	6.008543E-5	0.0
236.00365568	1.7978721E-4	0.0
236.00562176	2.1305778E-4	0.0
236.007604224	6.988649E-5	0.0
236.009570304	1.5452202E-5	0.0
236.011536384	1.4053319E-4	0.0
236.013518848	1.597824E-4	0.0
236.015484928	4.9200014E-5	0.0
236.017467392	1.7484014E-4	0.0
236.019433472	1.9380356E-4	0.0
236.021399552	-3.7308328E-5	0.0
236.023382016	-6.1233775E-5	0.0
236.025348096	8.611211E-5	0.0
236.02733056	1.8552579E-4	0.0
236.02929664	1.3423116E-4	0.0
236.03126272	3.4902874E-5	0.0
236.033245184	-1.813711E-5	0.0
236.035211264	6.328522E-5	0.0
236.037193728	6.616696E-5	0.0
236.039159808	-2.4252338E-6	0.0
236.041125888	1.5529773E-4	0.0
236.043108352	2.7254166E-4	0.0
236.045074432	1.8267542E-4	0.0
236.047056896	1.0693497E-4	0.0
236.049022976	1.990533E-4	0.0
236.050989056	2.3055017E-4	0.0
236.05297152	1.3923993E-4	0.0
236.0549376	4.126765E-5	0.0
236.056920064	1.580474E-4	0.0
236.058886144	2.848343E-4	0.0
236.060852224	2.531784E-4	0.0
236.062834688	2.6427372E-4	0.0
236.064800768	3.101112E-4	0.0
236.066783232	1.7162516E-4	0.0
236.068749312	1.8488323E-4	0.0
236.070715392	1.9851413E-4	0.0
236.072697856	3.188801E-5	0.0
236.074663936	-1.1220062E-5	0.0
236.0766464	5.5993605E-5	0.0
236.07861248	3.122834E-5	0.0
236.080594944	5.6653796E-5	0.0
236.082561024	2.2178206E-4	0.0
236.084527104	2.3859528E-4	0.0
236.086509568	9.5753625E-5	0.0
236.088475648	7.956759E-5	0.0
236.090458112	1.2672505E-4	0.0
236.092424192	1.7754167E-4	0.0
236.094390272	1.5906604E-4	0.0
236.096372736	1.04231454E-4	0.0
236.098338816	1.6547459E-4	0.0
236.10032128	1.5267589E-4	0.0
236.10228736	4.5785728E-5	0.0
236.10425344	2.497352E-5	0.0
236.106235904	1.2892728E-4	0.0
236.108201984	1.8860491E-4	0.0
236.110184448	1.8782254E-4	0.0
236.112150528	7.490603E-5	0.0
236.114116608	1.102173E-4	0.0
236.116099072	1.3727041E-4	0.0
236.118065152	-7.12817E-5	0.0
236.120047616	-5.2126825E-6	0.0
236.122013696	-5.7996436E-5	0.0
236.123979776	5.66414E-5	0.0
236.12596224	1.0389321E-4	0.0
236.12792832	1.2451717E-4	0.0
236.129910784	1.5081644E-4	0.0
236.131876864	1.7621012E-4	0.0
236.133842944	-3.770734E-5	0.0
236.135825408	1.523207E-4	7.277981239894871E-8
236.137791488	1.1205643E-4	1.4661928560144588E-7
236.139773952	1.8234369E-4	2.8610693902919593E-7
236.141740032	2.142253E-4	5.407812295743497E-7
236.143706112	2.7118658E-4	9.900785471472773E-7
236.145688576	1.7597612E-4	1.7557879345986294E-6
236.147654656	1.2852215E-4	3.015921265614452E-6
236.14963712	1.589321E-4	5.017778221372282E-6
236.1516032	1.2475542E-4	8.086118214123417E-6
236.15356928	4.6298595E-5	1.2621100722753908E-5
236.155551744	2.4670375E-5	1.9079807316302322E-5
236.157517824	1.3971892E-4	2.7935915568377823E-5
236.159500288	5.0869003E-5	3.961422044085339E-5
236.161466368	-1.1909667E-4	5.4404474212788045E-5
236.163432448	-2.4872668E-5	7.236227975226939E-5
236.165414912	1.2686826E-6	9.321574179921299E-5
236.167380992	4.662351E-5	1.162997359642759E-4
236.169363456	1.1557485E-4	1.4054104394745082E-4
236.171329536	1.5632574E-4	1.645089068915695E-4
236.173295616	1.8553044E-4	1.8654028826858848E-4
236.17527808	1.7937201E-4	2.0492164185270667E-4
236.17724416	2.6980776E-4	2.1810567704960704E-4
236.179226624	2.9783568E-4	2.2492323478218168E-4
236.181192704	2.6449515E-4	2.2475153673440218E-4
236.183158784	2.3167346E-4	2.1760644449386746E-4
236.185141248	2.2815271E-4	2.0413986931089312E-4
236.187107328	2.46607E-4	1.855438604252413E-4
236.189089792	1.5161808E-4	1.6337881970684975E-4
236.191055872	1.48968E-4	1.3936046161688864E-4
236.193021952	1.7216335E-4	1.1514506331877783E-4
236.195004416	1.625415E-4	9.214753663400188E-5
236.196970496	4.7692074E-4	7.14221823727712E-5
236.19895296	3.0139927E-4	5.361447620089166E-5
236.20091904	4.192331E-4	3.897848728229292E-5
236.20288512	5.556713E-4	2.7444959414424375E-5
236.204867584	5.9599464E-4	1.8715560145210475E-5
236.206833664	5.6066434E-4	1.2360998880467378E-5
236.208816128	5.345992E-4	7.907208782853559E-6
236.210782208	4.4649176E-4	4.899178293271689E-6
236.212748288	5.506171E-4	2.9400903258647304E-6
236.214730752	4.2179145E-4	1.7089927268898464E-6
236.216696832	5.0355983E-4	9.62209924182389E-7
236.218679296	3.91847E-4	5.247490548754286E-7
236.220645376	4.185019E-4	2.7719551098925876E-7
236.222611456	5.276352E-4	1.4183342500473373E-7
236.22459392	3.1502824E-4	7.02955702536201E-8
236.22656	2.1394341E-4	0.0
236.228542464	2.9014994E-4	0.0
236.230508544	2.1101056E-4	0.0
236.232474624	1.4033615E-4	0.0
236.234457088	1.7013027E-4	0.0
236.236423168	2.0716844E-4	0.0
236.238405632	2.710824E-4	0.0
236.240371712	-3.52639E-5	0.0
236.242337792	-8.102054E-5	0.0
236.244320256	-1.992595E-4	0.0
236.246286336	-6.830816E-5	0.0
236.2482688	-7.170283E-5	0.0
236.25023488	-1.2438885E-4	0.0
236.25220096	1.1758918E-4	0.0
236.254183424	2.2640474E-4	0.0
236.256149504	9.054555E-5	0.0
236.258131968	-5.296613E-5	0.0
236.260098048	-1.9609997E-5	0.0
236.262064128	6.52396E-5	0.0
236.264046592	-8.992654E-5	0.0
236.266012672	1.0974111E-5	0.0
236.267995136	-1.7387107E-4	0.0
236.269961216	-7.96987E-5	0.0
236.271927296	8.897924E-5	0.0
236.27390976	8.751049E-5	0.0
236.27587584	6.643256E-5	0.0
236.277858304	5.7068235E-5	0.0
236.279824384	1.09204484E-4	0.0
236.281790464	1.3358261E-4	0.0
236.283772928	1.020918E-4	0.0
236.285739008	2.6544102E-4	0.0
236.287721472	1.5527003E-4	0.0
236.289687552	-4.577603E-5	0.0
236.291653632	-4.0363066E-5	0.0
236.293636096	9.522551E-5	0.0
236.295602176	1.8006282E-4	0.0
236.29758464	1.824888E-4	0.0
236.29955072	2.1139898E-4	0.0
236.3015168	1.1532415E-4	0.0
236.303499264	4.8900827E-5	0.0
236.305465344	1.3636761E-4	0.0
236.307447808	1.4859192E-4	0.0
236.309413888	8.908396E-5	0.0
236.311379968	1.295519E-4	0.0
236.313362432	1.6463628E-4	0.0
236.315328512	1.1638207E-4	0.0
236.317310976	5.2281703E-5	0.0
236.319277056	2.5380858E-5	0.0
236.321243136	2.6888552E-5	0.0
236.3232256	2.3840334E-5	0.0
236.32519168	8.3698644E-5	0.0
236.327174144	2.5807985E-5	0.0
236.329140224	-8.8341956E-5	0.0
236.331106304	-3.1977659E-6	0.0
236.333088768	-8.194447E-5	0.0
236.335054848	-2.1353761E-4	0.0
236.337037312	-4.0961848E-5	0.0
236.339003392	6.589286E-5	0.0
236.340969472	-5.9407623E-5	0.0
236.342951936	2.1908945E-5	0.0
236.344918016	9.790993E-5	0.0
236.34690048	4.6699995E-5	0.0
236.34886656	9.811057E-5	0.0
236.35083264	5.399324E-5	0.0
236.352815104	4.17421E-5	0.0
236.354781184	5.8443682E-5	0.0
236.356763648	-8.2646744E-5	0.0
236.358729728	-8.0472455E-5	0.0
236.360695808	-2.7567334E-5	0.0
236.362678272	3.8774033E-5	0.0
236.364644352	5.1142986E-5	0.0
236.366626816	-4.1721167E-5	0.0
236.368592896	3.0438416E-6	0.0
236.370558976	-3.24385E-5	0.0
236.37254144	-6.4187756E-5	0.0
236.37450752	-2.664742E-5	0.0
236.376489984	1.3895896E-4	0.0
236.378456064	2.1467316E-4	0.0
236.380422144	1.3695394E-4	0.0
236.382404608	-4.602481E-5	0.0
236.384370688	-1.5965955E-4	0.0
236.386353152	-4.687528E-5	0.0
236.388319232	1.0925664E-4	0.0
236.390301696	4.4923207E-5	0.0
236.392267776	6.849271E-5	0.0
236.394233856	2.0843277E-4	0.0
236.39621632	1.9891663E-4	0.0
236.3981824	1.4200596E-4	0.0
236.400164864	2.0147469E-4	0.0
236.402130944	1.7167394E-4	0.0
236.404097024	5.5800705E-5	0.0
236.406079488	1.7575877E-4	0.0
236.408045568	1.4400964E-4	0.0
236.410028032	1.732339E-4	0.0
236.411994112	1.5456181E-4	0.0
236.413960192	1.8711323E-4	0.0
236.415942656	1.3426067E-4	0.0
236.417908736	1.9531847E-4	0.0
236.4198912	9.562656E-5	0.0
236.42185728	1.6515444E-4	0.0
236.42382336	3.0346273E-4	0.0
236.425805824	2.01353E-5	0.0
236.427771904	-5.9611166E-6	0.0
236.429754368	1.667615E-4	0.0
236.431720448	1.4953267E-4	0.0
236.433686528	1.9046843E-4	0.0
236.435668992	2.7257146E-4	0.0
236.437635072	2.06376E-4	0.0
236.439617536	1.2769316E-4	0.0
236.441583616	-1.2853078E-5	0.0
236.443549696	-1.9325886E-5	0.0
236.44553216	9.515777E-6	0.0
236.44749824	5.725188E-5	0.0
236.449480704	1.282417E-4	0.0
236.451446784	4.2908116E-5	0.0
236.453412864	-1.356845E-5	0.0
236.455395328	9.3816765E-5	0.0
236.457361408	1.2721242E-4	0.0
236.459343872	7.606506E-5	0.0
236.461309952	-6.75975E-5	0.0
236.463276032	-6.178988E-6	0.0
236.465258496	4.9088256E-5	9.385639714309946E-7
236.467224576	9.889457E-5	1.8655816802493064E-6
236.46920704	8.4671294E-5	3.5920711525250226E-6
236.47117312	1.4125257E-4	6.6995417000725865E-6
236.4731392	1.287165E-4	1.2103159860998858E-5
236.475121664	2.824125E-4	2.1177389498916455E-5
236.477087744	1.9872728E-4	3.5886361729353666E-5
236.479070208	1.4086538E-4	5.888649320695549E-5
236.481036288	9.581742E-5	9.366966696688905E-5
236.483002368	2.551392E-4	1.4410850417334586E-4
236.484984832	3.079006E-4	2.1459200070239604E-4
236.486950912	2.5767763E-4	3.092411789111793E-4
236.488933376	3.2639178E-4	4.3120639747940004E-4
236.490899456	4.7818467E-4	5.817816127091646E-4
236.492865536	6.1128836E-4	7.595665520057082E-4
236.494848	7.1857835E-4	9.598871693015099E-4
236.49681408	7.222835E-4	0.0011747225653380156
236.498796544	7.5740134E-4	0.0013931985013186932
236.500762624	8.278206E-4	0.0016026454977691174
236.502728704	0.001043447	0.001789990346878767
236.504711168	0.0011889245	0.00194324622862041
236.506677248	0.0012478167	0.002052792813628912
236.508659712	0.0011936742	0.002112301532179117
236.510625792	0.0012035393	0.002119237557053566
236.512591872	0.0010522021	0.002074935007840395
236.514574336	9.2014635E-4	0.0019842928741127253
236.516540416	9.6389477E-4	0.0018551276298239827
236.51852288	0.0010589935	0.0016972400480881333
236.52048896	9.858069E-4	0.0015212916769087315
236.52245504	8.539249E-4	0.0013376547722145915
236.524437504	7.966532E-4	0.0011554050724953413
236.526403584	7.5680483E-4	9.816531091928482E-4
236.528386048	7.057487E-4	8.212852408178151E-4
236.530352128	5.896477E-4	6.770881591364741E-4
236.532318208	4.5391498E-4	5.501519190147519E-4
236.534300672	3.3535983E-4	4.40371164586395E-4
236.536266752	2.7398567E-4	3.469187067821622E-4
236.538249216	2.1902255E-4	2.6859159697778523E-4
236.540215296	2.1371989E-4	2.0402262452989817E-4
236.542181376	2.549059E-4	1.5177694149315357E-4
236.54416384	1.89492E-4	1.1038450611522421E-4
236.54612992	4.7613972E-5	7.835739233996719E-5
236.548112384	4.0886156E-5	5.421232708613388E-5
236.550078464	2.404441E-5	3.6511737562250346E-5
236.552044544	4.6784513E-5	2.3913518816698343E-5
236.554027008	1.803708E-4	1.52185702972929E-5
236.555993088	1.5762325E-4	9.147078344540205E-6
236.557975552	8.891143E-5	5.5217060435097665E-6
236.559941632	4.3781754E-5	3.2287628073390806E-6
236.561907712	-5.026966E-5	1.8288566252522287E-6
236.563890176	-1.8123422E-4	1.0034837032435462E-6
236.565856256	-2.3991346E-5	5.333744184099487E-7
236.56783872	5.173362E-5	2.7463170226837974E-7
236.5698048	5.84665E-5	1.369820523677845E-7
236.57177088	8.050939E-5	0.0
236.573753344	6.800475E-5	0.0
236.575719424	-6.9968055E-6	0.0
236.577701888	5.0403458E-5	0.0
236.579667968	5.953525E-5	0.0
236.581634048	1.5143554E-4	0.0
236.583616512	1.2690951E-4	0.0
236.585582592	3.2740227E-5	0.0
236.587565056	2.367741E-5	0.0
236.589531136	5.1558472E-5	0.0
236.591497216	-2.2994365E-5	0.0
236.59347968	-8.774789E-5	0.0
236.59544576	-3.239007E-5	0.0
236.597428224	8.4958025E-5	0.0
236.599394304	1.684288E-4	0.0
236.601360384	1.6245355E-4	0.0
236.603342848	3.183213E-5	0.0
236.605308928	-3.2337382E-6	0.0
236.607291392	2.0729774E-5	0.0
236.609257472	-8.831186E-5	0.0
236.611223552	-5.5537745E-5	0.0
236.613206016	1.0816629E-4	1.3169993451356277E-7
236.615172096	2.340389E-4	2.644109429184027E-7
236.61715456	2.451389E-4	5.142588861417607E-7
236.61912064	1.6493523E-4	9.68941208157048E-7
236.62108672	-6.405532E-6	1.7685611055640038E-6
236.623069184	-6.79411E-5	3.1271270017896313E-6
236.625035264	-7.438719E-5	5.356332621886395E-6
236.627017728	-8.82664E-5	8.887398507795297E-6
236.628983808	-5.1603256E-5	1.4284373719419818E-5
236.630949888	5.814141E-5	2.2238744350033812E-5
236.632932352	3.7346257E-5	3.35356016876176E-5
236.634898432	1.6517926E-5	4.898149927612394E-5
236.636880896	5.4414606E-5	6.92901958245784E-5
236.638846976	-1.2045156E-5	9.49333916651085E-5
236.640813056	1.8282012E-4	1.2597076420206577E-4
236.64279552	1.0816123E-4	1.619094400666654E-4
236.6447616	3.0232186E-4	2.0155668607912958E-4
236.646744064	3.8926105E-4	2.4305855913553387E-4
236.648710144	3.388489E-4	2.83971952740103E-4
236.650676224	3.0575937E-4	3.2148786704055965E-4
236.652658688	2.1955957E-4	3.5274907713755965E-4
236.654624768	5.0062046E-4	3.75213596271351E-4
236.656607232	3.7733442E-4	3.8700579898431897E-4
236.658573312	2.4965475E-4	3.8719159783795476E-4
236.660539392	3.548438E-4	3.759251849260181E-4
236.662521856	3.2038474E-4	3.5444163950160146E-4
236.664487936	2.8148142E-4	3.2489196746610105E-4
236.6664704	4.4128473E-4	2.900482213590294E-4
236.66843648	3.1200878E-4	2.529309713281691E-4
236.67040256	2.628588E-4	2.1642119099851698E-4
236.672385024	1.4473456E-4	1.8292116874363273E-4
236.674351104	1.4151468E-4	1.541200908832252E-4
236.676333568	3.825325E-5	1.3088669220451266E-4
236.678299648	1.858779E-5	1.1329683184158057E-4
236.680265728	6.870447E-5	1.00767778349109E-4
236.682248192	8.58986E-5	9.226304246112704E-5
236.684214272	9.392858E-5	8.652494580019265E-5
236.686196736	2.3609773E-5	8.229140075854957E-5
236.688162816	5.6037494E-5	7.847094821045175E-5
236.690128896	2.2548517E-4	7.425674266414717E-5
236.69211136	1.5974171E-4	6.917597784195095E-5
236.69407744	-3.963582E-5	6.308048614300787E-5
236.696059904	6.156757E-5	5.609139770967886E-5
236.698025984	1.5362362E-4	4.851592530030757E-5
236.700008448	1.2949265E-4	4.075461038155481E-5
236.701974528	1.15329036E-4	3.321599797345698E-5
236.703940608	1.8834618E-4	2.6190611606580205E-5
236.705923072	1.6945017E-4	2.0079958630958572E-5
236.707889152	1.1584959E-4	1.49134439197951E-5
236.709871616	1.2092861E-4	1.0729802852438297E-5
236.711837696	1.5873204E-4	7.478327006538166E-6
236.713803776	2.316241E-4	5.04915169585729E-6
236.71578624	3.013456E-4	3.3024418826244073E-6
236.71775232	3.4630578E-4	2.0924733235005988E-6
236.719734784	4.0014798E-4	1.2843820513808168E-6
236.721700864	4.022034E-4	7.637319185960223E-7
236.723666944	4.2877125E-4	4.399460635795549E-7
236.725649408	2.9407616E-4	2.455129788359045E-7
236.727615488	2.2802256E-4	1.327290846120377E-7
236.729597952	2.0000884E-4	6.951426456680565E-8
236.731564032	1.4377535E-4	3.5269319909048136E-8
236.733530112	2.9065553E-4	1.7335640478677306E-8
236.735512576	3.376553E-4	0.0
236.737478656	3.407119E-4	0.0
236.73946112	3.777088E-4	0.0
236.7414272	2.772496E-4	0.0
236.74339328	1.4573637E-4	0.0
236.745375744	1.0067962E-4	0.0
236.747341824	3.8194867E-5	4.642181750114105E-8
236.749324288	-3.6926835E-5	9.274965151462311E-8
236.751290368	1.8959912E-5	1.7952629605133552E-7
236.753256448	-6.115949E-6	3.3664736065475154E-7
236.755238912	-7.701853E-5	6.115701580711175E-7
236.757204992	-1.0931039E-4	1.0763335467345314E-6
236.759187456	-7.2042705E-5	1.8351338439970277E-6
236.761153536	-1.3380265E-5	3.0311850878206315E-6
236.763119616	5.5893604E-5	4.85033706354443E-6
236.76510208	3.3915556E-5	7.518759048252832E-6
236.76706816	4.84857E-6	1.1290881047898438E-5
236.769050624	8.70151E-6	1.6425163266831078E-5
236.771016704	1.1939985E-4	2.3146820240071975E-5
236.772982784	6.419E-5	3.159845437039621E-5
236.774965248	-6.254716E-6	4.178655581199564E-5
236.776931328	1.2597533E-4	5.353083906811662E-5
236.778913792	1.4718184E-4	6.643223605351523E-5
236.780879872	3.782816E-5	7.986772834556177E-5
236.782845952	3.2358734E-5	9.302498074248433E-5
236.784828416	7.573962E-5	1.0497383482288569E-4
236.786794496	1.6837286E-4	1.1477203224785626E-4
236.78877696	1.6824143E-4	1.2158526078565046E-4
236.79074304	1.16229974E-4	1.248038897756487E-4
236.79270912	2.289675E-4	1.2413202784955502E-4
236.794691584	2.902298E-4	1.1963186989305541E-4
236.796657664	2.8845458E-4	1.1171423830091953E-4
236.798640128	1.7498537E-4	1.0107759590027854E-4
236.800606208	1.0999285E-4	8.860697562340647E-5
236.802572288	1.5571353E-5	7.525374530814588E-5
236.804554752	1.5152838E-4	6.19180646026507E-5
236.806520832	2.7879304E-4	4.935378456139006E-5
236.808503296	2.935247E-4	3.81089084839914E-5
236.810469376	1.3951729E-4	2.8505519367172383E-5
236.812435456	3.8170652E-5	2.0655021216953173E-5
236.81441792	-2.4371733E-5	1.44983323480119E-5
236.816384	4.3662487E-5	9.858467819867656E-6
236.818366464	-1.9249459E-5	6.493870841950411E-6
236.820332544	-6.372227E-5	4.1438925109105185E-6
236.822298624	-8.3568275E-6	2.5616955099394545E-6
236.824281088	1.2964975E-4	1.5341391872425447E-6
236.826247168	8.176289E-5	8.900703392100695E-7
236.828229632	1.0649317E-4	5.002746092941379E-7
236.830195712	3.2975386E-5	2.7240724875809974E-7
236.832161792	6.357119E-5	1.4370004919328494E-7
236.834144256	1.523051E-4	7.343849262042568E-8
236.836110336	-2.8827413E-5	3.6359597999080506E-8
236.8380928	8.0327256E-5	0.0
236.84005888	1.2077221E-4	0.0
236.84202496	1.8344061E-4	0.0
236.844007424	1.2816377E-4	0.0
236.845973504	1.0305228E-4	0.0
236.847955968	9.2659946E-5	0.0
236.849922048	6.312154E-5	0.0
236.851888128	-1.1752779E-5	1.8937276990982355E-7
236.853870592	-7.013821E-5	3.811892952398921E-7
236.855836672	-2.361352E-5	7.433654900523834E-7
236.857819136	2.744589E-5	1.4044409226698917E-6
236.859785216	3.8331713E-5	2.5705901407491183E-6
236.861751296	-1.00344305E-5	4.558140062727034E-6
236.86373376	5.1927276E-5	7.829996320651844E-6
236.86569984	-1.8028193E-6	1.3029745787207503E-5
236.867682304	1.1146067E-4	2.10037142096553E-5
236.869648384	-7.340715E-5	3.2796036975923926E-5
236.871614464	4.672287E-5	4.960089790984057E-5
236.873596928	2.2878124E-4	7.265588646987453E-5
236.875563008	2.3573577E-4	1.0307283810107037E-4
236.877545472	1.07018146E-4	1.4161039143800735E-4
236.879511552	1.2667487E-4	1.884150260593742E-4
236.881477632	2.7887942E-4	2.4278374621644616E-4
236.883460096	4.1364052E-4	3.029987565241754E-4
236.885426176	4.4300896E-4	3.6629862734116614E-4
236.88740864	4.129504E-4	4.290184879209846E-4
236.88937472	4.42405E-4	4.869147087447345E-4
236.8913408	3.6315492E-4	5.356227047741413E-4
236.893323264	4.6453136E-4	5.711874691769481E-4
236.895289344	5.2096776E-4	5.905796424485743E-4
236.897271808	5.788411E-4	5.921011324971914E-4
236.899237888	5.315131E-4	5.756171303801239E-4
236.901203968	5.1490916E-4	5.425753188319504E-4
236.903186432	4.4550968E-4	4.95807733386755E-4
236.905152512	4.5573304E-4	4.391471447888762E-4
236.907134976	3.3729407E-4	3.7692789919674397E-4
236.909101056	2.2143456E-4	3.1345002935267985E-4
236.911067136	2.5766098E-4	2.5250003091059625E-4
236.9130496	2.7618336E-4	1.970061712199822E-4
236.91501568	3.5549677E-4	1.4886246935930103E-4
236.916998144	1.9713845E-4	1.0893401486100629E-4
236.918964224	1.4852294E-4	7.719954737694934E-5
236.920930304	1.6368662E-4	5.298521864460781E-5
236.922912768	1.5258805E-4	3.522141560097225E-5
236.924878848	6.742035E-5	2.2677453671349213E-5
236.926861312	7.4613126E-5	1.4143085536488798E-5
236.928827392	1.3575055E-4	8.544278898625635E-6
236.930793472	1.044885E-4	5.0004459808405954E-6
236.932775936	7.517151E-5	2.8350109460006934E-6
236.934742016	1.0726675E-4	1.5571293943139608E-6
236.93672448	1.8439563E-4	8.285654757855809E-7
236.93869056	2.8220983E-4	4.2713270431704586E-7
236.94065664	2.2755783E-4	2.133235597057137E-7
236.942639104	2.008993E-4	0.0
236.944605184	2.3516231E-4	0.0
236.946587648	2.2971885E-4	0.0
236.948553728	2.0624195E-4	0.0
236.950519808	2.127122E-4	0.0
236.952502272	2.6779226E-4	0.0
236.954468352	2.858705E-4	0.0
236.956450816	2.87564E-4	0.0
236.958416896	1.4908063E-4	0.0
236.960382976	-5.4459797E-5	0.0
236.96236544	8.192878E-5	0.0
236.96433152	1.8470977E-4	0.0
236.966313984	2.9789215E-5	0.0
236.968280064	-3.8387847E-5	0.0
236.970246144	1.1759285E-4	0.0
236.972228608	1.6979976E-4	0.0
236.974194688	1.4776025E-4	0.0
236.976177152	1.2349022E-4	0.0
236.978143232	6.0998824E-5	0.0
236.980109312	4.5866927E-5	0.0
236.982091776	6.118974E-5	0.0
236.984057856	1.2234806E-4	0.0
236.98604032	7.990484E-5	0.0
236.9880064	5.5003668E-5	0.0
236.98997248	3.1058607E-5	0.0
236.991954944	4.092405E-5	0.0
236.993921024	1.3745611E-5	0.0
236.995903488	2.5422767E-5	0.0
236.997869568	4.233384E-5	0.0
236.999852032	-2.5548226E-5	0.0
237.001818112	-4.443177E-6	0.0
237.003784192	8.684746E-6	0.0
237.005766656	-3.002393E-5	0.0
237.007732736	-2.2489356E-5	0.0
237.0097152	9.43677E-5	0.0
237.01168128	8.731602E-5	0.0
237.01364736	4.1368465E-5	0.0
237.015629824	1.4099192E-4	0.0
237.017595904	6.443546E-5	0.0
237.019578368	4.6814723E-5	0.0
237.021544448	1.4723754E-4	0.0
237.023510528	7.661681E-5	0.0
237.025492992	1.518334E-5	0.0
237.027459072	-3.054873E-5	0.0
237.029441536	-4.9713535E-6	0.0
237.031407616	1.140785E-4	0.0
237.033373696	8.0438316E-5	0.0
237.03535616	8.969159E-5	0.0
237.03732224	1.1185974E-4	1.4910239087839727E-7
237.039304704	1.5365849E-4	3.031423432275915E-7
237.041270784	2.0337843E-4	5.971311338726082E-7
237.043236864	1.7193057E-4	1.1395970886951545E-6
237.045219328	-1.700532E-5	2.542859874665737E-6
237.047185408	5.328014E-5	4.646424258680781E-6
237.049167872	2.1123943E-4	8.240648639912251E-6
237.051133952	2.8283393E-4	1.4186754015099723E-5
237.053100032	3.6834576E-4	2.370938273088541E-5
237.055082496	4.2346632E-4	3.846755134873092E-5
237.057048576	6.7241513E-4	6.059224688215181E-5
237.05903104	6.3533126E-4	9.265886910725385E-5
237.06099712	6.9277757E-4	1.375610299874097E-4
237.0629632	6.612955E-4	1.9825500203296542E-4
237.064945664	7.113662E-4	2.7736808988265693E-4
237.066911744	7.476378E-4	3.766869776882231E-4
237.068894208	9.646212E-4	4.966036649420857E-4
237.070860288	8.93409E-4	6.356002413667738E-4
237.072826368	7.7821873E-4	7.899201009422541E-4
237.074808832	8.153926E-4	9.535210556350648E-4
237.076774912	0.0010803549	0.0011183848837390542
237.078757376	0.0012056269	0.0012751505710184574
237.080723456	0.0010907847	0.001414002850651741
237.082689536	0.0011950771	0.0015256581827998161
237.084672	0.0010845012	0.0016023156931623816
237.08663808	0.0010944678	0.001638430287130177
237.088620544	0.0012181238	0.0016312688821926713
237.090586624	0.0012936951	0.0015811860794201493
237.092552704	0.0011951982	0.0014916186919435859
237.094535168	0.0011798319	0.0013687858590856194
237.096501248	0.0010411972	0.0012211250141263008
237.098483712	8.2389347E-4	0.001058365567587316
237.100449792	7.7168085E-4	8.906170260161161E-4
237.102415872	7.419243E-4	7.272653165273368E-4
237.104398336	7.2285545E-4	5.760886124335229E-4
237.106364416	5.939163E-4	4.4265101314522326E-4
237.10834688	3.5906234E-4	3.3009221078827977E-4
237.11031296	2.3797654E-4	2.3928443260956556E-4
237.11227904	1.6641208E-4	1.692872610874474E-4
237.114261504	1.8326791E-4	1.1794014426413924E-4
237.116227584	1.4932825E-4	8.246642391895875E-5
237.118210048	1.611536E-4	5.9967955166939646E-5
237.120176128	6.010906E-5	4.776294372277334E-5
237.122142208	-4.010287E-6	4.355292912805453E-5
237.124124672	4.8841106E-5	4.545010961010121E-5
237.126090752	1.4615057E-4	5.190915544517338E-5
237.128073216	3.4518587E-5	6.1614322476089E-5
237.130039296	-1.8056722E-4	7.330333755817264E-5
237.132005376	-1.7606187E-6	8.597806299803779E-5
237.13398784	1.2559984E-4	9.837224206421524E-5
237.13595392	1.17428295E-4	1.0919275518972427E-4
237.137936384	1.6388034E-4	1.1791543511208147E-4
237.139902464	1.9276432E-4	1.2339092791080475E-4
237.141868544	1.11612826E-4	1.2512446846812963E-4
237.143851008	1.0168289E-4	1.2295623309910297E-4
237.145817088	1.5303672E-4	1.1708577221725136E-4
237.147799552	2.3252958E-4	1.0804196062963456E-4
237.149765632	1.8073262E-4	9.660487557994202E-5
237.151731712	1.5124171E-4	8.369622810278088E-5
237.153714176	-2.7422746E-5	7.025755621725693E-5
237.155680256	-3.2827502E-5	5.714052531402558E-5
237.15766272	1.0040286E-5	4.502407318796031E-5
237.1596288	5.5959437E-5	3.437055420363322E-5
237.16159488	1.1417303E-4	2.5419296434847638E-5
237.163577344	8.618999E-5	1.8212789655080996E-5
237.165543424	1.2545024E-4	1.264229285879992E-5
237.167525888	1.1992488E-4	8.501933734805789E-6
237.169491968	8.57174E-5	5.539306130231125E-6
237.171458048	1.2474314E-4	3.4965985378221376E-6
237.173440512	5.297193E-5	2.138418949471088E-6
237.175406592	7.4512136E-5	1.267066181753762E-6
237.177389056	2.1185556E-4	7.27395502053696E-7
237.179355136	2.1950928E-4	4.0458212424709927E-7
237.181321216	4.390143E-5	2.1802770788781345E-7
237.18330368	-6.380824E-5	1.1383701092881893E-7
237.18526976	-1.1221459E-5	5.758732868343941E-8
237.187252224	1.7958694E-6	2.8225253245750537E-8
237.189218304	-5.489356E-5	0.0
237.191184384	-7.320185E-5	0.0
237.193166848	-5.6871108E-5	0.0
237.195132928	-3.6878988E-5	0.0
237.197115392	1.7749833E-5	0.0
237.199081472	-2.6882404E-5	0.0
237.201047552	-1.486969E-4	0.0
237.203030016	-3.0735868E-5	0.0
237.204996096	2.7771272E-5	0.0
237.20697856	-3.317803E-5	0.0
237.20894464	-1.568098E-5	0.0
237.21091072	7.614253E-5	0.0
237.212893184	1.0641396E-5	0.0
237.214859264	1.9526564E-5	0.0
237.216841728	-3.4104694E-5	0.0
237.218807808	4.2560276E-7	0.0
237.220773888	9.1022215E-5	3.595224029595556E-8
237.222756352	1.4142231E-4	7.323185258201192E-8
237.224722432	6.647057E-5	1.445300341629263E-7
237.226704896	2.459354E-5	2.7637560151561047E-7
237.228670976	9.978654E-5	5.120635364619375E-7
237.230637056	1.17456584E-4	9.192350489684031E-7
237.23261952	1.0699248E-4	1.5988620134521625E-6
237.2345856	-1.2100511E-5	2.694462182262214E-6
237.236568064	-3.243268E-5	4.399524641485186E-6
237.238534144	5.3364598E-5	6.959961410757387E-6
237.240500224	9.9240555E-5	1.0667675269360188E-5
237.242482688	1.2649006E-4	1.5841185813769698E-5
237.244448768	5.6754205E-5	2.279053660458885E-5
237.246431232	9.296123E-5	3.176620521117002E-5
237.248397312	-2.4039298E-6	4.28960302087944E-5
237.250363392	-8.155966E-5	5.611918822978623E-5
237.252345856	2.1909469E-5	7.112998719094321E-5
237.254311936	8.9041176E-5	8.734849689062685E-5
237.2562944	1.05918836E-4	1.0392857802798972E-4
237.25826048	2.4316668E-4	1.1981547140749171E-4
237.26022656	1.6069812E-4	1.3384826888795942E-4
237.262209024	1.9957025E-4	1.448963739676401E-4
237.264175104	3.0441675E-4	1.5200814232230186E-4
237.266157568	2.2917321E-4	1.545445411466062E-4
237.268123648	2.0731827E-4	1.522730162832886E-4
237.270089728	2.279725E-4	1.4540199481416494E-4
237.272072192	1.056406E-4	1.34549816721119E-4
237.274038272	2.6060956E-5	1.206540982821025E-4
237.276020736	1.9000574E-4	1.0483933874638751E-4
237.277986816	1.0997667E-4	8.826855628285557E-5
237.279952896	9.121261E-5	7.200563413789496E-5
237.28193536	2.4617626E-4	5.690980833605863E-5
237.28390144	2.292001E-4	4.3576928874244913E-5
237.285883904	2.438838E-4	3.2327236112905666E-5
237.287849984	9.254085E-5	2.3309852622332983E-5
237.289816064	-6.840985E-5	1.6329751815646887E-5
237.291798528	2.0512893E-5	1.1208076102775522E-5
237.293764608	1.9963649E-4	7.685909622523468E-6
237.295747072	1.7643022E-5	5.522676019609207E-6
237.297713152	1.321663E-4	4.543806880974444E-6
237.299679232	2.9610086E-4	4.673883267969359E-6
237.301661696	3.0209858E-4	5.955375854682643E-6
237.303627776	1.9436648E-4	8.553502084396314E-6
237.30561024	5.575216E-5	1.2745724234264344E-5
237.30757632	-6.037154E-5	1.8893741071224213E-5
237.309558784	4.2917487E-5	2.739457704592496E-5
237.311524864	2.2409465E-4	3.8611200579907745E-5
237.313490944	7.683474E-5	5.2766819862881675E-5
237.315473408	6.035557E-5	6.99294832884334E-5
237.317439488	-5.6107772E-5	8.978389814728871E-5
237.319421952	2.6682531E-4	1.1168264609295875E-4
237.321388032	5.3456484E-4	1.3459964247886091E-4
237.323354112	3.9020006E-4	1.5718118811491877E-4
237.325336576	2.8404838E-4	1.778639853000641E-4
237.327302656	4.0047313E-4	1.9504634838085622E-4
237.32928512	2.629317E-4	2.0729097013827413E-4
237.3312512	-1.6116071E-6	2.1351965551730245E-4
237.33321728	2.0990312E-5	2.1316803758963943E-4
237.335199744	6.200092E-5	2.0626813056878746E-4
237.337165824	2.5709276E-4	1.934440224431455E-4
237.339148288	1.9348731E-4	1.7581992142368108E-4
237.341114368	1.599331E-4	1.548605359857902E-4
237.343080448	2.9681332E-4	1.3217210653237998E-4
237.345062912	2.2265983E-4	1.0930358985206112E-4
237.347028992	5.955836E-5	8.757837349548936E-5
237.349011456	-1.1862255E-6	6.798429967602715E-5
237.350977536	-7.842675E-5	5.112769213155843E-5
237.352943616	8.639635E-6	3.72508802684024E-5
237.35492608	5.0645485E-5	2.629355003591627E-5
237.35689216	5.7354966E-5	1.7980506527237594E-5
237.358874624	1.7511104E-4	1.1912443369510584E-5
237.360840704	1.4541693E-4	7.704081326664891E-6
237.362806784	9.7324126E-5	4.872014869761188E-6
237.364789248	7.3420115E-6	3.094149178650696E-6
237.366755328	-2.7525599E-5	2.1074913547636243E-6
237.368737792	-7.887145E-5	1.746278485370567E-6
237.370703872	-1.14745126E-4	1.9452720607660012E-6
237.372669952	4.8218983E-5	2.740380068644299E-6
237.374652416	1.7239701E-5	4.2682495404733345E-6
237.376618496	7.601599E-5	6.763946657883935E-6
237.37860096	6.686417E-5	1.0518875569687225E-5
237.38056704	1.21481644E-4	1.6016312656574883E-5
237.38253312	2.4242011E-4	2.3627302653039806E-5
237.384515584	1.8762231E-4	3.428649142733775E-5
237.386481664	1.7693335E-4	4.778394213644788E-5
237.388464128	2.0957067E-4	6.469376967288554E-5
237.390430208	3.5496894E-4	8.518051618011668E-5
237.392396288	4.097874E-4	1.0923765512416139E-4
237.394378752	2.7942285E-4	1.3672302884515375E-4
237.396344832	2.1997326E-4	1.674555242061615E-4
237.398327296	3.496944E-4	2.0136559032835066E-4
237.400293376	6.549994E-4	2.386732230661437E-4
237.402259456	7.695878E-4	2.800417714752257E-4
237.40424192	7.8291947E-4	3.2664439640939236E-4
237.406208	8.6256757E-4	3.8008237606845796E-4
237.408190464	8.548228E-4	4.421138437464833E-4
237.410156544	7.981288E-4	5.14197105076164E-4
237.412122624	8.1771123E-4	5.969241610728204E-4
237.414105088	8.339037E-4	6.894530379213393E-4
237.416071168	8.3371496E-4	7.891050190664828E-4
237.418053632	8.730177E-4	8.912643534131348E-4
237.420019712	0.0010317739	9.89692285656929E-4
237.421985792	0.0011994836	0.0010771015658974648
237.423968256	0.0011989648	0.001146075432188809
237.425934336	0.0012870515	0.0011901356047019362
237.4279168	0.0014156038	0.0012045734329149127
237.42988288	0.0013398109	0.0011871501337736845
237.43184896	0.0011780022	0.0011384577956050634
237.433831424	0.0011231569	0.001061920658685267
237.435797504	0.001037443	9.634377784095705E-4
237.437779968	0.0010327934	8.507152087986469E-4
237.439746048	9.493419E-4	7.323652389459312E-4
237.441712128	8.255793E-4	6.169119733385742E-4
237.443694592	7.1738975E-4	5.118515691719949E-4
237.445660672	6.4247963E-4	4.229072656016797E-4
237.447643136	5.797484E-4	3.5358863533474505E-4
237.449609216	5.329581E-4	3.050847735721618E-4
237.451575296	3.2338442E-4	2.7644599322229624E-4
237.45355776	2.2753233E-4	2.649680245667696E-4
237.45552384	3.77803E-4	2.668066299520433E-4
237.457506304	4.925807E-4	2.7736625634133816E-4
237.459472384	3.4279248E-4	2.9196529067121446E-4
237.461438464	3.0457648E-4	3.0625544604845345E-4
237.463420928	3.9912702E-4	3.165987436659634E-4
237.465387008	3.8814615E-4	3.203365486115217E-4
237.467369472	3.0808442E-4	3.159367188345641E-4
237.469335552	3.7002715E-4	3.0301493825390935E-4
237.471301632	3.767499E-4	2.8223046683706343E-4
237.473284096	4.3905585E-4	2.550736244302243E-4
237.475250176	4.8983924E-4	2.234142884844914E-4
237.47723264	6.3155126E-4	1.8992107652593404E-4
237.47919872	3.9098423E-4	1.5646913379896432E-4
237.4811648	3.3636775E-4	1.2492216774262488E-4
237.483147264	3.9763877E-4	9.664464596426114E-5
237.485113344	3.6044442E-4	7.244820153573528E-5
237.487095808	4.487515E-4	5.262389822746627E-5
237.489061888	5.0184084E-4	3.703789843712002E-5
237.491027968	3.0265038E-4	2.5259643734898418E-5
237.493010432	1.7668917E-4	1.6693116776878014E-5
237.494976512	9.89855E-6	1.069026347977342E-5
237.496958976	2.1052545E-4	6.634269539063098E-6
237.498925056	2.9394694E-4	3.989888227806659E-6
237.500891136	1.1374631E-4	2.325416517123813E-6
237.5028736	1.3614229E-4	1.3134658729541115E-6
237.50483968	1.6704369E-4	7.189831876530661E-7
237.506822144	2.8389494E-4	3.8141968161653494E-7
237.508788224	1.08726425E-4	1.9609835533174191E-7
237.510754304	1.18026204E-4	9.770803188757782E-8
237.512736768	1.1798342E-4	0.0
237.514702848	1.09524684E-4	0.0
237.516685312	6.7032975E-5	0.0
237.518651392	-6.232888E-6	0.0
237.520617472	1.2506369E-4	0.0
237.522599936	3.2844092E-4	0.0
237.524566016	1.5392328E-4	0.0
237.52654848	1.7257499E-4	0.0
237.52851456	1.3025581E-4	0.0
237.53048064	9.4518284E-5	0.0
237.532463104	-7.488532E-7	0.0
237.534429184	1.9673094E-4	0.0
237.536411648	2.1528701E-4	0.0
237.538377728	2.1049373E-4	0.0
237.540343808	6.350152E-5	0.0
237.542326272	-4.959945E-6	0.0
237.544292352	-3.066689E-5	0.0
237.546274816	-1.8526636E-5	0.0
237.548240896	-1.086063E-5	0.0
237.550206976	1.5401478E-4	0.0
237.55218944	5.8672147E-5	0.0
237.55415552	9.632662E-5	0.0
237.556137984	3.503291E-5	0.0
237.558104064	-1.1591335E-4	0.0
237.560070144	-4.4516173E-6	0.0
237.562052608	2.446368E-5	0.0
237.564018688	5.2998996E-5	0.0
237.566001152	1.4892314E-6	0.0
237.567967232	1.1216091E-4	0.0
237.569933312	2.184853E-4	0.0
237.571915776	2.2619833E-4	0.0
237.573881856	1.5763215E-4	0.0
237.57586432	9.671667E-5	0.0
237.5778304	1.1849536E-4	0.0
237.57979648	2.4343199E-4	0.0
237.581778944	2.9549876E-4	0.0
237.583745024	3.0145515E-4	0.0
237.585727488	3.0500116E-4	0.0
237.587693568	2.0568659E-4	0.0
237.589659648	2.0866112E-4	0.0
237.591642112	1.800605E-4	0.0
237.593608192	2.471226E-4	0.0
237.595590656	3.6602595E-4	0.0
237.597556736	2.6720308E-4	0.0
237.599522816	1.299987E-4	0.0
237.60150528	1.2888688E-4	0.0
237.60347136	1.9474413E-4	0.0
237.605453824	1.3448896E-4	0.0
237.607419904	1.4731019E-4	0.0
237.609385984	2.2064334E-4	0.0
237.611368448	2.0463414E-4	0.0
237.613334528	1.363065E-4	0.0
237.615316992	8.972174E-5	0.0
237.617283072	8.569505E-5	0.0
237.619265536	-1.8609175E-5	0.0
237.621231616	-9.2867194E-5	0.0
237.623197696	5.2894513E-5	0.0
237.62518016	2.419137E-4	0.0
237.62714624	1.8517101E-4	0.0
237.629128704	8.5003194E-5	0.0
237.631094784	1.281016E-4	0.0
237.633060864	2.4620944E-4	1.2190626819119643E-7
237.635043328	2.6868272E-4	2.4338436332982383E-7
237.637009408	2.03852E-4	4.708534788733232E-7
237.638991872	1.7245002E-4	8.826962698549323E-7
237.640957952	9.804095E-5	1.603475311640068E-6
237.642924032	1.221331E-4	2.8224890229466837E-6
237.644906496	3.0539907E-4	4.814176008949289E-6
237.646872576	2.1186208E-4	7.956474291859195E-6
237.64885504	1.02673584E-4	1.2741443242703099E-5
237.65082112	9.140906E-5	1.976973726414144E-5
237.6527872	8.090159E-5	2.972068432427477E-5
237.654769664	2.477381E-5	4.3288833694532514E-5
237.656735744	6.355495E-5	6.108567322371528E-5
237.658718208	9.421659E-5	8.351016731467098E-5
237.660684288	1.0995216E-4	1.1060577526222914E-4
237.662650368	1.242816E-4	1.4192578964866698E-4
237.664632832	8.558114E-5	1.7653788381721824E-4
237.666598912	1.936698E-4	2.1273376478347927E-4
237.668581376	3.1840825E-4	2.485435106791556E-4
237.670547456	4.1629653E-4	2.815144252963364E-4
237.672513536	4.6839984E-4	3.09312337776646E-4
237.674496	3.1399133E-4	3.299010277260095E-4
237.67646208	3.1089503E-4	3.4190324367955327E-4
237.678444544	4.5903644E-4	3.448692732490599E-4
237.680410624	4.896326E-4	3.3943323069252074E-4
237.682376704	2.9710005E-4	3.273246402386576E-4
237.684359168	1.7629097E-4	3.112230042461306E-4
237.686325248	2.924403E-4	2.944669977296144E-4
237.688307712	2.1430016E-4	2.806452102959156E-4
237.690273792	2.6436744E-4	2.7312638121657073E-4
237.692239872	2.7583877E-4	2.745859674178064E-4
237.694222336	2.4109961E-4	2.865989808924496E-4
237.696188416	4.2309484E-4	3.093627165071666E-4
237.69817088	5.714687E-4	3.4159774077124894E-4
237.70013696	4.7806022E-4	3.8064579712226987E-4
237.70210304	3.7106557E-4	4.2276334716007113E-4
237.704085504	4.894928E-4	4.635704099200666E-4
237.706051584	6.166437E-4	4.985897103324533E-4
237.708034048	6.203484E-4	5.237990408204496E-4
237.710000128	4.8615795E-4	5.36117993760854E-4
237.711966208	5.0097087E-4	5.337884067557752E-4
237.713948672	3.605095E-4	5.164717440493405E-4
237.715914752	3.6613748E-4	4.8532718210481107E-4
237.717897216	2.4954043E-4	4.427474341355264E-4
237.719863296	4.2182265E-4	3.920167509932071E-4
237.721829376	5.468761E-4	3.368641482666135E-4
237.72381184	6.4414856E-4	2.809488505590707E-4
237.72577792	4.6145532E-4	2.2770659415982664E-4
237.727760384	2.957735E-4	1.79626775206998E-4
237.729726464	2.9859715E-4	1.3845438661519438E-4
237.731692544	3.0661095E-4	1.0507537081139162E-4
237.733675008	2.0601029E-4	7.962595555000007E-5
237.735641088	1.7452943E-4	6.180885247886181E-5
237.737623552	1.9656871E-4	5.065157529315911E-5
237.739589632	1.21992765E-4	4.522882591118105E-5
237.741555712	9.259976E-5	4.448787512956187E-5
237.743538176	3.0195213E-5	4.741755037684925E-5
237.745504256	7.656157E-5	5.311887798598036E-5
237.74748672	9.175191E-5	6.085920540499501E-5
237.7494528	7.025081E-5	7.01208264217712E-5
237.75141888	-3.0849023E-5	8.06444586487487E-5
237.753401344	1.04905615E-4	9.246162517229095E-5
237.755367424	2.0733224E-4	1.0589688463369384E-4
237.757349888	1.7605511E-4	1.214880176121369E-4
237.759315968	1.0009394E-4	1.4000186638440937E-4
237.761282048	1.6981845E-4	1.6215004143305123E-4
237.763264512	2.0745913E-4	1.883180084405467E-4
237.765230592	2.072284E-4	2.1856390230823308E-4
237.767213056	1.2511101E-4	2.521567221265286E-4
237.769179136	3.3889397E-4	2.8776447288692E-4
237.771145216	4.5224035E-4	3.233514726161957E-4
237.77312768	4.1463273E-4	3.5641228896565735E-4
237.77509376	3.0661724E-4	3.843143058475107E-4
237.777076224	3.0315795E-4	4.0462639299221337E-4
237.779042304	4.1408464E-4	4.1560723911970854E-4
237.781008384	4.801707E-4	4.1648492333479226E-4
237.782990848	4.006488E-4	4.0766410529613495E-4
237.784956928	3.1429797E-4	3.9074590313248336E-4
237.786939392	3.4235755E-4	3.683619434013963E-4
237.788905472	4.2833202E-4	3.438373969402164E-4
237.790871552	3.9773213E-4	3.207339905202389E-4
237.792854016	3.2403856E-4	3.023418830707669E-4
237.794820096	3.560161E-4	2.912018680945039E-4
237.79680256	3.138294E-4	2.887375303544104E-4
237.79876864	3.9488438E-4	2.950581256300211E-4
237.80073472	4.972641E-4	3.0896079260855913E-4
237.802717184	4.632119E-4	3.281187964603305E-4
237.804683264	3.9104396E-4	3.4948266693390906E-4
237.806665728	3.9922318E-4	3.6964297760277987E-4
237.808631808	4.157949E-4	3.8536134525202215E-4
237.810597888	4.287653E-4	3.939625748898834E-4
237.812580352	4.556193E-4	3.9364187978208065E-4
237.814546432	5.087248E-4	3.8363097701221704E-4
237.816528896	4.502273E-4	3.642141236923635E-4
237.818494976	4.0098093E-4	3.366044256836176E-4
237.820461056	4.361294E-4	3.027122875209898E-4
237.82244352	3.0754262E-4	2.6485021226108074E-4
237.8244096	1.6340961E-4	2.2542255464941263E-4
237.826392064	1.8153961E-4	1.8657946202438325E-4
237.828358144	2.3927585E-4	1.5031738439574838E-4
237.830324224	2.591561E-4	1.1782073124777526E-4
237.832306688	2.4144862E-4	8.98583821253851E-5
237.834272768	1.6942665E-4	6.669224239885807E-5
237.836255232	1.4374625E-4	4.8174752009799704E-5
237.838221312	1.5488126E-4	3.387092147022486E-5
237.840187392	2.002979E-4	2.3180273274192587E-5
237.842169856	2.1191586E-4	1.5441804862348363E-5
237.844135936	9.54829E-5	1.0012663551606238E-5
237.8461184	-2.0436895E-5	6.318887699308107E-6
237.84808448	9.7405384E-5	3.880787971866084E-6
237.85005056	2.498388E-4	2.391997668382828E-6
237.852033024	2.6083156E-4	1.4935898207113496E-6
237.853999104	3.218064E-4	1.043268298417388E-6
237.855981568	2.0676984E-4	9.452413110011548E-7
237.857947648	9.679141E-5	1.1332042504363926E-6
237.859913728	1.7612938E-4	1.7740319435688434E-6
237.861896192	9.582382E-5	2.910085868279566E-6
237.863862272	1.1191987E-4	4.7489997996308375E-6
237.865844736	1.2601585E-4	7.5599923547997605E-6
237.867810816	7.902591E-5	1.1722841009031981E-5
237.869776896	1.8490675E-4	1.761426574375946E-5
237.87175936	1.9864445E-4	2.5645451387390494E-5
237.87372544	7.218115E-5	3.617965921876021E-5
237.875707904	2.4606765E-4	4.945595719618723E-5
237.877673984	3.7686247E-4	6.550508260261267E-5
237.879640064	2.6973267E-4	8.406899723922834E-5
237.881622528	2.7244748E-4	1.0454800940351561E-4
237.883588608	7.215851E-5	1.259886339539662E-4
237.885571072	2.0530527E-4	1.4713281416334212E-4
237.887537152	2.0417244E-4	1.6652535123284906E-4
237.889503232	1.1743697E-4	1.8267247651237994E-4
237.891485696	1.4497245E-4	1.9423010235186666E-4
237.893451776	2.4363758E-4	2.0018462964799255E-4
237.89543424	1.2964166E-4	1.9999875803478062E-4
237.89740032	6.520991E-5	1.936893240781501E-4
237.8993664	7.792235E-5	1.818252494558692E-4
237.901348864	1.8800584E-4	1.654441439313814E-4
237.903314944	2.0857334E-4	1.459047052776441E-4
237.905297408	1.2713704E-4	1.2470326328184456E-4
237.907263488	5.717714E-5	1.0328722419217229E-4
237.909229568	5.5335975E-5	8.28993070172146E-5
237.911212032	1.9165971E-4	6.447214400395751E-5
237.913178112	1.3329402E-4	4.858460306422785E-5
237.915160576	1.3676453E-4	3.5475281038088724E-5
237.917126656	8.315638E-5	2.5098910555243492E-5
237.919092736	1.9133951E-4	1.735375371936243E-5
237.9210752	1.5373742E-4	1.173060718429042E-5
237.92304128	1.1012405E-4	7.952150554046966E-6
237.925023744	1.61828E-4	5.729399617848685E-6
237.926989824	1.6934749E-4	4.891934622719418E-6
237.928972288	6.306391E-5	5.437155323306797E-6
237.930938368	2.5003706E-4	7.571552032459294E-6
237.932904448	1.6016826E-4	1.1744845323846675E-5
237.934886912	-1.3386495E-4	1.8672531950869597E-5
237.936852992	-2.7273793E-5	2.9337506930460222E-5
237.938835456	1.4601897E-4	4.495467874221504E-5
237.940801536	1.956697E-4	6.684716208837926E-5
237.942767616	1.4892004E-4	9.644374222261831E-5
237.94475008	-5.1960933E-6	1.3478868640959263E-4
237.94671616	1.7902283E-4	1.824751088861376E-4
237.948698624	3.140486E-4	2.3929236340336502E-4
237.950664704	4.453489E-4	3.0398587114177644E-4
237.952630784	4.6587258E-4	3.741298569366336E-4
237.954613248	4.594652E-4	4.461787757463753E-4
237.956579328	6.618269E-4	5.157097475603223E-4
237.958561792	5.6190474E-4	5.778477061539888E-4
237.960527872	5.6398765E-4	6.279669469222426E-4
237.962493952	7.284982E-4	6.6184694878757E-4
237.964476416	7.047759E-4	6.767568993382156E-4
237.966442496	7.7957276E-4	6.715372437611222E-4
237.96842496	7.824835E-4	6.46864646114409E-4
237.97039104	7.34497E-4	6.052185199223459E-4
237.97235712	5.308568E-4	5.506277084350586E-4
237.974339584	5.4226466E-4	4.882451321464032E-4
237.976305664	5.4803E-4	4.23808756750077E-4
237.978288128	6.243861E-4	3.6307325353845954E-4
237.980254208	5.853529E-4	3.1129407580010593E-4
237.982220288	5.000825E-4	2.728055405896157E-4
237.984202752	3.8037018E-4	2.5073220604099333E-4
237.986168832	3.661177E-4	2.4681282229721546E-4
237.988151296	4.4994324E-4	2.613173855934292E-4
237.990117376	3.7009176E-4	2.9304262716323137E-4
237.992083456	3.6629348E-4	3.393670485820621E-4
237.99406592	3.809362E-4	3.963930648751557E-4
237.996032	4.3442193E-4	4.5919438707642257E-4
237.998014464	5.611434E-4	5.221827304922044E-4
237.999980544	7.029639E-4	5.795943434350193E-4
238.001946624	6.8125967E-4	6.260375375859439E-4
238.003929088	6.8911165E-4	6.570449913851917E-4
238.005895168	7.504879E-4	6.6980323754251E-4
238.007877632	8.549214E-4	6.626956164836884E-4
238.009843712	8.3929056E-4	6.364232976920903E-4
238.011809792	7.026723E-4	5.93257078435272E-4
238.013792256	7.076947E-4	5.372887244448066E-4
238.015758336	7.901478E-4	4.732564848382026E-4
238.0177408	7.776066E-4	4.0658880607225E-4
238.01970688	5.651314E-4	3.4267682349309325E-4
238.02167296	4.8900524E-4	2.864178386516869E-4
238.023655424	4.2945624E-4	2.4187876260839403E-4
238.025621504	3.7015253E-4	2.1210298291407526E-4
238.027603968	3.6129402E-4	1.990338059840724E-4
238.029570048	3.2081362E-4	2.0349858095869422E-4
238.031536128	3.2378465E-4	2.2521727078128606E-4
238.033518592	3.3511757E-4	2.6279594749212265E-4
238.035484672	3.3867662E-4	3.137300373055041E-4
238.037467136	4.199521E-4	3.7444193731062114E-4
238.039433216	5.510452E-4	4.4041371438652277E-4
238.041399296	5.953135E-4	5.064473953098059E-4
238.04338176	5.4064044E-4	5.670717800967395E-4
238.04534784	5.159775E-4	6.170442793518305E-4
238.047330304	NaN	6.518939044326544E-4
238.049296384	NaN	6.68412190862E-4
238.051262464	NaN	6.650137365795672E-4
238.053244928	NaN	6.41816935967654E-4
238.055211008	NaN	6.009776843711734E-4
238.057193472	NaN	5.457326769828796E-4
238.059159552	NaN	4.8048465396277606E-4
238.061125632	NaN	4.1006665560416877E-4
238.063108096	NaN	3.391608188394457E-4
238.065074176	NaN	2.718011674005538E-4
238.06705664	NaN	2.1102289611008018E-4
238.06902272	NaN	1.587104779900983E-4
238.0709888	NaN	1.1562836152734235E-4
238.072971264	NaN	8.160432480508462E-5
238.074937344	NaN	5.5791675549698994E-5
238.076919808	NaN	3.695374107337557E-5
238.078885888	NaN	2.371427217440214E-5
238.080851968	NaN	1.4745143744221423E-5
