220.033335296	7.573507E-5	5.178142803430319E-9
220.0313856	-8.076866E-6	0.0
220.029435904	7.5067226E-5	0.0
220.027469824	8.911064E-5	0.0
220.025520128	8.4378036E-5	0.0
220.023570432	-1.6135913E-5	0.0
220.021604352	4.7933405E-5	0.0
220.019654656	1.639612E-4	0.0
220.01770496	1.0793002E-4	0.0
220.01573888	1.292394E-4	0.0
220.013789184	-3.915368E-5	0.0
220.011839488	-3.951262E-5	0.0
220.009889792	5.915128E-6	0.0
220.007923712	2.00385E-4	0.0
220.005974016	4.15295E-5	0.0
220.00402432	2.377417E-5	0.0
220.00205824	3.0538802E-5	0.0
220.000108544	3.8367834E-5	0.0
219.998158848	-9.934932E-5	0.0
219.996192768	-6.780186E-5	0.0
219.994243072	1.9398908E-4	0.0
219.992293376	-1.3554895E-4	0.0
219.99034368	-3.071619E-5	0.0
219.9883776	-1.0210673E-4	0.0
219.986427904	-3.5903795E-6	0.0
219.984478208	3.3175245E-5	0.0
219.982512128	2.041745E-5	0.0
219.980562432	5.2999378E-5	0.0
219.978612736	-4.6124296E-5	0.0
219.976646656	4.2125168E-5	0.0
219.97469696	1.8971774E-4	0.0
219.972747264	2.5890156E-4	0.0
219.970797568	5.1124538E-5	0.0
219.968831488	-1.0235817E-6	0.0
219.966881792	6.478196E-5	0.0
219.964932096	1.109846E-4	0.0
219.962966016	3.5824996E-6	0.0
219.96101632	2.3425018E-6	0.0
219.959066624	1.8057803E-4	0.0
219.957100544	3.3042172E-4	0.0
219.955150848	3.5438515E-4	0.0
219.953201152	5.4106145E-4	0.0
219.951251456	6.3060416E-4	0.0
219.949285376	7.083066E-4	0.0
219.94733568	7.157325E-4	0.0
219.945385984	6.3644454E-4	0.0
219.943419904	6.7444914E-4	0.0
219.941470208	6.901433E-4	0.0
219.939520512	5.788678E-4	0.0
219.937554432	5.5876625E-4	0.0
219.935604736	3.4195176E-4	0.0
219.93365504	3.2987728E-4	0.0
219.931705344	9.6417476E-5	0.0
219.929739264	3.427442E-4	0.0
219.927789568	3.3266496E-4	0.0
219.925839872	3.016458E-4	0.0
219.923873792	2.1032913E-4	0.0
219.921924096	1.1823695E-4	0.0
219.9199744	1.1285836E-4	0.0
219.91800832	5.2272873E-5	0.0
219.916058624	1.2970653E-5	0.0
219.914108928	4.2570973E-6	0.0
219.912159232	4.422089E-5	0.0
219.910193152	1.11994326E-4	0.0
219.908243456	1.2032812E-4	0.0
219.90629376	7.819139E-5	0.0
219.90432768	3.7521844E-5	0.0
219.902377984	3.322353E-5	0.0
219.900428288	-1.1873199E-6	0.0
219.898462208	4.1428233E-5	0.0
219.896512512	4.286033E-5	0.0
219.894562816	3.143028E-5	0.0
219.892596736	9.2986935E-5	0.0
219.89064704	7.890505E-5	0.0
219.888697344	7.760373E-5	0.0
219.886747648	6.817445E-5	0.0
219.884781568	6.7134606E-6	0.0
219.882831872	5.9235586E-5	0.0
219.880882176	1.4780529E-4	0.0
219.878916096	-2.7342045E-5	0.0
219.8769664	-1.0948662E-4	0.0
219.875016704	6.570148E-5	0.0
219.873050624	8.8252615E-5	0.0
219.871100928	9.969474E-5	0.0
219.869151232	5.547153E-5	0.0
219.867201536	9.8355995E-5	0.0
219.865235456	-9.340115E-5	0.0
219.86328576	-7.495217E-5	0.0
219.861336064	1.6331855E-5	0.0
219.859369984	5.9364807E-5	0.0
219.857420288	-7.716188E-5	0.0
219.855470592	6.0837257E-5	0.0
219.853504512	1.5623984E-4	0.0
219.851554816	7.808141E-5	0.0
219.84960512	-2.8037219E-5	0.0
219.847655424	-1.8872714E-5	0.0
219.845689344	9.2309616E-5	0.0
219.843739648	2.0990125E-4	0.0
219.841789952	2.2354501E-4	0.0
219.839823872	-1.2025746E-5	0.0
219.837874176	1.0192094E-4	0.0
219.83592448	1.3328048E-5	0.0
219.8339584	-1.10339904E-4	0.0
219.832008704	-2.9311246E-5	0.0
219.830059008	5.535718E-5	0.0
219.828109312	-1.892903E-5	0.0
219.826143232	-8.4256375E-5	0.0
219.824193536	3.9222163E-5	0.0
219.82224384	-3.176363E-5	0.0
219.82027776	1.1829609E-4	0.0
219.818328064	1.0219883E-6	0.0
219.816378368	1.2632765E-4	0.0
219.814412288	6.895578E-6	0.0
219.812462592	5.0849994E-6	0.0
219.810512896	2.5985274E-4	0.0
219.8085632	2.391433E-4	0.0
219.80659712	1.6268002E-4	0.0
219.804647424	1.4180085E-4	0.0
219.802697728	1.5879E-4	0.0
219.800731648	8.0302365E-5	0.0
219.798781952	1.42954E-4	0.0
219.796832256	3.1211672E-4	0.0
219.794866176	1.703086E-4	0.0
219.79291648	1.3702887E-4	0.0
219.790966784	1.6150487E-4	0.0
219.789017088	1.0536389E-4	0.0
219.787051008	9.462398E-5	0.0
219.785101312	1.7249875E-4	0.0
219.783151616	1.7010415E-4	0.0
219.781185536	8.856982E-5	0.0
219.77923584	-6.121956E-5	0.0
219.777286144	-8.121563E-5	0.0
219.775320064	1.09376946E-4	0.0
219.773370368	1.2328458E-4	0.0
219.771420672	3.8046965E-5	1.570984764498462E-8
219.769454592	2.6618283E-5	3.837735818024157E-8
219.767504896	3.3597644E-5	8.88425475409349E-8
219.7655552	-5.6952107E-5	1.9489850444642798E-7
219.763605504	1.2594962E-4	4.051684356909391E-7
219.761639424	1.4879502E-4	7.981770977494307E-7
219.759689728	1.8609603E-4	1.490025738348777E-6
219.757740032	8.835157E-5	2.6358036393503426E-6
219.755773952	1.8326384E-5	4.418239313963568E-6
219.753824256	-3.6839629E-6	7.017697953415336E-6
219.75187456	-4.628222E-6	1.0561945600784384E-5
219.74990848	-3.353814E-5	1.5062443708302453E-5
219.747958784	1.7639388E-5	2.0354393200250342E-5
219.746009088	4.1228057E-5	2.6064339181175455E-5
219.744059392	-1.5822894E-4	3.162898792652413E-5
219.742093312	-4.240808E-5	3.637496774899773E-5
219.740143616	4.7692614E-5	3.964848292525858E-5
219.73819392	8.991536E-5	4.096172415302135E-5
219.73622784	3.877258E-5	4.0132483263732865E-5
219.734278144	1.2591467E-4	3.728023875737563E-5
219.732328448	-5.3978787E-5	3.2866249966900796E-5
219.730362368	6.9540394E-5	2.7554246116778813E-5
219.728412672	-2.1654996E-6	2.2083431758801453E-5
219.726462976	8.228902E-5	1.714034988253843E-5
219.72451328	-5.0969466E-5	1.3273232070787344E-5
219.7225472	9.919902E-5	1.0857580491574481E-5
219.720597504	7.991147E-5	1.01022633316461E-5
219.718647808	-3.9186365E-5	1.1068238563893829E-5
219.716681728	2.2901608E-5	1.3677287824975792E-5
219.714732032	1.0647891E-5	1.7701144315651618E-5
219.712782336	-1.4922625E-4	2.27426480705617E-5
219.710816256	1.1018788E-4	2.8233491320861503E-5
219.70886656	1.5663385E-4	3.3474574593128636E-5
219.706916864	1.3958945E-4	3.772836862481199E-5
219.704967168	-3.6732163E-6	4.03636040573474E-5
219.703001088	-1.3451005E-5	4.094681571586989E-5
219.701051392	1.6601442E-4	3.9417245716322213E-5
219.699101696	2.1870912E-4	3.602503420552239E-5
219.697135616	6.6264256E-6	3.133206337224692E-5
219.69518592	-4.043203E-5	2.6077845177496783E-5
219.693236224	-1.3680196E-4	2.104109626088757E-5
219.691270144	-6.438002E-5	1.6917940229177475E-5
219.689320448	-7.0266105E-5	1.4239921256375965E-5
219.687370752	9.2818904E-5	1.3335227777133696E-5
219.685421056	1.0241915E-4	1.4317157365439925E-5
219.683454976	1.06775544E-4	1.708194577076938E-5
219.68150528	9.7845324E-5	2.1308151190169156E-5
219.679555584	-8.8256056E-5	2.646564280439634E-5
219.677589504	2.2783723E-5	3.1853385735303164E-5
219.675639808	7.543338E-5	3.6681209166999906E-5
219.673690112	3.0715215E-5	4.01938559662085E-5
219.671724032	7.947336E-5	4.1812745621427894E-5
219.669774336	3.32376E-5	4.125519990338944E-5
219.66782464	8.3876694E-5	3.858615309582092E-5
219.665874944	9.730718E-5	3.421630390221253E-5
219.663908864	-5.2994408E-5	2.875483551179059E-5
219.661959168	-1.1662589E-5	2.289997246407438E-5
219.660009472	2.4774949E-5	1.7281387044931762E-5
219.658043392	3.309946E-5	1.23572654047166E-5
219.656093696	-6.01782E-5	8.372509910259396E-6
219.654144	-5.9920072E-5	5.3749790822621435E-6
219.65217792	-1.3832547E-4	3.2695629670342896E-6
219.650228224	-2.8906354E-5	1.884524181150482E-6
219.648278528	4.873951E-5	1.029250597639475E-6
219.646328832	-1.6003461E-5	5.326665473148751E-7
219.644362752	-2.1792075E-5	2.6122188501176424E-7
219.642413056	-3.977387E-5	1.2139139471400995E-7
219.64046336	-6.837411E-5	5.3455583071126966E-8
219.63849728	-3.934626E-5	2.2306240410330247E-8
219.636547584	-3.848785E-6	8.820408403664715E-9
219.634597888	7.6352364E-5	0.0
219.632631808	2.6043454E-5	0.0
219.630682112	4.173023E-5	0.0
219.628732416	-3.9308972E-5	0.0
219.626766336	-2.8072463E-5	0.0
219.62481664	-2.7573973E-5	0.0
219.622866944	-6.438205E-5	0.0
219.620917248	1.2595215E-4	0.0
219.618951168	1.3782785E-4	0.0
219.617001472	9.799707E-5	0.0
219.615051776	9.397945E-5	0.0
219.613085696	7.928245E-5	0.0
219.611136	-3.0369905E-5	0.0
219.609186304	-1.0382839E-4	0.0
219.607220224	-3.2096767E-5	0.0
219.605270528	2.084292E-5	0.0
219.603320832	7.847207E-5	0.0
219.601371136	4.1412677E-5	0.0
219.599405056	-4.4397355E-5	0.0
219.59745536	5.2939293E-5	0.0
219.595505664	-2.0283864E-5	0.0
219.593539584	5.2053583E-6	0.0
219.591589888	1.4099154E-5	0.0
219.589640192	-1.482237E-5	0.0
219.587674112	-1.0367046E-4	0.0
219.585724416	1.2092256E-5	0.0
219.58377472	1.3071779E-4	0.0
219.581825024	-9.62129E-5	0.0
219.579858944	-1.0657331E-4	0.0
219.577909248	-8.300818E-5	0.0
219.575959552	-1.6947671E-4	0.0
219.573993472	8.593379E-6	0.0
219.572043776	-1.11384084E-4	0.0
219.57009408	5.935139E-5	0.0
219.568128	1.872651E-4	0.0
219.566178304	3.077567E-4	0.0
219.564228608	5.635735E-4	5.812064718391241E-11
219.562278912	7.7218196E-4	1.4246841206766447E-10
219.560312832	8.208564E-4	3.3090777340483157E-10
219.558363136	9.6603215E-4	7.282712766176758E-10
219.55641344	8.1229914E-4	1.5187328061827543E-9
219.55444736	8.2553475E-4	3.001022541582188E-9
219.552497664	7.2697346E-4	5.618967957587984E-9
219.550547968	5.9105724E-4	9.968824876693816E-9
219.548581888	4.06978E-4	1.9204822621077255E-8
219.546632192	3.966355E-4	3.2723097120879174E-8
219.544682496	2.5460622E-4	5.43679092857019E-8
219.5427328	2.5951806E-5	8.876811818936403E-8
219.54076672	1.1828125E-4	1.4338060339014191E-7
219.538817024	1.5592485E-4	2.299690038398694E-7
219.536867328	7.8538906E-5	3.66119849104507E-7
219.534901248	-3.3020908E-5	5.760257977271976E-7
219.532951552	1.226374E-4	8.893735525816737E-7
219.531001856	1.1062173E-4	1.3371230807024403E-6
219.529035776	1.0531373E-4	1.943373945323401E-6
219.52708608	1.1489615E-4	2.71452836386743E-6
219.525136384	2.8800205E-6	3.629751063272124E-6
219.523186688	2.7783586E-5	4.629190698324237E-6
219.521220608	-2.9821262E-5	5.621433501801221E-6
219.519270912	-5.8067555E-5	6.4933483372442424E-6
219.517321216	-1.2306045E-6	7.134110546758166E-6
219.515355136	4.2845284E-5	7.463251222361578E-6
219.51340544	1.01819845E-4	7.454902060999302E-6
219.511455744	8.0311256E-5	7.1501590355183E-6
219.509489664	1.2275676E-4	6.652059255429776E-6
219.507539968	6.737245E-5	6.10371034781565E-6
219.505590272	6.01598E-7	5.655037512042327E-6
219.503624192	-2.729924E-5	5.426957613963168E-6
219.501674496	3.91078E-5	5.482296728587244E-6
219.4997248	2.4226028E-7	5.810616130474955E-6
219.497775104	-8.711981E-5	6.33063154964475E-6
219.495809024	8.47648E-5	6.909562216605991E-6
219.493859328	1.2985701E-4	7.394766271318076E-6
219.491909632	-9.650612E-7	7.649388862773776E-6
219.489943552	2.2458415E-5	7.5834277595276944E-6
219.487993856	-3.983597E-5	7.171639936132124E-6
219.48604416	6.078493E-5	6.454259164456744E-6
219.48407808	6.540904E-6	5.5216464716068E-6
219.482128384	1.0198446E-4	4.488732429308584E-6
219.480178688	-1.7091486E-5	3.4662436974031152E-6
219.478228992	1.4161553E-5	2.5462827579758596E-6
219.476262912	-1.6735756E-4	1.7791480786399916E-6
219.474313216	-1.4710828E-4	1.1834886208816897E-6
219.47236352	1.7225611E-6	7.502887342525355E-7
219.47039744	1.012255E-4	4.538915447938052E-7
219.468447744	1.626368E-4	2.623909267640556E-7
219.466498048	2.2848634E-4	1.482462295143705E-7
219.464531968	1.6668698E-4	8.447181443216323E-8
219.462582272	2.390387E-4	5.644197997867195E-8
219.460632576	3.911157E-5	5.6831396477718954E-8
219.45868288	3.569825E-6	8.697431752580087E-8
219.4567168	-5.0417337E-5	1.5695883348598727E-7
219.454767104	-7.482507E-5	2.851018336968991E-7
219.452817408	6.892146E-5	5.006639867133345E-7
219.450851328	6.31777E-5	8.346847266693658E-7
219.448901632	-4.2877975E-5	1.3191663583711488E-6
219.446951936	-6.284973E-8	1.9756375877477694E-6
219.444985856	-8.606662E-5	2.803500819936744E-6
219.44303616	-5.5950266E-5	3.769431032196735E-6
219.441086464	-1.7053199E-4	4.805288881470915E-6
219.439136768	-4.552544E-5	5.804258762509562E-6
219.437170688	-4.6959387E-5	6.647499503742438E-6
219.435220992	1.5086618E-5	7.223668944789097E-6
219.433271296	-6.0833827E-5	7.458392246917356E-6
219.431305216	1.5145946E-5	7.336647286138032E-6
219.42935552	-5.6306577E-5	6.911823220434599E-6
219.427405824	-1.4120221E-4	6.297689651546534E-6
219.425439744	-5.2220777E-5	5.645008513965877E-6
219.423490048	4.669137E-5	5.108778623252874E-6
219.421540352	7.81638E-5	4.814321073354222E-6
219.419590656	2.0944123E-4	4.830240868614055E-6
219.417624576	-5.492111E-7	5.153692654857878E-6
219.41567488	3.1548676E-5	5.71087275602622E-6
219.413725184	-5.7239486E-5	6.372813913912978E-6
219.411759104	7.679796E-5	6.9831662585784215E-6
219.409809408	-9.841096E-7	7.3923979471146595E-6
219.407859712	4.1691113E-5	7.490211373806233E-6
219.405893632	4.914443E-5	7.228140475490363E-6
219.403943936	9.548519E-5	6.626315098401392E-6
219.40199424	5.004892E-5	5.763220087828813E-6
219.400044544	-1.33465E-5	4.75247907161247E-6
219.398078464	-3.032983E-6	3.713227897605975E-6
219.396128768	-2.511798E-5	2.7506139304023236E-6
219.394179072	3.7773927E-5	1.930523467308376E-6
219.392212992	-1.9773375E-5	1.2837748499805457E-6
219.390263296	-1.8299509E-4	8.088483127721702E-7
219.3883136	-1.9114088E-4	4.828502824238967E-7
219.38634752	3.3876313E-5	2.7310301220495603E-7
219.384397824	-1.0180268E-4	1.463560721504109E-7
219.382448128	-9.6792704E-5	7.43138173220359E-8
219.380482048	8.696944E-5	3.575176776848821E-8
219.378532352	9.77503E-5	1.6296626270673187E-8
219.376582656	-4.3908156E-5	7.038361005129445E-9
219.37463296	-2.456778E-6	2.880202965016565E-9
219.37266688	-1.2478449E-5	0.0
219.370717184	-6.1791114E-5	0.0
219.368767488	4.3587344E-5	0.0
219.366801408	5.649629E-5	0.0
219.364851712	3.1480573E-5	0.0
219.362902016	6.324157E-5	0.0
219.360935936	6.631482E-5	0.0
219.35898624	3.4170014E-5	0.0
219.357036544	-2.919638E-5	0.0
219.355086848	5.050278E-5	0.0
219.353120768	2.0834853E-4	0.0
219.351171072	3.2722962E-4	0.0
219.349221376	-2.2588974E-5	0.0
219.347255296	3.073176E-5	0.0
219.3453056	4.351591E-5	0.0
219.343355904	8.079198E-5	0.0
219.341389824	7.389562E-5	0.0
219.339440128	8.555248E-5	0.0
219.337490432	-3.5172605E-5	0.0
219.335540736	1.4376048E-5	0.0
219.333574656	1.3035093E-4	0.0
219.33162496	2.1583306E-5	0.0
219.329675264	1.406938E-4	0.0
219.327709184	3.7981845E-5	0.0
219.325759488	3.0218354E-5	0.0
219.323809792	-5.1567687E-5	0.0
219.321843712	-6.4812906E-5	0.0
219.319894016	-8.331327E-5	0.0
219.31794432	-1.5630249E-5	0.0
219.315994624	4.156764E-5	0.0
219.314028544	4.411459E-5	0.0
219.312078848	1.4201304E-4	0.0
219.310129152	1.4190256E-4	0.0
219.308163072	7.484829E-5	0.0
219.306213376	4.2976135E-5	0.0
219.30426368	-5.406182E-5	0.0
219.3022976	-3.2651973E-5	0.0
219.300347904	1.9542633E-5	0.0
219.298398208	3.0582254E-5	0.0
219.296448512	4.1710373E-6	0.0
219.294482432	4.7122863E-5	0.0
219.292532736	4.4393695E-5	0.0
219.29058304	-4.6555215E-5	0.0
219.28861696	-7.0735987E-6	0.0
219.286667264	1.4396108E-4	0.0
219.284717568	2.788171E-5	0.0
219.282751488	2.4171291E-5	0.0
219.280801792	2.3916924E-5	0.0
219.278852096	-1.5329802E-5	0.0
219.2769024	-4.9736263E-5	0.0
219.27493632	5.5772987E-5	0.0
219.272986624	-3.207063E-5	0.0
219.271036928	5.356587E-5	0.0
219.269070848	6.421418E-6	0.0
219.267121152	6.1064544E-5	0.0
219.265171456	1.4185098E-5	0.0
219.263205376	3.2259632E-6	0.0
219.26125568	2.7523092E-5	0.0
219.259305984	-2.4433095E-5	0.0
219.257356288	-6.016471E-5	0.0
219.255390208	5.050413E-5	0.0
219.253440512	1.2604572E-4	0.0
219.251490816	1.7753811E-4	0.0
219.249524736	5.6809084E-5	0.0
219.24757504	-1.0259381E-4	0.0
219.245625344	-2.0094031E-4	5.535237823650618E-10
219.243659264	-7.253112E-5	1.3975794965759292E-9
219.241709568	3.9826053E-5	3.343110455134024E-9
219.239759872	1.2684781E-5	7.8528223923513E-9
219.237793792	2.0021459E-4	1.7327710821746223E-8
219.235844096	2.2779997E-5	3.565881812050975E-8
219.2338944	-5.8764606E-5	6.96667754596092E-8
219.231944704	-6.870541E-5	1.2926123815759638E-7
219.229978624	2.6558046E-6	2.278551392009831E-7
219.228028928	1.0018293E-4	3.817545746187534E-7
219.226079232	-1.24769795E-5	6.082017307562637E-7
219.224113152	-1.3521753E-4	9.218695140589261E-7
219.222163456	-9.588471E-5	1.3301066701387754E-6
219.22021376	5.838232E-5	1.827856408453954E-6
219.21824768	-1.9138322E-5	2.3937896003189962E-6
219.216297984	-1.6958315E-5	2.989241238537943E-6
219.214348288	7.309339E-5	3.5612106330518145E-6
219.212398592	-4.5066154E-5	4.049486506119138E-6
219.210432512	8.537871E-5	4.39680752606364E-6
219.208482816	6.904058E-5	4.559681656246539E-6
219.20653312	1.0373904E-4	4.51712458016118E-6
219.20456704	1.0820281E-4	4.27498298449791E-6
219.202617344	6.4044216E-6	3.952328370360192E-6
219.200667648	-1.9200401E-4	3.5475748063618084E-6
219.198701568	-8.429413E-5	3.232001063224743E-6
219.196751872	-7.739277E-5	3.2046721116785193E-6
219.194802176	4.9819137E-6	3.7554768823611084E-6
219.19285248	-1.5853082E-5	5.297104507917538E-6
219.1908864	-4.77367E-5	8.390631592192221E-6
219.188936704	-1.3394805E-5	1.3738478628511075E-5
219.186987008	7.536918E-5	2.21153131860774E-5
219.185020928	7.192593E-5	3.421378642087802E-5
219.183071232	-2.6295995E-5	5.040981704951264E-5
219.181121536	-3.1063486E-5	7.049189298413694E-5
219.179155456	1.16320785E-4	9.344403224531561E-5
219.17720576	2.4669335E-4	1.17388968646992E-4
219.175256064	1.9689166E-4	1.3976653281133622E-4
219.173306368	1.0840929E-4	1.57756163389422E-4
219.171340288	1.7021262E-4	1.6884440265130252E-4
219.169390592	1.3859881E-4	1.7139152623713017E-4
219.167440896	2.494256E-4	1.6501618665643036E-4
219.165474816	2.3835438E-4	1.5068729408085346E-4
219.16352512	1.3886686E-4	1.3048929395154119E-4
219.161575424	1.14980176E-4	1.0713811207097024E-4
219.159609344	1.116462E-4	8.339469059137627E-5
219.157659648	1.0718512E-4	6.154668517410755E-5
219.155709952	5.944122E-5	4.309360156184994E-5
219.153760256	4.244058E-5	2.8677181035163812E-5
219.151794176	8.73209E-5	1.822047124733217E-5
219.14984448	2.5012498E-4	1.1177485248481389E-5
219.147894784	3.0356503E-4	6.794214186811587E-6
219.145928704	1.6855888E-4	4.309000814828323E-6
219.143979008	1.0611093E-4	3.0690484891238157E-6
219.142029312	1.1514758E-4	2.5723927592480322E-6
219.140063232	6.7494E-5	2.4624041543575004E-6
219.138113536	1.7048564E-4	2.5015244773385348E-6
219.13616384	4.127439E-5	2.542707989050541E-6
219.134214144	2.9966039E-5	2.4849907731550047E-6
219.132248064	-4.4296758E-6	2.354698608542094E-6
219.130298368	5.0475493E-5	2.1148637188161956E-6
219.128348672	4.8454713E-5	1.7996270571529749E-6
219.126382592	7.468636E-5	1.4512410189126967E-6
219.124432896	2.99978E-4	1.1086933682236122E-6
219.1224832	1.3457662E-5	8.024140925044776E-7
219.12051712	2.2242003E-4	5.501703412846837E-7
219.118567424	1.414422E-4	3.5736192671720346E-7
219.116617728	1.3363807E-4	2.2053552584111458E-7
219.114651648	1.404847E-5	1.2977818641957128E-7
219.112701952	3.3670447E-5	7.4562429119851E-8
219.110752256	-1.1349025E-4	4.5518827818114005E-8
219.10880256	-5.0276205E-5	3.6448160045665645E-8
219.10683648	4.807669E-6	4.518469509662282E-8
219.104886784	6.1034203E-5	7.385207823062956E-8
219.102937088	2.437476E-4	1.2863266363183357E-7
219.100971008	5.5107048E-5	2.1892874713103083E-7
219.099021312	-2.206926E-5	3.55371469140664E-7
219.097071616	4.9000526E-5	5.480836193783034E-7
219.095105536	2.9642215E-5	8.007768883544486E-7
219.09315584	4.305422E-5	1.1083531035183114E-6
219.091206144	7.1955765E-5	1.453275103813212E-6
219.089256448	-9.227921E-5	1.805180204428325E-6
219.087290368	-2.0419393E-6	2.1242185539449565E-6
219.085340672	1.4793949E-4	2.3680161120864796E-6
219.083390976	6.2664934E-5	2.5008000648085726E-6
219.081424896	1.2762024E-4	2.5019746772159124E-6
219.0794752	2.1527326E-4	2.3713535028946353E-6
219.077525504	-9.6505944E-5	2.1292089513735846E-6
219.075559424	-9.00162E-5	1.811124207051762E-6
219.073609728	3.300157E-5	1.4594286312785698E-6
219.071660032	-1.8668383E-5	1.1140920150864986E-6
219.069710336	3.524131E-5	8.056812248469214E-7
219.067744256	-3.696928E-5	5.519573846868298E-7
219.06579456	1.4841152E-4	3.5821949495584704E-7
219.063844864	-3.440094E-5	2.2023898793577246E-7
219.061878784	-6.2140534E-5	1.2827554485284054E-7
219.059929088	-5.374186E-5	7.077724717419187E-8
219.057979392	-7.435345E-5	3.6995274399487243E-8
219.056013312	1.6668993E-5	1.8318999650546175E-8
219.054063616	8.772189E-5	8.847342414242121E-9
219.05211392	4.1019703E-5	4.460115832216616E-9
219.050164224	-7.126815E-5	3.1418518897652348E-9
219.048198144	-8.869314E-5	4.1179921694833865E-9
219.046248448	1.0071336E-4	7.464089790687467E-9
219.044298752	7.1627546E-5	1.5179661971842506E-8
219.042332672	-2.5137728E-5	2.924405073656544E-8
219.040382976	3.2776392E-5	5.3370527552942804E-8
219.03843328	7.8718695E-5	9.226921804383892E-8
219.0364672	1.2472963E-5	1.5111262996470032E-7
219.034517504	-3.196441E-5	2.344419272048981E-7
219.032567808	1.3261887E-7	3.445553886649577E-7
219.030618112	-6.584999E-5	4.797018959834531E-7
219.028652032	-2.0576073E-5	6.326659445221594E-7
219.026702336	1.00803394E-4	7.904378094281128E-7
219.02475264	1.6746751E-4	9.355165957458667E-7
219.02278656	9.809672E-6	1.0488844282008358E-6
219.020836864	-4.115083E-5	1.1140283504573745E-6
219.018887168	-7.9133904E-5	1.1208763908143737E-6
219.016921088	1.9703213E-5	1.0683476148187765E-6
219.014971392	1.1704806E-4	9.646281569075654E-7
219.013021696	-1.0713885E-4	8.250859195868543E-7
219.011072	-1.6326668E-4	6.685435209874413E-7
219.00910592	4.358704E-5	5.13157374371076E-7
219.007156224	-4.3631684E-5	3.7313088796508964E-7
219.005206528	2.6857299E-5	2.5701780259623774E-7
219.003240448	3.8273698E-5	1.6770762556461705E-7
219.001290752	7.642985E-5	1.0366492375624148E-7
218.999341056	1.2227638E-4	6.070160196713914E-8
218.997374976	-2.3013738E-5	3.367118495134491E-8
218.99542528	-3.3211465E-5	1.769335433721153E-8
218.993475584	1.3422774E-4	8.80742145881186E-9
218.991525888	2.3808118E-4	4.153150712227216E-9
218.989559808	1.428539E-5	1.8552265279581093E-9
218.987610112	1.0866408E-4	7.850666228215175E-10
218.985660416	2.0714829E-4	3.1470712147374513E-10
218.983694336	5.664115E-7	0.0
218.98174464	2.3229331E-5	0.0
218.979794944	8.093041E-5	0.0
218.977828864	6.643688E-5	0.0
218.975879168	8.4940584E-5	0.0
218.973929472	-4.2229585E-5	0.0
218.971963392	1.9510067E-4	0.0
218.970013696	2.040503E-4	0.0
218.968064	1.0602449E-4	0.0
218.966114304	3.380621E-6	0.0
218.964148224	1.72406E-4	0.0
218.962198528	-6.618811E-5	0.0
218.960248832	2.3129534E-5	0.0
218.958282752	5.204032E-5	0.0
218.956333056	6.550733E-5	0.0
218.95438336	6.762728E-5	0.0
218.95241728	4.4887864E-5	0.0
218.950467584	1.1493854E-4	0.0
218.948517888	4.3729633E-5	0.0
218.946568192	-7.839718E-5	0.0
218.944602112	-6.2795036E-5	0.0
218.942652416	-7.8137644E-5	0.0
218.94070272	-4.4019675E-5	1.5658015162234307E-10
218.93873664	-6.1335595E-6	3.943417814511463E-10
218.936786944	9.258325E-5	9.407475909384289E-10
218.934837248	-4.161278E-5	2.125884135395495E-9
218.932871168	-1.965309E-6	4.550654519874797E-9
218.930921472	8.72247E-5	9.22725895691201E-9
218.928971776	6.787596E-5	1.7723012391002158E-8
218.92702208	-4.8823524E-5	3.224543121405077E-8
218.925056	3.633234E-5	5.557332016792316E-8
218.923106304	6.933748E-5	9.072534368215202E-8
218.921156608	3.0319305E-4	1.4029970429874083E-7
218.919190528	1.0707191E-4	2.0551827617509844E-7
218.917240832	-1.3810539E-4	2.851743374776561E-7
218.915291136	1.2103461E-5	3.748309893580881E-7
218.913325056	7.604068E-5	4.6668807840433146E-7
218.91137536	2.0171356E-6	5.504077762452653E-7
218.909425664	1.4240702E-4	6.149072646621789E-7
218.907475968	1.7928539E-4	6.50731692530826E-7
218.905509888	2.3310678E-4	6.523218303300382E-7
218.903560192	3.2493548E-4	6.194260890879377E-7
218.901610496	1.5520031E-4	5.571660608438833E-7
218.899644416	2.0812929E-4	4.747302853047586E-7
218.89769472	2.1446077E-4	3.831562196410232E-7
218.895745024	2.3674246E-4	2.9293482839420903E-7
218.893778944	2.281639E-4	2.1214461298768583E-7
218.891829248	1.923664E-4	1.4553141625128774E-7
218.889879552	7.070309E-5	1.7239418070857937E-7
218.887929856	9.738864E-5	2.471213917942805E-7
218.885963776	1.20699544E-4	4.6829097755107796E-7
218.88401408	9.317842E-5	9.752310461408342E-7
218.882064384	5.8976802E-6	1.987090399779845E-6
218.880098304	-8.2021754E-5	3.877934432239272E-6
218.878148608	-7.36612E-5	7.1909703365236055E-6
218.876198912	-8.999772E-5	1.2644251000892837E-5
218.874232832	1.2620457E-4	2.1071913579362445E-5
218.872283136	1.3943712E-4	3.3279837225563824E-5
218.87033344	2.1616751E-4	4.9813803343568E-5
218.868383744	1.5712556E-4	7.06774735590443E-5
218.866417664	8.877621E-6	9.50806715991348E-5
218.864467968	8.086874E-5	1.2132656411267817E-4
218.862518272	4.0301566E-5	1.4692486729472876E-4
218.860552192	1.0237577E-4	1.6895486623980105E-4
218.858602496	1.9335802E-4	1.8461036961525679E-4
218.8566528	1.633951E-4	1.9178472575731575E-4
218.85468672	6.398053E-5	1.89527592738159E-4
218.852737024	2.1555679E-4	1.7824411042965949E-4
218.850787328	1.6444927E-4	1.5958226867951453E-4
218.848821248	-5.548849E-6	1.360492897219956E-4
218.846871552	-1.02591395E-4	1.1047362932004035E-4
218.844921856	5.6570498E-6	8.546530443709344E-5
218.84297216	-3.9256287E-5	6.301271787378937E-5
218.84100608	1.2919065E-4	4.4292304664850235E-5
218.839056384	1.8812352E-4	2.9692837415495887E-5
218.837106688	3.780907E-5	1.899096241686493E-5
218.835140608	6.4420055E-5	1.1591377187869512E-5
218.833190912	-5.752592E-5	6.752877197868656E-6
218.831241216	-1.2790985E-4	3.7551933473878307E-6
218.829275136	-6.927443E-5	1.993067144212546E-6
218.82732544	3.9182014E-5	1.0094146318806452E-6
218.825375744	8.2045204E-5	4.876749812865455E-7
218.823426048	7.4323114E-5	2.2466169014023762E-7
218.821459968	-4.8818278E-5	7.562739057220824E-8
218.819510272	1.1305173E-4	3.287931704676339E-8
218.817560576	2.2101303E-4	1.353989009800216E-8
218.815594496	2.924128E-5	0.0
218.8136448	8.5942935E-5	0.0
218.811695104	2.0141547E-4	0.0
218.809729024	8.5048305E-6	0.0
218.807779328	1.5527978E-5	0.0
218.805829632	-1.13097114E-4	0.0
218.803879936	2.5407535E-5	0.0
218.801913856	3.309758E-5	0.0
218.79996416	1.9992964E-4	0.0
218.798014464	1.2055254E-4	0.0
218.796048384	1.8477417E-4	0.0
218.794098688	6.552162E-5	0.0
218.792148992	-1.07753905E-4	0.0
218.790182912	-9.890508E-5	0.0
218.788233216	1.2809724E-5	0.0
218.78628352	1.5607607E-4	0.0
218.784333824	1.2957497E-4	0.0
218.782367744	8.4354855E-5	0.0
218.780418048	8.582E-5	0.0
218.778468352	1.3799063E-4	0.0
218.776502272	2.5181257E-4	0.0
218.774552576	2.9752504E-5	0.0
218.77260288	5.9602266E-5	0.0
218.7706368	4.831008E-5	0.0
218.768687104	1.4736253E-4	0.0
218.766737408	1.3992997E-4	0.0
218.764787712	1.0253347E-4	0.0
218.762821632	9.0268215E-5	0.0
218.760871936	8.991415E-5	0.0
218.75892224	1.5263131E-4	0.0
218.75695616	2.7726E-4	0.0
218.755006464	2.7027173E-4	0.0
218.753056768	2.7243127E-4	0.0
218.751090688	3.1260037E-4	0.0
218.749140992	3.704278E-4	0.0
218.747191296	2.521564E-4	0.0
218.7452416	1.5400437E-4	0.0
218.74327552	7.54758E-5	0.0
218.741325824	1.8156285E-4	0.0
218.739376128	7.447051E-5	0.0
218.737410048	1.5108136E-4	0.0
218.735460352	-8.402989E-6	0.0
218.733510656	5.02338E-5	0.0
218.731544576	5.7882637E-5	0.0
218.72959488	6.2325584E-5	0.0
218.727645184	4.0804684E-5	0.0
218.725679104	-1.7370177E-5	0.0
218.723729408	-1.8232538E-5	0.0
218.721779712	-7.4172494E-6	0.0
218.719830016	-3.3831268E-5	0.0
218.717863936	8.219315E-5	0.0
218.71591424	1.470074E-4	0.0
218.713964544	4.716259E-5	0.0
218.711998464	3.7517304E-5	1.1332459415314133E-8
218.710048768	1.638897E-4	2.7827748994013746E-8
218.708099072	1.0876783E-4	6.472138380786419E-8
218.706132992	3.4079414E-5	1.42571053629581E-7
218.704183296	2.6970658E-5	2.9746152563348005E-7
218.7022336	-4.620567E-5	5.878158617633744E-7
218.700283904	9.7710836E-5	1.1001700386259472E-6
218.698317824	-6.0525963E-5	1.950207433765172E-6
218.696368128	-1.3387883E-4	3.2741434097260935E-6
218.694418432	-1.3441895E-4	5.206036803429015E-6
218.692452352	3.0085866E-6	7.839781574148219E-6
218.690502656	5.5756893E-5	1.1181180525454693E-5
218.68855296	-6.3094725E-5	1.5102996258065104E-5
218.68658688	-1.4845369E-5	1.9321627405588515E-5
218.684637184	5.7432677E-5	2.3412439986714162E-5
218.682687488	4.964524E-6	2.6871606678469107E-5
218.680737792	4.1788713E-5	2.921495251939632E-5
218.678771712	5.85628E-6	3.0088222047197632E-5
218.676822016	6.151842E-5	2.9354418074944988E-5
218.67487232	9.32905E-5	2.7128853616886772E-5
218.67290624	-1.5535392E-4	2.3749578758724965E-5
218.670956544	-5.0459115E-5	1.9693612557603046E-5
218.669006848	-4.8776245E-5	1.546750354464166E-5
218.667040768	-3.8937927E-5	1.1505869224492926E-5
218.665091072	-3.831579E-5	8.106127097562421E-6
218.663141376	-7.53136E-5	5.408723154687323E-6
218.66119168	-8.0066675E-5	3.4179133763245773E-6
218.6592256	9.024818E-5	2.04559955818695E-6
218.657275904	2.3262975E-5	1.159508769887907E-6
218.655326208	7.175062E-6	6.224902904250484E-7
218.653360128	6.910033E-5	3.165181681197282E-7
218.651410432	-2.6162284E-5	1.5243070095039002E-7
218.649460736	-2.6958543E-5	6.952860331921329E-8
218.647494656	-2.4571193E-5	3.003793835887336E-8
218.64554496	-7.259393E-5	1.2291043738343888E-8
218.643595264	3.6858903E-5	0.0
218.641645568	-5.1278206E-5	0.0
218.639679488	1.3240491E-4	0.0
218.637729792	1.4094287E-4	0.0
218.635780096	7.240961E-5	0.0
218.633814016	-2.2748573E-6	0.0
218.63186432	2.8229704E-5	0.0
218.629914624	-6.0659717E-5	0.0
218.627948544	-6.7814166E-5	0.0
218.625998848	-1.1465468E-4	0.0
218.624049152	5.3089003E-5	0.0
218.622099456	3.3428827E-5	0.0
218.620133376	1.3632039E-4	0.0
218.61818368	4.614013E-5	0.0
218.616233984	1.09528606E-4	2.1204731026625012E-10
218.614267904	1.2229031E-4	5.254635060403245E-10
218.612318208	3.49939E-5	1.2332430632255864E-9
218.610368512	-2.9315823E-5	2.741266325045899E-9
218.608402432	1.2132066E-4	5.7709872436362275E-9
218.606452736	4.7403955E-6	1.1506543273753778E-8
218.60450304	1.556587E-4	2.172876101269594E-8
218.602553344	-6.152602E-5	3.886174937406395E-8
218.600587264	-5.574405E-5	6.582727962722856E-8
218.598637568	1.609089E-5	1.056052170156363E-7
218.596687872	1.3480755E-4	1.6045770223627187E-7
218.594721792	1.2433634E-4	2.3090396439329197E-7
218.592772096	2.696558E-5	3.1470105454900477E-7
218.5908224	8.9084475E-5	4.0621978314447915E-7
218.58885632	4.500732E-5	4.966155984220677E-7
218.586906624	-3.43769E-5	5.750114837610454E-7
218.584956928	-6.8551635E-5	6.30565409664996E-7
218.582990848	1.6540253E-5	6.549097406605142E-7
218.581041152	5.858128E-6	6.442149356189475E-7
218.579091456	-6.0603612E-5	6.001750421091856E-7
218.57714176	-3.7187863E-5	5.295691494211496E-7
218.57517568	-1.4137542E-5	4.425521069606475E-7
218.573225984	7.867166E-6	3.5026997124987247E-7
218.571276288	2.652505E-5	2.6256546448166773E-7
218.569310208	1.2235138E-4	1.8640953669546434E-7
218.567360512	1.12599075E-4	1.2534138704722864E-7
218.565410816	7.011745E-5	7.982089300639927E-8
218.563444736	-6.726647E-5	4.814314280565668E-8
218.56149504	-9.8970806E-5	2.7500979271621873E-8
218.559545344	-4.7708912E-5	1.4878471787937997E-8
218.557595648	-1.923224E-5	7.623675024603926E-9
218.555629568	7.402995E-5	3.6997009900119338E-9
218.553679872	1.2503186E-4	1.700455332098727E-9
218.551730176	5.0126408E-5	7.402189416971794E-10
218.549764096	-6.6836525E-5	3.051801589215586E-10
218.5478144	-1.2153736E-4	0.0
218.545864704	-8.890766E-5	0.0
218.543898624	-7.182474E-5	0.0
218.541948928	-3.1338546E-5	0.0
218.539999232	-6.573148E-5	0.0
218.538049536	-1.0743697E-4	0.0
218.536083456	-3.980774E-5	0.0
218.53413376	-1.889209E-5	0.0
218.532184064	1.5301639E-4	0.0
218.530217984	7.3988565E-5	0.0
218.528268288	1.5639955E-5	0.0
218.526318592	2.367983E-5	0.0
218.524352512	4.0626786E-5	0.0
218.522402816	9.484265E-5	0.0
218.52045312	7.106011E-5	0.0
218.518503424	5.659063E-5	0.0
218.516537344	6.0623097E-5	6.274893105118196E-11
218.514587648	7.4730815E-5	1.5377042694719734E-10
218.512637952	4.956207E-5	3.56871698858896E-10
218.510671872	4.9825256E-5	7.843843352617341E-10
218.508722176	3.8153325E-5	1.6327519336556406E-9
218.50677248	2.6177026E-5	3.2187337239975022E-9
218.5048064	1.695712E-4	6.009330810741176E-9
218.502856704	9.3901785E-5	1.0625322843793583E-8
218.500907008	-2.2494452E-5	1.779228497866825E-8
218.498957312	-3.683989E-5	2.8216133429737056E-8
218.496991232	7.616178E-5	4.2377745756994045E-8
218.495041536	4.7719637E-5	6.027709531508663E-8
218.49309184	3.5051147E-5	8.119744876466939E-8
218.49112576	-1.5089136E-5	1.0852249232584654E-7
218.489176064	-4.8402588E-5	1.371269462424607E-7
218.487226368	2.4601104E-6	1.707128802763691E-7
218.485260288	3.8269012E-5	2.1503640823539172E-7
218.483310592	5.5633354E-6	2.825935325745377E-7
218.481360896	2.4379835E-5	3.954724263621756E-7
218.4794112	1.1776785E-5	5.872899464520742E-7
218.47744512	1.2370537E-4	9.027232863445533E-7
218.475495424	2.2559991E-4	1.392950593981368E-6
218.473545728	1.9754213E-4	2.105741941704764E-6
218.471579648	1.6322729E-4	3.0704657092428533E-6
218.469629952	1.5830988E-4	4.280625034880359E-6
218.467680256	1.9562224E-4	5.679116384271765E-6
218.465714176	1.1524137E-4	7.152927082643146E-6
218.46376448	2.3339433E-4	8.542638170183636E-6
218.461814784	1.5691612E-4	9.668226084613707E-6
218.459848704	7.9497135E-5	1.0366249625803903E-5
218.457899008	1.3640433E-4	1.0528223356232047E-5
218.455949312	1.1820488E-4	1.0127791028935462E-5
218.453999616	9.1321366E-5	9.227459486282896E-6
218.452033536	1.295438E-4	7.962370546010789E-6
218.45008384	1.16148636E-4	6.507052148663206E-6
218.448134144	1.0193057E-4	5.036123639001744E-6
218.446168064	1.8437303E-4	3.6912763334839838E-6
218.444218368	1.01240796E-4	2.5622248358558863E-6
218.442268672	1.088699E-4	1.6842891454871278E-6
218.440302592	-4.042333E-6	1.0485163102202932E-6
218.438352896	1.8820843E-5	6.181512617331464E-7
218.4364032	8.007432E-5	3.451277450494672E-7
218.434453504	7.146155E-5	1.824850102138953E-7
218.432487424	8.41597E-5	9.137784928725523E-8
218.430537728	3.884866E-5	4.333335823503148E-8
218.428588032	2.5446466E-4	1.9461339206827688E-8
218.426621952	1.6656533E-4	8.277355689756405E-9
218.424672256	4.0154067E-5	3.3341085448057584E-9
218.42272256	1.4842946E-5	0.0
218.42075648	3.2083837E-5	0.0
218.418806784	3.6248377E-5	0.0
218.416857088	-9.3862036E-7	0.0
218.414907392	3.8751874E-5	0.0
218.412941312	4.4066524E-5	0.0
218.410991616	6.714065E-5	0.0
218.40904192	-1.06967855E-5	0.0
218.40707584	-1.5867008E-5	0.0
218.405126144	7.673923E-5	0.0
218.403176448	-4.5735353E-5	0.0
218.401210368	-1.5411191E-5	0.0
218.399260672	-1.09029854E-4	0.0
218.397310976	-4.9127673E-5	0.0
218.39536128	6.816383E-5	0.0
218.3933952	6.693566E-5	0.0
218.391445504	1.06118554E-4	0.0
218.389495808	7.88505E-6	0.0
218.387529728	-5.8220794E-5	0.0
218.385580032	5.2238574E-5	0.0
218.383630336	2.3404304E-5	0.0
218.381664256	1.1242889E-4	0.0
218.37971456	-2.6920912E-5	0.0
218.377764864	-2.0981206E-5	0.0
218.375815168	1.8393085E-4	0.0
218.373849088	7.6058954E-5	0.0
218.371899392	3.299253E-5	0.0
218.369949696	1.0702847E-4	3.831383654784304E-9
218.367983616	3.7448117E-6	9.439456327697826E-9
218.36603392	-1.2311139E-4	2.2023337820087363E-8
218.364084224	-1.650446E-4	4.8658904461262864E-8
218.362118144	-8.0192185E-6	1.0180826848227298E-7
218.360168448	3.4640638E-5	2.017175262380988E-7
218.358218752	-1.4024903E-5	3.78482582163997E-7
218.356269056	5.4686716E-5	6.724902164023661E-7
218.354302976	-1.0063838E-4	1.3755675354332197E-6
218.35235328	-6.850736E-5	2.406089379292098E-6
218.350403584	1.2348592E-4	4.131945388508029E-6
218.348437504	5.7251476E-5	7.014894890744472E-6
218.346487808	1.280172E-5	1.1821715816040523E-5
218.344538112	2.9459006E-5	1.977270221686922E-5
218.342572032	5.1515737E-5	3.2679377909516916E-5
218.340622336	3.799756E-5	5.298534233588725E-5
218.33867264	1.2364305E-4	8.358484046766534E-5
218.336722944	1.3506095E-4	1.273055822821334E-4
218.334756864	1.9851903E-4	1.860298652900383E-4
218.332807168	2.180564E-4	2.596102422103286E-4
218.330857472	1.8981725E-4	3.4494561259634793E-4
218.328891392	4.0050718E-4	4.356619610916823E-4
218.326941696	5.549774E-4	5.227082292549312E-4
218.324992	6.242195E-4	5.958373076282442E-4
218.32302592	5.4032804E-4	6.45564345177263E-4
218.321076224	6.3068507E-4	6.650614668615162E-4
218.319126528	6.35918E-4	6.515099667012691E-4
218.317160448	5.346955E-4	6.066567730158567E-4
218.315210752	5.555984E-4	5.364906974136829E-4
218.313261056	3.4369752E-4	4.5007598237134516E-4
218.31131136	2.8410245E-4	3.577614261303097E-4
218.30934528	1.6050841E-4	2.691744011826813E-4
218.307395584	1.01650854E-4	1.9155275367666036E-4
218.305445888	1.8236018E-4	1.288851781282574E-4
218.303479808	1.483961E-4	8.198946306947619E-5
218.301530112	2.2370004E-6	4.93195911985822E-5
218.299580416	6.9957845E-5	2.8063983336323872E-5
218.297614336	2.465136E-4	1.5109951164049562E-5
218.29566464	1.4349431E-4	7.699746674916241E-6
218.293714944	9.81937E-5	3.7143884128454374E-6
218.291765248	-4.3752007E-6	1.6965021814030479E-6
218.289799168	-2.3500463E-5	7.336961971304845E-7
218.287849472	-1.8122744E-5	3.0046643928471894E-7
218.285899776	4.7647998E-5	0.0
218.283933696	4.5992063E-5	0.0
218.281984	-3.8155435E-5	0.0
218.280034304	-1.5291662E-5	0.0
218.278068224	-7.521491E-5	0.0
218.276118528	8.145544E-6	0.0
218.274168832	-5.17367E-5	0.0
218.272219136	-1.0456271E-5	0.0
218.270253056	4.1785817E-5	0.0
218.26830336	1.5585325E-4	0.0
218.266353664	8.5280124E-5	0.0
218.264387584	-1.837462E-4	0.0
218.262437888	-6.368455E-5	0.0
218.260488192	1.2644328E-4	0.0
218.258522112	9.153493E-5	0.0
218.256572416	9.9421195E-5	0.0
218.25462272	7.0551636E-5	0.0
218.252673024	1.296243E-4	0.0
218.250706944	1.8852638E-4	0.0
218.248757248	-8.4724474E-5	0.0
218.246807552	-7.00419E-5	0.0
218.244841472	-1.0259338E-4	0.0
218.242891776	-9.679279E-6	0.0
218.24094208	9.2940805E-5	0.0
218.238976	-1.7420827E-7	0.0
218.237026304	-7.0346825E-5	0.0
218.235076608	-1.8902523E-5	0.0
218.233126912	1.202448E-4	0.0
218.231160832	2.5149097E-4	0.0
218.229211136	2.621015E-4	0.0
218.22726144	3.0330312E-4	0.0
218.22529536	3.3202337E-4	0.0
218.223345664	3.5091027E-4	0.0
218.221395968	4.0743913E-4	0.0
218.219429888	4.6100578E-4	0.0
218.217480192	5.24469E-4	0.0
218.215530496	4.8319797E-4	0.0
218.2135808	5.496331E-4	0.0
218.21161472	5.4479373E-4	0.0
218.209665024	4.1284505E-4	0.0
218.207715328	2.6087774E-4	0.0
218.205749248	1.9342153E-4	0.0
218.203799552	1.6658724E-4	0.0
218.201849856	2.6556227E-4	0.0
218.199883776	1.8153434E-5	0.0
218.19793408	2.3174251E-4	0.0
218.195984384	6.5732725E-5	0.0
218.194018304	1.8828371E-4	0.0
218.192068608	7.982155E-6	0.0
218.190118912	7.381151E-5	0.0
218.188169216	2.1095031E-5	0.0
218.186203136	3.5327153E-5	0.0
218.18425344	-1.062431E-5	0.0
218.182303744	1.6856218E-5	0.0
218.180337664	1.4166639E-4	0.0
218.178387968	1.2697178E-4	0.0
218.176438272	6.0392784E-5	0.0
218.174472192	3.580527E-5	0.0
218.172522496	-5.620429E-5	0.0
218.1705728	1.11887515E-4	0.0
218.168623104	1.6192673E-4	0.0
218.166657024	-1.0981741E-5	0.0
218.164707328	-8.376558E-5	0.0
218.162757632	1.1950753E-5	0.0
218.160791552	2.3149143E-4	0.0
