234.319003648	-9.2283256E-7	0.0
234.320986112	-2.8198241E-5	0.0
234.322952192	8.267772E-6	0.0
234.324918272	7.751024E-5	0.0
234.326900736	7.0127935E-5	0.0
234.328866816	6.780436E-5	0.0
234.33084928	1.15770934E-4	0.0
234.33281536	1.0754955E-4	0.0
234.33478144	1.0057379E-4	0.0
234.336763904	5.7118494E-5	0.0
234.338729984	-3.8957925E-5	0.0
234.340712448	-1.9522528E-5	0.0
234.342678528	-5.6668114E-6	0.0
234.344644608	-1.0777959E-6	0.0
234.346627072	3.2957505E-5	0.0
234.348593152	3.405224E-5	0.0
234.350575616	2.0508864E-5	0.0
234.352541696	3.0737137E-5	0.0
234.354507776	-1.0912759E-5	0.0
234.35649024	2.2749684E-5	0.0
234.35845632	6.103948E-5	0.0
234.360438784	6.129251E-5	0.0
234.362404864	1.6669354E-6	0.0
234.364370944	-2.9599878E-5	0.0
234.366353408	1.2520729E-5	0.0
234.368319488	-1.7096465E-5	0.0
234.370301952	3.012103E-5	0.0
234.372268032	5.3698495E-5	0.0
234.374234112	4.283341E-6	0.0
234.376216576	7.0931856E-5	0.0
234.378182656	4.25951E-5	0.0
234.38016512	-3.994851E-5	0.0
234.3821312	-1.8282934E-5	0.0
234.38409728	-1.6725493E-5	0.0
234.386079744	-3.737872E-5	0.0
234.388045824	-1.86479E-5	0.0
234.390028288	7.6833894E-5	0.0
234.391994368	7.0811424E-5	0.0
234.393960448	3.9535153E-5	0.0
234.395942912	-4.6290952E-5	0.0
234.397908992	3.331525E-5	0.0
234.399891456	-1.9163397E-5	0.0
234.401857536	8.065798E-6	0.0
234.403823616	-4.0682935E-5	0.0
234.40580608	-2.4746309E-5	0.0
234.40777216	5.207699E-5	0.0
234.409754624	8.7537934E-5	0.0
234.411720704	1.5406307E-5	0.0
234.413686784	-9.2186674E-5	0.0
234.415669248	5.489635E-5	0.0
234.417635328	1.9059027E-5	0.0
234.419617792	9.659888E-6	0.0
234.421583872	8.6211556E-5	0.0
234.423549952	6.4809006E-5	0.0
234.425532416	-1.0868655E-5	0.0
234.427498496	6.1320213E-7	0.0
234.42948096	-1.2021997E-5	0.0
234.43144704	2.6729589E-5	0.0
234.43341312	6.06549E-5	0.0
234.435395584	2.4231993E-5	0.0
234.437361664	-4.779207E-5	0.0
234.439344128	-2.2987451E-6	0.0
234.441310208	3.6258454E-5	0.0
234.443276288	-1.528378E-5	0.0
234.445258752	7.762907E-6	0.0
234.447224832	-7.496147E-6	0.0
234.449207296	2.4288353E-5	0.0
234.451173376	1.2060052E-5	0.0
234.453139456	-4.8460486E-5	0.0
234.45512192	-5.3323758E-5	0.0
234.457088	7.4000045E-6	0.0
234.459070464	-4.53071E-5	0.0
234.461036544	-2.2722097E-5	0.0
234.463002624	-1.6663247E-5	0.0
234.464985088	-1.7214186E-5	0.0
234.466951168	-1.308469E-5	0.0
234.468933632	1.9674173E-5	0.0
234.470899712	3.139204E-5	0.0
234.472865792	4.065789E-5	0.0
234.474848256	6.0014718E-5	0.0
234.476814336	3.2148644E-5	0.0
234.4787968	2.047861E-6	0.0
234.48076288	-3.4141864E-5	0.0
234.48272896	2.092048E-6	0.0
234.484711424	1.4562355E-5	0.0
234.486677504	-5.8420654E-5	0.0
234.488659968	-6.872117E-5	0.0
234.490626048	-3.092882E-5	0.0
234.492592128	2.84649E-7	0.0
234.494574592	-1.9551195E-5	0.0
234.496540672	-3.1858595E-5	0.0
234.498523136	-1.5288091E-5	0.0
234.500489216	1.9199766E-5	0.0
234.502455296	5.033586E-5	0.0
234.50443776	1.9092387E-5	0.0
234.50640384	4.6472363E-5	0.0
234.508386304	9.809126E-5	0.0
234.510352384	3.3601427E-5	0.0
234.512318464	2.2686776E-5	0.0
234.514300928	4.8230337E-5	0.0
234.516267008	3.3075106E-5	0.0
234.518249472	1.31749175E-5	0.0
234.520215552	-3.003116E-6	0.0
234.522181632	3.1903088E-5	0.0
234.524164096	2.2029684E-5	0.0
234.526130176	-4.1604024E-5	0.0
234.52811264	-4.8132762E-5	0.0
234.53007872	1.24342905E-5	0.0
234.532061184	6.1400584E-5	0.0
234.534027264	1.6008342E-5	0.0
234.535993344	-2.4597573E-5	0.0
234.537975808	3.016742E-6	0.0
234.539941888	3.2541422E-5	0.0
234.541924352	5.360722E-5	0.0
234.543890432	-3.883809E-6	0.0
234.545856512	-2.9156197E-5	0.0
234.547838976	1.4279837E-5	0.0
234.549805056	5.355708E-6	0.0
234.55178752	-6.8308975E-7	0.0
234.5537536	-1.941127E-5	0.0
234.55571968	2.3823004E-6	0.0
234.557702144	-1.3981579E-5	0.0
234.559668224	-2.4104384E-6	0.0
234.561650688	-6.683561E-6	0.0
234.563616768	-1.716313E-5	0.0
234.565582848	-1.2699319E-5	0.0
234.567565312	-1.8445719E-5	0.0
234.569531392	4.0907602E-5	0.0
234.571513856	3.8694052E-5	0.0
234.573479936	-9.915909E-6	0.0
234.575446016	-7.6582655E-5	0.0
234.57742848	-1.0083874E-4	0.0
234.57939456	-2.5229174E-5	0.0
234.581377024	5.659584E-5	0.0
234.583343104	-1.9971629E-5	0.0
234.585309184	5.66913E-5	0.0
234.587291648	4.9170107E-5	0.0
234.589257728	7.894222E-5	0.0
234.591240192	5.1266623E-5	0.0
234.593206272	2.5423133E-6	0.0
234.595172352	6.483232E-7	0.0
234.597154816	-3.459086E-5	0.0
234.599120896	-1.6578588E-5	0.0
234.60110336	-1.05943445E-5	0.0
234.60306944	1.9715093E-5	0.0
234.60503552	3.6608988E-5	0.0
234.607017984	6.7200745E-5	0.0
234.608984064	3.852082E-5	0.0
234.610966528	-4.148439E-6	0.0
234.612932608	5.6782947E-6	0.0
234.614898688	2.9648128E-5	0.0
234.616881152	9.256501E-5	0.0
234.618847232	3.5512283E-5	0.0
234.620829696	-7.292727E-5	0.0
234.622795776	1.3076103E-5	0.0
234.624761856	3.2711745E-5	0.0
234.62674432	-9.815835E-6	0.0
234.6287104	4.085277E-5	0.0
234.630692864	7.8844736E-5	0.0
234.632658944	1.5416562E-4	0.0
234.634625024	5.1419396E-5	0.0
234.636607488	5.073254E-5	0.0
234.638573568	1.2763797E-5	0.0
234.640556032	-2.0236783E-5	0.0
234.642522112	2.5646963E-5	0.0
234.644488192	6.668319E-5	0.0
234.646470656	8.033727E-5	0.0
234.648436736	7.414803E-5	0.0
234.6504192	3.2171978E-5	0.0
234.65238528	7.7592185E-6	0.0
234.65435136	-4.4940956E-5	0.0
234.656333824	-9.756197E-5	0.0
234.658299904	-1.7519573E-5	0.0
234.660282368	2.0574573E-5	0.0
234.662248448	7.4598856E-6	0.0
234.664214528	-2.6191892E-5	0.0
234.666196992	-6.681593E-6	0.0
234.668163072	3.3882257E-5	0.0
234.670145536	6.3700636E-6	0.0
234.672111616	-5.296014E-5	0.0
234.674077696	-4.7394962E-5	0.0
234.67606016	4.1336527E-5	0.0
234.67802624	1.0671184E-4	0.0
234.680008704	8.494212E-5	0.0
234.681974784	5.4786426E-5	0.0
234.683940864	6.54178E-5	0.0
234.685923328	1.2320596E-5	0.0
234.687889408	1.9822384E-5	0.0
234.689871872	-2.2539933E-5	0.0
234.691837952	-5.5932345E-5	0.0
234.693804032	-1.1842193E-5	0.0
234.695786496	1.9059595E-5	0.0
234.697752576	4.7295274E-5	0.0
234.69973504	3.8524573E-5	0.0
234.70170112	4.093279E-5	0.0
234.7036672	4.716876E-5	0.0
234.705649664	1.66765E-5	0.0
234.707615744	-3.2541193E-5	0.0
234.709598208	-4.823429E-5	0.0
234.711564288	-7.484673E-6	0.0
234.713530368	1.8451048E-5	0.0
234.715512832	3.8557606E-5	0.0
234.717478912	5.019174E-5	0.0
234.719461376	2.598389E-5	0.0
234.721427456	1.8977515E-5	0.0
234.723393536	4.650747E-5	0.0
234.725376	1.9967423E-5	0.0
234.72734208	-1.2985035E-5	0.0
234.729324544	-5.09411E-6	0.0
234.731290624	3.493914E-6	0.0
234.733256704	-2.0031375E-6	0.0
234.735239168	-3.1237043E-5	0.0
234.737205248	-5.625554E-5	0.0
234.739187712	-1.1545989E-5	0.0
234.741153792	-4.104907E-6	0.0
234.743119872	-7.0611866E-5	0.0
234.745102336	-3.420268E-5	0.0
234.747068416	2.1665508E-5	0.0
234.74905088	8.14515E-6	0.0
234.75101696	2.6584506E-5	0.0
234.75298304	5.491083E-5	0.0
234.754965504	3.239193E-5	0.0
234.756931584	2.9527391E-5	0.0
234.758914048	6.5164626E-5	0.0
234.760880128	2.2501625E-5	0.0
234.762846208	3.6451507E-5	0.0
234.764828672	2.1888683E-5	0.0
234.766794752	4.727371E-5	0.0
234.768777216	-3.5886196E-6	0.0
234.770743296	-5.050019E-5	0.0
234.772709376	-6.544836E-5	0.0
234.77469184	-3.4091514E-5	0.0
234.77665792	1.537831E-5	0.0
234.778640384	1.1275383E-5	0.0
234.780606464	-7.2951925E-6	0.0
234.782572544	-2.5006962E-5	0.0
234.784555008	-4.104776E-5	0.0
234.786521088	-4.037043E-5	0.0
234.788503552	8.9945015E-6	0.0
234.790469632	3.7112462E-5	0.0
234.792435712	4.6307578E-5	0.0
234.794418176	3.4617187E-5	0.0
234.796384256	-5.829189E-5	0.0
234.79836672	-5.0217213E-6	0.0
234.8003328	1.0629436E-6	0.0
234.80229888	-4.2491676E-5	0.0
234.804281344	-1.5600015E-5	0.0
234.806247424	8.0662445E-5	0.0
234.808229888	5.6241828E-5	0.0
234.810195968	1.8650067E-5	0.0
234.812162048	-3.902439E-6	0.0
234.814144512	-1.1070469E-5	0.0
234.816110592	7.31222E-6	0.0
234.818093056	-9.695946E-6	0.0
234.820059136	-1.622378E-5	0.0
234.822025216	3.080073E-5	0.0
234.82400768	-2.415697E-5	0.0
234.82597376	-1.1574478E-5	0.0
234.827956224	3.7911086E-5	0.0
234.829922304	7.841819E-5	0.0
234.831888384	8.078557E-5	0.0
234.833870848	3.4880422E-6	0.0
234.835836928	-4.0948933E-5	0.0
234.837819392	-2.5966898E-5	0.0
234.839785472	6.180753E-5	0.0
234.841767936	3.055422E-5	0.0
234.843734016	3.404166E-5	0.0
234.845700096	-1.8050279E-6	0.0
234.84768256	3.540543E-5	0.0
234.84964864	4.330599E-5	0.0
234.851631104	-3.348573E-5	0.0
234.853597184	-7.468109E-5	0.0
234.855563264	1.8054333E-6	0.0
234.857545728	1.7664168E-5	0.0
234.859511808	8.23859E-5	0.0
234.861494272	6.5244196E-5	0.0
234.863460352	-1.3246369E-5	0.0
234.865426432	8.6825355E-7	0.0
234.867408896	1.0527582E-5	0.0
234.869374976	-5.2407206E-5	0.0
234.87135744	-1.1264806E-5	0.0
234.87332352	1.2972202E-5	0.0
234.8752896	-2.8927761E-5	0.0
234.877272064	7.338812E-5	0.0
234.879238144	-1.9802037E-6	0.0
234.881220608	-3.6637743E-5	0.0
234.883186688	2.1768674E-5	0.0
234.885152768	5.953679E-5	0.0
234.887135232	2.012363E-5	0.0
234.889101312	-3.2510698E-6	0.0
234.891083776	2.7273825E-7	0.0
234.893049856	1.6983757E-5	0.0
234.895015936	3.1673342E-5	0.0
234.8969984	3.4742152E-5	0.0
234.89896448	5.161659E-5	0.0
234.900946944	1.333696E-5	0.0
234.902913024	1.2857264E-5	0.0
234.904879104	1.6952667E-5	0.0
234.906861568	4.45193E-5	0.0
234.908827648	4.5045526E-5	0.0
234.910810112	-1.6142576E-5	0.0
234.912776192	6.93958E-7	0.0
234.914742272	1.034059E-5	0.0
234.916724736	-2.7798565E-5	0.0
234.918690816	-4.450325E-5	0.0
234.92067328	1.1273557E-5	0.0
234.92263936	4.510519E-5	0.0
234.92460544	7.660396E-5	0.0
234.926587904	6.8713765E-5	0.0
234.928553984	4.4351335E-5	0.0
234.930536448	7.633254E-5	0.0
234.932502528	7.487327E-5	0.0
234.934468608	2.5453888E-5	0.0
234.936451072	-1.5969597E-5	0.0
234.938417152	4.3406826E-6	0.0
234.940399616	9.700226E-6	0.0
234.942365696	-3.5235553E-5	0.0
234.944331776	-3.0540872E-5	0.0
234.94631424	1.2562406E-5	0.0
234.94828032	2.2912003E-5	0.0
234.950262784	2.6054395E-5	0.0
234.952228864	7.559896E-5	0.0
234.954194944	1.0377908E-4	0.0
234.956177408	8.155874E-5	0.0
234.958143488	1.2236865E-5	0.0
234.960125952	8.961787E-7	0.0
234.962092032	1.0328066E-6	0.0
234.964058112	-2.4159153E-5	0.0
234.966040576	-1.2625897E-5	0.0
234.968006656	-2.1458274E-5	0.0
234.96998912	-4.1884992E-5	0.0
234.9719552	-3.8532376E-5	0.0
234.97392128	-1.5930733E-5	0.0
234.975903744	-2.7675627E-5	0.0
234.977869824	-3.590497E-5	0.0
234.979852288	-2.352289E-6	0.0
234.981818368	3.679109E-5	0.0
234.983784448	-8.644817E-6	0.0
234.985766912	-1.0568133E-5	0.0
234.987732992	1.1614872E-5	0.0
234.989715456	7.4039626E-6	0.0
234.991681536	9.464012E-6	0.0
234.993647616	2.0574755E-5	0.0
234.99563008	7.126756E-6	0.0
234.99759616	1.0093201E-4	0.0
234.999578624	9.612007E-5	0.0
235.001544704	5.1848394E-5	0.0
235.003510784	2.5727813E-5	0.0
235.005493248	-4.374383E-6	0.0
235.007459328	-6.244464E-6	0.0
235.009441792	-3.6042286E-7	0.0
235.011407872	1.8500728E-5	0.0
235.013373952	2.1699072E-5	0.0
235.015356416	3.5461926E-5	0.0
235.017322496	6.390187E-5	0.0
235.01930496	1.60174E-5	0.0
235.02127104	-2.9532866E-5	0.0
235.02323712	-9.446461E-5	0.0
235.025219584	-5.46881E-5	0.0
235.027185664	-9.814184E-6	0.0
235.029168128	-3.0539095E-6	0.0
235.031134208	3.00804E-6	0.0
235.033100288	4.556824E-5	0.0
235.035082752	1.8305333E-5	0.0
235.037048832	-3.722083E-5	0.0
235.039031296	1.8786739E-5	0.0
235.040997376	5.2798394E-5	0.0
235.042963456	8.270187E-6	0.0
235.04494592	-5.1250372E-5	0.0
235.046912	-4.4364857E-5	0.0
235.048894464	-9.348555E-6	0.0
235.050860544	-3.3859702E-5	0.0
235.052826624	1.613901E-5	0.0
235.054809088	2.3136328E-5	0.0
235.056775168	-9.173576E-6	0.0
235.058757632	-8.4921514E-5	0.0
235.060723712	-1.17514806E-4	0.0
235.062689792	-5.5235025E-5	0.0
235.064672256	5.989262E-6	0.0
235.066638336	-1.4406193E-5	0.0
235.0686208	2.3188679E-5	0.0
235.07058688	4.6092384E-5	0.0
235.07255296	-3.423789E-5	0.0
235.074535424	-5.246274E-5	0.0
235.076501504	-1.0488623E-4	0.0
235.078483968	-5.8380112E-5	0.0
235.080450048	-1.3846719E-5	0.0
235.082416128	-6.782875E-5	0.0
235.084398592	-8.403463E-5	0.0
235.086364672	-8.392661E-5	0.0
235.088347136	1.6504235E-5	0.0
235.090313216	-1.6488471E-5	0.0
235.092279296	-7.1092554E-6	0.0
235.09426176	-4.6163113E-5	0.0
235.09622784	-3.5490786E-5	0.0
235.098210304	2.1804457E-5	0.0
235.100176384	3.144877E-7	0.0
235.102142464	-4.9689053E-5	0.0
235.104124928	-4.459413E-5	0.0
235.106091008	-2.836936E-5	0.0
235.108073472	2.7059976E-5	0.0
235.110039552	-8.664657E-7	0.0
235.112005632	1.73489E-5	0.0
235.113988096	4.1707834E-5	0.0
235.115954176	-6.7576286E-7	0.0
235.11793664	-2.6375468E-5	8.177175381263169E-9
235.11990272	-5.1697592E-5	2.431595547136567E-8
235.1218688	-6.838941E-5	6.68000197379115E-8
235.123851264	8.942646E-6	1.6953448778167513E-7
235.125817344	5.64593E-5	3.9749610891703924E-7
235.127799808	5.7549012E-5	8.609855512986542E-7
235.129765888	3.251194E-5	1.7228196611540625E-6
235.131731968	2.0336845E-5	3.184602292094496E-6
235.133714432	-2.4782066E-6	5.437924301077146E-6
235.135680512	1.9854326E-5	8.57771829032572E-6
235.137662976	5.7230543E-5	1.2498870091803838E-5
235.139629056	2.4200663E-5	1.682480979070533E-5
235.141595136	8.475435E-6	2.0923711417708546E-5
235.1435776	6.7020655E-6	2.4042030418058857E-5
235.14554368	1.2663432E-5	2.5525703676976264E-5
235.147526144	1.9112986E-6	2.5042269044206478E-5
235.149492224	-1.5223916E-5	2.2701471607433632E-5
235.151474688	4.9806542E-5	1.9014942154171877E-5
235.153440768	7.141018E-5	1.471509676775895E-5
235.155406848	1.1639829E-5	1.0520229807298165E-5
235.157389312	-3.2941798E-6	6.9479642661463E-6
235.159355392	-2.2560596E-5	4.238849669491174E-6
235.161337856	-1.5027773E-6	2.388906295891502E-6
235.163303936	3.9254868E-5	1.2437036502888077E-6
235.165270016	1.3805707E-5	5.981511321806465E-7
235.16725248	1.3770906E-5	2.6575997935651685E-7
235.16921856	-1.6104883E-5	1.0908355818628479E-7
235.171201024	-2.1186259E-5	4.136412812272283E-8
235.173167104	-9.7587845E-6	1.4490465716221479E-8
235.175133184	9.650909E-6	0.0
235.177115648	-1.7253858E-5	0.0
235.179081728	-3.334779E-5	0.0
235.181064192	2.5029802E-5	0.0
235.183030272	4.0722618E-5	0.0
235.184996352	3.4201503E-6	0.0
235.186978816	-2.6304408E-5	0.0
235.188944896	-1.737027E-5	0.0
235.19092736	6.075933E-6	0.0
235.19289344	3.0483176E-5	0.0
235.19485952	5.4438235E-5	0.0
235.196841984	3.6817233E-5	0.0
235.198808064	2.3646926E-5	0.0
235.200790528	3.1621348E-5	0.0
235.202756608	3.0454778E-5	0.0
235.204722688	2.9983805E-5	0.0
235.206705152	3.6524136E-5	0.0
235.208671232	3.2247764E-5	0.0
235.210653696	2.5757608E-5	0.0
235.212619776	3.7014594E-5	0.0
235.214585856	1.3993368E-5	0.0
235.21656832	1.8119905E-5	0.0
235.2185344	9.141403E-6	0.0
235.220516864	-6.164443E-6	0.0
235.222482944	-3.439208E-5	0.0
235.224449024	1.666341E-5	0.0
235.226431488	2.6333122E-5	5.918279646736913E-13
235.228397568	7.032254E-5	1.290538531074914E-12
235.230380032	7.761788E-5	2.709723721447399E-12
235.232346112	1.9424935E-5	5.478399418140656E-12
235.234312192	7.835118E-5	1.0665064317794126E-11
235.236294656	1.14889044E-4	1.9991792943319098E-11
235.238260736	6.67892E-5	3.6084003840475276E-11
235.2402432	4.2264997E-5	6.271321656425854E-11
235.24220928	-5.5302058E-5	1.0494976415698076E-10
235.24417536	-2.8936027E-5	1.691138895587585E-10
235.246157824	-2.0944191E-5	2.6239638239999863E-10
235.248123904	-7.264892E-5	3.9202538437699275E-10
235.250106368	-9.5863325E-5	5.639581024396989E-10
235.252072448	-2.1418686E-5	7.811949975788934E-10
235.254038528	4.4250475E-5	1.0419577423093074E-9
235.256020992	7.538071E-5	1.3381891150743286E-9
235.257987072	1.7890006E-5	1.6548715731090624E-9
235.259969536	1.688866E-5	1.9705572729122878E-9
235.261935616	6.349254E-5	2.2593902304635094E-9
235.263901696	3.1382142E-6	2.4944348808730865E-9
235.26588416	-3.9324917E-5	2.6517406048753855E-9
235.26785024	8.260211E-5	2.714364288891602E-9
235.269832704	6.6337225E-6	2.675366372884014E-9
235.271798784	-1.6959164E-5	2.5390813895853626E-9
235.273764864	-5.0426275E-5	2.3203212684563823E-9
235.275747328	-1.9819438E-5	2.041726121504439E-9
235.277713408	-1.2437792E-5	1.7299173205032048E-9
235.279695872	5.7246667E-5	1.411339045631621E-9
235.281661952	1.328202E-4	1.1087021301037225E-9
235.283628032	6.059406E-5	8.386430438989123E-10
235.285610496	2.7690568E-5	6.108262229354011E-10
235.287576576	7.511035E-5	4.283860211007351E-10
235.28955904	2.8318942E-5	2.892891204364645E-10
235.29152512	-3.962099E-5	1.8810789037537745E-10
235.2934912	1.2057338E-5	1.1777656627742772E-10
235.295473664	3.08507E-5	7.100518090163987E-11
235.297439744	8.8851244E-5	4.121920166300086E-11
235.299422208	5.0897885E-5	2.3040161792331482E-11
235.301388288	2.2277016E-5	1.2400847709814755E-11
235.303354368	1.04538136E-4	6.426803967479744E-12
235.305336832	9.682219E-5	3.2071198995120564E-12
235.307302912	6.0441176E-5	1.5410458282724693E-12
235.309285376	1.697579E-5	7.130066394071821E-13
235.311251456	-1.5861598E-6	0.0
235.313217536	1.2772208E-5	0.0
235.3152	2.9107736E-5	0.0
235.31716608	4.6730594E-5	0.0
235.319148544	8.0980346E-5	0.0
235.321114624	4.429151E-5	0.0
235.323080704	1.1439645E-5	0.0
235.325063168	6.8714275E-5	0.0
235.327029248	5.06031E-5	0.0
235.329011712	7.234997E-5	0.0
235.330977792	5.5126788E-5	0.0
235.332943872	3.126874E-5	0.0
235.334926336	-1.7720553E-5	0.0
235.336892416	-7.93512E-6	0.0
235.33887488	4.4703665E-5	0.0
235.34084096	2.5293417E-5	0.0
235.34280704	-9.64755E-6	0.0
235.344789504	-3.9958115E-5	0.0
235.346755584	-3.6941616E-5	0.0
235.348738048	1.7640987E-5	0.0
235.350704128	3.994275E-5	0.0
235.352670208	4.405564E-5	0.0
235.354652672	5.781759E-6	0.0
235.356618752	-3.4382E-6	0.0
235.358601216	6.489108E-5	0.0
235.360567296	2.6188294E-5	0.0
235.362533376	-1.2192039E-5	0.0
235.36451584	7.477268E-6	0.0
235.36648192	3.1528158E-5	0.0
235.368464384	6.687283E-5	0.0
235.370430464	4.987118E-5	0.0
235.372396544	1.7544122E-5	0.0
235.374379008	3.82242E-5	0.0
235.376345088	1.6506126E-5	0.0
235.378327552	-1.6724009E-5	0.0
235.380293632	3.598263E-5	0.0
235.382259712	3.0702664E-5	0.0
235.384242176	7.900707E-6	0.0
235.386208256	4.2992404E-5	0.0
235.38819072	7.540791E-5	0.0
235.3901568	6.332701E-5	0.0
235.39212288	3.4621524E-5	0.0
235.394105344	3.772889E-5	0.0
235.396071424	3.5977697E-5	0.0
235.398053888	2.8550616E-5	0.0
235.400019968	4.7271984E-5	0.0
235.401986048	7.640512E-5	0.0
235.403968512	-2.3545419E-5	0.0
235.405934592	-7.377972E-5	0.0
235.407917056	-4.298059E-5	0.0
235.409883136	9.55958E-7	0.0
235.411849216	1.4476725E-5	0.0
235.41383168	-2.385572E-5	0.0
235.41579776	1.2217845E-5	0.0
235.417780224	8.9762136E-5	0.0
235.419746304	4.2079744E-5	0.0
235.421712384	-2.9284975E-5	0.0
235.423694848	-7.3660967E-6	0.0
235.425660928	7.019451E-5	0.0
235.427643392	9.2565126E-5	0.0
235.429609472	-2.9672913E-7	0.0
235.431575552	-8.091382E-6	0.0
235.433558016	2.7856606E-5	0.0
235.435524096	-4.510033E-5	0.0
235.43750656	-4.9839284E-5	0.0
235.43947264	-7.742358E-6	0.0
235.44143872	-2.5860152E-5	0.0
235.443421184	-9.632681E-6	0.0
235.445387264	-2.2471222E-6	0.0
235.447369728	1.2112264E-5	0.0
235.449335808	1.7856006E-5	0.0
235.451301888	-1.7384833E-5	0.0
235.453284352	-6.45049E-6	0.0
235.455250432	5.152403E-6	0.0
235.457232896	-3.090458E-5	0.0
235.459198976	-6.476972E-5	0.0
235.46118144	-8.604112E-6	0.0
235.46314752	-2.3902352E-5	0.0
235.4651136	5.358058E-6	0.0
235.467096064	1.6586999E-5	0.0
235.469062144	7.824109E-5	0.0
235.471044608	3.8415485E-5	0.0
235.473010688	3.2214724E-5	0.0
235.474976768	3.521127E-5	0.0
235.476959232	2.4875551E-5	0.0
235.478925312	-2.514573E-5	0.0
235.480907776	4.1536434E-5	0.0
235.482873856	2.521341E-5	0.0
235.484839936	-3.7744621E-6	0.0
235.4868224	5.7316058E-5	0.0
235.48878848	2.8561384E-5	0.0
235.490770944	2.8741362E-5	0.0
235.492737024	3.2360753E-5	0.0
235.494703104	2.848826E-5	0.0
235.496685568	-2.6041433E-5	0.0
235.498651648	-7.538103E-5	0.0
235.500634112	-7.825478E-5	0.0
235.502600192	-2.1324968E-6	0.0
235.504566272	5.032763E-5	0.0
235.506548736	5.432523E-5	0.0
235.508514816	-1.3328286E-5	0.0
235.51049728	-4.083311E-5	0.0
235.51246336	1.7966876E-6	0.0
235.51442944	6.289061E-5	0.0
235.516411904	7.151414E-6	0.0
235.518377984	-2.4437251E-5	0.0
235.520360448	1.4336997E-5	0.0
235.522326528	1.2143369E-5	0.0
235.524292608	7.396631E-5	0.0
235.526275072	5.7257494E-5	0.0
235.528241152	3.332275E-5	0.0
235.530223616	-1.6263259E-5	0.0
235.532189696	-7.662323E-6	0.0
235.534155776	3.0020956E-6	0.0
235.53613824	-4.1608535E-5	0.0
235.53810432	-5.1046856E-5	0.0
235.540086784	-1.3125941E-5	0.0
235.542052864	5.069581E-5	0.0
235.544018944	8.688886E-5	0.0
235.546001408	3.850482E-5	0.0
235.547967488	5.1041025E-5	0.0
235.549949952	5.347089E-5	0.0
235.551916032	7.4496376E-5	0.0
235.553882112	1.02959835E-4	0.0
235.555864576	5.3805205E-5	0.0
235.557830656	1.1876428E-5	0.0
235.55981312	-2.8712477E-5	0.0
235.5617792	-3.7978567E-5	0.0
235.56374528	3.6797683E-5	0.0
235.565727744	6.8998925E-5	0.0
235.567693824	5.7328638E-5	0.0
235.569676288	9.170004E-5	0.0
235.571642368	4.1390216E-5	0.0
235.573608448	8.426897E-6	0.0
235.575590912	1.6009732E-5	0.0
235.577556992	-2.0980142E-5	0.0
235.579539456	-4.0204453E-5	0.0
235.581505536	2.6716703E-5	0.0
235.583471616	9.157484E-5	0.0
235.58545408	5.9070982E-5	0.0
235.58742016	-1.944391E-5	0.0
235.589402624	-5.5049037E-5	0.0
235.591368704	-1.2132024E-5	0.0
235.593334784	4.2817883E-5	0.0
235.595317248	2.995711E-5	0.0
235.597283328	9.887116E-6	0.0
235.599265792	2.2695107E-5	0.0
235.601231872	3.1010655E-5	0.0
235.603197952	3.9592363E-5	0.0
235.605180416	8.5345804E-5	0.0
235.607146496	9.141554E-5	0.0
235.60912896	8.841677E-5	0.0
235.61109504	3.6305362E-5	0.0
235.61306112	1.1722185E-5	0.0
235.615043584	-3.153345E-5	0.0
235.617009664	-3.5997582E-5	0.0
235.618992128	2.1432597E-5	0.0
235.620958208	-2.8200238E-6	0.0
235.622924288	3.5337827E-5	0.0
235.624906752	8.31268E-5	0.0
235.626872832	1.8462784E-5	0.0
235.628855296	2.1823294E-5	0.0
235.630821376	6.257248E-5	0.0
235.632787456	7.932332E-5	0.0
235.63476992	6.181783E-5	0.0
235.636736	2.3236933E-5	0.0
235.638718464	-1.305608E-7	0.0
235.640684544	9.029404E-6	0.0
235.642650624	-6.392286E-6	0.0
235.644633088	4.5135035E-5	0.0
235.646599168	9.497316E-5	0.0
235.648581632	5.450027E-5	0.0
235.650547712	-6.667279E-5	0.0
235.652513792	-1.1162162E-4	0.0
235.654496256	3.295888E-5	0.0
235.656462336	8.3630905E-5	0.0
235.6584448	2.5436433E-5	0.0
235.66041088	-1.0598736E-5	0.0
235.66237696	3.7433296E-5	0.0
235.664359424	3.923996E-5	0.0
235.666325504	1.3808666E-6	0.0
235.668307968	7.211442E-5	0.0
235.670274048	1.113778E-4	0.0
235.672240128	6.252076E-5	0.0
235.674222592	-2.5465954E-7	0.0
235.676188672	7.4903626E-5	0.0
235.678171136	4.2062267E-5	0.0
235.680137216	6.385823E-5	0.0
235.682103296	-3.1593845E-5	0.0
235.68408576	-1.6475145E-5	0.0
235.68605184	8.342779E-6	0.0
235.688034304	-2.0688238E-5	0.0
235.690000384	3.7293525E-5	0.0
235.691966464	-4.154763E-5	0.0
235.693948928	-7.6208744E-5	0.0
235.695915008	-4.3391203E-5	0.0
235.697897472	-2.3718652E-5	0.0
235.699863552	1.6305245E-5	0.0
235.701829632	-4.4162913E-5	0.0
235.703812096	-1.3138303E-5	0.0
235.705778176	7.713867E-5	0.0
235.70776064	7.4183554E-5	0.0
235.70972672	2.6531487E-5	0.0
235.7116928	-3.283306E-5	0.0
235.713675264	-5.8854574E-5	0.0
235.715641344	-2.0501402E-6	0.0
235.717623808	6.184098E-5	0.0
235.719589888	5.2294767E-5	0.0
235.721555968	6.264946E-5	0.0
235.723538432	4.0278872E-5	0.0
235.725504512	9.196639E-5	0.0
235.727486976	2.7201835E-5	0.0
235.729453056	-4.6552046E-5	0.0
235.731419136	-5.5478802E-5	0.0
235.7334016	8.507049E-6	0.0
235.73536768	-9.104712E-6	0.0
235.737350144	-3.0103047E-6	0.0
235.739316224	-4.9377573E-5	0.0
235.741282304	-2.7896453E-5	0.0
235.743264768	-3.6698293E-5	0.0
235.745230848	-3.158887E-5	0.0
235.747213312	-2.8255361E-5	0.0
235.749179392	4.797511E-6	0.0
235.751145472	2.6879066E-5	0.0
235.753127936	4.6855348E-5	0.0
235.755094016	8.492082E-6	0.0
235.75707648	1.6751785E-5	0.0
235.75904256	3.5689198E-5	0.0
235.76100864	-8.439686E-6	0.0
235.762991104	-3.5879995E-5	0.0
235.764957184	-1.307105E-6	0.0
235.766939648	8.78007E-5	0.0
235.768905728	5.8627556E-5	0.0
235.770888192	5.0507173E-5	0.0
235.772854272	6.5368105E-5	0.0
235.774820352	2.445474E-5	0.0
235.776802816	-1.265327E-5	0.0
235.778768896	-4.005214E-5	0.0
235.78075136	3.641651E-5	0.0
235.78271744	7.4672585E-5	0.0
235.78468352	3.8379294E-5	0.0
235.786665984	-3.1028798E-5	0.0
235.788632064	-4.5562945E-5	0.0
235.790614528	-4.9741782E-5	0.0
235.792580608	-6.4696615E-5	0.0
235.794546688	-7.979891E-5	0.0
235.796529152	-1.2065294E-4	0.0
235.798495232	-8.736326E-5	0.0
235.800477696	-2.3184819E-5	0.0
235.802443776	5.211785E-5	0.0
235.804409856	3.4343095E-5	0.0
235.80639232	-2.0278878E-5	0.0
235.8083584	5.498666E-6	0.0
235.810340864	-1.4779226E-6	0.0
235.812306944	-2.400045E-5	0.0
235.814273024	-3.1106887E-5	0.0
235.816255488	-4.505467E-5	0.0
235.818221568	-5.2196523E-5	0.0
235.820204032	-3.3484117E-5	0.0
235.822170112	-6.104455E-5	0.0
235.824136192	-2.5506126E-5	0.0
235.826118656	2.8804729E-5	0.0
235.828084736	4.1332125E-5	0.0
235.8300672	2.5623658E-5	0.0
235.83203328	3.38069E-5	0.0
235.83399936	3.236926E-5	0.0
235.835981824	6.560418E-5	0.0
235.837947904	6.3395855E-5	0.0
235.839930368	9.4520845E-5	0.0
235.841896448	6.729094E-5	0.0
235.843862528	1.1683906E-5	0.0
235.845844992	7.040572E-5	0.0
235.847811072	1.0903504E-4	0.0
235.849793536	1.0993278E-4	0.0
235.851759616	3.1275695E-6	0.0
235.853725696	-1.0588008E-4	0.0
235.85570816	-9.047189E-5	0.0
235.85767424	-1.3829999E-5	0.0
235.859656704	4.2361105E-5	0.0
235.861622784	9.546521E-6	0.0
235.863588864	-3.6057492E-5	0.0
235.865571328	3.843788E-5	0.0
235.867537408	-2.532482E-5	0.0
235.869519872	8.104477E-6	0.0
235.871485952	-4.688908E-6	0.0
235.873452032	7.821307E-5	0.0
235.875434496	1.3055568E-4	0.0
235.877400576	1.0849136E-5	0.0
235.87938304	-4.7083868E-5	0.0
235.88134912	4.2634078E-5	0.0
235.8833152	-8.9605135E-5	0.0
235.885297664	-3.7622478E-5	0.0
235.887263744	4.838934E-5	0.0
235.889246208	-2.815348E-5	0.0
235.891212288	1.5675809E-5	0.0
235.893178368	2.6068023E-5	0.0
235.895160832	5.1764822E-5	0.0
235.897126912	6.260845E-5	0.0
235.899109376	-8.191677E-5	0.0
235.901075456	1.5991047E-5	0.0
235.903041536	-7.999938E-5	0.0
235.905024	1.057599E-4	0.0
235.90699008	7.65905E-5	0.0
235.908972544	-7.109996E-5	0.0
235.910938624	2.2087863E-5	0.0
235.912904704	-8.8216584E-5	0.0
235.914887168	-5.0266226E-5	0.0
235.916853248	-3.7048383E-5	0.0
235.918835712	-3.096444E-5	0.0
235.920801792	-2.6160438E-5	0.0
235.922767872	-7.058902E-6	0.0
235.924750336	-2.7645505E-5	0.0
235.926716416	-7.521829E-5	0.0
235.92869888	1.1007708E-5	0.0
235.93066496	4.326833E-5	0.0
235.93263104	6.063156E-5	0.0
235.934613504	3.088956E-5	0.0
235.936579584	4.3254026E-5	0.0
235.938562048	-6.4947244E-6	0.0
235.940528128	4.3240245E-5	0.0
235.942494208	8.5663894E-5	0.0
235.944476672	1.2050524E-4	0.0
235.946442752	7.389365E-5	0.0
235.948425216	3.751983E-5	0.0
235.950391296	7.67818E-5	0.0
235.952357376	5.4797747E-5	0.0
235.95433984	7.73862E-6	0.0
235.95630592	2.1514445E-5	0.0
235.958288384	-9.874454E-6	0.0
235.960254464	-2.8003042E-5	0.0
235.962220544	-2.296442E-5	0.0
235.964203008	-8.671393E-5	0.0
235.966169088	-1.0395953E-4	0.0
235.968151552	-5.4253822E-5	0.0
235.970117632	5.1176263E-5	0.0
235.972083712	1.9600104E-5	0.0
235.974066176	4.5527697E-5	0.0
235.976032256	9.7110926E-5	0.0
235.97801472	1.3086763E-4	0.0
235.9799808	8.657231E-5	0.0
235.98194688	9.285096E-6	0.0
235.983929344	2.1479513E-5	0.0
235.985895424	5.1228024E-5	0.0
235.987877888	4.8411937E-5	0.0
235.989843968	3.719792E-5	0.0
235.991810048	3.615678E-5	0.0
235.993792512	6.027866E-5	0.0
235.995758592	8.482969E-5	0.0
235.997741056	7.6445824E-5	0.0
235.999707136	1.3297445E-5	0.0
236.001673216	2.6118969E-5	0.0
236.00365568	3.5849152E-5	0.0
236.00562176	2.2812323E-5	0.0
236.007604224	1.2763731E-5	0.0
236.009570304	-2.6582156E-5	0.0
236.011536384	2.12832E-5	0.0
236.013518848	-1.4468195E-5	0.0
236.015484928	-5.542779E-5	0.0
236.017467392	-5.9647655E-6	0.0
236.019433472	-1.0693952E-5	0.0
236.021399552	-3.343691E-5	0.0
236.023382016	-2.9247034E-5	0.0
236.025348096	-2.3343318E-6	0.0
236.02733056	-1.4948485E-5	0.0
236.02929664	-7.2721787E-6	0.0
236.03126272	-5.9148233E-6	0.0
236.033245184	-3.0942883E-5	0.0
236.035211264	-2.3379036E-5	0.0
236.037193728	3.1676507E-5	0.0
236.039159808	4.939996E-6	0.0
236.041125888	-2.2969407E-5	0.0
236.043108352	1.9470737E-5	0.0
236.045074432	2.1219557E-5	0.0
236.047056896	1.540547E-5	0.0
236.049022976	3.196093E-5	0.0
236.050989056	5.9573096E-5	0.0
236.05297152	9.734859E-5	0.0
236.0549376	1.0163864E-4	0.0
236.056920064	-6.7203737E-6	0.0
236.058886144	-3.8089747E-5	0.0
236.060852224	8.360215E-5	0.0
236.062834688	1.0983486E-4	0.0
236.064800768	7.514526E-5	0.0
236.066783232	4.005275E-5	0.0
236.068749312	4.1851148E-5	0.0
236.070715392	-5.6638502E-5	0.0
236.072697856	-1.1113033E-5	0.0
236.074663936	-9.64811E-6	0.0
236.0766464	-8.224898E-7	0.0
236.07861248	8.59406E-5	0.0
236.080594944	5.9860657E-5	0.0
236.082561024	-2.3662678E-5	0.0
236.084527104	-5.7796544E-5	0.0
236.086509568	-3.367245E-6	0.0
236.088475648	-2.1434478E-5	0.0
236.090458112	5.812969E-5	0.0
236.092424192	5.6632314E-5	0.0
236.094390272	6.5265403E-6	0.0
236.096372736	8.7837825E-6	0.0
236.098338816	-5.573239E-6	0.0
236.10032128	5.3860364E-5	0.0
236.10228736	4.5291396E-5	0.0
236.10425344	-2.9391436E-5	0.0
236.106235904	-7.901037E-5	0.0
236.108201984	-1.5666757E-5	0.0
236.110184448	-1.6457709E-5	0.0
236.112150528	-1.1931535E-5	0.0
236.114116608	2.792906E-5	0.0
236.116099072	5.1643518E-5	0.0
236.118065152	7.429451E-5	0.0
236.120047616	3.4287026E-5	0.0
236.122013696	-4.1472562E-5	0.0
236.123979776	-2.8196546E-5	0.0
236.12596224	-4.404771E-6	0.0
236.12792832	1.8570324E-7	0.0
236.129910784	4.7799687E-5	0.0
236.131876864	3.2993403E-6	0.0
236.133842944	-3.360911E-5	0.0
236.135825408	-4.312317E-5	0.0
236.137791488	-1.750235E-5	0.0
236.139773952	2.6647254E-5	0.0
236.141740032	5.7321076E-6	7.540412738649138E-11
236.143706112	1.3240896E-5	1.5952082710324333E-10
236.145688576	3.1223026E-5	3.250485158812211E-10
236.147654656	3.0767595E-5	6.379407002654602E-10
236.14963712	4.3822356E-6	1.2059173659650924E-9
236.1516032	3.9680737E-5	2.1956305662484965E-9
236.15356928	-4.805309E-6	3.850406216088231E-9
236.155551744	-3.6736765E-5	6.503672711488662E-9
236.157517824	-1.4854461E-5	1.0580792242365078E-8
236.159500288	3.1551193E-5	1.657982373615141E-8
236.161466368	-1.5138877E-6	2.5023407346225213E-8
236.163432448	5.1261326E-5	3.637626377894776E-8
236.165414912	9.205121E-5	5.0932431605588135E-8
236.167380992	1.6623524E-5	6.868718571695354E-8
236.169363456	-3.7344664E-5	8.922017968870932E-8
236.171329536	-5.1625197E-5	1.1162303081846403E-7
236.173295616	-2.6570333E-5	1.3450849678520171E-7
236.17527808	-1.3944425E-5	1.5611718140462472E-7
236.17724416	-2.017047E-5	1.7452474310175603E-7
236.179226624	1.8234668E-5	1.879180899777566E-7
236.181192704	6.160699E-5	1.9488825842017832E-7
236.183158784	1.7220334E-5	2.1806090444442816E-7
236.185141248	-2.3459806E-5	2.553695424012403E-7
236.187107328	3.8523634E-5	3.567336079868255E-7
236.189089792	7.287318E-5	6.105766487962683E-7
236.191055872	2.4956307E-6	1.1810948308266234E-6
236.193021952	2.3384795E-5	2.3381658138532657E-6
236.195004416	5.9931248E-5	4.466446625883691E-6
236.196970496	4.7076275E-5	8.02182148618158E-6
236.19895296	-1.8577422E-6	1.3406608559307642E-5
236.20091904	6.796648E-5	2.0766321540577337E-5
236.20288512	1.3312588E-4	2.9766015359200537E-5
236.204867584	-3.1951397E-5	3.9460926927858964E-5
236.206833664	1.1997826E-6	4.8378333303844556E-5
236.208816128	5.2666393E-5	5.485273868544027E-5
236.210782208	3.9193226E-5	5.752412471338175E-5
236.212748288	1.2528118E-4	5.5798678658902645E-5
236.214730752	-3.2080143E-6	5.00607056892477E-5
236.216696832	-4.9469563E-5	4.1534520278219134E-5
236.218679296	6.921255E-5	3.1862764444667846E-5
236.220645376	3.888608E-5	2.2596879716729745E-5
236.222611456	5.7833306E-5	1.4813330381002743E-5
236.22459392	6.489782E-6	8.975821401691064E-6
236.22656	5.0818882E-5	5.0271410145796835E-6
236.228542464	7.384536E-6	2.6025843453680864E-6
236.230508544	5.238834E-6	1.2455119531296077E-6
236.232474624	-6.439543E-5	5.510253231477691E-7
236.234457088	3.1023146E-6	2.2536383426086104E-7
236.236423168	4.499747E-5	8.521119099214047E-8
236.238405632	8.148757E-5	2.9786288990862886E-8
236.240371712	3.2301803E-5	0.0
236.242337792	2.2836057E-5	0.0
236.244320256	2.6031032E-5	0.0
236.246286336	1.0007949E-4	0.0
236.2482688	2.3920953E-5	0.0
236.25023488	8.0862024E-5	0.0
236.25220096	-1.0930203E-5	0.0
236.254183424	-6.443395E-5	0.0
236.256149504	4.721475E-5	0.0
236.258131968	7.129325E-5	0.0
236.260098048	8.930433E-5	0.0
236.262064128	9.07635E-5	0.0
236.264046592	1.03454455E-4	0.0
236.266012672	1.8686454E-5	0.0
236.267995136	2.6972511E-5	0.0
236.269961216	1.0684444E-4	0.0
236.271927296	6.621239E-5	0.0
236.27390976	6.209184E-5	0.0
236.27587584	3.8972918E-5	0.0
236.277858304	-1.1547761E-5	0.0
236.279824384	6.8047875E-6	0.0
236.281790464	3.8945982E-5	0.0
236.283772928	2.7346518E-5	0.0
236.285739008	-6.3523594E-6	0.0
236.287721472	-1.2482736E-5	0.0
236.289687552	1.668943E-5	0.0
236.291653632	8.135004E-5	0.0
236.293636096	2.9366774E-5	0.0
236.295602176	-7.330683E-7	0.0
236.29758464	3.5992205E-5	0.0
236.29955072	-4.1255655E-5	0.0
236.3015168	-9.1213326E-5	0.0
236.303499264	-8.460892E-6	0.0
236.305465344	6.38403E-5	0.0
236.307447808	2.8929671E-5	0.0
236.309413888	1.943948E-5	0.0
236.311379968	1.0523535E-4	0.0
236.313362432	1.07335654E-4	0.0
236.315328512	2.6576801E-5	0.0
236.317310976	-2.436825E-5	0.0
236.319277056	-5.0291575E-5	0.0
236.321243136	-4.0033516E-5	0.0
236.3232256	-4.6031313E-5	0.0
236.32519168	-2.447776E-5	0.0
236.327174144	-1.764808E-5	0.0
236.329140224	-3.1181815E-5	0.0
236.331106304	-2.1677826E-5	0.0
236.333088768	3.8438775E-5	0.0
236.335054848	6.253012E-5	0.0
236.337037312	4.1893865E-5	0.0
236.339003392	6.313993E-5	0.0
236.340969472	8.689516E-5	0.0
236.342951936	4.765764E-5	0.0
236.344918016	1.6820513E-5	0.0
236.34690048	6.0285805E-5	0.0
236.34886656	9.841341E-5	0.0
236.35083264	9.1061884E-5	0.0
236.352815104	4.1916355E-5	0.0
236.354781184	-5.2185833E-6	0.0
236.356763648	-2.6361167E-5	0.0
236.358729728	-2.2164144E-5	0.0
236.360695808	-1.3956816E-5	0.0
236.362678272	4.3505075E-5	0.0
236.364644352	3.1810894E-5	0.0
236.366626816	8.282701E-5	0.0
236.368592896	-1.0505916E-5	0.0
236.370558976	-7.1226177E-6	0.0
236.37254144	3.257732E-5	0.0
236.37450752	1.3547345E-5	0.0
236.376489984	2.9549794E-5	0.0
236.378456064	6.0095437E-5	0.0
236.380422144	3.1289914E-5	0.0
236.382404608	4.8711656E-5	0.0
236.384370688	4.7845257E-5	0.0
236.386353152	5.042772E-5	0.0
236.388319232	3.5079895E-5	0.0
236.390301696	1.0969782E-4	0.0
236.392267776	9.365176E-5	0.0
236.394233856	7.699437E-5	0.0
236.39621632	-6.6443617E-6	0.0
236.3981824	2.8015593E-5	0.0
236.400164864	-7.889165E-5	0.0
236.402130944	-7.665205E-5	0.0
236.404097024	6.964397E-5	0.0
236.406079488	8.275884E-6	0.0
236.408045568	7.0879425E-5	0.0
236.410028032	9.682523E-5	0.0
236.411994112	1.001628E-4	0.0
236.413960192	2.2620077E-5	0.0
236.415942656	-4.0630905E-5	0.0
236.417908736	-5.7941594E-5	0.0
236.4198912	-8.386278E-5	0.0
236.42185728	-1.5545219E-4	0.0
236.42382336	-1.3405661E-4	0.0
236.425805824	1.8411518E-5	0.0
236.427771904	1.589384E-5	0.0
236.429754368	-4.7990376E-5	0.0
236.431720448	-1.2775844E-5	0.0
236.433686528	-7.093082E-5	0.0
236.435668992	-6.974348E-5	0.0
236.437635072	-4.1874206E-5	0.0
236.439617536	-4.5785528E-5	0.0
236.441583616	9.693263E-6	0.0
236.443549696	4.643861E-5	0.0
236.44553216	3.3435708E-6	0.0
236.44749824	-3.079846E-5	0.0
236.449480704	6.501305E-5	0.0
236.451446784	2.6852014E-5	0.0
236.453412864	1.4806471E-7	0.0
236.455395328	-7.42699E-5	0.0
236.457361408	1.1241601E-5	0.0
236.459343872	-2.1370442E-6	0.0
236.461309952	-5.184361E-6	0.0
236.463276032	-8.296256E-5	0.0
236.465258496	-3.195409E-5	0.0
236.467224576	-2.7809381E-5	0.0
236.46920704	-1.9440415E-5	4.9135639557107424E-8
236.47117312	-4.4356133E-5	1.0625145563381011E-7
236.4731392	-2.886669E-5	2.2132168453481427E-7
236.475121664	3.0160152E-5	4.440708494257706E-7
236.477087744	5.880944E-5	8.582598525208596E-7
236.479070208	3.2028125E-5	1.5977741441020044E-6
236.481036288	3.3959426E-5	2.8650251806539018E-6
236.483002368	3.7640893E-5	4.948149580741301E-6
236.484984832	4.8574213E-5	8.23054233478615E-6
236.486950912	2.0164194E-5	1.3184691852075048E-5
236.488933376	3.420218E-5	2.0338271497166716E-5
236.490899456	1.0776243E-4	3.02089629258262E-5
236.492865536	1.15031886E-4	4.320267908042297E-5
236.494848	1.0593425E-4	5.9487098042154685E-5
236.49681408	8.518671E-5	7.886524690547958E-5
236.498796544	3.1781114E-5	1.0067936091218144E-4
236.500762624	9.766819E-5	1.2378348037600517E-4
236.502728704	2.2679286E-4	1.4660705346614122E-4
236.504711168	2.0482337E-4	1.6731828509364277E-4
236.506677248	2.696619E-4	1.840600452851504E-4
236.508659712	2.4950443E-4	1.952188031282276E-4
236.510625792	1.9766374E-4	1.9967251864727587E-4
236.512591872	2.2274906E-4	1.9696807430591434E-4
236.514574336	2.307305E-4	1.8739351071417332E-4
236.516540416	1.7786078E-4	1.7193079111166298E-4
236.51852288	1.4937493E-4	1.520992227597162E-4
236.52048896	1.6348387E-4	1.297187409363687E-4
236.52245504	1.3151791E-4	1.0664224100764841E-4
236.524437504	1.0201773E-4	8.450776658719406E-5
236.526403584	7.636848E-5	6.455900438595563E-5
236.528386048	3.8223385E-5	4.7560082748532295E-5
236.530352128	1.0749572E-5	3.380461930646561E-5
236.532318208	4.1723993E-5	2.3199982024380006E-5
236.534300672	7.1140734E-5	1.538947253720835E-5
236.536266752	-5.216819E-6	9.880339348455891E-6
236.538249216	-3.306204E-5	6.149957243906101E-6
236.540215296	3.0237474E-5	3.719082997122314E-6
236.542181376	1.3597227E-6	2.1905532321397914E-6
236.54416384	-2.2303264E-5	1.2602693004737375E-6
236.54612992	8.117756E-6	7.103912480488361E-7
236.548112384	3.8079183E-5	3.9351721170532983E-7
236.550078464	-3.7617396E-5	2.1478338396718755E-7
236.552044544	-6.092279E-5	1.1571745517358067E-7
236.554027008	-5.070594E-6	3.52571589701256E-8
236.555993088	3.540364E-5	2.096707163445899E-8
236.557975552	4.8792164E-5	1.2011007299861376E-8
236.559941632	7.013709E-5	6.6278569299527135E-9
236.561907712	6.569532E-5	3.5230525163854054E-9
236.563890176	4.0582512E-5	1.803921012566434E-9
236.565856256	5.486366E-5	8.897509951033555E-10
236.56783872	5.6693963E-5	4.227404259982137E-10
236.5698048	7.240428E-6	0.0
236.57177088	-9.6211004E-8	0.0
236.573753344	2.0806792E-5	0.0
236.575719424	2.2253937E-5	0.0
236.577701888	5.8184916E-5	0.0
236.579667968	1.0656011E-4	0.0
236.581634048	1.2099109E-5	0.0
236.583616512	-4.871134E-5	0.0
236.585582592	6.341971E-6	0.0
236.587565056	-2.346773E-5	0.0
236.589531136	-3.7726197E-5	0.0
236.591497216	4.9631453E-5	0.0
236.59347968	5.9482016E-5	0.0
236.59544576	7.748256E-5	0.0
236.597428224	4.7982146E-5	0.0
236.599394304	6.5226477E-6	0.0
236.601360384	-1.8439825E-5	0.0
236.603342848	-5.4323946E-6	0.0
236.605308928	-1.7452467E-5	0.0
236.607291392	-5.220511E-5	0.0
236.609257472	-6.508146E-5	0.0
236.611223552	-1.3334576E-5	0.0
236.613206016	-2.7102864E-5	0.0
236.615172096	-8.0901365E-5	0.0
236.61715456	-3.16236E-5	0.0
236.61912064	2.2601407E-5	4.068776426890963E-10
236.62108672	5.422766E-5	8.576335197574281E-10
236.623069184	6.3375366E-5	1.7414468755916346E-9
236.625035264	-2.5027724E-5	3.4063498688396976E-9
236.627017728	1.7277502E-5	6.41852526683806E-9
236.628983808	1.0962281E-4	1.1650791442718855E-8
236.630949888	9.86848E-5	2.037257473830323E-8
236.632932352	2.3427054E-5	3.431678763377022E-8
236.634898432	5.247551E-5	5.568490379914692E-8
236.636880896	1.7809942E-5	8.704341780685354E-8
236.638846976	4.07674E-5	1.310710331381415E-7
236.640813056	5.99014E-7	1.901284321093044E-7
236.64279552	-9.8986544E-5	2.6567875011096476E-7
236.6447616	7.081434E-6	3.5763196137850173E-7
236.646744064	-5.403666E-5	4.637502115656389E-7
236.648710144	5.249346E-5	5.793011155219574E-7
236.650676224	3.7426813E-5	6.970994945731945E-7
236.652658688	-4.8310912E-6	8.080845077529375E-7
236.654624768	-2.405228E-5	9.023842721944675E-7
236.656607232	4.4564993E-5	9.707334811537294E-7
236.658573312	3.5848774E-5	1.0059701480713557E-6
236.660539392	5.4139586E-5	1.0042665508080972E-6
236.662521856	-5.8923386E-5	9.89043428489822E-7
236.664487936	-1.3660069E-5	9.33395710944751E-7
236.6664704	-1.656011E-5	8.6171826296777E-7
236.66843648	-3.8085043E-5	7.881142778387584E-7
236.67040256	8.074296E-5	7.291835117939627E-7
236.672385024	1.417886E-4	7.032811026874697E-7
236.674351104	1.7365126E-5	7.302543849618814E-7
236.676333568	3.4366123E-5	8.317646802424861E-7
236.678299648	4.2766536E-5	1.0321271020075073E-6
236.680265728	4.2482774E-5	1.3594595884569571E-6
236.682248192	-5.445284E-5	1.8468333564669592E-6
236.684214272	-6.417351E-5	2.5330905373266432E-6
236.686196736	-3.6893225E-6	3.462987024249742E-6
236.688162816	6.1154744E-5	4.686338797910139E-6
236.690128896	5.758721E-5	6.256152119021863E-6
236.69211136	4.9529153E-5	8.22540187073173E-6
236.69407744	2.6717096E-5	1.064267780748196E-5
236.696059904	-5.092958E-5	1.3546818991017062E-5
236.698025984	-3.896845E-5	1.6960868379101157E-5
236.700008448	-1.346232E-5	2.0885901903966442E-5
236.701974528	2.9729845E-6	2.529521043470595E-5
236.703940608	3.1352174E-5	3.0130453524179757E-5
236.705923072	6.158166E-6	3.5298176953801885E-5
236.707889152	2.8179447E-5	4.067091504111886E-5
236.709871616	3.7364123E-5	4.6090211981208995E-5
236.711837696	8.485568E-5	5.1373179303482175E-5
236.713803776	6.547074E-5	5.632200191030279E-5
236.71578624	7.575746E-5	6.0735859733540565E-5
236.71775232	1.5378719E-4	6.442403537221253E-5
236.719734784	1.5891333E-4	6.721964746247977E-5
236.721700864	7.554675E-5	6.899185245856643E-5
236.723666944	-1.6287241E-6	6.965584179852158E-5
236.725649408	-1.9607409E-5	6.917946302564815E-5
236.727615488	5.3706673E-5	6.758579547749832E-5
236.729597952	6.099748E-5	6.49512730888091E-5
236.731564032	4.4374356E-5	6.139976903796196E-5
236.733530112	7.346987E-5	5.709304241463542E-5
236.735512576	6.714952E-5	5.221864557825029E-5
236.737478656	1.4160184E-5	4.697675467468798E-5
236.73946112	3.253093E-5	4.156649811193347E-5
236.7414272	7.339359E-5	3.617398033384234E-5
236.74339328	3.0550502E-5	3.096219734288752E-5
236.745375744	1.7003248E-6	2.606410998851061E-5
236.747341824	2.5097468E-5	2.1578634914476424E-5
236.749324288	3.4887882E-5	1.7569951523910277E-5
236.751290368	6.0563587E-5	1.4069615644984879E-5
236.753256448	6.741333E-5	1.108047945308499E-5
236.755238912	4.2095468E-5	8.582243935961742E-6
236.757204992	-1.1198369E-5	6.537501121783862E-6
236.759187456	-3.5932684E-5	4.897759936284274E-6
236.761153536	-4.874785E-5	3.6088279102841625E-6
236.763119616	-1.5292846E-5	2.615374569359119E-6
236.76510208	-2.35584E-5	1.8643763723957818E-6
236.76706816	-4.326749E-5	1.3074914022581652E-6
236.769050624	1.1427793E-5	9.024149676406523E-7
236.771016704	5.026973E-5	6.134435466265131E-7
236.772982784	7.604688E-5	4.1139205109175236E-7
236.774965248	6.657721E-5	2.730905350745161E-7
236.776931328	3.0831696E-5	1.8061956552628544E-7
236.778913792	-2.2208702E-5	1.2044783659348468E-7
236.780879872	-2.1421447E-6	8.256558459152075E-8
236.782845952	4.074216E-5	5.969462080201993E-8
236.784828416	3.630139E-5	4.6613227056013784E-8
236.786794496	1.4879682E-5	3.961712380373683E-8
236.78877696	3.808718E-5	2.7343844521965366E-8
236.79074304	6.0630104E-5	2.9272827717363725E-8
236.79270912	9.553059E-5	3.01897138399454E-8
236.794691584	4.9390328E-5	2.999455617214153E-8
236.796657664	4.8611175E-5	2.8708786459219482E-8
236.798640128	-1.9682406E-5	2.647136554401186E-8
236.800606208	-8.9170324E-5	2.3514026281645783E-8
236.802572288	-2.4208506E-5	2.012179045607354E-8
236.804554752	-3.5588022E-5	1.6588046491960995E-8
236.806520832	1.3190641E-5	1.3173856672210604E-8
236.808503296	-2.2905535E-5	1.0079049594935441E-8
236.810469376	3.9802326E-5	7.428742510029451E-9
236.812435456	1.8982571E-5	5.2747264334129795E-9
236.81441792	3.5209254E-5	3.60805851862267E-9
236.816384	1.0188006E-5	2.377586127977338E-9
236.818366464	6.1340135E-5	1.5093380989483762E-9
236.820332544	-1.2002224E-5	9.230543551730364E-10
236.822298624	-8.06796E-5	5.438218209086187E-10
236.824281088	1.9227116E-5	3.0865646150068926E-10
236.826247168	3.5832287E-5	1.6876516850672374E-10
236.828229632	-3.5749395E-5	8.889545349832773E-11
236.830195712	-5.515879E-5	4.5109187218894675E-11
236.832161792	-6.285581E-5	2.20515862514592E-11
236.834144256	5.8916063E-5	1.0384922088935156E-11
236.836110336	1.0218371E-4	0.0
236.8380928	3.132078E-5	0.0
236.84005888	1.5789452E-5	0.0
236.84202496	3.9514043E-6	0.0
236.844007424	-2.5724965E-5	0.0
236.845973504	-1.7660639E-5	0.0
236.847955968	-5.0084827E-6	0.0
236.849922048	4.2863096E-5	0.0
236.851888128	1.8177392E-5	0.0
236.853870592	1.3332566E-5	0.0
236.855836672	1.1287745E-5	0.0
236.857819136	-2.1131096E-5	1.4094980738121876E-9
236.859785216	-9.356457E-6	2.9806779267005368E-9
236.861751296	3.196414E-5	6.072526481659679E-9
236.86373376	-6.273579E-6	1.1918730891125051E-8
236.86569984	-5.1645722E-5	2.253671738117191E-8
236.867682304	-2.362608E-5	4.105384832087111E-8
236.869648384	5.310352E-5	7.204765495316678E-8
236.871614464	9.3703566E-5	1.2181224917640066E-7
236.873596928	3.5334808E-5	1.9840877030219417E-7
236.875563008	8.193441E-5	3.113379420938145E-7
236.877545472	3.834746E-5	4.7065836383808346E-7
236.879511552	4.565364E-6	6.854524485788716E-7
236.881477632	5.7830825E-5	9.617192517907824E-7
236.883460096	-3.5838442E-5	1.2999271348235197E-6
236.885426176	-3.9847317E-5	1.6927424439927563E-6
236.88740864	-5.5327228E-6	2.1235496205918025E-6
236.88937472	-5.492796E-5	2.5664730856078677E-6
236.8913408	-2.4356932E-6	2.9882469334552297E-6
236.893323264	-1.2033789E-6	3.351988880240242E-6
236.895289344	-2.9218229E-5	3.62241326001822E-6
236.897271808	2.5434629E-5	3.7714180507464334E-6
236.899237888	1.7625933E-5	3.782887688430492E-6
236.901203968	4.7277696E-5	3.655563659776817E-6
236.903186432	6.7788924E-6	3.4032727853627875E-6
236.905152512	4.6493587E-5	3.0524495286954334E-6
236.907134976	2.7849213E-5	2.637591705934028E-6
236.909101056	-2.3243877E-7	2.195696197304642E-6
236.911067136	2.216752E-5	1.7609187352718436E-6
236.9130496	9.204011E-5	1.3605302910946193E-6
236.91501568	2.7788728E-5	1.0126897223017295E-6
236.916998144	-3.1937812E-5	7.261812129399914E-7
236.918964224	-1.7604953E-5	5.01663066643232E-7
236.920930304	3.3503144E-5	3.338711564992991E-7
236.922912768	-9.306464E-6	2.1406572159321513E-7
236.924878848	-3.4167433E-6	1.322255229752045E-7
236.926861312	-5.967896E-7	7.868391804777275E-8
236.928827392	-1.8681889E-5	4.5108439650221044E-8
236.930793472	2.4352163E-5	2.491341533072955E-8
236.932775936	6.705364E-5	1.3255935904510352E-8
236.934742016	4.6122404E-5	6.795009444005018E-9
236.93672448	-5.4086126E-5	3.3556379896992894E-9
236.93869056	-7.988346E-5	1.5964731758799644E-9
236.94065664	-1.7723096E-5	0.0
236.942639104	8.558308E-6	0.0
236.944605184	4.0470433E-5	0.0
236.946587648	9.771362E-5	0.0
236.948553728	8.2098864E-5	0.0
236.950519808	6.4173044E-5	0.0
236.952502272	2.7961249E-5	0.0
236.954468352	3.3718636E-5	0.0
236.956450816	6.74763E-5	0.0
236.958416896	1.041713E-4	0.0
236.960382976	8.2077255E-5	0.0
236.96236544	2.1865335E-6	0.0
236.96433152	-1.8728408E-5	0.0
236.966313984	3.5484845E-5	0.0
236.968280064	7.59332E-5	0.0
236.970246144	6.7895046E-5	0.0
236.972228608	8.270447E-5	0.0
236.974194688	7.679223E-5	0.0
236.976177152	1.8694399E-6	0.0
236.978143232	-4.625492E-5	0.0
236.980109312	-1.5544314E-5	0.0
236.982091776	-2.9719313E-6	0.0
236.984057856	-2.176886E-5	0.0
236.98604032	2.6920154E-5	0.0
236.9880064	7.5967575E-5	0.0
236.98997248	9.3481955E-5	0.0
236.991954944	7.380788E-5	0.0
236.993921024	5.3879725E-5	0.0
236.995903488	2.90464E-5	0.0
236.997869568	8.427683E-6	0.0
236.999852032	3.66069E-5	0.0
237.001818112	-2.752595E-5	0.0
237.003784192	-3.359819E-5	0.0
237.005766656	-2.1211405E-5	0.0
237.007732736	-3.799181E-5	0.0
237.0097152	-4.8139562E-5	0.0
237.01168128	-1.8253539E-5	0.0
237.01364736	-3.5120967E-5	0.0
237.015629824	-3.4708777E-5	0.0
237.017595904	2.9206696E-5	0.0
237.019578368	6.523411E-5	0.0
237.021544448	-5.238494E-6	0.0
237.023510528	-2.4787752E-5	0.0
237.025492992	2.2747778E-5	0.0
237.027459072	9.69393E-5	0.0
237.029441536	9.585715E-5	0.0
237.031407616	2.9730776E-5	0.0
237.033373696	-1.3526468E-5	0.0
237.03535616	-8.033506E-6	3.396597847427074E-8
237.03732224	-1.113278E-5	9.786982246851039E-8
237.039304704	-2.775189E-5	2.6085976401191147E-7
237.041270784	-4.7415186E-5	6.43136615963158E-7
237.043236864	-8.190946E-5	1.467757897444244E-6
237.045219328	-5.196286E-6	3.096024329352076E-6
237.047185408	1.5760632E-5	6.040344032953726E-6
237.049167872	2.785403E-6	1.0899420885834843E-5
237.051133952	3.0014553E-6	1.8203307263320312E-5
237.053100032	2.1877151E-5	2.8102125725126825E-5
237.055082496	2.6183783E-5	4.013261423096992E-5
237.057048576	1.784408E-5	5.303412035573274E-5
237.05903104	6.412734E-5	6.488293729489669E-5
237.06099712	3.5833495E-5	7.354475383181125E-5
237.0629632	5.8575693E-5	7.732690573902801E-5
237.064945664	1.4712648E-4	7.556487980764359E-5
237.066911744	1.3349822E-4	6.887942436151206E-5
237.068894208	1.1146959E-4	5.897990195080638E-5
237.070860288	1.7968296E-5	4.810251630260609E-5
237.072826368	3.738408E-6	3.8335740100592375E-5
237.074808832	2.0563564E-5	3.110503894276917E-5
237.076774912	-5.44427E-5	2.6974987122230232E-5
237.078757376	-3.652582E-5	2.5753080990398303E-5
237.080723456	-2.557492E-5	2.676146868907381E-5
237.082689536	5.5917917E-5	2.912600029958412E-5
237.084672	4.8472917E-5	3.198938429704867E-5
237.08663808	3.9512874E-5	3.462874155957252E-5
237.088620544	1.04753795E-4	3.650359940365888E-5
237.090586624	8.400281E-5	3.726696741068736E-5
237.092552704	3.4673678E-5	3.674755134852603E-5
237.094535168	3.080443E-6	3.499688318697736E-5
237.096501248	-5.7868812E-5	3.215071774320677E-5
237.098483712	5.3339616E-5	2.8486861992860213E-5
237.100449792	1.17163174E-4	2.434026828268543E-5
237.102415872	9.8482706E-5	2.005256465054117E-5
237.104398336	1.5936033E-5	1.592661465110723E-5
237.106364416	-6.315224E-5	1.219376554217888E-5
237.10834688	-2.7189953E-5	8.998637895274442E-6
237.11031296	3.266608E-5	6.400463007594226E-6
237.11227904	-3.1398822E-6	4.38760480392375E-6
237.114261504	3.8601604E-5	2.898838602050091E-6
237.116227584	5.705543E-6	1.8460243609297322E-6
237.118210048	-4.7380378E-5	1.1333974043736816E-6
237.120176128	-2.6368778E-5	6.714175242450438E-7
237.122142208	2.1632912E-5	3.8456238371509244E-7
237.124124672	6.254921E-5	2.1413831063910038E-7
237.126090752	5.914965E-5	1.1756833373510744E-7
237.128073216	4.4687476E-5	6.536168228876704E-8
237.130039296	2.2876962E-5	3.987353025536322E-8
237.132005376	1.7893746E-5	2.8723057710067224E-8
237.13398784	1.9669524E-6	1.9200204093294815E-8
237.13595392	2.8910164E-5	2.2652475450968268E-8
237.137936384	9.396857E-5	2.5749114840323273E-8
237.139902464	1.1848871E-4	2.8199758972391464E-8
237.141868544	7.100134E-5	2.9755403474496234E-8
237.143851008	2.6987987E-5	3.0249847071672775E-8
237.145817088	5.504414E-6	2.9629026343513942E-8
237.147799552	-6.1349405E-5	2.7960735948795445E-8
237.149765632	-5.5040608E-5	2.54224037377071E-8
237.151731712	-4.216982E-5	2.2270080890507415E-8
237.153714176	1.8580457E-6	1.8795915934788354E-8
237.155680256	1.8987927E-5	1.5284193466413853E-8
237.15766272	3.985623E-6	1.1974510272239058E-8
237.1596288	-2.7649168E-5	9.03879637803584E-9
237.16159488	-4.326653E-5	6.5735425991420016E-9
237.163577344	3.6002704E-5	4.606023118469693E-9
237.165543424	8.118787E-5	3.1094851138391277E-9
237.167525888	7.724945E-5	2.022501277565425E-9
237.169491968	3.471652E-5	1.2674323812689181E-9
237.171458048	2.3198734E-5	7.652422584492058E-10
237.173440512	4.2369335E-5	4.451538027083757E-10
237.175406592	6.84268E-5	2.494919826290243E-10
237.177389056	4.1932777E-5	1.3472292725857926E-10
237.179355136	7.73489E-5	7.009091917975496E-11
237.181321216	1.4543817E-4	3.5133427417344265E-11
237.18330368	4.6439993E-5	1.6967345931040434E-11
237.18526976	-2.39268E-5	7.894897409432833E-12
237.187252224	1.905226E-5	0.0
237.189218304	3.170257E-5	0.0
237.191184384	4.817245E-5	0.0
237.193166848	5.3593794E-5	0.0
237.195132928	1.9723206E-5	0.0
237.197115392	4.0473024E-5	0.0
237.199081472	1.0221568E-4	0.0
237.201047552	1.20654804E-4	0.0
237.203030016	1.1131608E-4	0.0
237.204996096	4.1495136E-5	0.0
237.20697856	-4.6317058E-5	0.0
237.20894464	-1.9747624E-5	0.0
237.21091072	2.4602667E-5	0.0
237.212893184	8.130913E-5	0.0
237.214859264	9.72735E-5	0.0
237.216841728	1.6649528E-5	0.0
237.218807808	-2.8940549E-5	0.0
237.220773888	-3.6648344E-5	0.0
237.222756352	-2.5513657E-5	0.0
237.224722432	-2.08949E-5	0.0
237.226704896	-9.230493E-5	1.6180445872038263E-11
237.228670976	-1.01480284E-4	3.47078026041725E-11
237.230637056	-7.994966E-5	7.173218269374004E-11
237.23261952	-7.927511E-5	1.4284286253829492E-10
237.2345856	5.6272154E-7	2.740672688794632E-10
237.236568064	5.7060133E-5	5.066513875107148E-10
237.238534144	2.3116123E-5	9.024331282247999E-10
237.240500224	-4.7012118E-6	1.5487273685721448E-9
237.242482688	3.2952063E-5	2.5608748455141495E-9
237.244448768	-9.364011E-5	4.079957260927358E-9
237.246431232	-9.041241E-5	6.262915519528178E-9
237.248397312	-4.4978737E-5	9.262991262914966E-9
237.250363392	4.634282E-6	1.3200175175143158E-8
237.252345856	2.3162318E-5	1.8124257650242726E-8
237.254311936	-4.3044283E-6	2.3977081653470123E-8
237.2562944	-1.1031182E-4	3.056230823972328E-8
237.25826048	-1.0934994E-5	3.753442001652729E-8
237.26022656	8.395115E-6	4.441473322458478E-8
237.262209024	-6.899059E-5	5.063819941142356E-8
237.264175104	2.4124163E-5	5.5626699690947135E-8
237.266157568	2.8166154E-5	5.8876537423202535E-8
237.268123648	5.246522E-5	6.004199804010568E-8
237.270089728	4.894557E-5	5.899591926095127E-8
237.272072192	4.3889275E-5	5.585252793594009E-8
237.274038272	1.1109009E-4	5.094686983397878E-8
237.276020736	4.4304034E-5	4.4776086838282936E-8
237.277986816	5.3281445E-5	3.7916521478109644E-8
237.279952896	3.3743643E-5	3.0936078587728844E-8
237.28193536	5.2206587E-6	2.4319541935824418E-8
237.28390144	1.0807365E-5	1.84204012043665E-8
237.285883904	-5.9817565E-5	1.3443016477765468E-8
237.287849984	1.627692E-5	9.452526761322133E-9
237.289816064	4.451898E-5	6.4040222014227766E-9
237.291798528	1.1033937E-4	4.180351176330532E-9
237.293764608	4.0157756E-5	2.699548806717189E-9
237.295747072	8.6454515E-5	1.7408755548231625E-9
237.297713152	5.8812686E-5	1.228697588118166E-9
237.299679232	3.2274023E-5	1.1047059933488868E-9
237.301661696	-4.254228E-5	1.3749216210001691E-9
237.303627776	-6.230146E-5	2.1217705370446538E-9
237.30561024	2.4480241E-6	3.5138194576234127E-9
237.30757632	6.0501397E-6	5.8109068667988595E-9
237.309558784	-1.3327436E-4	9.359361285987688E-9
237.311524864	-7.236183E-5	1.456305831482041E-8
237.313490944	4.889739E-5	2.1872869737649125E-8
237.315473408	9.4055664E-5	3.165351358802582E-8
237.317439488	-2.0890157E-5	4.413694298932569E-8
237.319421952	-1.4296595E-4	5.92984719105516E-8
237.321388032	-2.1163321E-5	7.676221258634541E-8
237.323354112	-2.2921222E-5	9.574459625127929E-8
237.325336576	-8.1074E-5	1.1506541852668306E-7
237.327302656	-9.952404E-5	1.332407890686227E-7
237.32928512	-1.312825E-4	1.4865948116948857E-7
237.3312512	-1.4502477E-4	1.5981268575160357E-7
237.33321728	3.1961587E-5	1.6553626380755304E-7
237.335199744	3.517999E-5	1.6521069312602776E-7
237.337165824	1.0232181E-4	1.5887161453065346E-7
237.339148288	6.8385096E-5	1.4720325225425768E-7
237.341114368	1.9966768E-5	1.3141711008302082E-7
237.343080448	1.3390206E-5	1.130443720853691E-7
237.345062912	-6.520095E-5	9.369347253596061E-8
237.347028992	4.7648273E-6	7.48224380231477E-8
237.349011456	-5.118827E-5	5.7572854927911976E-8
237.350977536	-2.7419517E-5	4.268404651952551E-8
237.352943616	-4.0474326E-5	3.0491356994843954E-8
237.35492608	-1.728238E-5	2.0986966831060272E-8
237.35689216	7.309456E-5	1.3918302066429078E-8
237.358874624	8.3974985E-5	8.893740854887255E-9
237.360840704	-3.556671E-5	5.475786046815756E-9
237.362806784	-6.946865E-5	3.2484024359291652E-9
237.364789248	-2.04222E-5	1.8567667403601718E-9
237.366755328	1.6096934E-5	1.0744526379724562E-9
237.368737792	1.1095691E-4	6.529923268772109E-10
237.370703872	1.6216215E-4	5.037086858727946E-10
237.372669952	8.665743E-5	5.836989225294076E-10
237.374652416	5.1024632E-5	9.15852838012654E-10
237.376618496	-1.2435769E-5	1.5609282755235654E-9
237.37860096	-1.2314385E-5	2.7588280548940247E-9
237.38056704	8.45357E-6	4.698281319548414E-9
237.38253312	7.627005E-5	7.709503258013228E-9
237.384515584	7.6956436E-5	1.2189508069582189E-8
237.386481664	1.1265692E-5	1.8570199600276283E-8
237.388464128	4.1382873E-6	3.5329215108959033E-8
237.390430208	3.867408E-5	5.597047092464891E-8
237.392396288	6.685693E-5	8.875624502024948E-8
237.394378752	4.774052E-5	1.4154989003145602E-7
237.396344832	-3.183536E-5	2.2736266203082778E-7
237.398327296	-4.1531413E-5	3.6696243910228077E-7
237.400293376	-2.0686066E-6	5.919722525504767E-7
237.402259456	-5.933557E-5	9.479022082814481E-7
237.40424192	-1.11075395E-4	1.4961323131501558E-6
237.406208	-2.8589702E-5	2.3134236926125595E-6
237.408190464	2.3334766E-5	3.4873476124630542E-6
237.410156544	9.1700995E-6	5.106191565573681E-6
237.412122624	-2.5945346E-5	7.243132131407037E-6
237.414105088	-4.903392E-5	9.935617526934948E-6
237.416071168	-5.307543E-6	1.316341422352707E-5
237.418053632	1.2843105E-5	1.683043228695169E-5
237.420019712	1.39420945E-5	2.0756024241563864E-5
237.421985792	3.447214E-5	2.4681661670911126E-5
237.423968256	6.0179227E-5	2.8294449293753132E-5
237.425934336	2.336841E-5	3.1266325095202774E-5
237.4279168	5.0741226E-5	3.330236722831614E-5
237.42988288	1.3345E-5	3.418845517444424E-5
237.43184896	4.3672015E-5	3.3828091545728967E-5
237.433831424	9.5764E-5	3.225930413464084E-5
237.435797504	-1.3185193E-5	2.9647930205101147E-5
237.437779968	-6.515979E-5	2.625896559038665E-5
237.439746048	-1.4499969E-5	2.2412386897485703E-5
237.441712128	2.429501E-5	1.8433938748785295E-5
237.443694592	1.3949938E-5	1.4611032383982092E-5
237.445660672	1.08679005E-5	1.1161589100083802E-5
237.447643136	1.1464711E-5	8.220050403906498E-6
237.449609216	1.1278876E-5	5.839670848217793E-6
237.451575296	7.9736E-5	4.006777544418583E-6
237.45355776	1.9007353E-5	2.6617215098667657E-6
237.45552384	2.845693E-5	1.7201464288518764E-6
237.457506304	8.477166E-5	1.0912976904364768E-6
237.459472384	5.4772805E-5	6.907378633513872E-7
237.461438464	5.751862E-6	4.4742930072061426E-7
237.463420928	1.4746051E-5	3.062155258248822E-7
237.465387008	4.6749374E-5	2.271340235893149E-7
237.467369472	7.456135E-5	1.8304882587472093E-7
237.469335552	9.562216E-5	1.5673747100208857E-7
237.471301632	7.580196E-5	1.381126963906354E-7
237.473284096	1.9495374E-5	1.1676725364395679E-7
237.475250176	-1.761105E-5	1.0365086922092814E-7
237.47723264	-2.218662E-5	8.868047984833538E-8
237.47919872	-3.504417E-5	7.312843308682204E-8
237.4811648	-1.4971444E-5	5.812286119066812E-8
237.483147264	-5.9899357E-5	4.452561697121382E-8
237.485113344	2.1349797E-5	3.2875654198960547E-8
237.487095808	1.9522731E-5	2.3395909209966703E-8
237.489061888	-6.346983E-5	1.6047422946030565E-8
237.491027968	1.7244149E-5	1.0608911971132784E-8
237.493010432	-2.3138104E-5	6.7598358022280536E-9
237.494976512	-9.713375E-6	4.151444521482972E-9
237.496958976	5.5981996E-5	2.457307024528177E-9
237.498925056	-3.168311E-5	1.401895155517252E-9
237.500891136	2.6561835E-5	7.708466087663624E-10
237.5028736	2.3086954E-5	4.0852132787705386E-10
237.50483968	-6.63857E-5	2.0866776362371553E-10
237.506822144	-7.9308666E-5	1.027278054288594E-10
237.508788224	-4.548431E-5	4.8742985342409284E-11
237.510754304	-2.8597255E-5	1.5046347848213237E-11
237.512736768	-6.5007234E-6	0.0
237.514702848	9.0184694E-5	0.0
237.516685312	4.123782E-5	0.0
237.518651392	2.3042723E-5	0.0
237.520617472	-1.1027813E-5	0.0
237.522599936	1.0447052E-5	0.0
237.524566016	2.826104E-5	0.0
237.52654848	-6.204871E-5	0.0
237.52851456	1.177944E-5	0.0
237.53048064	-7.1846453E-6	0.0
237.532463104	1.8210839E-6	0.0
237.534429184	2.7789456E-5	0.0
237.536411648	-3.472051E-5	0.0
237.538377728	-4.5591773E-5	0.0
237.540343808	2.8845896E-5	0.0
237.542326272	5.56949E-5	0.0
237.544292352	-2.6262727E-5	0.0
237.546274816	-6.4755266E-5	0.0
237.548240896	-7.000016E-5	0.0
237.550206976	-4.0497525E-5	0.0
237.55218944	-4.3666907E-5	0.0
237.55415552	-1.0557354E-4	0.0
237.556137984	-4.648375E-5	0.0
237.558104064	1.845115E-5	0.0
237.560070144	2.6653439E-5	0.0
237.562052608	-3.8512128E-5	0.0
237.564018688	-9.2921706E-5	0.0
237.566001152	-8.0472055E-5	0.0
237.567967232	1.7826167E-5	0.0
237.569933312	5.904754E-5	0.0
237.571915776	4.5255016E-5	0.0
237.573881856	2.3410217E-5	0.0
237.57586432	-5.4812817E-6	0.0
237.5778304	5.964451E-6	0.0
237.57979648	7.6975324E-5	0.0
237.581778944	1.11797344E-4	0.0
237.583745024	7.542984E-5	0.0
237.585727488	1.918771E-6	0.0
237.587693568	-6.470028E-5	0.0
237.589659648	-6.0125865E-5	0.0
237.591642112	1.5827985E-5	0.0
237.593608192	6.1677245E-5	0.0
237.595590656	5.4274924E-6	0.0
237.597556736	-4.6839472E-5	0.0
237.599522816	3.129932E-5	0.0
237.60150528	3.822625E-5	0.0
237.60347136	1.8328456E-5	0.0
237.605453824	-8.7307956E-7	0.0
237.607419904	-2.985525E-5	0.0
237.609385984	-3.287818E-5	0.0
237.611368448	-3.7464288E-5	0.0
237.613334528	1.3813252E-5	0.0
237.615316992	6.978105E-5	0.0
237.617283072	5.8302365E-5	0.0
237.619265536	4.7033573E-5	0.0
237.621231616	1.720568E-5	0.0
237.623197696	7.0693995E-6	0.0
237.62518016	2.865242E-6	0.0
237.62714624	-3.17365E-6	0.0
237.629128704	3.6390098E-5	0.0
237.631094784	3.464427E-5	0.0
237.633060864	1.4245684E-5	0.0
237.635043328	1.722566E-5	0.0
237.637009408	3.4825416E-6	0.0
237.638991872	-8.838932E-6	2.74264777555544E-10
237.640957952	-1.0568311E-5	5.747746167905632E-10
237.642924032	-1.4525377E-5	1.1607298455729165E-9
237.644906496	-1.7136246E-5	2.2588031445280876E-9
237.646872576	-5.777924E-5	4.235795714180313E-9
237.64885504	-2.9001154E-5	7.654216815922155E-9
237.65082112	3.1317948E-5	1.3328248726907077E-8
237.6527872	1.9771365E-5	2.2364440965816357E-8
237.654769664	1.7889468E-5	3.6161960537128834E-8
237.656735744	3.869558E-5	5.634496602624495E-8
237.658718208	-4.1015763E-5	8.459903000357372E-8
237.660684288	-1.5227834E-5	1.2240147384545708E-7
237.662650368	3.4897123E-5	1.7065413260297646E-7
237.664632832	2.2740123E-6	2.2927457621335634E-7
237.666598912	-7.55561E-6	2.968264709579671E-7
237.668581376	-2.2329486E-6	3.703054005654849E-7
237.670547456	2.9393375E-5	4.453776227819617E-7
237.672513536	2.8323817E-5	5.16145519213751E-7
237.674496	-7.0463257E-6	5.766555659647565E-7
237.67646208	-3.052481E-5	6.211900540620263E-7
237.678444544	5.2479945E-6	6.455878178712737E-7
237.680410624	1.7556578E-5	6.479415333160432E-7
237.682376704	2.6203857E-5	6.29130340712436E-7
237.684359168	7.058993E-5	5.928672521804401E-7
237.686325248	2.4378014E-5	5.452742470879457E-7
237.688307712	1.23131895E-5	4.94061055178463E-7
237.690273792	2.2916201E-6	4.474664478948398E-7
237.692239872	5.0745635E-5	4.131335344936815E-7
237.694222336	7.777974E-5	3.9708649524072825E-7
237.696188416	1.0268968E-4	4.029253943826916E-7
237.69817088	7.098644E-5	4.31329169714445E-7
237.70013696	-5.0186714E-5	4.798938562089461E-7
237.70210304	9.924682E-6	5.433531669041258E-7
237.704085504	7.200061E-5	6.141650032986945E-7
237.706051584	5.88846E-5	6.834392252130783E-7
237.708034048	1.4391589E-5	7.421015766340133E-7
237.710000128	-8.447995E-6	7.821462872925622E-7
237.711966208	-1.1295761E-4	7.977712357387645E-7
237.713948672	2.7739994E-5	7.861737003622693E-7
237.715914752	1.8693563E-5	7.478610655198281E-7
237.717897216	3.5627418E-5	6.864014494567527E-7
237.719863296	-6.6151646E-5	6.076923000364332E-7
237.721829376	-4.431605E-6	5.187816896068398E-7
237.72381184	1.2739786E-5	4.2727450022539415E-7
237.72577792	3.5429963E-5	3.39377209002123E-7
237.727760384	4.096698E-5	2.5998045316555363E-7
237.729726464	3.160606E-5	1.9210526147617202E-7
237.731692544	4.6160116E-5	1.3696202927349077E-7
237.733675008	8.912542E-5	9.427463965039351E-8
237.735641088	3.4435034E-5	6.274015618146223E-8
237.737623552	1.4141128E-5	4.050135515853981E-8
237.739589632	-2.302163E-5	2.554780564878456E-8
237.741555712	1.3948759E-5	1.6269494196308187E-8
237.743538176	3.993306E-5	1.0825425000859923E-8
237.745504256	3.080494E-6	8.217766023221884E-9
237.74748672	-3.662548E-5	7.741525642757097E-9
237.7494528	3.0374902E-5	9.102855358378292E-9
237.75141888	6.866692E-5	1.2410541039287182E-8
237.753401344	7.618927E-5	1.8174082683231063E-8
237.755367424	4.903652E-5	2.7227367027649052E-8
237.757349888	3.1789284E-7	4.099462103113183E-8
237.759315968	3.4223667E-5	6.097209848121565E-8
237.761282048	5.9868442E-5	8.877000823304115E-8
237.763264512	-2.6652264E-5	1.2588294850957027E-7
237.765230592	-5.4939886E-5	1.7325353951491707E-7
237.767213056	1.1278723E-5	2.3086262501692545E-7
237.769179136	-2.4863553E-5	2.973509936055052E-7
237.771145216	-3.4651515E-5	3.699533692724799E-7
237.77312768	-5.0747978E-5	4.440786369741545E-7
237.77509376	-1.752913E-5	5.142381951372954E-7
237.777076224	2.5245752E-5	5.744159921050596E-7
237.779042304	6.3075786E-5	6.190507519931998E-7
237.781008384	3.0469366E-5	6.440217816816585E-7
237.782990848	-3.5062449E-6	6.474750762208714E-7
237.784956928	-3.7619157E-5	6.303220629888528E-7
237.786939392	-9.359127E-6	5.962635896139545E-7
237.788905472	1.0757648E-5	5.513256837730296E-7
237.790871552	-3.7758E-5	5.029881435802963E-7
237.792854016	-4.444525E-5	4.5906324430688983E-7
237.794820096	-1.25633205E-5	4.265250197477144E-7
237.79680256	7.172764E-5	4.1047610466193873E-7
237.79876864	8.3995445E-5	4.1340504708387016E-7
237.80073472	7.337345E-5	4.348270010723354E-7
237.802717184	3.7274636E-5	4.713612895557162E-7
237.804683264	-7.4454956E-6	5.172173587197904E-7
237.806665728	2.7015927E-5	5.650505841003906E-7
237.808631808	2.5103514E-5	6.070525842005736E-7
237.810597888	7.322661E-6	6.361211148941948E-7
237.812580352	-1.585169E-5	6.469116442531231E-7
237.814546432	-3.0062582E-5	6.365854119394498E-7
237.816528896	-5.9335343E-5	6.051166110410122E-7
237.818494976	-7.719562E-5	5.551103186007822E-7
237.820461056	-7.9794714E-5	4.911922246719769E-7
237.82244352	-2.7646796E-5	4.191186064872454E-7
237.8244096	6.273344E-5	3.4468720855329593E-7
237.826392064	9.782326E-5	2.7344592012923385E-7
237.828358144	8.927952E-5	2.0913464027216833E-7
237.830324224	3.1294556E-5	1.5421265686654806E-7
237.832306688	-7.019288E-6	1.0964445351646646E-7
237.834272768	1.6558323E-6	7.517395061995558E-8
237.836255232	8.061578E-6	4.9706052607234597E-8
237.838221312	5.213965E-6	3.170048046285956E-8
237.840187392	2.5189283E-6	1.9502905956869654E-8
237.842169856	-2.3847648E-5	1.1576561931292417E-8
237.844135936	-1.1518766E-5	6.6311298674293084E-9
237.8461184	1.30900435E-5	3.6661764735157476E-9
237.84808448	9.005124E-6	1.9568531239855247E-9
237.85005056	2.999469E-6	1.0086399493403064E-9
237.852033024	9.606031E-6	5.021943416672059E-10
237.853999104	-2.8579243E-5	2.416025435270086E-10
237.855981568	-4.9945447E-5	8.432656656287563E-11
237.857947648	-5.357377E-5	1.4874278198018231E-10
237.859913728	-5.4906166E-5	2.862779180379249E-10
237.861896192	-3.9949347E-5	5.499094513083946E-10
237.863862272	-3.188857E-5	1.0261163030378384E-9
237.865844736	-2.1099759E-5	1.8523652611790453E-9
237.867810816	7.547093E-5	3.222537792169078E-9
237.869776896	6.476279E-5	5.402639668972142E-9
237.87175936	-5.054184E-5	8.728762601606377E-9
237.87372544	-3.3904336E-5	1.3590664593721158E-8
237.875707904	-1.840502E-5	2.0392258548440623E-8
237.877673984	-4.4925535E-5	2.9487019048701768E-8
237.879640064	8.26116E-5	4.1089730729026996E-8
237.881622528	6.836004E-5	5.517929935194843E-8
237.883588608	5.946304E-5	7.14095733655995E-8
237.885571072	8.09653E-5	8.90585809543154E-8
237.887537152	4.809117E-5	1.0703728747785135E-7
237.889503232	3.338007E-5	1.2397454440815636E-7
237.891485696	4.5726454E-5	1.3837886569945113E-7
237.893451776	3.905839E-5	1.4884894028455165E-7
237.89543424	1.7689641E-5	1.5429830568791658E-7
237.89740032	7.527863E-5	1.5414019571835524E-7
237.8993664	2.2712591E-5	1.4839184814263717E-7
237.901348864	5.2563686E-5	1.376712788214718E-7
237.903314944	4.4752005E-6	1.2308805708016735E-7
237.905297408	-7.822412E-5	1.0605422318121782E-7
237.907263488	-8.319804E-6	8.805999840433287E-8
237.909229568	5.9412414E-5	7.046417493938861E-8
237.911212032	2.1587233E-5	5.4337149890670844E-8
237.913178112	-6.7147594E-5	4.037980616544701E-8
237.915160576	1.7365008E-6	2.891813544181332E-8
237.917126656	-7.711752E-6	1.9957921537638867E-8
237.919092736	5.06539E-6	1.327394905104029E-8
237.9210752	-2.5682491E-5	8.507909932120583E-9
237.92304128	2.4576473E-5	5.255139434723333E-9
237.925023744	5.2646385E-5	4.5289727523822876E-9
237.926989824	6.3945015E-5	4.807434894615881E-9
237.928972288	-4.5626653E-5	7.237408450322391E-9
237.930938368	-7.774804E-5	1.3004346932632416E-8
237.932904448	4.4033965E-5	2.4289040112535076E-8
237.934886912	1.2711147E-4	4.4693365452985745E-8
237.936852992	1.0483364E-4	7.973298465913103E-8
237.938835456	-4.7918038E-5	1.372752080897044E-7
237.940801536	-3.105338E-5	2.2794925769176189E-7
237.942767616	-3.473787E-5	3.647791686489654E-7
237.94475008	7.220434E-6	5.62560103389842E-7
237.94671616	1.2391268E-5	8.360824494957342E-7
237.948698624	2.8680368E-5	1.1974913149970234E-6
237.950664704	9.710892E-6	1.6528749711142154E-6
237.952630784	2.7259075E-5	2.1986122646922013E-6
237.954613248	2.8827044E-5	2.818390839820495E-6
237.956579328	1.1521924E-4	3.481774456304265E-6
237.958561792	3.6548176E-5	4.145219008933054E-6
237.960527872	2.5392974E-5	4.756047928822227E-6
237.962493952	-7.5935444E-5	5.258967121335445E-6
237.964476416	-5.8340815E-5	5.604197212960571E-6
237.966442496	7.805841E-5	5.7569941418478265E-6
237.96842496	1.8139802E-4	5.699780103896046E-6
237.97039104	9.759008E-5	5.440388122224249E-6
237.97235712	9.998004E-5	5.008198513678508E-6
237.974339584	9.553257E-5	4.450224423635518E-6
237.976305664	7.117221E-5	3.824073246505577E-6
237.978288128	2.1268794E-5	3.1900874546408886E-6
237.980254208	1.7281729E-5	2.604422206786694E-6
237.982220288	-1.6678749E-5	2.1141079287190223E-6
237.984202752	-3.9250826E-5	1.7546014987601666E-6
237.986168832	-5.8247106E-6	1.5493519640585873E-6
237.988151296	2.1335645E-5	1.5104861859072116E-6
237.990117376	5.4779048E-5	1.6396670616813935E-6
237.992083456	7.765202E-5	1.9283024812466465E-6
237.99406592	4.0042476E-5	2.3570607936562737E-6
237.996032	2.3663573E-5	2.895137413361226E-6
237.998014464	4.177628E-5	3.5001633023057366E-6
237.999980544	1.0830579E-4	4.119847289985046E-6
238.001946624	7.2640265E-5	4.695832558354596E-6
238.003929088	2.9495175E-7	5.169805717741838E-6
238.005895168	7.4947448E-6	5.490970124810701E-6
238.007877632	2.8967637E-5	5.623381639452418E-6
238.009843712	4.44526E-5	5.55183078176924E-6
238.011809792	1.5362484E-5	5.2846994549327064E-6
238.013792256	1.5633768E-5	4.849827746511437E-6
238.015758336	4.9345465E-5	4.2928941184072755E-6
238.0177408	1.1021206E-4	3.6689232274511596E-6
238.01970688	1.543221E-4	3.034561359527288E-6
238.02167296	9.6899355E-5	2.441473498038249E-6
238.023655424	4.5641536E-5	1.9319170405651676E-6
238.025621504	3.397864E-6	1.5370013670690241E-6
238.027603968	-6.5129398E-6	1.2771843103109859E-6
238.029570048	2.1552745E-5	1.1640154298220295E-6
238.031536128	1.6058735E-5	1.2020321946693002E-6
238.033518592	-3.0277546E-5	1.389734961776412E-6
238.035484672	4.5732202E-7	1.7192662653542357E-6
238.037467136	4.345784E-5	2.1748669496446382E-6
238.039433216	1.2551826E-5	2.730924052229966E-6
238.041399296	1.4673413E-6	3.3506757972645573E-6
238.04338176	8.827213E-6	3.9867959458206315E-6
238.04534784	-2.7266784E-5	4.5844376472814474E-6
238.047330304	NaN	5.086853434477234E-6
238.049296384	NaN	5.4427450777438935E-6
238.051262464	NaN	5.613038410956506E-6
238.053244928	NaN	5.580813649430638E-6
238.055211008	NaN	5.347731985239079E-6
238.057193472	NaN	4.93870493301074E-6
238.059159552	NaN	4.395665655465564E-6
238.061125632	NaN	3.7705249269492924E-6
238.063108096	NaN	3.117024562016013E-6
238.065074176	NaN	2.4833495899656555E-6
238.06705664	NaN	1.9067392713623121E-6
238.06902272	NaN	1.4109128869677079E-6
238.0709888	NaN	1.006149659588118E-6
238.072971264	NaN	6.914804657753848E-7
238.074937344	NaN	4.5798620362802467E-7
238.076919808	NaN	2.923340218785597E-7
238.078885888	NaN	1.7983082045702758E-7
238.080851968	NaN	1.0661168658998577E-7
