220.033335296	1.03295846E-4	4.191453850665994E-9
220.0313856	1.3065006E-4	1.7525467743695344E-9
220.029435904	1.264005E-4	0.0
220.027469824	2.7668882E-5	0.0
220.025520128	1.04088485E-5	0.0
220.023570432	-3.898881E-5	0.0
220.021604352	6.900874E-5	0.0
220.019654656	2.1823536E-4	0.0
220.01770496	1.1234274E-4	0.0
220.01573888	1.0451646E-4	0.0
220.013789184	-6.327137E-5	0.0
220.011839488	-6.545382E-5	0.0
220.009889792	5.581554E-5	0.0
220.007923712	1.936366E-4	0.0
220.005974016	2.1573405E-5	0.0
220.00402432	1.5262043E-5	0.0
220.00205824	-7.3338865E-6	0.0
220.000108544	1.114212E-5	0.0
219.998158848	5.960445E-6	0.0
219.996192768	-5.2775078E-5	0.0
219.994243072	1.3550496E-4	0.0
219.992293376	-1.15184725E-4	0.0
219.99034368	-3.1907673E-6	0.0
219.9883776	-9.2474824E-5	0.0
219.986427904	-5.934527E-5	0.0
219.984478208	1.2853803E-5	0.0
219.982512128	-1.2317227E-5	0.0
219.980562432	8.720846E-5	2.7655357826006366E-7
219.978612736	-5.8145244E-5	6.402369763236493E-7
219.976646656	6.727821E-5	1.4130953331914498E-6
219.97469696	1.9416076E-4	2.973377604575944E-6
219.972747264	1.7603632E-4	5.963983767287573E-6
219.970797568	1.6301894E-5	1.14016165753128E-5
219.968831488	-7.795699E-6	2.0770456103491597E-5
219.966881792	7.2861535E-6	3.6045341403223574E-5
219.964932096	3.9097165E-5	5.956932727713138E-5
219.962966016	3.8390376E-6	9.371450141770765E-5
219.96101632	1.4318417E-5	1.4030205784365535E-4
219.959066624	1.623584E-4	1.9986268307548016E-4
219.957100544	3.8151024E-4	2.709365508053452E-4
219.955150848	3.2221683E-4	3.496938443277031E-4
219.953201152	5.25269E-4	4.301076114643365E-4
219.951251456	4.628383E-4	5.047241575084627E-4
219.949285376	5.474698E-4	5.658459849655628E-4
219.94733568	6.931381E-4	6.068026996217668E-4
219.945385984	5.9349294E-4	6.230041617527604E-4
219.943419904	5.805656E-4	6.126171792857349E-4
219.941470208	5.86174E-4	5.76817779801786E-4
219.939520512	5.589507E-4	5.196311976760626E-4
219.937554432	4.590903E-4	4.4734778930433095E-4
219.935604736	2.7155183E-4	3.6754371831193566E-4
219.93365504	1.969042E-4	2.8783688321709633E-4
219.931705344	1.3365346E-4	2.146541519323364E-4
219.929739264	2.8238964E-4	1.523468381492421E-4
219.927789568	1.9528563E-4	1.0288187331752852E-4
219.925839872	1.625121E-4	6.611445860471576E-5
219.923873792	8.509555E-5	4.044174784212373E-5
219.921924096	6.969543E-5	2.3555821826448664E-5
219.9199744	1.1549901E-5	1.3069474334770348E-5
219.91800832	6.828916E-5	6.90943352310569E-6
219.916058624	4.896399E-5	3.481389057924389E-6
219.914108928	-3.3667654E-6	1.6720853182050632E-6
219.912159232	7.090295E-5	7.656055913685123E-7
219.910193152	1.2435645E-4	3.3420653267057787E-7
219.908243456	9.982788E-5	0.0
219.90629376	1.20737364E-4	0.0
219.90432768	5.5579567E-5	0.0
219.902377984	9.908826E-5	0.0
219.900428288	4.272129E-5	0.0
219.898462208	9.439348E-5	0.0
219.896512512	5.2795815E-5	0.0
219.894562816	-2.8004708E-5	0.0
219.892596736	7.993525E-5	0.0
219.89064704	5.442848E-5	0.0
219.888697344	6.494982E-5	0.0
219.886747648	1.1055926E-4	2.108026819769293E-8
219.884781568	3.927675E-5	3.084824129473418E-8
219.882831872	1.1987684E-4	4.4751686800736934E-8
219.880882176	2.0173489E-4	6.435175237129442E-8
219.878916096	-1.40709435E-5	9.172708814730868E-8
219.8769664	-8.897418E-5	1.296047003052081E-7
219.875016704	3.126144E-5	1.815221821743762E-7
219.873050624	7.114093E-5	2.5201296693921904E-7
219.871100928	8.272613E-6	3.468180409527122E-7
219.869151232	-2.2228903E-6	4.73110873144833E-7
219.867201536	1.463682E-4	6.397455649675976E-7
219.865235456	2.848969E-5	8.574982075515436E-7
219.86328576	-2.6196985E-5	1.139304458774859E-6
219.861336064	-2.1917795E-5	1.500465145909402E-6
219.859369984	2.1669332E-5	1.9587967017287156E-6
219.857420288	-1.2327205E-4	2.5347133032482816E-6
219.855470592	2.2638482E-5	3.2511895824427484E-6
219.853504512	9.619335E-5	4.13358202422387E-6
219.851554816	1.0166925E-4	5.209299615671625E-6
219.84960512	-3.694502E-5	6.5072626966866665E-6
219.847655424	-3.260682E-5	8.057133527472615E-6
219.845689344	8.3138315E-5	9.88833653536858E-6
219.843739648	1.2463037E-4	1.2028847777401097E-5
219.841789952	2.5776355E-4	1.450374929845566E-5
219.839823872	5.6200264E-5	1.733365388645325E-5
219.837874176	1.3087553E-4	2.053300522675272E-5
219.83592448	6.1373365E-5	2.410826346022077E-5
219.8339584	5.0413314E-6	2.8056319933966734E-5
219.832008704	4.241397E-5	3.236296834074892E-5
219.830059008	3.4203946E-5	3.700164961628616E-5
219.828109312	6.6577464E-5	4.1932653402909636E-5
219.826143232	-1.3570692E-5	4.710283610620536E-5
219.824193536	1.3159527E-4	5.2451043302426115E-5
219.82224384	2.6294076E-5	5.789460556115955E-5
219.82027776	7.387726E-5	6.334202771540731E-5
219.818328064	-5.272356E-7	6.869873323012143E-5
219.816378368	5.817653E-5	7.386202923953533E-5
219.814412288	-1.2478564E-5	7.872694550314918E-5
219.812462592	5.7463426E-6	8.318985783262178E-5
219.810512896	2.8889862E-4	8.715222065802664E-5
219.8085632	1.8599819E-4	9.052429959410802E-5
219.80659712	1.03163424E-4	9.32288239710033E-5
219.804647424	4.4659766E-5	9.52039918047376E-5
219.802697728	1.435174E-4	9.640622010920197E-5
219.800731648	6.35141E-5	9.681210212875158E-5
219.798781952	1.273E-4	9.641959331929684E-5
219.796832256	2.1229408E-4	9.524840425001457E-5
219.794866176	2.181314E-4	9.333949856227264E-5
219.79291648	1.6703422E-4	9.075381967704743E-5
219.790966784	1.7406617E-4	8.757014438742772E-5
219.789017088	9.367731E-5	8.388226706301793E-5
219.787051008	1.300072E-4	7.979565270943567E-5
219.785101312	1.9399461E-4	7.542363891843706E-5
219.783151616	1.3321104E-4	7.088331039994955E-5
219.781185536	5.1769046E-5	6.629147537751123E-5
219.77923584	-5.8122823E-5	6.176055467221886E-5
219.777286144	-1.1074098E-4	5.7394914620090276E-5
219.775320064	2.6951902E-5	5.3287509217625484E-5
219.773370368	1.1630094E-4	4.9522321205586195E-5
219.771420672	5.6862842E-5	4.615920261130668E-5
219.769454592	4.2552503E-5	4.3250231101410463E-5
219.767504896	8.499549E-5	4.083197927684523E-5
219.7655552	-6.8129643E-6	3.8930604205233976E-5
219.763605504	1.0533023E-4	3.756683872779831E-5
219.761639424	1.6690069E-4	3.6761517549166456E-5
219.759689728	1.5302487E-4	3.654045212897472E-5
219.757740032	6.756065E-5	3.693680264404975E-5
219.755773952	1.05418956E-4	3.798495527007617E-5
219.753824256	6.563818E-5	3.9708880649413913E-5
219.75187456	9.434314E-6	4.209734106552787E-5
219.74990848	-4.193093E-5	4.507575067691505E-5
219.747958784	3.7956237E-5	4.8482721467735246E-5
219.746009088	1.059962E-4	5.2056821004953235E-5
219.744059392	-1.17139454E-4	5.544901796383783E-5
219.742093312	-1.19842425E-5	5.826414417242631E-5
219.740143616	2.1679998E-5	6.0125894378870726E-5
219.73819392	7.2401155E-5	6.0753758589271456E-5
219.73622784	6.8333386E-5	6.000423672958277E-5
219.734278144	7.222841E-5	5.792630690848455E-5
219.732328448	-2.5559175E-5	5.4733885917812586E-5
219.730362368	6.841965E-5	5.076928937342018E-5
219.728412672	4.0142427E-6	4.6433295210590586E-5
219.726462976	2.286782E-5	4.2121577280340716E-5
219.72451328	-1.1000086E-4	3.817545439233072E-5
219.7225472	3.144544E-5	3.485511115286499E-5
219.720597504	8.494469E-5	3.233009920222685E-5
219.718647808	-2.9004064E-5	3.068525256821886E-5
219.716681728	4.670163E-6	2.991899054904934E-5
219.714732032	2.0486588E-5	2.992211011587642E-5
219.712782336	-1.595997E-4	3.05534376821015E-5
219.710816256	2.9380464E-5	3.1511361157754436E-5
219.70886656	1.1112396E-4	3.245133484597318E-5
219.706916864	1.1703402E-4	3.300900061731227E-5
219.704967168	-1.0672649E-5	3.2871528674149886E-5
219.703001088	8.446719E-6	3.1813953683013096E-5
219.701051392	2.4040486E-4	2.978226257255301E-5
219.699101696	2.1953759E-4	2.690260407689493E-5
219.697135616	5.9405585E-5	2.3439650249201804E-5
219.69518592	3.5785288E-5	1.9761240764637478E-5
219.693236224	-1.3849813E-5	1.6269690604531206E-5
219.691270144	3.0117926E-5	1.3332573871593922E-5
219.689320448	-8.877649E-5	1.1240833373449277E-5
219.687370752	1.0363386E-4	1.0177165677305311E-5
219.685421056	1.5398531E-4	1.0207461855316069E-5
219.683454976	8.5658576E-5	1.127352788898861E-5
219.68150528	3.4043234E-5	1.3197646694607101E-5
219.679555584	-4.278641E-5	1.568978768773377E-5
219.677589504	2.815547E-5	1.837273157434538E-5
219.675639808	6.861808E-5	2.0824969396926463E-5
219.673690112	1.7001186E-5	2.2644402633886784E-5
219.671724032	1.1923642E-6	2.3515713110100478E-5
219.669774336	9.696565E-5	2.3272235921467654E-5
219.66782464	8.90937E-5	2.1924355678493157E-5
219.665874944	1.1167584E-4	1.9647914086817764E-5
219.663908864	-6.631254E-5	1.674824488873128E-5
219.661959168	-1.9416371E-5	1.3574947843153495E-5
219.660009472	1.604065E-5	1.0460288649483118E-5
219.658043392	1.51017975E-5	7.662714779144153E-6
219.656093696	-9.760015E-5	5.336526101018535E-6
219.654144	-5.8320707E-5	3.532921937221545E-6
219.65217792	-2.7658707E-5	2.2205683762877015E-6
219.650228224	-2.9359408E-5	1.3248835557533312E-6
219.648278528	6.9243347E-6	7.531030519203341E-7
219.646328832	-1.6009615E-5	4.069076737778232E-7
219.644362752	-4.3625267E-5	2.0898031038996123E-7
219.642413056	-1.0037851E-4	1.0202022338035022E-7
219.64046336	-3.0078589E-5	4.7341298881065086E-8
219.63849728	7.493131E-5	2.0881810058881456E-8
219.636547584	5.3007676E-5	8.755294267359659E-9
219.634597888	5.876076E-5	0.0
219.632631808	-7.1274603E-6	0.0
219.630682112	2.6328364E-6	0.0
219.628732416	8.289471E-6	0.0
219.626766336	3.820883E-5	0.0
219.62481664	5.478074E-5	0.0
219.622866944	-7.461196E-5	0.0
219.620917248	1.13983835E-4	0.0
219.618951168	1.9015797E-4	0.0
219.617001472	1.1641984E-4	0.0
219.615051776	8.246421E-5	0.0
219.613085696	3.398018E-5	0.0
219.611136	9.108046E-6	0.0
219.609186304	-7.87504E-5	0.0
219.607220224	6.631761E-6	0.0
219.605270528	2.192332E-5	0.0
219.603320832	8.921308E-6	0.0
219.601371136	-2.5971583E-6	0.0
219.599405056	-3.523084E-5	0.0
219.59745536	2.7738317E-5	0.0
219.595505664	-3.9360595E-5	0.0
219.593539584	-5.7336747E-5	0.0
219.591589888	-3.4222794E-5	0.0
219.589640192	2.241554E-5	0.0
219.587674112	-1.0008661E-4	0.0
219.585724416	-1.8591678E-5	0.0
219.58377472	1.478984E-4	3.3562537282705307E-7
219.581825024	-1.4665768E-4	1.0093317541759461E-6
219.579858944	-1.6544307E-4	2.793396561173722E-6
219.577909248	-1.0939058E-4	7.113390893209726E-6
219.575959552	-8.1981154E-5	1.6662681446177885E-5
219.573993472	3.9546616E-5	3.588656909414567E-5
219.572043776	-6.747546E-5	7.101452501956373E-5
219.57009408	4.3660544E-5	1.290174841415137E-4
219.568128	1.7355385E-4	2.1505984477698803E-4
219.566178304	3.2846557E-4	3.288735169917345E-4
219.564228608	5.2765314E-4	4.6174105955287814E-4
219.562278912	6.5394194E-4	5.963142612017691E-4
219.560312832	7.573747E-4	7.10248714312911E-4
219.558363136	8.2549005E-4	7.823413470759988E-4
219.55641344	7.134608E-4	7.985047996044159E-4
219.55444736	7.3267304E-4	7.555321208201349E-4
219.552497664	6.070639E-4	6.619156338274479E-4
219.550547968	5.4450665E-4	5.356419715099037E-4
219.548581888	3.4968022E-4	3.9925664896145463E-4
219.546632192	3.4178176E-4	2.7347655850462615E-4
219.544682496	2.4851196E-4	1.7190742073580623E-4
219.5427328	6.808088E-5	9.914800466503948E-5
219.54076672	1.2436177E-4	5.250865433481522E-5
219.538817024	1.5974624E-4	2.5591420126147568E-5
219.536867328	6.141549E-5	1.1552446267160121E-5
219.534901248	-1.026179E-4	4.943752173858229E-6
219.532951552	9.0897556E-5	2.1828686840308364E-6
219.531001856	1.0182376E-4	1.240264509760891E-6
219.529035776	1.6894838E-4	1.1036269143005484E-6
219.52708608	1.5059534E-4	1.260698695659812E-6
219.525136384	5.7747555E-5	1.6767893384894705E-6
219.523186688	5.1958364E-6	2.1280866349115968E-6
219.521220608	-7.07223E-5	2.5755889510037377E-6
219.519270912	-7.8346005E-5	2.9715642995142844E-6
219.517321216	3.061115E-5	3.269453372922726E-6
219.515355136	1.0753146E-4	3.4350807709415676E-6
219.51340544	1.0415774E-4	3.4564086490718182E-6
219.511455744	6.0268078E-5	3.348764266775106E-6
219.509489664	1.0358527E-4	3.153238139930181E-6
219.507539968	5.2858257E-5	2.9283085041242884E-6
219.505590272	1.3120169E-5	2.7366008907847572E-6
219.503624192	-8.692905E-5	2.6301729576516664E-6
219.501674496	-2.9692752E-5	2.638116939124302E-6
219.4997248	-6.249739E-5	2.7595656320045236E-6
219.497775104	-7.3951895E-5	2.9638663363584783E-6
219.495809024	7.21614E-5	3.197863634341047E-6
219.493859328	8.972559E-5	3.398426770218066E-6
219.491909632	3.4746958E-5	3.507192559482064E-6
219.489943552	2.9253055E-5	3.483561613393249E-6
219.487993856	1.6182842E-6	3.3129178973467788E-6
219.48604416	-3.319559E-6	3.0079763746471144E-6
219.48407808	-7.6012E-5	2.603540451673325E-6
219.482128384	1.0756724E-4	2.1467171791300643E-6
219.480178688	7.070833E-5	1.685791517047619E-6
219.478228992	1.1523411E-4	1.2604061794263544E-6
219.476262912	-7.2601164E-5	8.982971166915377E-7
219.474313216	-8.95138E-5	6.101496410337859E-7
219.47236352	-1.01455935E-5	3.952096392367821E-7
219.47039744	8.753506E-5	2.4429789391433587E-7
219.468447744	1.6127367E-4	1.4507082823911333E-7
219.466498048	1.4379807E-4	8.345792679165243E-8
219.464531968	1.77054E-4	4.8716653822111766E-8
219.462582272	2.3156023E-4	3.319738084428536E-8
219.460632576	7.528935E-5	3.316314689527644E-8
219.45868288	9.118391E-5	4.8987459422278334E-8
219.4567168	-1.2700873E-5	8.513053018077699E-8
219.454767104	-3.3305696E-5	1.4941888082375954E-7
219.452817408	9.623863E-5	2.554303932811308E-7
219.450851328	7.266018E-5	4.1565903075024835E-7
219.448901632	-4.6048674E-5	6.431613428503624E-7
219.446951936	-3.6488398E-6	9.459772627451457E-7
219.444985856	-6.462546E-5	1.3224487247498473E-6
219.44303616	2.3064467E-5	1.7580356370672234E-6
219.441086464	-5.9186408E-5	2.221197519247653E-6
219.439136768	3.9099217E-5	2.668469960553921E-6
219.437170688	-6.968222E-5	3.0495039027300663E-6
219.435220992	-3.796783E-5	3.324574208818376E-6
219.433271296	-4.394341E-5	3.4581955787871266E-6
219.431305216	4.652602E-5	3.4524778129707556E-6
219.42935552	-2.6250882E-5	3.341368028486613E-6
219.427405824	-8.6488086E-5	3.195384351784014E-6
219.425439744	-7.257917E-5	3.1172285162028857E-6
219.423490048	7.5076846E-6	3.235327767470153E-6
219.421540352	7.652207E-5	3.6924618598277448E-6
219.419590656	1.6578595E-4	4.63075684820069E-6
219.417624576	1.1427308E-5	6.1734431255899835E-6
219.41567488	-6.847084E-5	8.398082172789145E-6
219.413725184	-8.588008E-5	1.1305849511700217E-5
219.411759104	9.2581155E-5	1.4791790817980655E-5
219.409809408	6.4173823E-6	1.862606586655602E-5
219.407859712	5.8951493E-5	2.2460053514805622E-5
219.405893632	7.937657E-5	2.5865498173516244E-5
219.403943936	1.079111E-4	2.8402844691299833E-5
219.40199424	1.5094805E-5	2.9708367947023362E-5
219.400044544	1.7444489E-5	2.957795004476793E-5
219.398078464	-5.915453E-6	2.801373557304032E-5
219.396128768	3.19613E-5	2.5227676815120503E-5
219.394179072	1.0802823E-4	2.159346331609413E-5
219.392212992	-2.2354738E-5	1.7560691048856825E-5
219.390263296	-6.2815176E-5	1.3564605069404934E-5
219.3883136	-1.233121E-4	9.949599188985303E-6
219.38634752	4.15433E-5	6.928621132828994E-6
219.384397824	-8.2283106E-5	4.580061613523867E-6
219.382448128	-7.373619E-5	2.8735571504512336E-6
219.380482048	4.9348888E-5	1.711007826088462E-6
219.378532352	7.963394E-5	9.667885478847893E-7
219.376582656	8.906294E-5	5.183727012081363E-7
219.37463296	-1.577923E-5	2.6372845240985043E-7
219.37266688	-7.0391376E-5	1.2730764353818813E-7
219.370717184	-9.7864955E-5	5.7941395681382346E-8
219.368767488	2.6674506E-5	2.5200971975891662E-8
219.366801408	3.6173948E-5	1.0397563698916201E-8
219.364851712	4.7677717E-5	0.0
219.362902016	3.3240267E-5	0.0
219.360935936	1.0482576E-4	0.0
219.35898624	3.9852235E-5	0.0
219.357036544	-1.5099585E-7	0.0
219.355086848	9.711582E-5	0.0
219.353120768	2.1482489E-4	0.0
219.351171072	2.5677067E-4	0.0
219.349221376	-6.914164E-5	0.0
219.347255296	-5.394974E-5	0.0
219.3453056	2.5730174E-5	0.0
219.343355904	1.0873998E-4	0.0
219.341389824	6.3261476E-5	0.0
219.339440128	1.5468117E-4	0.0
219.337490432	3.9941628E-5	0.0
219.335540736	6.9143054E-5	0.0
219.333574656	1.5010835E-4	0.0
219.33162496	1.19560216E-4	0.0
219.329675264	1.524156E-4	0.0
219.327709184	4.15152E-5	0.0
219.325759488	-6.8712696E-5	0.0
219.323809792	-9.2858936E-5	0.0
219.321843712	-8.29908E-5	0.0
219.319894016	-2.0305668E-5	0.0
219.31794432	-3.39083E-5	0.0
219.315994624	5.2463914E-5	0.0
219.314028544	9.4739E-5	0.0
219.312078848	1.1542344E-4	0.0
219.310129152	8.618003E-5	0.0
219.308163072	6.4672095E-5	0.0
219.306213376	-1.7684732E-7	0.0
219.30426368	-9.315249E-5	0.0
219.3022976	-3.164247E-5	0.0
219.300347904	2.437927E-5	0.0
219.298398208	3.066132E-5	0.0
219.296448512	2.7524775E-5	0.0
219.294482432	6.858941E-5	0.0
219.292532736	5.9098904E-5	0.0
219.29058304	-6.21893E-5	0.0
219.28861696	1.7584264E-6	0.0
219.286667264	1.6435605E-4	0.0
219.284717568	6.510727E-5	0.0
219.282751488	3.2545886E-5	0.0
219.280801792	6.251425E-6	0.0
219.278852096	-5.132329E-5	0.0
219.2769024	-1.4104711E-5	0.0
219.27493632	7.2289644E-5	0.0
219.272986624	-2.7385906E-5	0.0
219.271036928	2.3718932E-5	0.0
219.269070848	-1.0304937E-5	0.0
219.267121152	5.9093025E-5	0.0
219.265171456	8.487839E-5	0.0
219.263205376	-2.1885511E-5	0.0
219.26125568	-4.7985588E-5	0.0
219.259305984	-3.382618E-5	0.0
219.257356288	-1.6494143E-5	0.0
219.255390208	5.6776287E-5	0.0
219.253440512	1.7807123E-4	0.0
219.251490816	1.3264701E-4	0.0
219.249524736	1.1514976E-5	0.0
219.24757504	-1.02142934E-4	0.0
219.245625344	-1.8443844E-4	3.3654415365624857E-10
219.243659264	-7.6412995E-5	8.097797432604636E-10
219.241709568	1.0061835E-4	1.8517251065830465E-9
219.239759872	1.1224197E-4	4.17970635879783E-9
219.237793792	1.6599303E-4	8.886638092064914E-9
219.235844096	2.9605092E-6	1.7644982364117823E-8
219.2338944	-4.5346216E-5	3.336001697107349E-8
219.231944704	-6.071366E-5	6.007360298099229E-8
219.229978624	3.7488737E-6	1.0307052633606872E-7
219.228028928	1.2854942E-4	1.6855400986059976E-7
219.226079232	7.735214E-5	2.6282640419594827E-7
219.224113152	-5.533708E-5	3.9093998793759965E-7
219.222163456	-5.5085897E-5	5.549597972276388E-7
219.22021376	1.4659849E-5	7.521890097450523E-7
219.21824768	-5.493822E-5	9.73903865997272E-7
219.216297984	-3.1444633E-5	1.205129024128837E-6
219.214348288	6.063307E-5	1.4258573628467275E-6
219.212398592	-3.5955207E-5	1.6136947351697017E-6
219.210432512	7.140393E-5	1.7475213098805398E-6
219.208482816	5.3817592E-5	1.8113395299224067E-6
219.20653312	1.3807265E-4	1.7973554804484593E-6
219.20456704	1.269103E-4	1.7408808616892202E-6
219.202617344	3.5591675E-5	1.6338096884283004E-6
219.200667648	-8.803407E-5	1.5380030617961893E-6
219.198701568	-2.658124E-5	1.5333637293224456E-6
219.196751872	-1.03135855E-4	1.743215648275509E-6
219.194802176	-7.045351E-6	2.3533282274001976E-6
219.19285248	6.5273714E-5	3.6298276882007485E-6
219.1908864	-9.087247E-6	5.929618964728434E-6
219.188936704	3.7679707E-5	9.688315913081169E-6
219.186987008	7.6922785E-5	1.5370751498267055E-5
219.185020928	1.854831E-5	2.3374050215352327E-5
219.183071232	-6.011375E-7	3.388953336980194E-5
219.181121536	-7.0031433E-6	4.6750301407882944E-5
219.179155456	7.023541E-5	6.131419650046155E-5
219.17720576	1.725672E-4	7.643847493454814E-5
219.175256064	1.5508228E-4	9.060767479240894E-5
219.173306368	6.128419E-5	1.0211834160145372E-4
219.171340288	1.11151945E-4	1.0947965347440913E-4
219.169390592	3.7635993E-5	1.1171268852194771E-4
219.167440896	1.10092245E-4	1.0860485781449825E-4
219.165474816	1.8359267E-4	1.0080281208502129E-4
219.16352512	1.9833274E-4	8.971295028459281E-5
219.161575424	1.1317408E-4	7.725668547209352E-5
219.159609344	8.830493E-5	6.552929698955268E-5
219.157659648	6.7811E-5	5.6448683608323336E-5
219.155709952	2.935566E-5	5.145804607309401E-5
219.153760256	3.3755172E-5	5.132260776008479E-5
219.151794176	3.5613954E-5	5.602014425676316E-5
219.14984448	2.0725842E-4	6.474106339737773E-5
219.147894784	2.357247E-4	7.598986849188805E-5
219.145928704	1.2057022E-4	8.780771167948842E-5
219.143979008	6.989591E-5	9.808342292672023E-5
219.142029312	1.0866422E-4	1.049259735736996E-4
219.140063232	6.739931E-5	1.0701346036512405E-4
219.138113536	1.6562428E-4	1.0383088374510407E-4
219.13616384	1.150002E-4	9.57363736233674E-5
219.134214144	8.780367E-5	8.383554086321965E-5
219.132248064	-4.2028405E-5	6.968541129026562E-5
219.130298368	1.222086E-5	5.4986205213936046E-5
219.128348672	9.200328E-5	4.116876516491175E-5
219.126382592	1.3122943E-4	2.924594264186453E-5
219.124432896	2.6266847E-4	1.9712937501026317E-5
219.1224832	7.146337E-5	1.2608521501533687E-5
219.12051712	2.825808E-4	7.653630746062845E-6
219.118567424	1.9074569E-4	4.410072961036349E-6
219.116617728	1.447191E-4	2.41294924308022E-6
219.114651648	4.6192315E-5	1.2543089269456686E-6
219.112701952	4.40321E-5	6.20602918388613E-7
219.110752256	-6.9681424E-5	2.945004098364734E-7
219.10880256	-3.1659827E-5	1.384492236411461E-7
219.10683648	5.2587516E-6	7.272224422649742E-8
219.104886784	7.495209E-5	3.577993012982006E-8
219.102937088	2.3164033E-4	5.978505868142747E-8
219.100971008	7.8389545E-5	9.872702833035873E-8
219.099021312	-2.8915094E-5	1.5635183103768213E-7
219.097071616	1.630273E-5	2.3641935342766374E-7
219.095105536	-1.758844E-5	3.397173884422955E-7
219.09315584	8.904987E-5	4.638831683223543E-7
219.091206144	2.3908544E-5	6.01944407208066E-7
219.089256448	-5.722493E-5	7.422670478263171E-7
219.087290368	2.1921815E-5	8.698052056388406E-7
219.085340672	1.0170861E-4	9.685936674941331E-7
219.083390976	1.314957E-4	1.0249914339510724E-6
219.081424896	1.340983E-4	1.0307612683391199E-6
219.0794752	2.3442076E-4	9.85042902357236E-7
219.077525504	-7.035165E-5	8.945632430368278E-7
219.075559424	-9.25962E-5	7.720153689660947E-7
219.073609728	4.210797E-5	6.331371196210966E-7
219.071660032	-3.9797505E-5	4.934310027238098E-7
219.069710336	4.131902E-6	3.6543718806569814E-7
219.067744256	1.2415441E-5	2.7535048729987466E-7
219.06579456	1.0603705E-4	1.9846387999677972E-7
219.063844864	-2.6985299E-5	1.4747570276085753E-7
219.061878784	-2.5489671E-5	1.2062439225246635E-7
219.059929088	-4.7459787E-5	1.1533982302580625E-7
219.057979392	-1.01445694E-4	1.2953080386068905E-7
219.056013312	1.8593413E-5	1.6237214595093974E-7
219.054063616	9.89686E-5	2.1486319212726812E-7
219.05211392	5.2941E-5	2.8951160402357345E-7
219.050164224	-8.231589E-5	3.908566270638403E-7
219.048198144	-2.5962488E-6	5.252460368865286E-7
219.046248448	5.9311944E-5	7.007368481026788E-7
219.044298752	2.2826085E-5	9.280321364713018E-7
219.042332672	-4.6938683E-5	1.2190840834591654E-6
219.040382976	-3.6928497E-5	1.5883911146374885E-6
219.03843328	4.6898214E-5	2.0524794308585115E-6
219.0364672	-1.4285439E-5	2.629613163662725E-6
219.034517504	-1.3596755E-5	3.3391788747394457E-6
219.032567808	1.1947932E-5	4.2009019125544E-6
219.030618112	-1.9428908E-5	5.233609954302665E-6
219.028652032	-5.4090462E-5	6.454451522586169E-6
219.026702336	1.1804471E-4	7.877736607042607E-6
219.02475264	1.388414E-4	9.51481251831865E-6
219.02278656	1.8388544E-5	1.1373617780918721E-5
219.020836864	-4.0616833E-5	1.345928103546612E-5
219.018887168	-8.73634E-5	1.5773797713336535E-5
219.016921088	-2.5115276E-6	1.8316008208785206E-5
219.014971392	1.06058775E-4	2.108103763021063E-5
219.013021696	-2.343302E-5	2.40581593971001E-5
219.011072	-8.088488E-5	2.722919271036517E-5
219.00910592	1.0606007E-4	3.0567258363589644E-5
219.007156224	8.779884E-5	3.4035256248898804E-5
219.005206528	-1.2560979E-5	3.758580714929849E-5
219.003240448	-2.1015037E-5	4.116209311177954E-5
219.001290752	4.3940843E-5	4.469946725293994E-5
218.999341056	1.3440476E-4	4.812783299712464E-5
218.997374976	7.53712E-5	5.137436164659448E-5
218.99542528	1.2424609E-5	5.4366308177122846E-5
218.993475584	1.44896E-4	5.70337833778467E-5
218.991525888	2.212082E-4	5.931255145696923E-5
218.989559808	7.5700744E-5	6.114628195064142E-5
218.987610112	4.6963072E-5	6.248884164961055E-5
218.985660416	6.832001E-5	6.330596806947142E-5
218.983694336	-2.8828204E-5	6.357650272548199E-5
218.98174464	4.488404E-5	6.329362804535776E-5
218.979794944	5.9381226E-5	6.246440898394212E-5
218.977828864	7.282859E-5	6.111004040576518E-5
218.975879168	1.4867447E-4	5.926474477746524E-5
218.973929472	2.3352042E-5	5.697440792573616E-5
218.971963392	2.1606573E-4	5.4294694564305246E-5
218.970013696	1.6630389E-4	5.128892371430993E-5
218.968064	9.3888175E-6	4.8025394789874554E-5
218.966114304	2.2351336E-5	4.45752521045506E-5
218.964148224	1.5197176E-4	4.100953810848296E-5
218.962198528	-4.6550238E-5	3.73970833607018E-5
218.960248832	-5.5535834E-6	3.380235284566879E-5
218.958282752	-2.2022775E-6	3.0283525120466948E-5
218.956333056	2.7867218E-5	2.6891299057751894E-5
218.95438336	3.3449378E-5	2.3667875211685896E-5
218.95241728	4.6954414E-5	2.0646490156650543E-5
218.950467584	6.729924E-5	1.785124186426401E-5
218.948517888	2.5875468E-5	1.529772998765111E-5
218.946568192	-1.0411703E-4	1.2993376003578305E-5
218.944602112	-5.8709647E-5	1.0938296327367425E-5
218.942652416	-6.0492348E-5	9.12668474484235E-6
218.94070272	2.2132941E-5	7.547752829850651E-6
218.93873664	3.819208E-5	6.186790415085852E-6
218.936786944	7.501931E-5	5.026541657571215E-6
218.934837248	-5.1833387E-5	4.0481213545717765E-6
218.932871168	-1.02671365E-4	3.2320649552275427E-6
218.930921472	3.09277E-5	2.559074800956296E-6
218.928971776	5.2778905E-5	2.0106963347643614E-6
218.92702208	-1.989964E-5	1.6982037323032273E-6
218.925056	-3.003805E-5	1.575079295434989E-6
218.923106304	1.06910746E-4	1.8579435163701419E-6
218.921156608	3.3539435E-4	2.9071236440358916E-6
218.919190528	1.20153614E-4	5.378116384235909E-6
218.917240832	-1.440915E-4	1.0319026841898449E-5
218.915291136	1.2589657E-5	1.9178614820702933E-5
218.913325056	5.67309E-5	3.3615979191381484E-5
218.91137536	-8.752637E-5	5.502550629898906E-5
218.909425664	8.520891E-5	8.381255611311644E-5
218.907475968	2.2093276E-4	1.1864661064464599E-4
218.905509888	2.2778744E-4	1.560848904773593E-4
218.903560192	2.4286847E-4	1.9091427384410053E-4
218.901610496	8.695841E-5	2.1727489365730435E-4
218.899644416	1.5223537E-4	2.3023503308650106E-4
218.89769472	1.9320377E-4	2.2722496942151338E-4
218.895745024	2.6866855E-4	2.0886605489067733E-4
218.893778944	3.0496786E-4	1.787033397704363E-4
218.891829248	2.0313478E-4	1.4222737809177488E-4
218.889879552	-1.3898729E-5	1.0521488729864359E-4
218.887929856	2.2846545E-5	7.236197416204959E-5
218.885963776	5.165141E-5	4.638504469767213E-5
218.88401408	2.0778885E-5	2.8004878913634457E-5
218.882064384	6.2487736E-5	1.6506666725035757E-5
218.880098304	-8.447121E-5	1.0567696335783694E-5
218.878148608	-2.8453703E-6	8.9070990725304E-6
218.876198912	-5.6819845E-5	1.0648035640770104E-5
218.874232832	9.524692E-5	1.5382760466309264E-5
218.872283136	9.699407E-5	2.302398752362933E-5
218.87033344	1.0082042E-4	3.356253728270531E-5
218.868383744	1.15153984E-4	4.6777018724242225E-5
218.866417664	1.544106E-5	6.215924804564565E-5
218.864467968	1.320409E-5	7.857262244215235E-5
218.862518272	2.6327967E-5	9.451214282307774E-5
218.860552192	7.116206E-5	1.082280432456173E-4
218.858602496	1.6924535E-4	1.1803636880358681E-4
218.8566528	1.0686584E-4	1.2266186240594834E-4
218.85468672	7.998707E-5	1.2150329712312669E-4
218.852737024	1.2656301E-4	1.1476071085780859E-4
218.850787328	8.93715E-5	1.0338333959225565E-4
218.848821248	2.6679793E-6	8.885074203135446E-5
218.846871552	-1.2942511E-4	7.286718755494803E-5
218.844921856	6.0213447E-6	5.704005525331013E-5
218.84297216	-2.9495905E-5	4.263248047209345E-5
218.84100608	6.163694E-5	3.043460128537845E-5
218.839056384	1.307799E-4	2.075998781947419E-5
218.837106688	6.440185E-5	1.3535810467146803E-5
218.835140608	1.2101059E-4	8.439032171736471E-6
218.833190912	-2.3010483E-5	5.032416993344668E-6
218.831241216	-4.2194843E-5	2.870968273782637E-6
218.829275136	-3.4871893E-5	1.567067670293909E-6
218.82732544	3.650771E-5	8.183855584320554E-7
218.825375744	1.0998193E-4	4.088738307927997E-7
218.823426048	7.8472825E-5	1.9538764206572523E-7
218.821459968	-3.3936238E-5	8.927967343197452E-8
218.819510272	6.891427E-5	2.836157442231979E-8
218.817560576	1.3681609E-4	1.2355389600315902E-8
218.815594496	-1.8597324E-5	5.114417778173674E-9
218.8136448	2.9873461E-5	0.0
218.811695104	1.6079319E-4	0.0
218.809729024	8.894134E-5	0.0
218.807779328	6.306258E-5	0.0
218.805829632	-8.6468805E-5	0.0
218.803879936	-2.9575504E-5	0.0
218.801913856	4.6821147E-5	0.0
218.79996416	1.4997918E-4	0.0
218.798014464	1.0827004E-4	7.395093604145586E-8
218.796048384	1.4830148E-4	1.4687489624520822E-7
218.794098688	5.0958257E-5	2.828199399118603E-7
218.792148992	-4.7240846E-5	5.27997940480418E-7
218.790182912	-6.907309E-5	9.556678151056985E-7
218.788233216	-4.6896428E-5	1.6769963622209616E-6
218.78628352	7.6420554E-5	2.8529739211080596E-6
218.784333824	1.5741988E-4	4.705344508693088E-6
218.782367744	1.8063889E-4	7.523178283008747E-6
218.780418048	8.451296E-5	1.1660249583655968E-5
218.778468352	1.7804693E-4	1.7518230379209854E-5
218.776502272	2.828003E-4	2.5511079002171755E-5
218.774552576	1.51506265E-5	3.600832133088261E-5
218.77260288	-1.8787743E-5	4.926066321786493E-5
218.7706368	7.079013E-5	6.531560211442411E-5
218.768687104	1.1625417E-4	8.393879397772253E-5
218.766737408	9.3988514E-5	1.0456025484018028E-4
218.764787712	7.908594E-5	1.2626225361600518E-4
218.762821632	6.374029E-5	1.4782458310946822E-4
218.760871936	1.588409E-4	1.6782619059085846E-4
218.75892224	2.2560259E-4	1.8479477148503065E-4
218.75695616	3.6131524E-4	1.973827602341771E-4
218.755006464	3.274884E-4	2.045383444055915E-4
218.753056768	2.3999994E-4	2.056456869468093E-4
218.751090688	3.3839245E-4	2.0060862880200148E-4
218.749140992	3.1570302E-4	1.898631453514099E-4
218.747191296	2.0894333E-4	1.7431838205084205E-4
218.7452416	1.7670216E-4	1.552351750433445E-4
218.74327552	1.5757598E-4	1.3406178914010525E-4
218.741325824	1.5601079E-4	1.1225641355849802E-4
218.739376128	1.9833942E-5	9.112560655921698E-5
218.737410048	6.535598E-5	7.170389289967716E-5
218.735460352	-3.0926801E-6	5.4686839575879276E-5
218.733510656	7.882914E-5	4.042429645778611E-5
218.731544576	4.164541E-5	2.896168371080421E-5
218.72959488	8.232865E-5	2.0111086996621452E-5
218.727645184	7.1598835E-5	1.3536103324440774E-5
218.725679104	5.0528056E-6	8.831256309349556E-6
218.723729408	-1.5240088E-5	5.585236067418009E-6
218.721779712	-6.006172E-5	3.424262104090303E-6
218.719830016	-3.940676E-5	2.03525769393309E-6
218.717863936	5.9963186E-5	1.1727586297638481E-6
218.71591424	1.5800576E-4	6.551512115038349E-7
218.713964544	2.7870841E-5	3.5839059364661807E-7
218.711998464	8.539747E-5	1.950916441728623E-7
218.710048768	1.3518313E-4	1.1540889488514949E-7
218.708099072	9.328563E-5	9.258099709086309E-8
218.706132992	1.0671722E-5	9.680653789700955E-8
218.704183296	2.1061185E-5	1.9461006672827352E-7
218.7022336	-3.1945176E-5	3.717041465733928E-7
218.700283904	9.742518E-5	6.745252676410018E-7
218.698317824	-4.9648137E-5	1.1629609844021616E-6
218.696368128	-8.358816E-5	1.904995542645338E-6
218.694418432	-9.479833E-5	2.964722852993873E-6
218.692452352	-2.3782412E-5	4.383613941172371E-6
218.690502656	2.2455302E-5	6.157983079901896E-6
218.68855296	-1.06085325E-4	8.218745279009454E-6
218.68658688	5.4596044E-6	1.0421770639368333E-5
218.684637184	5.0933824E-5	1.255612642125925E-5
218.682687488	-2.3086302E-6	1.4373406884260476E-5
218.680737792	-8.564812E-6	1.563382102176547E-5
218.678771712	-3.1149742E-5	1.615772816876415E-5
218.676822016	4.8322134E-5	1.5867517504375428E-5
218.67487232	9.28835E-5	1.4806396393396426E-5
218.67290624	-9.800914E-5	1.3127402780810371E-5
218.670956544	-1.5290969E-5	1.1059401913371403E-5
218.669006848	-1.686756E-5	8.852673090586904E-6
218.667040768	-2.0084413E-5	6.731953817507019E-6
218.665091072	-4.292883E-5	4.8640167733537965E-6
218.663141376	3.128734E-5	3.338935812280397E-6
218.66119168	6.7065653E-6	2.177593387386878E-6
218.6592256	4.2276657E-5	1.349295416730456E-6
218.657275904	1.5918225E-5	7.944389039948874E-7
218.655326208	1.1488084E-5	4.4427807210922765E-7
218.653360128	1.1296741E-5	2.3609189270246134E-7
218.651410432	-4.7216938E-5	1.191995622207287E-7
218.649460736	-2.7539767E-5	6.404854957509087E-8
218.647494656	-1.4938976E-6	4.3021053386382846E-8
218.64554496	-3.0184177E-5	5.11790716473115E-8
218.643595264	9.2625814E-5	9.355150609735574E-8
218.641645568	2.4856849E-5	1.8788651345857943E-7
218.639679488	1.333227E-4	3.7650835338354227E-7
218.637729792	1.9037476E-4	7.154338277359784E-7
218.635780096	1.0539058E-4	1.2890712923763203E-6
218.633814016	5.23187E-5	2.202378027504892E-6
218.63186432	4.384909E-6	3.5678790482052136E-6
218.629914624	-1.0082402E-5	5.480592335516121E-6
218.627948544	-2.966836E-5	7.98255769041134E-6
218.625998848	-8.769896E-5	1.102443002309883E-5
218.624049152	-5.035979E-6	1.4436989658861421E-5
218.622099456	-1.793508E-5	1.7927344742929563E-5
218.620133376	1.230803E-4	2.111009234795347E-5
218.61818368	8.5481086E-5	2.358636811550241E-5
218.616233984	1.7040921E-4	2.4995673811645247E-5
218.614267904	9.958457E-5	2.5143957827822305E-5
218.612318208	4.378502E-5	2.403574762865901E-5
218.610368512	7.156804E-5	2.188879079767503E-5
218.608402432	6.739167E-5	1.9100498320767656E-5
218.606452736	4.4009368E-5	1.615932342247106E-5
218.60450304	1.8484826E-4	1.3575674529420212E-5
218.602553344	-6.221963E-5	1.1794701094913762E-5
218.600587264	-3.1336072E-5	1.1142313269374426E-5
218.598637568	3.0703017E-5	1.1793731573561672E-5
218.596687872	1.492003E-4	1.3762172784481663E-5
218.594721792	1.5395909E-4	1.690301542112138E-5
218.592772096	4.0935654E-5	2.0933344785589725E-5
218.5908224	5.9196067E-5	2.5467614250374027E-5
218.58885632	4.0369046E-5	3.0069382773945108E-5
218.586906624	1.9701964E-5	3.431108416407369E-5
218.584956928	-2.186815E-5	3.782852218137123E-5
218.582990848	2.3819282E-5	4.035581150674261E-5
218.581041152	1.699474E-5	4.173440538579598E-5
218.579091456	-5.0786686E-5	4.189720129943453E-5
218.57714176	4.629978E-6	4.086226545041427E-5
218.57517568	-2.3618724E-5	3.869420106639154E-5
218.573225984	2.4045383E-5	3.552366979420185E-5
218.571276288	7.6085526E-5	3.154670412186533E-5
218.569310208	7.5945725E-5	2.7025031158700585E-5
218.567360512	1.2719088E-4	2.2269530745688826E-5
218.565410816	6.0347065E-5	1.7603599189897068E-5
218.563444736	-6.885021E-5	1.331612111243885E-5
218.56149504	-5.1837796E-5	9.619384400139097E-6
218.559545344	-2.0480225E-5	6.6249144765606616E-6
218.557595648	-5.4031443E-5	4.344114586274372E-6
218.555629568	9.513382E-5	2.7093499284092104E-6
218.553679872	9.355858E-5	1.6059589142969344E-6
218.551730176	3.5692912E-5	9.041786483976466E-7
218.549764096	-4.0346138E-5	4.786241447618522E-7
218.5478144	-8.700359E-5	2.434573502796411E-7
218.545864704	-2.8883924E-5	1.1739638949848086E-7
218.543898624	-3.0463738E-5	5.369442135361169E-8
218.541948928	2.7087715E-5	2.328730630551945E-8
218.539999232	1.9873887E-5	9.576836212943363E-9
218.538049536	-7.59641E-5	0.0
218.536083456	-3.730281E-5	0.0
218.53413376	-4.6538375E-5	0.0
218.532184064	1.1582871E-4	0.0
218.530217984	1.0488149E-5	0.0
218.528268288	-9.1735063E-7	0.0
218.526318592	1.01830585E-4	0.0
218.524352512	9.7879114E-5	0.0
218.522402816	6.334455E-5	0.0
218.52045312	-3.812476E-6	0.0
218.518503424	2.4334915E-5	1.112495165433991E-11
218.516537344	5.994488E-5	2.739481731739435E-11
218.514587648	1.9236411E-5	5.03555099840014E-8
218.512637952	-1.4477607E-6	1.016565676081882E-7
218.510671872	2.448947E-5	1.9925447247715056E-7
218.508722176	-5.7831908E-6	3.7860471024941944E-7
218.50677248	4.6942103E-5	6.973132258281112E-7
218.5048064	1.14744E-4	1.245222279067093E-6
218.502856704	8.245996E-5	2.1554294562520226E-6
218.500907008	2.331751E-5	3.6167325561109465E-6
218.498957312	-6.5240325E-5	5.882594450667966E-6
218.496991232	6.114688E-5	9.27433848119108E-6
218.495041536	1.3788298E-4	1.4172289411362726E-5
218.49309184	6.634178E-5	2.0991878045606427E-5
218.49112576	-4.190834E-5	3.0134317057672888E-5
218.489176064	-1.2093496E-4	4.192535561742261E-5
218.487226368	2.3520772E-5	5.6537184718763456E-5
218.485260288	1.0490921E-5	7.390109385596588E-5
218.483310592	2.554685E-5	9.363644494442269E-5
218.481360896	8.3393585E-5	1.1503489076858386E-4
218.4794112	5.681955E-5	1.370698300888762E-4
218.47744512	1.2819291E-4	1.5848068869672716E-4
218.475495424	1.9242449E-4	1.7790799029171467E-4
218.473545728	2.520132E-4	1.9406210049055517E-4
218.471579648	1.5580487E-4	2.0589696941897273E-4
218.469629952	1.8207257E-4	2.1274852042552084E-4
218.467680256	1.999776E-4	2.14412430068478E-4
218.465714176	1.5115105E-5	2.1113594993948936E-4
218.46376448	1.14072034E-4	2.0353443687781692E-4
218.461814784	2.0552255E-4	1.924408570630476E-4
218.459848704	1.2308385E-4	1.7875019693747163E-4
218.457899008	1.011496E-4	1.6327483172062784E-4
218.455949312	2.7387136E-5	1.466777321184054E-4
218.453999616	6.2907544E-5	1.294624962611124E-4
218.452033536	1.29019E-4	1.1203395843040198E-4
218.45008384	1.1637531E-4	9.477202547714114E-5
218.448134144	9.534995E-5	7.808751979609951E-5
218.446168064	1.6359202E-4	6.243191455723718E-5
218.444218368	1.2275246E-4	4.8256133595714346E-5
218.442268672	9.054549E-5	3.593884321162477E-5
218.440302592	4.323592E-5	2.5714880393934436E-5
218.438352896	2.23646E-5	1.7634227333473973E-5
218.4364032	9.05179E-5	1.1581140825001057E-5
218.434453504	7.2867515E-5	7.280410500243306E-6
218.432487424	2.9584977E-5	4.419071956363041E-6
218.430537728	4.4255878E-5	2.661822691152338E-6
218.428588032	2.2756841E-4	1.7499198747827904E-6
218.426621952	1.6483213E-4	1.5190339581749868E-6
218.424672256	1.16705505E-5	1.925070819197572E-6
218.42272256	-2.0075522E-5	3.0121414056338836E-6
218.42075648	8.651436E-5	5.045340913056862E-6
218.418806784	-9.765388E-6	8.222535143431742E-6
218.416857088	-1.8939978E-5	1.2805840015062131E-5
218.414907392	3.154658E-7	1.89850470633246E-5
218.412941312	3.777431E-5	2.6755484213936143E-5
218.410991616	8.038945E-6	3.5831762943416834E-5
218.40904192	4.185475E-6	4.5608278014697134E-5
218.40707584	-1.7700948E-5	5.518415491678752E-5
218.405126144	4.6857263E-6	6.348317401716486E-5
218.403176448	-9.943743E-5	6.94461923558265E-5
218.401210368	2.182965E-5	7.22504046279937E-5
218.399260672	-2.8559783E-5	7.149351586122066E-5
218.397310976	-5.6786932E-5	6.72870155540295E-5
218.39536128	5.2283835E-5	6.0229645896470174E-5
218.3933952	3.0245183E-5	5.126937321620062E-5
218.391445504	4.271071E-5	4.149700907873921E-5
218.389495808	-6.448298E-5	3.193192242179066E-5
218.387529728	-7.1174625E-5	2.3357462850981392E-5
218.385580032	5.9492722E-5	1.6239346223301254E-5
218.383630336	4.9581253E-5	1.073037401511101E-5
218.381664256	1.3532632E-4	6.737940111634089E-6
218.37971456	4.899159E-6	4.020467258669669E-6
218.377764864	5.4702745E-8	2.2794313281337963E-6
218.375815168	1.7583143E-4	1.2278525218789582E-6
218.373849088	5.3885055E-5	6.283361813075317E-7
218.371899392	1.62329E-6	3.065120210976602E-7
218.369949696	5.9185546E-5	1.4367780920565565E-7
218.367983616	-3.824688E-5	6.807253072338426E-8
218.36603392	-5.9616992E-5	3.575570062253064E-8
218.364084224	-7.2514595E-5	3.830453110253984E-8
218.362118144	5.961976E-5	5.953617687737278E-8
218.360168448	6.030476E-6	1.1399818333757139E-7
218.358218752	-2.4221814E-5	2.073578286854172E-7
218.356269056	2.6198179E-5	3.582984504646447E-7
218.354302976	-7.987681E-5	8.557564115108107E-7
218.35235328	-2.5833544E-5	1.5482438584513147E-6
218.350403584	1.098625E-4	2.7723954190150835E-6
218.348437504	3.714946E-6	4.920219907944556E-6
218.346487808	-3.4327564E-5	8.635807716927957E-6
218.344538112	5.4560627E-5	1.4915436622686684E-5
218.342572032	5.9533686E-5	2.5183842808473855E-5
218.340622336	-5.731738E-5	4.1286140913143754E-5
218.33867264	8.1725455E-5	6.531663530040532E-5
218.336722944	1.5370379E-4	9.922469325829297E-5
218.334756864	2.0034614E-4	1.4419980288948864E-4
218.332807168	1.1378578E-4	1.999521628022194E-4
218.330857472	1.7291954E-4	2.6412552688270807E-4
218.328891392	3.48247E-4	3.321132389828563E-4
218.326941696	4.0958196E-4	3.974666469730437E-4
218.324992	4.657166E-4	4.5288162073120475E-4
218.32302592	5.0216477E-4	4.915198660455644E-4
218.321076224	5.144602E-4	5.083254654891789E-4
218.319126528	4.8276855E-4	5.01006783451885E-4
218.317160448	3.749683E-4	4.704825987573713E-4
218.315210752	4.884363E-4	4.207128076814115E-4
218.313261056	3.0287576E-4	3.579353797249496E-4
218.31131136	2.2255184E-4	2.894665230996907E-4
218.30934528	1.19621785E-4	2.2233198978938162E-4
218.307395584	5.8464455E-5	1.6208452871069312E-4
218.305445888	1.639816E-4	1.1211531091248617E-4
218.303479808	1.0520795E-4	7.357452705036849E-5
218.301530112	6.439727E-6	4.58110444014892E-5
218.299580416	1.1231306E-4	2.7069138013757765E-5
218.297614336	1.6492757E-4	1.51833282870939E-5
218.29566464	1.2148338E-4	8.085944500635378E-6
218.293714944	1.3034248E-4	4.0893396544561256E-6
218.291765248	1.014535E-5	1.964216153282905E-6
218.289799168	-1.8133846E-5	8.961437742982525E-7
218.287849472	-6.246025E-7	3.883666011006426E-7
218.285899776	5.3083404E-5	1.598785388523538E-7
218.283933696	7.7325916E-5	0.0
218.281984	-2.7589378E-5	0.0
218.280034304	6.2595086E-6	0.0
218.278068224	-6.444913E-5	0.0
218.276118528	-9.484973E-6	0.0
218.274168832	-4.5077522E-5	0.0
218.272219136	-4.5476386E-6	0.0
218.270253056	4.056925E-5	0.0
218.26830336	1.3864305E-4	0.0
218.266353664	1.0819818E-4	0.0
218.264387584	-1.031016E-4	0.0
218.262437888	-4.9868762E-5	0.0
218.260488192	6.7458786E-5	1.4443301665778563E-7
218.258522112	4.222187E-5	2.893616226629092E-7
218.256572416	4.640844E-5	5.619609737550491E-7
218.25462272	2.6926604E-5	1.057930830938858E-6
218.252673024	1.490441E-4	1.9305743990116753E-6
218.250706944	2.0477828E-4	3.4149336443078937E-6
218.248757248	1.7305304E-6	5.85500265515293E-6
218.246807552	-1.0061191E-4	9.729639714350924E-6
218.244841472	-1.12425776E-4	1.5669651475036517E-5
218.242891776	5.0761675E-5	2.4455421225866303E-5
218.24094208	1.3061991E-4	3.698264481499791E-5
218.238976	4.060873E-5	5.418502405518666E-5
218.237026304	-4.052527E-5	7.69083562772721E-5
218.235076608	7.191205E-5	1.0574177576927468E-4
218.233126912	1.1493696E-4	1.4082691632211208E-4
218.231160832	2.1738894E-4	1.8168085080105811E-4
218.229211136	2.6569172E-4	2.2707732568960637E-4
218.22726144	3.3107057E-4	2.7502866578288376E-4
218.22529536	3.4497838E-4	3.228932328056544E-4
218.223345664	3.2623974E-4	3.676055639516562E-4
218.221395968	4.2833973E-4	4.059982893522829E-4
218.219429888	4.4609184E-4	4.351644602138549E-4
218.217480192	4.3551248E-4	4.52799373306334E-4
218.215530496	3.7150804E-4	4.5747458352707326E-4
218.2135808	4.922189E-4	4.4880755012854934E-4
218.21161472	4.96041E-4	4.275066312402487E-4
218.209665024	3.8859053E-4	3.95286304410547E-4
218.207715328	2.8629048E-4	3.5466617555357516E-4
218.205749248	2.659217E-4	3.0866905581206083E-4
218.203799552	1.2808983E-4	2.604699111543596E-4
218.201849856	3.0590317E-4	2.1303592075128108E-4
218.199883776	5.5377383E-5	1.6883201897144318E-4
218.19793408	1.996526E-4	1.2962138862349093E-4
218.195984384	4.850217E-5	9.639892959967256E-5
218.194018304	9.4953015E-5	6.944425695110112E-5
218.192068608	3.1938656E-5	4.846030060434714E-5
218.190118912	1.190565E-4	3.276148345321417E-5
218.188169216	3.872743E-5	2.145912731066346E-5
218.186203136	-2.6015556E-5	1.3620214303955436E-5
218.18425344	-5.019059E-5	8.377606718568131E-6
218.182303744	3.885556E-5	4.994148184778169E-6
218.180337664	1.9526327E-4	2.885582944145426E-6
218.178387968	9.8177996E-5	1.6160811355803162E-6
218.176438272	6.922763E-6	8.773240551818162E-7
218.174472192	4.5430144E-5	4.616813384927809E-7
218.172522496	-7.556516E-5	2.3550819605588913E-7
218.1705728	1.7561515E-5	1.1645897757261992E-7
218.168623104	1.13126436E-4	0.0
218.166657024	8.039823E-5	0.0
218.164707328	-1.9229336E-5	0.0
218.162757632	3.05947E-5	0.0
218.160791552	2.4736175E-4	0.0
