220.033335296	6.236246E-5	5.918091350309851E-9
220.0313856	-1.1423869E-4	0.0
220.029435904	9.128148E-5	0.0
220.027469824	1.3199987E-4	0.0
220.025520128	1.1138734E-4	0.0
220.023570432	-1.445467E-5	0.0
220.021604352	1.5898195E-5	0.0
220.019654656	1.6787619E-4	0.0
220.01770496	6.653906E-5	0.0
220.01573888	6.431963E-5	0.0
220.013789184	-3.304541E-5	0.0
220.011839488	2.2052694E-5	0.0
220.009889792	-7.7896E-5	0.0
220.007923712	1.7006462E-4	0.0
220.005974016	2.1950991E-5	0.0
220.00402432	-3.0230372E-5	0.0
220.00205824	-8.777958E-5	0.0
220.000108544	-1.3515659E-4	0.0
219.998158848	-1.3962151E-4	0.0
219.996192768	5.580931E-6	0.0
219.994243072	2.2046547E-4	0.0
219.992293376	-3.366452E-5	0.0
219.99034368	1.6374202E-5	0.0
219.9883776	-7.5926786E-5	0.0
219.986427904	6.0423637E-5	0.0
219.984478208	3.608013E-5	0.0
219.982512128	1.0723457E-4	0.0
219.980562432	8.699144E-6	0.0
219.978612736	-1.1321119E-5	0.0
219.976646656	4.8042853E-5	0.0
219.97469696	2.497981E-4	0.0
219.972747264	3.120261E-4	0.0
219.970797568	4.4694967E-5	0.0
219.968831488	4.5990364E-5	0.0
219.966881792	8.662088E-5	0.0
219.964932096	2.1032244E-4	0.0
219.962966016	7.542446E-5	0.0
219.96101632	4.1130257E-5	0.0
219.959066624	2.2009519E-4	0.0
219.957100544	3.8017143E-4	0.0
219.955150848	5.358455E-4	0.0
219.953201152	6.092357E-4	0.0
219.951251456	7.254703E-4	0.0
219.949285376	7.6610805E-4	0.0
219.94733568	7.6940807E-4	0.0
219.945385984	7.3446083E-4	0.0
219.943419904	7.247608E-4	0.0
219.941470208	6.672336E-4	0.0
219.939520512	5.824693E-4	0.0
219.937554432	6.035515E-4	0.0
219.935604736	4.6200058E-4	0.0
219.93365504	3.5273845E-4	0.0
219.931705344	1.6198249E-4	0.0
219.929739264	4.147572E-4	0.0
219.927789568	3.7504357E-4	0.0
219.925839872	3.7902928E-4	0.0
219.923873792	2.4280115E-4	0.0
219.921924096	1.9982201E-4	0.0
219.9199744	1.9707467E-4	0.0
219.91800832	3.4146648E-5	0.0
219.916058624	-1.7961624E-5	0.0
219.914108928	3.5378613E-5	0.0
219.912159232	7.1258306E-5	0.0
219.910193152	1.4088245E-4	0.0
219.908243456	1.41661E-4	0.0
219.90629376	7.346455E-5	0.0
219.90432768	2.0024404E-6	0.0
219.902377984	5.6801317E-5	0.0
219.900428288	1.18481785E-5	0.0
219.898462208	6.704058E-5	0.0
219.896512512	1.1260179E-5	0.0
219.894562816	4.782689E-5	0.0
219.892596736	4.0097752E-6	0.0
219.89064704	7.464678E-5	0.0
219.888697344	-4.637904E-6	0.0
219.886747648	-5.234589E-5	0.0
219.884781568	-5.7758134E-5	0.0
219.882831872	1.6203378E-5	0.0
219.880882176	8.330552E-5	0.0
219.878916096	-4.097795E-5	0.0
219.8769664	-8.627156E-5	0.0
219.875016704	5.156788E-5	0.0
219.873050624	8.398215E-5	0.0
219.871100928	1.2190747E-4	0.0
219.869151232	8.1906524E-5	0.0
219.867201536	4.9570106E-5	0.0
219.865235456	8.647383E-6	0.0
219.86328576	-2.1327118E-5	0.0
219.861336064	3.921425E-5	0.0
219.859369984	3.2760386E-6	0.0
219.857420288	-5.875344E-5	0.0
219.855470592	8.539206E-5	0.0
219.853504512	1.5755146E-4	0.0
219.851554816	1.1251339E-4	0.0
219.84960512	6.072716E-5	0.0
219.847655424	1.0903988E-4	0.0
219.845689344	1.5422737E-4	0.0
219.843739648	1.9313788E-4	0.0
219.841789952	1.4279826E-4	0.0
219.839823872	-5.169379E-5	0.0
219.837874176	1.1548204E-4	0.0
219.83592448	-1.5383039E-5	0.0
219.8339584	-1.9966777E-4	0.0
219.832008704	-1.6528062E-4	0.0
219.830059008	-7.232806E-5	0.0
219.828109312	-1.227342E-4	0.0
219.826143232	-9.6166455E-5	0.0
219.824193536	-7.198696E-5	0.0
219.82224384	-6.2846266E-5	0.0
219.82027776	5.529368E-5	0.0
219.818328064	5.862278E-5	0.0
219.816378368	1.3977202E-4	0.0
219.814412288	-4.604755E-6	0.0
219.812462592	-3.0951942E-5	0.0
219.810512896	1.552086E-4	0.0
219.8085632	2.2357807E-4	0.0
219.80659712	1.6717319E-4	0.0
219.804647424	2.3490182E-4	0.0
219.802697728	1.6303285E-4	0.0
219.800731648	9.722445E-5	0.0
219.798781952	1.1897249E-4	0.0
219.796832256	3.1319997E-4	0.0
219.794866176	1.7828893E-4	0.0
219.79291648	1.2505922E-4	0.0
219.790966784	1.5803089E-4	0.0
219.789017088	1.3198535E-4	0.0
219.787051008	7.961419E-5	0.0
219.785101312	1.5717107E-4	0.0
219.783151616	1.0523342E-4	0.0
219.781185536	1.02168466E-4	0.0
219.77923584	-2.3266233E-5	0.0
219.777286144	-8.869321E-5	0.0
219.775320064	4.8908445E-5	0.0
219.773370368	1.0796985E-4	0.0
219.771420672	6.075622E-5	2.1843289843559432E-8
219.769454592	6.7735404E-5	5.5934407328095403E-8
219.767504896	-9.507892E-6	1.3525020392535225E-7
219.7655552	-5.9719325E-5	3.088111100169044E-7
219.763605504	4.4033466E-5	6.657955395894533E-7
219.761639424	7.629798E-5	1.3554275710703223E-6
219.759689728	1.2457589E-4	2.6054976842715405E-6
219.757740032	5.6323548E-5	4.7290413931477815E-6
219.755773952	-1.2313414E-5	8.104194421321154E-6
219.753824256	-3.990479E-5	1.3112527085468173E-5
219.75187456	-1.6020485E-5	2.0030553059768863E-5
219.74990848	-5.386789E-5	2.8888653105241247E-5
219.747958784	7.8666395E-5	3.933722837246023E-5
219.746009088	1.2750301E-4	5.05766729474999E-5
219.744059392	-7.75014E-5	6.140598998172209E-5
219.742093312	-2.25491E-5	7.041045319056138E-5
219.740143616	8.730086E-5	7.625680882483721E-5
219.73819392	1.5650206E-4	7.801346509950235E-5
219.73622784	1.1171935E-4	7.542110688518733E-5
219.734278144	1.4706279E-4	6.889532960485667E-5
219.732328448	-6.823129E-5	5.9514291933737695E-5
219.730362368	9.69122E-5	4.8714166041463614E-5
219.728412672	3.8131137E-5	3.799545447691344E-5
219.726462976	1.1689442E-4	2.866351314878557E-5
219.72451328	-1.8433833E-5	2.1685029423679225E-5
219.7225472	9.9921475E-5	1.7664709957898594E-5
219.720597504	2.4984061E-5	1.690045428404119E-5
219.718647808	-5.462261E-5	1.9444458303041756E-5
219.716681728	1.2336453E-4	2.5117809855146334E-5
219.714732032	1.112158E-4	3.3465730666648597E-5
219.712782336	5.537849E-5	4.369127782410942E-5
219.710816256	1.4819947E-4	5.463413617690094E-5
219.70886656	1.6176258E-4	6.485681660706177E-5
219.706916864	1.7701808E-4	7.285577885340899E-5
219.704967168	1.117133E-4	7.737585838185623E-5
219.703001088	-9.6255735E-6	7.764821930322796E-5
219.701051392	1.2330216E-4	7.366653881035745E-5
219.699101696	1.4650781E-4	6.61167869111523E-5
219.697135616	-1.3220842E-5	5.62690147489775E-5
219.69518592	-3.3443407E-6	4.568307485897094E-5
219.693236224	-1.6619767E-4	3.5909015423385426E-5
219.691270144	-6.9989874E-5	2.825269075401593E-5
219.689320448	-4.54889E-6	2.364689134992659E-5
219.687370752	3.3488785E-5	2.261668305436615E-5
219.685421056	9.252095E-5	2.528727418393828E-5
219.683454976	1.2637369E-4	3.138727697660215E-5
219.68150528	1.5510802E-4	4.023432484245859E-5
219.679555584	-2.0756173E-5	5.073386273579672E-5
219.677589504	9.530226E-5	6.144582584965974E-5
219.675639808	9.3554256E-5	7.075915345922112E-5
219.673690112	8.34249E-5	7.716598338447511E-5
219.671724032	1.2044512E-4	7.957078923936933E-5
219.669774336	1.7613851E-5	7.752369856461883E-5
219.66782464	1.77268E-4	7.137291686376557E-5
219.665874944	1.916514E-4	6.206295802257955E-5
219.663908864	1.0121159E-4	5.09660312673077E-5
219.661959168	4.8176935E-5	3.9520793507108465E-5
219.660009472	9.483258E-5	2.8934971851413138E-5
219.658043392	5.0603263E-5	2.0000652511953376E-5
219.656093696	-3.8434668E-5	1.3052002032054588E-5
219.654144	-2.9592053E-5	8.041254659474362E-6
219.65217792	-1.4838572E-4	4.677299330069218E-6
219.650228224	-4.595629E-5	2.568651325418614E-6
219.648278528	7.5709766E-5	1.331888597633224E-6
219.646328832	-6.709248E-5	6.520709803226055E-7
219.644362752	-3.2544576E-5	3.0143573326313344E-7
219.642413056	-7.954664E-6	1.315746089858294E-7
219.64046336	-7.351427E-5	5.422887383588204E-8
219.63849728	-7.076258E-5	2.1104344938294162E-8
219.636547584	1.0202721E-5	0.0
219.634597888	5.6588917E-5	0.0
219.632631808	2.195588E-6	0.0
219.630682112	5.5710985E-5	0.0
219.628732416	-1.03927305E-4	0.0
219.626766336	-6.942385E-5	0.0
219.62481664	-9.1527625E-5	0.0
219.622866944	4.5869918E-5	0.0
219.620917248	1.8239015E-4	0.0
219.618951168	3.7510978E-5	0.0
219.617001472	9.0828245E-5	0.0
219.615051776	1.2139242E-4	0.0
219.613085696	1.3464966E-4	0.0
219.611136	1.2611048E-5	0.0
219.609186304	-5.9472095E-5	0.0
219.607220224	-5.0131424E-5	0.0
219.605270528	1.4285214E-4	0.0
219.603320832	7.7178986E-5	0.0
219.601371136	6.144976E-5	0.0
219.599405056	-6.173752E-5	0.0
219.59745536	1.5009643E-4	0.0
219.595505664	6.6262226E-5	0.0
219.593539584	5.6162924E-5	0.0
219.591589888	1.0134921E-6	0.0
219.589640192	-4.4138465E-5	0.0
219.587674112	-2.4117171E-5	0.0
219.585724416	6.906449E-5	0.0
219.58377472	1.4524319E-4	0.0
219.581825024	-6.0937422E-5	0.0
219.579858944	-1.7099163E-4	0.0
219.577909248	-1.1396819E-4	0.0
219.575959552	-2.5495738E-4	0.0
219.573993472	1.0205922E-5	0.0
219.572043776	7.514153E-6	0.0
219.57009408	5.7046836E-5	0.0
219.568128	2.5515523E-4	0.0
219.566178304	4.3343075E-4	0.0
219.564228608	6.976517E-4	0.0
219.562278912	8.717982E-4	0.0
219.560312832	8.2600693E-4	0.0
219.558363136	0.001098753	0.0
219.55641344	0.0010720708	0.0
219.55444736	9.625025E-4	0.0
219.552497664	8.8733033E-4	0.0
219.550547968	6.544422E-4	0.0
219.548581888	5.746589E-4	4.312607604362029E-9
219.546632192	5.076917E-4	1.1146338962930713E-8
219.544682496	3.6159102E-4	2.720015501722628E-8
219.5427328	3.2077613E-5	6.2670110878571E-8
219.54076672	7.2311836E-5	1.3633126627610181E-7
219.538817024	1.8490374E-4	2.800119318635552E-7
219.536867328	1.156358E-4	5.430057399280486E-7
219.534901248	1.9392997E-5	9.941969665305805E-7
219.532951552	1.6549983E-4	1.7186246168421349E-6
219.531001856	1.2450563E-4	2.8049437332811067E-6
219.529035776	1.0994035E-4	4.322158019931521E-6
219.52708608	9.29539E-5	6.287973974394845E-6
219.525136384	-1.21237805E-4	8.636841812403873E-6
219.523186688	-1.114622E-5	1.1208925570826977E-5
219.521220608	-1.8287383E-5	1.3735138963966165E-5
219.519270912	-6.449709E-5	1.590395186212845E-5
219.517321216	-7.863647E-5	1.7415677575627342E-5
219.515355136	-1.0592676E-4	1.806532782211434E-5
219.51340544	-2.5739157E-5	1.7807900803745724E-5
219.511455744	7.712366E-5	1.6785532352514565E-5
219.509489664	1.8843345E-4	1.5304703993024305E-5
219.507539968	4.6759098E-5	1.3767828932031989E-5
219.505590272	-4.504016E-5	1.2577847883221693E-5
219.503624192	-2.6110623E-5	1.2041543413943145E-5
219.501674496	2.9830271E-5	1.2296187378524337E-5
219.4997248	1.20296165E-4	1.3276794561534189E-5
219.497775104	-7.963804E-5	1.4731556802871637E-5
219.495809024	3.5129688E-5	1.628201971470844E-5
219.493859328	1.2392193E-4	1.7513752027298324E-5
219.491909632	2.3244162E-5	1.807548505894374E-5
219.489943552	4.5078963E-5	1.7759957700036466E-5
219.487993856	-1.21303325E-4	1.6544787285965867E-5
219.48604416	3.8104943E-5	1.4582838048227131E-5
219.48407808	3.746578E-5	1.2148560017521959E-5
219.482128384	2.3144306E-5	9.560367288941052E-6
219.480178688	-9.3384835E-5	7.103438747435575E-6
219.478228992	-4.143913E-5	4.98542794957757E-6
219.476262912	-1.5023467E-4	3.3034075386240147E-6
219.474313216	-1.4106868E-4	2.0665640931838425E-6
219.47236352	-9.942149E-5	1.220576450577937E-6
219.47039744	7.316024E-5	6.806381520618743E-7
219.468447744	1.18033226E-4	3.5834412415169936E-7
219.466498048	1.3397346E-4	1.8359983755544818E-7
219.464531968	8.7831104E-5	9.756118402037828E-8
219.462582272	2.123926E-4	7.066763174634616E-8
219.460632576	-2.7754611E-5	9.193648509153718E-8
219.45868288	-6.481732E-5	1.7017848108480393E-7
219.4567168	-8.6237706E-5	3.324285557937401E-7
219.454767104	-1.3662963E-4	6.359538247124874E-7
219.452817408	2.2813774E-5	1.1486218909340096E-6
219.450851328	3.5001616E-5	1.9586052530939924E-6
219.448901632	-2.875002E-5	3.153075340378564E-6
219.446951936	1.0195037E-5	4.79219988847035E-6
219.444985856	-7.952314E-5	6.8762205955863465E-6
219.44303616	-7.4310934E-5	9.315001989307348E-6
219.441086464	-1.4629749E-4	1.1919300959561951E-5
219.439136768	-3.6472284E-5	1.4400436157302465E-5
219.437170688	-1.7110191E-5	1.6436319128843024E-5
219.435220992	-2.6898158E-5	1.7734968423610553E-5
219.433271296	-6.746437E-5	1.8115515558747575E-5
219.431305216	5.120331E-7	1.756661367835477E-5
219.42935552	-2.155944E-5	1.6263753423118033E-5
219.427405824	-6.35855E-5	1.4537758033839054E-5
219.425439744	1.7135806E-5	1.2803096069546882E-5
219.423490048	1.0010544E-4	1.146580689237453E-5
219.421540352	9.6206575E-5	1.0834494787559379E-5
219.419590656	1.2256097E-4	1.1054597962356638E-5
219.417624576	-1.258942E-5	1.2077784958819393E-5
219.41567488	7.733702E-5	1.3671748092747293E-5
219.413725184	2.6724689E-5	1.5469226127606817E-5
219.411759104	1.6321231E-6	1.7047104847733863E-5
219.409809408	-2.3217674E-5	1.802004589990247E-5
219.407859712	7.853851E-5	1.8125794667867012E-5
219.405893632	1.7569671E-5	1.7279449821216986E-5
219.403943936	1.0113522E-4	1.558115764055401E-5
219.40199424	9.436759E-5	1.3276665413286537E-5
219.400044544	-2.6886997E-5	1.0681846106308512E-5
219.398078464	2.89245E-6	8.119557605823502E-6
219.396128768	-3.1721826E-5	5.826840606459882E-6
219.394179072	-1.3670817E-5	3.947692221117904E-6
219.392212992	2.046885E-5	2.5250142243748996E-6
219.390263296	-1.8528863E-4	1.524724211776629E-6
219.3883136	-1.4655199E-4	8.692223900652607E-7
219.38634752	-1.9742603E-5	4.6782739104855864E-7
219.384397824	-7.590302E-5	2.3771629287239193E-7
219.382448128	-1.0157161E-4	1.1403981403645957E-7
219.380482048	1.5448351E-4	5.165028582609921E-8
219.378532352	8.531933E-5	2.2085773210278603E-8
219.376582656	-7.960515E-5	8.916122951063699E-9
219.37463296	-3.7847643E-5	0.0
219.37266688	-6.761287E-5	0.0
219.370717184	-6.6480316E-5	0.0
219.368767488	1.5197773E-4	0.0
219.366801408	3.9976014E-5	0.0
219.364851712	2.668016E-5	0.0
219.362902016	5.831035E-5	0.0
219.360935936	4.9846796E-5	0.0
219.35898624	3.671995E-5	0.0
219.357036544	-1.3416537E-4	0.0
219.355086848	2.7606578E-5	0.0
219.353120768	2.3902947E-4	0.0
219.351171072	2.7991284E-4	0.0
219.349221376	-2.3241248E-5	0.0
219.347255296	8.293494E-5	0.0
219.3453056	6.449341E-5	0.0
219.343355904	6.317942E-5	0.0
219.341389824	1.2567753E-4	0.0
219.339440128	8.5097876E-5	0.0
219.337490432	-5.6987734E-5	0.0
219.335540736	-3.900908E-6	0.0
219.333574656	1.1699681E-4	0.0
219.33162496	-9.257733E-5	0.0
219.329675264	9.655515E-5	0.0
219.327709184	3.9038955E-6	0.0
219.325759488	6.391966E-5	0.0
219.323809792	-3.8487986E-5	0.0
219.321843712	-2.992567E-5	0.0
219.319894016	-9.237114E-5	0.0
219.31794432	-6.485308E-5	0.0
219.315994624	5.0994884E-5	0.0
219.314028544	-2.3884093E-5	0.0
219.312078848	6.490148E-5	0.0
219.310129152	1.2907569E-4	0.0
219.308163072	1.4925557E-6	0.0
219.306213376	1.8722358E-5	0.0
219.30426368	-2.6628002E-5	0.0
219.3022976	-6.3730163E-6	0.0
219.300347904	-2.082435E-5	0.0
219.298398208	3.067376E-5	0.0
219.296448512	6.107252E-5	0.0
219.294482432	2.0230329E-5	0.0
219.292532736	6.456322E-5	0.0
219.29058304	-1.7127668E-5	0.0
219.28861696	4.5808596E-5	0.0
219.286667264	1.4139921E-4	0.0
219.284717568	1.3930718E-5	0.0
219.282751488	3.2813066E-5	0.0
219.280801792	3.0337798E-5	0.0
219.278852096	-5.5331726E-5	0.0
219.2769024	-9.6665244E-5	0.0
219.27493632	1.7997934E-5	0.0
219.272986624	-5.3081883E-5	0.0
219.271036928	-1.0092093E-5	0.0
219.269070848	-4.778605E-5	0.0
219.267121152	5.4347063E-5	0.0
219.265171456	-3.2231972E-5	0.0
219.263205376	5.2320112E-5	0.0
219.26125568	5.3890526E-5	0.0
219.259305984	3.2412918E-5	0.0
219.257356288	-1.02339014E-4	0.0
219.255390208	8.080302E-5	0.0
219.253440512	3.9926523E-5	0.0
219.251490816	9.297119E-5	0.0
219.249524736	7.213235E-5	0.0
219.24757504	-2.5528008E-5	0.0
219.245625344	-1.5232095E-4	0.0
219.243659264	-5.7661073E-5	0.0
219.241709568	-6.228372E-5	0.0
219.239759872	-7.998657E-7	0.0
219.237793792	1.692209E-4	0.0
219.235844096	7.404097E-6	0.0
219.2338944	-6.761068E-5	0.0
219.231944704	-3.062285E-5	0.0
219.229978624	1.1437668E-4	0.0
219.228028928	5.367836E-5	0.0
219.226079232	-3.9558716E-5	0.0
219.224113152	-1.5569436E-4	0.0
219.222163456	-9.853583E-5	0.0
219.22021376	4.1534582E-5	0.0
219.21824768	-4.395878E-5	0.0
219.216297984	-1.6456315E-5	0.0
219.214348288	1.2811818E-4	0.0
219.212398592	-8.813159E-5	0.0
219.210432512	-5.801929E-5	0.0
219.208482816	-1.17283835E-5	0.0
219.20653312	4.3652468E-5	0.0
219.20456704	3.1289757E-5	0.0
219.202617344	-9.336776E-6	1.0122978721938125E-7
219.200667648	-2.5628702E-4	2.551768716330116E-7
219.198701568	-8.800662E-5	6.07211688929965E-7
219.196751872	3.3250963E-5	1.363931460218737E-6
219.194802176	1.0560785E-5	2.891939857363468E-6
219.19285248	-5.3989923E-5	5.787683676317101E-6
219.1908864	-6.336079E-5	1.0932264558505267E-5
219.188936704	4.510261E-5	1.9487693862174638E-5
219.186987008	5.2513842E-5	3.278003350715153E-5
219.185020928	1.1939488E-4	5.202461397857405E-5
219.183071232	5.9033377E-5	7.789947994751856E-5
219.181121536	1.1298042E-4	1.1005144915543497E-4
219.179155456	1.9332257E-4	1.4670808741357177E-4
219.17720576	2.8782492E-4	1.8459941202308983E-4
219.175256064	2.8302145E-4	2.1932458912488073E-4
219.173306368	2.2988452E-4	2.461533294990659E-4
219.171340288	3.18952E-4	2.610597002785653E-4
219.169390592	2.3496663E-4	2.6168691692873836E-4
219.167440896	3.9292776E-4	2.4793396005406976E-4
219.165474816	2.8477464E-4	2.2198137594386935E-4
219.16352512	1.2308627E-4	1.8774688942357898E-4
219.161575424	1.2109501E-4	1.4994268713053316E-4
219.159609344	1.1037621E-4	1.1303397332085297E-4
219.157659648	1.3522655E-4	8.040763350436464E-5
219.155709952	7.299016E-5	5.396648703026585E-5
219.153760256	3.790845E-5	3.417237167013809E-5
219.151794176	9.014387E-5	2.0416311599547043E-5
219.14984448	2.3369471E-4	1.1509862815728411E-5
219.147894784	3.2446932E-4	6.123570528870914E-6
219.145928704	1.8117466E-4	3.074853111684206E-6
219.143979008	2.090915E-4	1.457358052903146E-6
219.142029312	7.46278E-5	6.519969701912487E-7
219.140063232	7.2542105E-5	2.7534619562175067E-7
219.138113536	1.6256352E-4	1.0976786768424063E-7
219.13616384	2.1859692E-5	0.0
219.134214144	7.151602E-5	0.0
219.132248064	7.4138586E-7	0.0
219.130298368	3.7160393E-5	0.0
219.128348672	-2.7991982E-5	0.0
219.126382592	-3.6451434E-6	0.0
219.124432896	2.896639E-4	0.0
219.1224832	-4.5444223E-5	0.0
219.12051712	1.1994468E-4	0.0
219.118567424	6.5762484E-5	0.0
219.116617728	7.788094E-5	0.0
219.114651648	-2.1352365E-5	0.0
219.112701952	-7.0401526E-5	0.0
219.110752256	-1.0525342E-4	0.0
219.10880256	-9.887077E-5	0.0
219.10683648	-4.0406583E-5	0.0
219.104886784	8.635947E-5	0.0
219.102937088	2.3339159E-4	0.0
219.100971008	6.012733E-5	0.0
219.099021312	-1.8388751E-5	0.0
219.097071616	1.6442449E-6	0.0
219.095105536	1.1655511E-5	0.0
219.09315584	5.6319954E-5	0.0
219.091206144	7.966346E-5	0.0
219.089256448	-1.270826E-4	0.0
219.087290368	-1.3750183E-5	0.0
219.085340672	9.537889E-5	0.0
219.083390976	2.318479E-5	0.0
219.081424896	1.2991027E-4	0.0
219.0794752	1.9865012E-4	0.0
219.077525504	-7.733811E-5	0.0
219.075559424	-1.154994E-4	0.0
219.073609728	-8.652894E-6	0.0
219.071660032	-1.7663748E-6	0.0
219.069710336	5.1452993E-5	0.0
219.067744256	-5.1716055E-5	0.0
219.06579456	9.1404094E-5	0.0
219.063844864	-1.3853276E-4	0.0
219.061878784	-1.2943511E-4	0.0
219.059929088	-8.5780535E-5	0.0
219.057979392	-7.318186E-5	0.0
219.056013312	-3.0069748E-5	0.0
219.054063616	2.8063901E-5	0.0
219.05211392	-9.484553E-7	0.0
219.050164224	-8.412748E-5	0.0
219.048198144	-8.5233645E-5	0.0
219.046248448	9.397946E-5	0.0
219.044298752	5.5584078E-5	0.0
219.042332672	1.7747074E-5	0.0
219.040382976	1.0030528E-5	0.0
219.03843328	9.1107E-5	0.0
219.0364672	2.0278394E-5	0.0
219.034517504	5.1737265E-5	0.0
219.032567808	-4.9724406E-7	0.0
219.030618112	-8.346274E-5	0.0
219.028652032	1.0492624E-5	0.0
219.026702336	1.2906059E-4	0.0
219.02475264	1.9985449E-4	0.0
219.02278656	1.7525608E-5	0.0
219.020836864	-2.9772307E-5	0.0
219.018887168	-7.375323E-6	0.0
219.016921088	4.728407E-6	0.0
219.014971392	7.977257E-5	0.0
219.013021696	-1.1659552E-4	0.0
219.011072	-1.8171636E-4	0.0
219.00910592	-6.9511305E-5	0.0
219.007156224	-1.5124213E-4	0.0
219.005206528	2.7704527E-5	0.0
219.003240448	1.3909894E-5	0.0
219.001290752	5.3074033E-5	0.0
218.999341056	8.9253204E-5	0.0
218.997374976	-2.8813554E-5	0.0
218.99542528	-1.8045603E-5	0.0
218.993475584	1.1807246E-4	0.0
218.991525888	2.021153E-4	0.0
218.989559808	-6.4060456E-5	0.0
218.987610112	1.2128619E-4	0.0
218.985660416	1.7869097E-4	0.0
218.983694336	2.2296308E-5	0.0
218.98174464	2.3697454E-5	0.0
218.979794944	8.1413215E-5	0.0
218.977828864	1.1605373E-4	0.0
218.975879168	4.7037563E-5	0.0
218.973929472	-3.2636894E-5	0.0
218.971963392	1.4803771E-4	0.0
218.970013696	1.4809828E-4	0.0
218.968064	1.8480039E-4	0.0
218.966114304	4.763246E-5	0.0
218.964148224	1.5964729E-4	0.0
218.962198528	-6.198658E-5	0.0
218.960248832	5.445319E-5	0.0
218.958282752	1.6847142E-4	0.0
218.956333056	8.920961E-5	0.0
218.95438336	3.477532E-5	0.0
218.95241728	4.917681E-5	0.0
218.950467584	1.8876238E-4	0.0
218.948517888	7.8742036E-5	0.0
218.946568192	-8.165104E-5	0.0
218.944602112	-4.005543E-5	0.0
218.942652416	-5.5144967E-5	0.0
218.94070272	-4.385674E-5	0.0
218.93873664	-2.9304623E-5	0.0
218.936786944	9.2109454E-5	0.0
218.934837248	4.6475423E-5	0.0
218.932871168	4.504411E-5	0.0
218.930921472	8.189651E-5	0.0
218.928971776	1.0011266E-4	0.0
218.92702208	-6.270046E-5	0.0
218.925056	4.9762773E-5	0.0
218.923106304	4.2917494E-5	0.0
218.921156608	2.289764E-4	0.0
218.919190528	8.496973E-5	0.0
218.917240832	-4.2206408E-5	0.0
218.915291136	4.9475242E-5	0.0
218.913325056	5.4212647E-5	0.0
218.91137536	7.5816606E-5	0.0
218.909425664	2.2402851E-4	0.0
218.907475968	2.0838933E-4	0.0
218.905509888	2.6354607E-4	0.0
218.903560192	3.638475E-4	0.0
218.901610496	2.3908797E-4	0.0
218.899644416	2.7864732E-4	0.0
218.89769472	2.6257665E-4	0.0
218.895745024	2.781753E-4	0.0
218.893778944	2.6145088E-4	0.0
218.891829248	1.9467439E-4	0.0
218.889879552	1.2308799E-4	8.919504068671813E-8
218.887929856	1.1423512E-4	2.2684362477320974E-7
218.885963776	1.414282E-4	5.445085093924718E-7
218.88401408	1.6914716E-4	1.248833996214671E-6
218.882064384	6.927654E-5	2.6769807845994364E-6
218.880098304	-9.41655E-6	5.4183087740966585E-6
218.878148608	-8.610775E-5	1.0355560334573966E-5
218.876198912	-7.7770375E-5	1.868890285550151E-5
218.874232832	1.2562849E-4	3.185002424288541E-5
218.872283136	1.5538608E-4	5.125937605043873E-5
218.87033344	2.1330646E-4	7.791595271555707E-5
218.868383744	1.9106633E-4	1.1188445932930335E-4
218.866417664	3.3232845E-5	1.518352364655584E-4
218.864467968	1.7292323E-4	1.9484251970425248E-4
218.862518272	1.2481151E-4	2.3660677834413946E-4
218.860552192	2.3655419E-4	2.721321943681687E-4
218.858602496	3.011775E-4	2.967114851344377E-4
218.8566528	2.3771546E-4	3.069426747970283E-4
218.85468672	1.4143126E-4	3.014781104866415E-4
218.852737024	3.2192943E-4	2.812946622725576E-4
218.850787328	1.9621538E-4	2.4942270829342306E-4
218.848821248	1.2017548E-5	2.102288417518139E-4
218.846871552	-1.0093985E-5	1.6847008373588324E-4
218.844921856	4.2993266E-5	1.283870224142447E-4
218.84297216	-9.781483E-6	9.306650463258848E-5
218.84100608	1.0734554E-4	6.41875813016668E-5
218.839056384	2.466044E-4	4.213050124235451E-5
218.837106688	5.43702E-5	2.6320787583244964E-5
218.835140608	-1.3092014E-5	1.5652347428840585E-5
218.833190912	-5.2340958E-5	8.859175977704581E-6
218.831241216	-7.7549914E-5	4.771296516992152E-6
218.829275136	-4.8127655E-5	2.4441890218440676E-6
218.82732544	2.4244227E-5	1.1903584891115315E-6
218.825375744	1.3952522E-4	5.508197773451684E-7
218.823426048	8.802587E-5	1.971748702089826E-7
218.821459968	-2.8185814E-5	8.493027081613036E-8
218.819510272	5.2044194E-5	3.452807817438952E-8
218.817560576	1.4469825E-4	1.3248726560277646E-8
218.815594496	-5.5937758E-6	0.0
218.8136448	1.350092E-4	0.0
218.811695104	1.4888335E-4	0.0
218.809729024	-1.3254196E-4	0.0
218.807779328	-2.9817738E-5	0.0
218.805829632	-6.932848E-5	0.0
218.803879936	6.571167E-5	0.0
218.801913856	2.9204088E-5	0.0
218.79996416	1.6114715E-4	0.0
218.798014464	8.892442E-5	0.0
218.796048384	1.4000939E-4	0.0
218.794098688	-8.053309E-5	0.0
218.792148992	-1.9863484E-4	0.0
218.790182912	-1.0309608E-4	0.0
218.788233216	-2.64631E-5	0.0
218.78628352	1.1319771E-4	0.0
218.784333824	9.319652E-6	0.0
218.782367744	-1.7185948E-5	0.0
218.780418048	7.916334E-5	0.0
218.778468352	1.0083353E-4	0.0
218.776502272	1.21944315E-4	0.0
218.774552576	6.8691406E-5	0.0
218.77260288	4.472068E-5	0.0
218.7706368	-3.7520633E-5	0.0
218.768687104	1.1905765E-4	0.0
218.766737408	1.0506476E-4	0.0
218.764787712	1.3396397E-4	0.0
218.762821632	1.649395E-4	0.0
218.760871936	7.9063546E-5	0.0
218.75892224	1.2727114E-4	0.0
218.75695616	2.6471517E-4	0.0
218.755006464	2.5804163E-4	0.0
218.753056768	3.2742848E-4	0.0
218.751090688	2.3913081E-4	0.0
218.749140992	3.737363E-4	0.0
218.747191296	2.1698541E-4	0.0
218.7452416	9.858808E-5	0.0
218.74327552	2.6100106E-5	0.0
218.741325824	1.6564367E-4	0.0
218.739376128	1.2035408E-4	0.0
218.737410048	1.9084936E-4	0.0
218.735460352	4.224105E-5	0.0
218.733510656	8.79224E-5	0.0
218.731544576	1.0505181E-4	0.0
218.72959488	8.9532456E-5	0.0
218.727645184	-4.223237E-5	0.0
218.725679104	-5.3874468E-5	0.0
218.723729408	-6.0317612E-5	0.0
218.721779712	2.4586925E-5	0.0
218.719830016	8.435012E-6	0.0
218.717863936	-8.8157885E-6	0.0
218.71591424	5.9922048E-5	0.0
218.713964544	2.9162687E-5	0.0
218.711998464	-4.76973E-6	1.6465595109593778E-8
218.710048768	1.4905326E-4	4.2394777466370215E-8
218.708099072	4.0918017E-5	1.0301585717797934E-7
218.706132992	6.125094E-5	2.3623732658961671E-7
218.704183296	-4.563791E-6	5.11267387537373E-7
218.7022336	-6.350429E-5	1.0442287248224602E-6
218.700283904	9.5401825E-5	2.0127295101701748E-6
218.698317824	-6.514903E-5	3.661069058580324E-6
218.696368128	-7.82647E-5	6.284221854002681E-6
218.694418432	-1.2885148E-4	1.017906834022142E-5
218.692452352	-3.8716524E-5	1.5558516679448076E-5
218.690502656	5.4398344E-5	2.244043025712017E-5
218.68855296	4.1153307E-5	3.0542629247065634E-5
218.68658688	-4.7219208E-5	3.923002441297285E-5
218.684637184	3.927771E-5	4.755556074087508E-5
218.682687488	2.8927325E-5	5.441204848466441E-5
218.680737792	5.3560663E-5	5.876759678358212E-5
218.678771712	-5.732712E-5	5.991779107716866E-5
218.676822016	6.559434E-5	5.767075708718039E-5
218.67487232	1.173962E-4	5.239915117272176E-5
218.67290624	-1.2779521E-4	4.493974847719073E-5
218.670956544	-7.872993E-5	3.6377579817781225E-5
218.669006848	-3.658682E-5	2.7790500098490156E-5
218.667040768	-3.178472E-5	2.00347785721533E-5
218.665091072	3.7158166E-5	1.3629590284836013E-5
218.663141376	-1.3961043E-4	8.749502740101889E-6
218.66119168	-1.9052616E-4	5.300139036990004E-6
218.6592256	6.07948E-5	3.029761728612357E-6
218.657275904	9.14932E-7	1.6343793731721235E-6
218.655326208	1.7900771E-5	8.320251367877063E-7
218.653360128	6.7567446E-5	3.997283783974126E-7
218.651410432	-3.197954E-5	1.8123380129964062E-7
218.649460736	5.3265157E-5	7.754815101179702E-8
218.647494656	2.9969328E-6	3.131549419777002E-8
218.64554496	-8.6116226E-5	0.0
218.643595264	1.0677491E-5	0.0
218.641645568	-1.5116851E-4	0.0
218.639679488	8.211549E-5	0.0
218.637729792	1.0650741E-4	0.0
218.635780096	8.166537E-5	0.0
218.633814016	-1.2989525E-5	0.0
218.63186432	-6.4336978E-6	0.0
218.629914624	-4.2133546E-5	0.0
218.627948544	-1.1063599E-4	0.0
218.625998848	-1.4989827E-4	0.0
218.624049152	1.21865356E-4	0.0
218.622099456	9.952942E-5	0.0
218.620133376	1.3309409E-4	0.0
218.61818368	2.272214E-5	0.0
218.616233984	7.7785655E-5	0.0
218.614267904	1.2199871E-4	0.0
218.612318208	1.593456E-5	0.0
218.610368512	-9.397632E-6	0.0
218.608402432	4.0144103E-5	0.0
218.606452736	-3.643202E-5	0.0
218.60450304	1.5173739E-4	0.0
218.602553344	-3.295459E-5	0.0
218.600587264	-2.3276478E-5	0.0
218.598637568	7.253646E-5	0.0
218.596687872	2.1308073E-5	0.0
218.594721792	6.8325746E-5	0.0
218.592772096	4.71768E-7	0.0
218.5908224	2.9177734E-5	0.0
218.58885632	-1.273897E-5	0.0
218.586906624	-6.0547663E-5	0.0
218.584956928	-5.6808214E-5	0.0
218.582990848	9.239282E-6	0.0
218.581041152	-2.1526232E-5	0.0
218.579091456	-1.9691279E-5	0.0
218.57714176	-6.298789E-5	0.0
218.57517568	3.929347E-6	0.0
218.573225984	9.344085E-6	0.0
218.571276288	2.0712419E-6	0.0
218.569310208	1.4362801E-4	0.0
218.567360512	8.9773726E-5	0.0
218.565410816	7.646725E-5	0.0
218.563444736	-7.485044E-5	0.0
218.56149504	-1.044677E-4	0.0
218.559545344	-5.678299E-5	0.0
218.557595648	-7.896268E-6	0.0
218.555629568	1.07566324E-4	0.0
218.553679872	1.8293568E-4	0.0
218.551730176	6.0445873E-5	0.0
218.549764096	-6.661051E-5	0.0
218.5478144	-1.5683657E-4	0.0
218.545864704	-1.2424531E-4	0.0
218.543898624	-1.4561688E-4	0.0
218.541948928	-6.861069E-5	0.0
218.539999232	-1.336832E-4	0.0
218.538049536	-1.3314419E-4	0.0
218.536083456	-9.8322664E-5	0.0
218.53413376	-1.1935919E-4	0.0
218.532184064	8.417825E-5	0.0
218.530217984	9.949432E-5	0.0
218.528268288	3.310089E-5	0.0
218.526318592	-2.7128995E-5	0.0
218.524352512	2.979069E-5	0.0
218.522402816	5.3557942E-5	0.0
218.52045312	1.1933801E-4	0.0
218.518503424	7.176192E-5	0.0
218.516537344	-1.2180206E-5	0.0
218.514587648	4.3914053E-5	0.0
218.512637952	3.233307E-5	0.0
218.510671872	7.873834E-5	0.0
218.508722176	4.4155368E-5	0.0
218.50677248	-4.5000637E-5	0.0
218.5048064	1.5244802E-4	0.0
218.502856704	8.248351E-5	0.0
218.500907008	-3.1480395E-5	0.0
218.498957312	-1.0724709E-5	0.0
218.496991232	5.767661E-6	0.0
218.495041536	-1.3983101E-5	0.0
218.49309184	4.7074937E-7	0.0
218.49112576	-3.1996653E-5	8.403937101775227E-9
218.489176064	1.3925843E-5	2.136013854681096E-8
218.487226368	-4.8105914E-5	5.1230664155355043E-8
218.485260288	4.6319514E-5	1.1594805471304426E-7
218.483310592	2.8087592E-5	2.4762894668128865E-7
218.481360896	4.9274862E-5	4.990477009414462E-7
218.4794112	1.04831466E-4	9.49035495523276E-7
218.47744512	1.10388726E-4	1.7030114349836367E-6
218.475495424	1.9937329E-4	2.8836691399192205E-6
218.473545728	1.5780755E-4	4.607449682225706E-6
218.471579648	1.4227847E-4	6.9464094849536195E-6
218.469629952	1.6844965E-4	9.882011909212451E-6
218.467680256	2.4041536E-4	1.3265402230899781E-5
218.465714176	1.649276E-4	1.6803414837340824E-5
218.46376448	3.0717367E-4	2.0085875803488307E-5
218.461814784	1.6414677E-4	2.2657755835098214E-5
218.459848704	1.514208E-4	2.4120718080666848E-5
218.457899008	2.4325922E-4	2.423371006443631E-5
218.455949312	1.8568774E-4	2.297768514836207E-5
218.453999616	1.06298474E-4	2.056092125712894E-5
218.452033536	5.840638E-5	1.7362564904033206E-5
218.45008384	1.6680072E-4	1.3835790923621971E-5
218.448134144	1.4763226E-4	1.0403934538771864E-5
218.446168064	2.0238105E-4	7.3821561272779945E-6
218.444218368	1.0092259E-4	4.942589839629363E-6
218.442268672	1.3966096E-4	3.1225574730342487E-6
218.440302592	6.923476E-6	1.8614560985952266E-6
218.438352896	7.274726E-5	1.0470947700014221E-6
218.4364032	8.501644E-5	5.557990334636997E-7
218.434453504	6.638964E-5	2.783849879506306E-7
218.432487424	1.1929863E-4	1.3157567479993304E-7
218.430537728	7.074707E-5	5.8682687154032465E-8
218.428588032	2.1310447E-4	2.4697332179357545E-8
218.426621952	1.5202837E-4	9.808359457963434E-9
218.424672256	6.3165855E-5	0.0
218.42272256	5.8564296E-5	0.0
218.42075648	-2.2551269E-5	0.0
218.418806784	5.395579E-5	0.0
218.416857088	-2.8784175E-6	0.0
218.414907392	-1.439597E-6	0.0
218.412941312	2.4906238E-5	0.0
218.410991616	1.2175904E-4	0.0
218.40904192	4.448523E-5	0.0
218.40707584	3.004919E-5	0.0
218.405126144	1.4935169E-4	0.0
218.403176448	7.646648E-6	0.0
218.401210368	-1.1098882E-5	0.0
218.399260672	-7.61296E-5	0.0
218.397310976	4.347099E-5	0.0
218.39536128	1.4137116E-4	0.0
218.3933952	7.070475E-5	0.0
218.391445504	1.2263929E-4	0.0
218.389495808	2.9354438E-5	0.0
218.387529728	-5.9869093E-5	0.0
218.385580032	4.3392614E-5	0.0
218.383630336	7.3136275E-6	0.0
218.381664256	1.9888635E-6	0.0
218.37971456	-4.3434924E-5	0.0
218.377764864	-8.994671E-5	0.0
218.375815168	1.6504418E-4	0.0
218.373849088	1.6730168E-4	0.0
218.371899392	3.963726E-5	0.0
218.369949696	1.0782864E-4	6.4371357133552465E-9
218.367983616	6.9983995E-5	1.6632304422614652E-8
218.36603392	-2.2703361E-4	4.05501907607686E-8
218.364084224	-1.608795E-4	9.328488204118912E-8
218.362118144	-3.82819E-5	2.0249132148819626E-7
218.360168448	1.3137664E-4	4.147389631725673E-7
218.358218752	-7.761808E-6	8.015261983018718E-7
218.356269056	4.1418734E-5	1.4616032331105089E-6
218.354302976	-8.397037E-5	2.7404673801356694E-6
218.35235328	-4.599851E-6	4.667620942200301E-6
218.350403584	1.1566554E-4	7.684339834668208E-6
218.348437504	9.252747E-5	1.2339134627836756E-5
218.346487808	5.048971E-6	1.9509572666720487E-5
218.344538112	1.594968E-5	3.060818198719062E-5
218.342572032	3.9982213E-5	4.781121970154345E-5
218.340622336	1.1277201E-4	7.419122994178906E-5
218.33867264	1.2974493E-4	1.1355592869222164E-4
218.336722944	1.1517223E-4	1.697893749224022E-4
218.334756864	2.2269925E-4	2.456148504279554E-4
218.332807168	3.756731E-4	3.4099005279131234E-4
218.330857472	2.9362435E-4	4.517023335210979E-4
218.328891392	4.1465738E-4	5.688811652362347E-4
218.326941696	6.430116E-4	6.799227558076382E-4
218.324992	7.462261E-4	7.707416662015021E-4
218.32302592	7.00327E-4	8.28664458822459E-4
218.321076224	8.4227213E-4	8.451079484075308E-4
218.319126528	8.5605617E-4	8.173601236194372E-4
218.317160448	7.0804596E-4	7.491471478715539E-4
218.315210752	6.6942256E-4	6.499149603769183E-4
218.313261056	4.1540017E-4	5.329066189005971E-4
218.31131136	4.089035E-4	4.1241224971599877E-4
218.30934528	2.3905796E-4	3.008849744219333E-4
218.307395584	1.4331576E-4	2.0679758745245636E-4
218.305445888	1.6627926E-4	1.3386057980824262E-4
218.303479808	1.55841E-4	8.160799188772216E-5
218.301530112	9.463571E-6	4.687854743679054E-5
218.299580416	-4.806405E-5	2.5380697479704395E-5
218.297614336	2.579107E-4	1.2956157661392353E-5
218.29566464	1.2188189E-4	6.2375202105613425E-6
218.293714944	4.179138E-5	2.8327390282356646E-6
218.291765248	-2.2067593E-6	1.2136996474509942E-6
218.289799168	-2.3153412E-5	4.906356707579107E-7
218.287849472	1.9185938E-5	1.8714028726662946E-7
218.285899776	8.80229E-5	0.0
218.283933696	8.844653E-5	0.0
218.281984	-2.6040105E-5	0.0
218.280034304	-3.804315E-5	0.0
218.278068224	-5.7385307E-5	0.0
218.276118528	3.4546779E-6	0.0
218.274168832	-2.3160863E-5	0.0
218.272219136	7.472156E-6	0.0
218.270253056	8.079873E-6	0.0
218.26830336	5.2816187E-5	0.0
218.266353664	-1.1625065E-5	0.0
218.264387584	-1.8754968E-4	0.0
218.262437888	-7.928293E-5	0.0
218.260488192	1.0148185E-4	0.0
218.258522112	1.0149451E-4	0.0
218.256572416	8.280441E-5	0.0
218.25462272	9.2356924E-5	0.0
218.252673024	5.7331705E-5	0.0
218.250706944	1.2880878E-4	0.0
218.248757248	-5.8620735E-5	0.0
218.246807552	-6.6467495E-5	0.0
218.244841472	-1.3174824E-4	0.0
218.242891776	-8.566673E-5	0.0
218.24094208	-5.2052248E-5	0.0
218.238976	-4.0576695E-5	0.0
218.237026304	-7.185588E-5	0.0
218.235076608	-9.545513E-5	0.0
218.233126912	1.2519243E-4	0.0
218.231160832	2.5443677E-4	0.0
218.229211136	3.013191E-4	0.0
218.22726144	2.809479E-4	0.0
218.22529536	3.5578056E-4	0.0
218.223345664	4.375362E-4	0.0
218.221395968	4.1292902E-4	0.0
218.219429888	4.70472E-4	0.0
218.217480192	5.5431225E-4	0.0
218.215530496	4.8379888E-4	0.0
218.2135808	4.479421E-4	0.0
218.21161472	4.922825E-4	0.0
218.209665024	4.7923825E-4	0.0
218.207715328	2.6840277E-4	0.0
218.205749248	1.2639689E-4	0.0
218.203799552	1.4201878E-4	0.0
218.201849856	1.8614627E-4	0.0
218.199883776	1.3191131E-5	0.0
218.19793408	1.6512783E-4	0.0
218.195984384	1.00823025E-4	0.0
218.194018304	2.5672762E-4	0.0
218.192068608	4.7529244E-5	0.0
218.190118912	-5.160597E-7	0.0
218.188169216	-2.3020277E-5	0.0
218.186203136	2.558005E-5	0.0
218.18425344	-2.7939974E-5	0.0
218.182303744	-1.2283001E-5	0.0
218.180337664	3.6394E-5	0.0
218.178387968	9.6164724E-5	0.0
218.176438272	9.901786E-5	0.0
218.174472192	8.6279055E-5	0.0
218.172522496	-7.217805E-5	0.0
218.1705728	1.2210838E-4	0.0
218.168623104	1.5152124E-4	0.0
218.166657024	-1.0279746E-4	0.0
218.164707328	-7.7866054E-5	0.0
218.162757632	2.67113E-6	0.0
218.160791552	1.4343119E-4	0.0
