234.537975808	-5.5430455E-6	0.0
234.539941888	3.9738774E-5	0.0
234.541924352	1.6095013E-5	0.0
234.543890432	3.596162E-5	0.0
234.545856512	1.0207755E-4	0.0
234.547838976	4.2085183E-5	0.0
234.549805056	-1.3121479E-5	0.0
234.55178752	6.567963E-5	0.0
234.5537536	1.8362376E-5	0.0
234.55571968	-1.09192246E-4	0.0
234.557702144	-9.073033E-5	0.0
234.559668224	-7.832149E-5	0.0
234.561650688	-5.2814346E-5	0.0
234.563616768	1.1423818E-5	0.0
234.565582848	4.71122E-5	0.0
234.567565312	9.485244E-5	0.0
234.569531392	8.778705E-5	0.0
234.571513856	1.6775579E-4	0.0
234.573479936	1.9493839E-4	0.0
234.575446016	1.4243159E-4	0.0
234.57742848	8.4895146E-5	0.0
234.57939456	1.3889099E-4	0.0
234.581377024	7.818252E-5	0.0
234.583343104	-2.0558962E-5	0.0
234.585309184	-2.3188915E-5	0.0
234.587291648	-8.5021544E-5	0.0
234.589257728	-9.0408386E-5	0.0
234.591240192	-6.1587314E-5	0.0
234.593206272	-4.869863E-5	0.0
234.595172352	8.6526474E-5	0.0
234.597154816	2.7756234E-5	0.0
234.599120896	-1.430063E-6	0.0
234.60110336	2.2642444E-5	0.0
234.60306944	8.971681E-5	0.0
234.60503552	2.8400884E-5	0.0
234.607017984	-2.5372809E-5	0.0
234.608984064	3.7575952E-5	0.0
234.610966528	1.6457108E-5	0.0
234.612932608	4.6968282E-5	0.0
234.614898688	-6.7978006E-5	0.0
234.616881152	1.7340977E-5	0.0
234.618847232	1.8743219E-4	0.0
234.620829696	1.3400844E-4	0.0
234.622795776	5.985537E-5	0.0
234.624761856	2.0314093E-5	0.0
234.62674432	-2.5063857E-5	0.0
234.6287104	-1.8276232E-5	0.0
234.630692864	-2.3485061E-5	0.0
234.632658944	7.176882E-5	0.0
234.634625024	4.4034034E-5	0.0
234.636607488	3.8807742E-5	0.0
234.638573568	2.90492E-5	0.0
234.640556032	-2.95084E-6	0.0
234.642522112	3.4869267E-5	0.0
234.644488192	5.3766762E-5	0.0
234.646470656	2.0801306E-5	0.0
234.648436736	2.4047591E-5	0.0
234.6504192	-5.7298534E-5	0.0
234.65238528	-6.017466E-5	0.0
234.65435136	2.1496E-5	0.0
234.656333824	-1.4330656E-5	0.0
234.658299904	-6.399375E-5	0.0
234.660282368	-1.4000109E-5	0.0
234.662248448	4.0834213E-5	0.0
234.664214528	3.6414738E-5	0.0
234.666196992	-5.4773776E-5	0.0
234.668163072	-5.4447493E-5	0.0
234.670145536	-4.785469E-5	0.0
234.672111616	-8.292496E-5	0.0
234.674077696	-9.4319854E-5	0.0
234.67606016	-1.0863199E-4	0.0
234.67802624	-9.6964095E-6	0.0
234.680008704	6.4554915E-5	0.0
234.681974784	1.3500071E-5	0.0
234.683940864	-4.8076112E-5	0.0
234.685923328	-3.2779284E-5	0.0
234.687889408	9.8208375E-6	0.0
234.689871872	2.3050115E-5	0.0
234.691837952	-1.1354644E-5	0.0
234.693804032	-3.3853725E-5	0.0
234.695786496	-1.7977962E-5	0.0
234.697752576	1.5367272E-5	0.0
234.69973504	-2.7570322E-5	0.0
234.70170112	-1.8291235E-5	0.0
234.7036672	-3.636119E-6	0.0
234.705649664	-3.757283E-5	0.0
234.707615744	2.117919E-5	0.0
234.709598208	5.192312E-5	0.0
234.711564288	5.4595994E-6	0.0
234.713530368	-1.6211432E-5	0.0
234.715512832	-5.7007626E-5	0.0
234.717478912	-6.440158E-5	0.0
234.719461376	-5.8417998E-5	0.0
234.721427456	8.222455E-6	0.0
234.723393536	3.0503577E-5	0.0
234.725376	-2.271251E-6	0.0
234.72734208	-2.3618513E-6	0.0
234.729324544	9.2067115E-5	0.0
234.731290624	1.05534506E-4	0.0
234.733256704	4.804163E-5	0.0
234.735239168	7.353735E-5	0.0
234.737205248	2.852699E-5	0.0
234.739187712	-2.5080184E-5	0.0
234.741153792	-1.968202E-5	0.0
234.743119872	-4.9524086E-5	0.0
234.745102336	-8.119094E-5	0.0
234.747068416	-6.779334E-5	0.0
234.74905088	1.2784873E-5	0.0
234.75101696	-2.6980912E-5	0.0
234.75298304	-5.871998E-5	0.0
234.754965504	-7.55081E-5	0.0
234.756931584	-6.0064882E-5	0.0
234.758914048	-1.7093846E-5	0.0
234.760880128	1.5329699E-5	0.0
234.762846208	-1.1456653E-5	0.0
234.764828672	3.9566485E-6	0.0
234.766794752	2.4921172E-5	0.0
234.768777216	2.2061953E-5	0.0
234.770743296	-1.4978013E-5	0.0
234.772709376	-1.3686923E-5	0.0
234.77469184	1.15885605E-5	0.0
234.77665792	2.4598367E-5	0.0
234.778640384	-3.520385E-5	0.0
234.780606464	6.491778E-5	0.0
234.782572544	9.5634576E-5	0.0
234.784555008	4.9592458E-5	0.0
234.786521088	4.9546066E-5	0.0
234.788503552	7.2076306E-5	0.0
234.790469632	-1.7635453E-5	0.0
234.792435712	6.4430555E-5	0.0
234.794418176	8.700878E-5	0.0
234.796384256	1.3767913E-4	0.0
234.79836672	8.358949E-5	0.0
234.8003328	-4.1210615E-6	0.0
234.80229888	1.5751471E-5	0.0
234.804281344	4.782897E-5	0.0
234.806247424	5.0702507E-5	0.0
234.808229888	-6.686928E-6	0.0
234.810195968	-2.8916418E-5	0.0
234.812162048	1.0089233E-4	0.0
234.814144512	4.122921E-5	0.0
234.816110592	1.5171751E-5	0.0
234.818093056	4.512572E-5	0.0
234.820059136	1.1437482E-4	0.0
234.822025216	7.213265E-5	0.0
234.82400768	8.849046E-5	0.0
234.82597376	8.4228E-5	0.0
234.827956224	6.0108632E-5	0.0
234.829922304	7.801011E-5	0.0
234.831888384	2.5374144E-5	0.0
234.833870848	4.4852322E-6	0.0
234.835836928	1.0967883E-4	0.0
234.837819392	3.0035384E-5	0.0
234.839785472	-2.9070203E-5	0.0
234.841767936	3.7268645E-5	0.0
234.843734016	4.3203207E-5	0.0
234.845700096	-7.4913725E-5	0.0
234.84768256	-1.1248976E-4	0.0
234.84964864	6.42525E-6	0.0
234.851631104	6.008075E-5	0.0
234.853597184	8.7017834E-5	0.0
234.855563264	6.368611E-5	0.0
234.857545728	3.7170943E-5	0.0
234.859511808	-4.033461E-5	0.0
234.861494272	-7.985844E-5	0.0
234.863460352	2.5073981E-5	0.0
234.865426432	3.0517576E-5	0.0
234.867408896	-2.961885E-6	0.0
234.869374976	-4.1596682E-5	0.0
234.87135744	-2.686199E-6	0.0
234.87332352	-3.6751462E-5	0.0
234.8752896	-8.013728E-6	0.0
234.877272064	7.475709E-5	0.0
234.879238144	7.862499E-5	0.0
234.881220608	-9.991371E-7	0.0
234.883186688	-5.6142093E-5	0.0
234.885152768	-9.455328E-6	0.0
234.887135232	7.164158E-5	0.0
234.889101312	2.6815846E-5	0.0
234.891083776	-6.682018E-5	0.0
234.893049856	-9.660219E-6	0.0
234.895015936	4.017181E-5	0.0
234.8969984	-4.8622594E-5	0.0
234.89896448	-4.7016776E-5	0.0
234.900946944	4.2396396E-6	0.0
234.902913024	4.2707714E-5	0.0
234.904879104	7.911338E-5	0.0
234.906861568	2.7337794E-5	0.0
234.908827648	8.0790895E-5	0.0
234.910810112	5.647301E-5	0.0
234.912776192	-3.654299E-5	0.0
234.914742272	3.8342954E-5	0.0
234.916724736	5.224885E-5	0.0
234.918690816	2.7033775E-5	0.0
234.92067328	6.134636E-5	0.0
234.92263936	3.0217632E-5	0.0
234.92460544	-1.2276289E-5	0.0
234.926587904	-1.70604E-6	0.0
234.928553984	4.548285E-5	0.0
234.930536448	6.8072375E-5	0.0
234.932502528	1.0033243E-4	0.0
234.934468608	7.807181E-5	0.0
234.936451072	-1.3236367E-5	0.0
234.938417152	-6.8931025E-5	0.0
234.940399616	-1.8805515E-5	0.0
234.942365696	5.869247E-5	0.0
234.944331776	5.3687367E-5	0.0
234.94631424	-2.1512462E-5	0.0
234.94828032	-6.600196E-5	0.0
234.950262784	-7.5027594E-5	0.0
234.952228864	-4.786757E-5	0.0
234.954194944	-1.5021785E-5	0.0
234.956177408	-3.2329872E-6	0.0
234.958143488	-2.549874E-5	0.0
234.960125952	2.1127462E-6	0.0
234.962092032	-8.0142024E-7	0.0
234.964058112	2.6769978E-5	0.0
234.966040576	7.4860845E-6	0.0
234.968006656	-6.376696E-5	0.0
234.96998912	-3.9709663E-5	0.0
234.9719552	-3.9105526E-5	0.0
234.97392128	-5.6701614E-5	0.0
234.975903744	-8.268953E-5	0.0
234.977869824	-6.805474E-5	0.0
234.979852288	-4.966313E-5	0.0
234.981818368	7.506361E-5	0.0
234.983784448	4.1331976E-5	0.0
234.985766912	-4.074349E-5	0.0
234.987732992	-1.9738714E-5	0.0
234.989715456	2.0625534E-5	0.0
234.991681536	5.9122594E-5	0.0
234.993647616	-4.2539283E-5	0.0
234.99563008	-3.1988315E-5	0.0
234.99759616	3.134907E-5	0.0
234.999578624	1.0142246E-5	0.0
235.001544704	2.0304562E-5	0.0
235.003510784	8.029919E-6	0.0
235.005493248	2.3692699E-5	0.0
235.007459328	4.0697338E-5	0.0
235.009441792	-1.8697054E-6	0.0
235.011407872	-6.8378155E-5	0.0
235.013373952	-5.001834E-5	0.0
235.015356416	-3.30394E-5	0.0
235.017322496	4.386794E-7	0.0
235.01930496	3.2543754E-5	0.0
235.02127104	-3.9136827E-5	0.0
235.02323712	-1.5396088E-5	0.0
235.025219584	2.2985887E-6	0.0
235.027185664	8.808388E-6	0.0
235.029168128	1.7872864E-5	0.0
235.031134208	8.3352E-5	0.0
235.033100288	1.3948896E-5	0.0
235.035082752	-1.2631138E-4	0.0
235.037048832	-6.4114894E-5	0.0
235.039031296	-8.0114434E-5	0.0
235.040997376	-1.4239048E-4	0.0
235.042963456	-1.0882018E-4	0.0
235.04494592	1.3279682E-4	0.0
235.046912	9.2153554E-5	0.0
235.048894464	-5.419212E-5	0.0
235.050860544	-5.6748806E-5	0.0
235.052826624	1.6276272E-5	0.0
235.054809088	6.8268186E-5	0.0
235.056775168	-3.2728556E-5	0.0
235.058757632	-3.9500246E-5	0.0
235.060723712	1.1765206E-5	0.0
235.062689792	7.632436E-5	0.0
235.064672256	8.631451E-5	0.0
235.066638336	8.48161E-6	0.0
235.0686208	-5.9190414E-5	0.0
235.07058688	-2.943454E-5	0.0
235.07255296	1.854851E-5	0.0
235.074535424	2.6041946E-5	0.0
235.076501504	-7.234511E-7	0.0
235.078483968	-4.403193E-5	0.0
235.080450048	-4.5807963E-5	0.0
235.082416128	3.0526626E-5	0.0
235.084398592	-3.0348327E-5	0.0
235.086364672	-3.352526E-5	0.0
235.088347136	-4.1239346E-5	0.0
235.090313216	-2.0347436E-5	0.0
235.092279296	-2.383E-5	0.0
235.09426176	-3.7075542E-6	0.0
235.09622784	1.9916564E-5	0.0
235.098210304	3.1062456E-5	0.0
235.100176384	3.4529043E-5	0.0
235.102142464	2.1609287E-5	0.0
235.104124928	-5.2532883E-5	0.0
235.106091008	-3.8859336E-5	0.0
235.108073472	5.8308327E-5	0.0
235.110039552	1.3984079E-4	0.0
235.112005632	8.622685E-5	0.0
235.113988096	2.1740778E-5	0.0
235.115954176	5.3777705E-5	0.0
235.11793664	1.62841E-5	0.0
235.11990272	5.096316E-5	0.0
235.1218688	9.731919E-5	0.0
235.123851264	3.420011E-5	0.0
235.125817344	-5.7174173E-5	0.0
235.127799808	-5.4886626E-5	0.0
235.129765888	2.3085782E-5	0.0
235.131731968	2.7363609E-5	0.0
235.133714432	3.4266264E-5	0.0
235.135680512	5.2010055E-5	0.0
235.137662976	2.1732385E-6	0.0
235.139629056	4.3661563E-5	0.0
235.141595136	1.0679255E-4	0.0
235.1435776	1.4599267E-4	0.0
235.14554368	1.2224787E-4	0.0
235.147526144	9.4585266E-5	0.0
235.149492224	1.2234089E-4	0.0
235.151474688	1.4647134E-4	0.0
235.153440768	1.2588658E-4	0.0
235.155406848	9.951636E-5	0.0
235.157389312	5.0742205E-5	0.0
235.159355392	4.716188E-5	0.0
235.161337856	5.5994864E-5	0.0
235.163303936	5.0143364E-5	0.0
235.165270016	3.207562E-5	0.0
235.16725248	3.0166293E-5	0.0
235.16921856	5.1242965E-5	0.0
235.171201024	2.482951E-5	0.0
235.173167104	-3.3426068E-6	0.0
235.175133184	1.2536851E-5	0.0
235.177115648	-2.7115415E-5	0.0
235.179081728	-6.384718E-5	0.0
235.181064192	2.978186E-5	0.0
235.183030272	6.0227876E-6	0.0
235.184996352	-5.1304987E-6	0.0
235.186978816	7.104696E-5	0.0
235.188944896	1.5785421E-5	0.0
235.19092736	7.526888E-6	0.0
235.19289344	1.2768401E-5	0.0
235.19485952	5.059552E-5	0.0
235.196841984	-6.332836E-6	0.0
235.198808064	-4.3920623E-5	0.0
235.200790528	9.149368E-6	0.0
235.202756608	3.0916035E-5	0.0
235.204722688	2.74881E-5	0.0
235.206705152	-6.4817023E-6	0.0
235.208671232	-4.829848E-5	0.0
235.210653696	-3.1735315E-5	0.0
235.212619776	8.649612E-6	0.0
235.214585856	-4.3408536E-6	0.0
235.21656832	-5.604018E-6	0.0
235.2185344	9.3353565E-6	0.0
235.220516864	2.8529028E-5	0.0
235.222482944	3.679009E-5	0.0
235.224449024	4.4173063E-5	0.0
235.226431488	2.9040208E-5	0.0
235.228397568	5.0839562E-6	0.0
235.230380032	-6.6807E-5	0.0
235.232346112	-9.481274E-5	0.0
235.234312192	7.0776414E-6	0.0
235.236294656	8.0357684E-5	0.0
235.238260736	9.354649E-5	0.0
235.2402432	-7.434969E-6	0.0
235.24220928	-2.3253322E-5	0.0
235.24417536	1.16296025E-4	0.0
235.246157824	5.4310014E-5	0.0
235.248123904	4.6986443E-5	0.0
235.250106368	6.602562E-5	0.0
235.252072448	4.0842333E-5	0.0
235.254038528	1.3986891E-5	0.0
235.256020992	5.169457E-5	0.0
235.257987072	-3.2436907E-5	0.0
235.259969536	-4.530432E-5	0.0
235.261935616	7.3681236E-5	0.0
235.263901696	-1.4830756E-6	0.0
235.26588416	4.8874816E-5	0.0
235.26785024	2.6993917E-5	0.0
235.269832704	1.04001956E-4	0.0
235.271798784	1.4039577E-4	0.0
235.273764864	8.8627276E-5	0.0
235.275747328	9.17842E-5	0.0
235.277713408	8.7923545E-5	0.0
235.279695872	8.725887E-5	0.0
235.281661952	6.9622416E-5	0.0
235.283628032	3.507829E-5	0.0
235.285610496	8.346385E-5	0.0
235.287576576	2.1578426E-6	0.0
235.28955904	-8.663768E-5	0.0
235.29152512	2.2144535E-5	0.0
235.2934912	1.3183319E-5	0.0
235.295473664	-1.4841385E-5	0.0
235.297439744	-1.810567E-5	0.0
235.299422208	-1.8929017E-5	0.0
235.301388288	-3.2671696E-6	0.0
235.303354368	-7.0570413E-6	0.0
235.305336832	2.2983628E-5	0.0
235.307302912	8.557949E-5	0.0
235.309285376	3.8057533E-5	0.0
235.311251456	-5.8365757E-5	0.0
235.313217536	1.51185495E-5	0.0
235.3152	6.8261346E-5	0.0
235.31716608	5.00392E-5	0.0
235.319148544	4.426506E-5	0.0
235.321114624	5.7512774E-5	0.0
235.323080704	9.9670375E-5	0.0
235.325063168	8.297525E-5	0.0
235.327029248	5.2090818E-5	0.0
235.329011712	-2.496454E-5	0.0
235.330977792	-5.034589E-5	0.0
235.332943872	-4.647284E-5	0.0
235.334926336	-6.666567E-5	0.0
235.336892416	-3.81632E-5	0.0
235.33887488	-5.0190165E-6	0.0
235.34084096	-3.9459894E-5	0.0
235.34280704	-7.4578784E-5	0.0
235.344789504	-2.6306154E-5	0.0
235.346755584	-1.3082946E-5	0.0
235.348738048	5.581361E-7	0.0
235.350704128	-6.090834E-5	0.0
235.352670208	-1.5180816E-4	0.0
235.354652672	-1.501062E-4	0.0
235.356618752	-3.9182767E-5	0.0
235.358601216	1.8320088E-5	0.0
235.360567296	1.294573E-5	0.0
235.362533376	2.5647341E-5	0.0
235.36451584	2.6004183E-5	0.0
235.36648192	3.9610688E-5	0.0
235.368464384	6.8537425E-5	0.0
235.370430464	-1.145658E-5	0.0
235.372396544	-1.6968452E-5	0.0
235.374379008	-9.958941E-6	0.0
235.376345088	-1.9716523E-5	0.0
235.378327552	-3.444043E-5	0.0
235.380293632	-1.0285791E-5	0.0
235.382259712	7.745065E-6	0.0
235.384242176	1.4245449E-5	0.0
235.386208256	2.0381905E-5	0.0
235.38819072	2.5612653E-6	0.0
235.3901568	-4.710157E-5	0.0
235.39212288	-5.8016743E-5	0.0
235.394105344	8.646745E-6	0.0
235.396071424	-4.437342E-7	0.0
235.398053888	-5.29073E-6	0.0
235.400019968	4.1450487E-5	0.0
235.401986048	4.783258E-5	0.0
235.403968512	5.3177933E-5	0.0
235.405934592	3.6379726E-5	0.0
235.407917056	-1.414947E-5	0.0
235.409883136	2.7343163E-5	0.0
235.411849216	1.1063594E-4	0.0
235.41383168	4.4528595E-5	0.0
235.41579776	4.094795E-5	0.0
235.417780224	1.1378835E-4	0.0
235.419746304	7.28381E-5	0.0
235.421712384	5.966349E-5	0.0
235.423694848	1.0121387E-4	0.0
235.425660928	4.589409E-5	0.0
235.427643392	2.9211134E-5	0.0
235.429609472	6.389106E-5	0.0
235.431575552	2.9455257E-5	0.0
235.433558016	4.7656908E-5	0.0
235.435524096	-4.7282625E-5	0.0
235.43750656	-5.7372356E-5	0.0
235.43947264	-1.7661094E-5	0.0
235.44143872	5.7527268E-5	0.0
235.443421184	4.9865917E-5	0.0
235.445387264	8.285695E-5	0.0
235.447369728	7.205075E-5	0.0
235.449335808	-7.258315E-5	0.0
235.451301888	-2.9372777E-6	0.0
235.453284352	8.77064E-6	0.0
235.455250432	4.5882884E-5	0.0
235.457232896	8.3092134E-5	0.0
235.459198976	8.166165E-5	0.0
235.46118144	1.32766E-4	0.0
235.46314752	1.4778969E-4	0.0
235.4651136	-1.0032553E-6	0.0
235.467096064	6.9597154E-5	0.0
235.469062144	6.755299E-5	0.0
235.471044608	7.223565E-5	0.0
235.473010688	1.3286932E-4	0.0
235.474976768	7.084297E-5	0.0
235.476959232	1.8095305E-5	0.0
235.478925312	5.3695516E-5	0.0
235.480907776	2.3260609E-5	0.0
235.482873856	-2.1969465E-5	0.0
235.484839936	-4.6188423E-5	0.0
235.4868224	3.8213093E-5	0.0
235.48878848	-9.702939E-5	0.0
235.490770944	-5.3755157E-5	0.0
235.492737024	7.617092E-5	0.0
235.494703104	1.2699771E-4	0.0
235.496685568	4.56151E-5	0.0
235.498651648	2.3767525E-5	0.0
235.500634112	8.176989E-5	0.0
235.502600192	6.6848326E-5	0.0
235.504566272	1.2265448E-4	0.0
235.506548736	2.2661157E-5	0.0
235.508514816	-1.48662975E-5	0.0
235.51049728	7.655579E-5	0.0
235.51246336	1.8577643E-5	0.0
235.51442944	-1.2971167E-6	0.0
235.516411904	9.9341734E-5	0.0
235.518377984	1.3480484E-4	0.0
235.520360448	8.436036E-5	0.0
235.522326528	6.557748E-5	0.0
235.524292608	1.187578E-4	0.0
235.526275072	7.1841234E-5	0.0
235.528241152	7.57993E-6	0.0
235.530223616	5.0796687E-5	0.0
235.532189696	-3.173533E-5	0.0
235.534155776	-2.7128133E-5	0.0
235.53613824	8.95329E-5	0.0
235.53810432	1.1649492E-4	0.0
235.540086784	9.021966E-5	0.0
235.542052864	1.0866611E-4	0.0
235.544018944	-3.232896E-5	0.0
235.546001408	-1.977882E-5	0.0
235.547967488	3.5476547E-5	0.0
235.549949952	-1.2906373E-5	0.0
235.551916032	-1.373624E-4	0.0
235.553882112	-5.743663E-5	0.0
235.555864576	3.5238798E-5	0.0
235.557830656	5.4783708E-5	0.0
235.55981312	5.7421184E-5	0.0
235.5617792	2.7275046E-5	0.0
235.56374528	6.313986E-6	0.0
235.565727744	-2.7673845E-5	0.0
235.567693824	-2.2375492E-5	0.0
235.569676288	7.804262E-6	0.0
235.571642368	-1.9813497E-5	0.0
235.573608448	-3.076006E-5	0.0
235.575590912	1.9149737E-5	0.0
235.577556992	-2.2631242E-5	0.0
235.579539456	-5.643572E-5	0.0
235.581505536	-5.2814143E-5	0.0
235.583471616	-1.2301028E-5	0.0
235.58545408	4.378639E-5	0.0
235.58742016	5.940694E-5	0.0
235.589402624	2.6055624E-5	0.0
235.591368704	1.2183879E-5	0.0
235.593334784	-8.3812365E-6	0.0
235.595317248	-2.0089969E-5	0.0
235.597283328	5.467716E-5	0.0
235.599265792	9.214299E-5	0.0
235.601231872	8.568808E-5	0.0
235.603197952	5.562149E-5	0.0
235.605180416	1.6081586E-6	0.0
235.607146496	-1.4871071E-5	0.0
235.60912896	5.097946E-5	0.0
235.61109504	5.7825495E-5	0.0
235.61306112	3.229026E-5	0.0
235.615043584	1.4295057E-5	0.0
235.617009664	-7.939251E-6	0.0
235.618992128	-3.5015637E-5	0.0
235.620958208	9.63092E-6	0.0
235.622924288	6.6862965E-5	0.0
235.624906752	4.65028E-6	0.0
235.626872832	3.0570165E-5	0.0
235.628855296	7.671295E-5	0.0
235.630821376	7.722314E-5	0.0
235.632787456	3.4465742E-5	0.0
235.63476992	-6.903686E-5	0.0
235.636736	-4.790799E-6	0.0
235.638718464	6.37263E-5	0.0
235.640684544	5.661719E-5	0.0
235.642650624	-1.7448646E-6	0.0
235.644633088	-7.4339434E-5	0.0
235.646599168	1.9129218E-5	0.0
235.648581632	7.6415774E-5	0.0
235.650547712	-3.1192427E-5	0.0
235.652513792	-8.643407E-5	0.0
235.654496256	-2.9288089E-5	0.0
235.656462336	-5.4804364E-5	0.0
235.6584448	8.5715496E-5	0.0
235.66041088	-9.021515E-5	0.0
235.66237696	-9.517529E-5	0.0
235.664359424	7.239252E-5	0.0
235.666325504	1.5236723E-4	0.0
235.668307968	2.219602E-5	0.0
235.670274048	3.3722896E-5	0.0
235.672240128	8.6905E-5	0.0
235.674222592	-3.339723E-5	0.0
235.676188672	-3.3091903E-5	0.0
235.678171136	6.540437E-5	0.0
235.680137216	2.3173196E-5	0.0
235.682103296	-3.4085188E-5	0.0
235.68408576	5.234213E-5	0.0
235.68605184	6.591377E-5	0.0
235.688034304	1.0272875E-4	0.0
235.690000384	9.394236E-5	0.0
235.691966464	9.4629446E-5	0.0
235.693948928	5.388408E-5	0.0
235.695915008	-3.162916E-5	0.0
235.697897472	-7.09069E-5	0.0
235.699863552	8.205828E-5	0.0
235.701829632	8.464343E-5	0.0
235.703812096	1.3014532E-5	0.0
235.705778176	-6.167454E-5	0.0
235.70776064	2.5568543E-5	0.0
235.70972672	1.0182327E-4	0.0
235.7116928	-3.2232758E-5	0.0
235.713675264	-9.002312E-6	0.0
235.715641344	-1.2083354E-6	0.0
235.717623808	6.325837E-5	0.0
235.719589888	1.7801589E-5	0.0
235.721555968	-3.005627E-5	0.0
235.723538432	5.919058E-5	0.0
235.725504512	-2.9617602E-5	0.0
235.727486976	8.650558E-6	0.0
235.729453056	1.9587706E-5	0.0
235.731419136	3.2983198E-6	0.0
235.7334016	-5.5227893E-6	0.0
235.73536768	3.1413332E-5	0.0
235.737350144	6.722781E-5	0.0
235.739316224	7.4724725E-5	0.0
235.741282304	3.4588822E-5	0.0
235.743264768	7.165657E-5	0.0
235.745230848	9.205117E-5	0.0
235.747213312	-2.0851223E-5	0.0
235.749179392	-5.32843E-5	0.0
235.751145472	1.5031864E-5	0.0
235.753127936	3.1708794E-5	0.0
235.755094016	-1.2898893E-5	0.0
235.75707648	-2.0243127E-5	0.0
235.75904256	6.611267E-5	0.0
235.76100864	-1.1689847E-5	0.0
235.762991104	-1.5064403E-4	0.0
235.764957184	-1.747671E-4	0.0
235.766939648	-8.663673E-5	0.0
235.768905728	-4.7857135E-5	0.0
235.770888192	3.640726E-5	0.0
235.772854272	4.68904E-5	0.0
235.774820352	1.7387703E-5	0.0
235.776802816	2.7636952E-5	0.0
235.778768896	1.4684044E-5	0.0
235.78075136	1.0754838E-5	0.0
235.78271744	4.168582E-5	0.0
235.78468352	1.1598051E-4	0.0
235.786665984	1.6259277E-4	0.0
235.788632064	9.92195E-5	0.0
235.790614528	6.349993E-5	0.0
235.792580608	7.856294E-5	0.0
235.794546688	5.8974078E-5	0.0
235.796529152	5.6311863E-5	0.0
235.798495232	-1.645554E-5	0.0
235.800477696	-1.8902091E-6	0.0
235.802443776	5.3956985E-5	0.0
235.804409856	2.8892418E-5	0.0
235.80639232	9.788317E-5	0.0
235.8083584	2.0599685E-4	0.0
235.810340864	1.4663584E-4	0.0
235.812306944	5.6578367E-5	0.0
235.814273024	3.45899E-5	0.0
235.816255488	9.8571705E-5	0.0
235.818221568	6.5921515E-5	0.0
235.820204032	4.8786602E-5	0.0
235.822170112	4.6460536E-5	0.0
235.824136192	1.5211711E-5	0.0
235.826118656	1.0438761E-4	0.0
235.828084736	2.198123E-4	0.0
235.8300672	2.1906901E-4	0.0
235.83203328	1.2247448E-4	0.0
235.83399936	3.2076143E-5	0.0
235.835981824	6.5252476E-5	0.0
235.837947904	1.520681E-4	0.0
235.839930368	1.5645233E-4	0.0
235.841896448	1.0656065E-4	0.0
235.843862528	-2.2638358E-5	0.0
235.845844992	-1.9696718E-5	0.0
235.847811072	5.6116693E-5	0.0
235.849793536	7.79423E-5	0.0
235.851759616	-6.5007944E-6	0.0
235.853725696	-3.8899296E-5	0.0
235.85570816	-4.5782045E-7	0.0
235.85767424	1.6870903E-4	0.0
235.859656704	1.600846E-4	0.0
235.861622784	1.8824852E-4	0.0
235.863588864	1.4689748E-4	0.0
235.865571328	1.5412179E-5	0.0
235.867537408	-1.8757188E-5	0.0
235.869519872	1.9463865E-4	0.0
235.871485952	3.30916E-4	0.0
235.873452032	2.1999289E-4	0.0
235.875434496	2.5631872E-4	0.0
235.877400576	2.8990742E-4	0.0
235.87938304	3.0874627E-4	0.0
235.88134912	2.9651672E-4	0.0
235.8833152	1.446018E-4	0.0
235.885297664	1.0232959E-4	0.0
235.887263744	1.5800673E-4	0.0
235.889246208	2.3801869E-4	0.0
235.891212288	9.7662996E-5	0.0
235.893178368	5.5615146E-5	0.0
235.895160832	2.408023E-4	0.0
235.897126912	2.4737223E-4	0.0
235.899109376	1.0516844E-4	0.0
235.901075456	1.4525489E-4	0.0
235.903041536	1.6423437E-4	0.0
235.905024	1.780206E-4	0.0
235.90699008	8.272915E-5	0.0
235.908972544	3.9505012E-5	0.0
235.910938624	-1.5959771E-5	0.0
235.912904704	2.4537806E-4	0.0
235.914887168	2.2801122E-4	0.0
235.916853248	-1.2249859E-4	0.0
235.918835712	-5.8709094E-5	0.0
235.920801792	2.348851E-6	0.0
235.922767872	1.3679927E-4	0.0
235.924750336	1.2851099E-5	0.0
235.926716416	1.8456983E-4	0.0
235.92869888	5.7757217E-5	0.0
235.93066496	-5.717538E-5	0.0
235.93263104	-1.602194E-4	0.0
235.934613504	-4.2749834E-5	0.0
235.936579584	4.978338E-5	0.0
235.938562048	6.357976E-5	0.0
235.940528128	1.5288449E-4	0.0
235.942494208	1.3024543E-4	0.0
235.944476672	7.053616E-5	0.0
235.946442752	1.0225334E-4	0.0
235.948425216	9.0297806E-5	0.0
235.950391296	-1.1564002E-5	0.0
235.952357376	-1.1228535E-4	0.0
235.95433984	-7.1595496E-5	0.0
235.95630592	1.4142029E-5	0.0
235.958288384	2.78065E-6	0.0
235.960254464	1.1772115E-4	0.0
235.962220544	1.3489797E-4	0.0
235.964203008	2.1394639E-4	0.0
235.966169088	1.5814201E-4	0.0
235.968151552	1.1192326E-5	0.0
235.970117632	8.097576E-5	0.0
235.972083712	2.5249057E-4	0.0
235.974066176	1.4675499E-4	0.0
235.976032256	-1.2659928E-4	0.0
235.97801472	-7.035429E-5	0.0
235.9799808	2.6807711E-5	0.0
235.98194688	3.058446E-6	0.0
235.983929344	3.963729E-5	0.0
235.985895424	4.1268646E-5	0.0
235.987877888	-2.2301205E-5	0.0
235.989843968	4.256418E-6	0.0
235.991810048	1.17190475E-5	0.0
235.993792512	4.018418E-5	0.0
235.995758592	3.9611887E-6	0.0
235.997741056	-3.91473E-6	0.0
235.999707136	-6.063331E-5	0.0
236.001673216	-1.6104638E-4	0.0
236.00365568	-1.7587919E-4	0.0
236.00562176	-9.9557416E-5	0.0
236.007604224	-1.5873857E-5	0.0
236.009570304	2.8987268E-5	0.0
236.011536384	4.627436E-5	0.0
236.013518848	6.612204E-5	0.0
236.015484928	5.168933E-5	0.0
236.017467392	3.9894217E-5	0.0
236.019433472	4.1089197E-6	0.0
236.021399552	5.880165E-8	0.0
236.023382016	3.883641E-5	0.0
236.025348096	8.3603576E-5	0.0
236.02733056	1.3161596E-4	0.0
236.02929664	1.4923411E-4	0.0
236.03126272	1.1039249E-4	0.0
236.033245184	-2.778167E-6	0.0
236.035211264	-7.9310106E-5	0.0
236.037193728	2.5326297E-5	0.0
236.039159808	1.8053103E-4	0.0
236.041125888	1.3658669E-4	0.0
236.043108352	4.0192095E-5	0.0
236.045074432	-4.2486963E-6	0.0
236.047056896	2.2938459E-5	0.0
236.049022976	2.7329343E-6	0.0
236.050989056	-9.6322554E-5	0.0
236.05297152	-9.979488E-5	0.0
236.0549376	-1.0202996E-4	0.0
236.056920064	-4.534348E-5	0.0
236.058886144	-6.5494123E-6	0.0
236.060852224	-1.4868408E-5	0.0
236.062834688	3.6120324E-5	0.0
236.064800768	7.581248E-5	0.0
236.066783232	5.9139504E-5	0.0
236.068749312	1.38037985E-5	0.0
236.070715392	-6.847683E-5	0.0
236.072697856	-6.8625304E-5	0.0
236.074663936	6.202678E-5	0.0
236.0766464	7.337218E-5	0.0
236.07861248	8.0076454E-5	0.0
236.080594944	6.545099E-5	0.0
236.082561024	-1.7904703E-6	0.0
236.084527104	-3.812001E-5	0.0
236.086509568	-3.8686343E-5	0.0
236.088475648	-4.5178884E-5	0.0
236.090458112	5.4740634E-5	0.0
236.092424192	8.607761E-6	0.0
236.094390272	-4.2153424E-5	0.0
236.096372736	-1.5784915E-5	0.0
236.098338816	2.2034697E-5	0.0
236.10032128	2.045826E-5	0.0
236.10228736	1.6062155E-5	0.0
236.10425344	9.8215736E-5	0.0
236.106235904	1.525107E-4	0.0
236.108201984	8.960228E-5	0.0
236.110184448	1.2621481E-4	0.0
236.112150528	6.6525245E-5	0.0
236.114116608	-3.2955857E-5	0.0
236.116099072	8.421228E-5	0.0
236.118065152	4.4770215E-5	0.0
236.120047616	1.3690454E-5	0.0
236.122013696	8.835338E-5	0.0
236.123979776	2.8822598E-5	0.0
236.12596224	-7.396881E-5	0.0
236.12792832	2.713836E-5	0.0
236.129910784	8.645584E-5	0.0
236.131876864	-5.421779E-5	0.0
236.133842944	4.4504293E-5	0.0
236.135825408	1.1953083E-4	0.0
236.137791488	1.2934033E-4	0.0
236.139773952	1.240934E-4	0.0
236.141740032	-6.4137916E-5	0.0
236.143706112	2.5196246E-5	0.0
236.145688576	3.2976586E-5	0.0
236.147654656	3.869607E-5	0.0
236.14963712	5.1249892E-5	0.0
236.1516032	7.1577844E-5	0.0
236.15356928	1.2276691E-4	0.0
236.155551744	1.2147252E-4	0.0
236.157517824	7.137374E-5	0.0
236.159500288	4.262663E-5	0.0
236.161466368	9.887337E-5	0.0
236.163432448	8.8338624E-5	0.0
236.165414912	3.0806576E-5	0.0
236.167380992	4.1155286E-5	0.0
236.169363456	5.8910486E-5	0.0
236.171329536	-6.706432E-5	0.0
236.173295616	-1.388468E-4	0.0
236.17527808	4.5987745E-5	0.0
236.17724416	2.4531006E-5	0.0
236.179226624	-3.1604022E-6	0.0
236.181192704	-3.317735E-5	0.0
236.183158784	-5.440251E-6	0.0
236.185141248	9.7036565E-5	0.0
236.187107328	7.8625366E-5	0.0
236.189089792	6.5567874E-5	0.0
236.191055872	6.954899E-5	0.0
236.193021952	2.2005825E-4	0.0
236.195004416	1.4415398E-4	0.0
236.196970496	3.1832165E-5	0.0
236.19895296	8.558965E-5	0.0
236.20091904	8.8991015E-5	0.0
236.20288512	1.1792831E-4	0.0
236.204867584	7.780592E-5	0.0
236.206833664	1.1129136E-4	0.0
236.208816128	1.2096498E-4	0.0
236.210782208	9.004114E-5	0.0
236.212748288	1.7373628E-4	0.0
236.214730752	1.7198623E-4	0.0
236.216696832	1.419707E-4	0.0
236.218679296	1.1062645E-4	0.0
236.220645376	2.4464377E-4	0.0
236.222611456	1.0814465E-4	0.0
236.22459392	8.791749E-5	0.0
236.22656	6.358893E-5	0.0
236.228542464	1.6073295E-4	0.0
236.230508544	8.871098E-5	0.0
236.232474624	-2.1083762E-5	0.0
236.234457088	9.7939104E-5	0.0
236.236423168	1.5857306E-4	0.0
236.238405632	-1.948909E-5	0.0
236.240371712	-6.4885695E-5	0.0
236.242337792	1.8151451E-6	0.0
236.244320256	5.1819017E-5	0.0
236.246286336	2.2831866E-5	0.0
236.2482688	1.0509949E-4	0.0
236.25023488	1.4219695E-4	0.0
236.25220096	1.1601948E-5	0.0
236.254183424	2.2452992E-5	0.0
236.256149504	8.291198E-5	0.0
236.258131968	9.084944E-5	0.0
236.260098048	5.912149E-5	0.0
236.262064128	-2.0842346E-5	0.0
236.264046592	-8.894817E-6	0.0
236.266012672	-6.7342E-5	0.0
236.267995136	1.4148621E-5	0.0
236.269961216	6.996241E-5	0.0
236.271927296	5.045268E-5	0.0
236.27390976	-2.8863784E-5	0.0
236.27587584	2.6305408E-5	0.0
236.277858304	1.3296E-4	0.0
236.279824384	9.785459E-5	0.0
236.281790464	3.429269E-5	0.0
236.283772928	5.4205415E-5	0.0
236.285739008	3.8867172E-5	0.0
236.287721472	7.602305E-5	0.0
236.289687552	4.947223E-5	0.0
236.291653632	8.583951E-5	0.0
236.293636096	1.6738602E-4	0.0
236.295602176	1.08630426E-4	0.0
236.29758464	5.2151005E-5	0.0
236.29955072	3.1709027E-5	0.0
236.3015168	5.6437853E-5	0.0
236.303499264	4.1571297E-5	0.0
236.305465344	-6.5243103E-6	0.0
236.307447808	-9.5633404E-5	0.0
236.309413888	-1.04026956E-4	0.0
236.311379968	-1.5174944E-5	0.0
236.313362432	9.1051015E-6	0.0
236.315328512	3.229087E-5	0.0
236.317310976	3.1400585E-5	0.0
236.319277056	-2.6051103E-7	0.0
236.321243136	3.426481E-5	0.0
236.3232256	4.1153808E-6	0.0
236.32519168	2.224605E-5	0.0
236.327174144	8.905152E-5	0.0
236.329140224	1.19864504E-4	0.0
236.331106304	1.0292308E-4	0.0
236.333088768	1.00927864E-4	0.0
236.335054848	2.3812054E-5	0.0
236.337037312	-6.0346694E-5	0.0
236.339003392	-4.8815204E-5	0.0
236.340969472	-8.032391E-5	0.0
236.342951936	-2.9950419E-5	0.0
236.344918016	6.0114162E-5	0.0
236.34690048	2.5687024E-5	0.0
236.34886656	-1.4792199E-5	0.0
236.35083264	2.1643764E-6	0.0
236.352815104	2.8410372E-5	0.0
236.354781184	-7.155776E-6	0.0
236.356763648	-2.1423783E-5	0.0
236.358729728	-5.6742447E-5	0.0
236.360695808	4.0669665E-6	0.0
236.362678272	7.4795535E-5	0.0
236.364644352	5.0493745E-5	0.0
236.366626816	2.7494943E-6	0.0
236.368592896	-3.2943663E-5	0.0
236.370558976	1.4007065E-6	0.0
236.37254144	2.9117507E-5	0.0
236.37450752	-4.731771E-5	0.0
236.376489984	2.0121179E-5	0.0
236.378456064	5.5970795E-5	0.0
236.380422144	5.2561223E-5	0.0
236.382404608	4.570177E-5	0.0
236.384370688	6.9205125E-5	0.0
236.386353152	-8.701737E-5	0.0
236.388319232	-4.187033E-5	0.0
236.390301696	-1.3408399E-5	0.0
236.392267776	1.190551E-4	0.0
236.394233856	5.802151E-5	0.0
236.39621632	5.3024824E-6	0.0
236.3981824	-3.9849318E-5	0.0
236.400164864	-1.0306237E-5	0.0
236.402130944	1.0027518E-5	0.0
236.404097024	-2.4345385E-5	0.0
236.406079488	3.927704E-5	0.0
236.408045568	-9.229351E-6	0.0
236.410028032	-1.9925968E-5	0.0
236.411994112	-5.539523E-5	0.0
236.413960192	-2.3473143E-5	0.0
236.415942656	-1.19617085E-4	0.0
236.417908736	-3.213526E-7	0.0
236.4198912	-1.8714027E-5	0.0
236.42185728	-3.0527244E-5	0.0
236.42382336	-2.4895142E-5	0.0
236.425805824	1.605018E-4	0.0
236.427771904	8.391685E-5	0.0
236.429754368	1.538349E-4	0.0
236.431720448	-1.1863452E-5	0.0
236.433686528	3.403716E-5	0.0
236.435668992	1.03958855E-5	0.0
236.437635072	3.0384484E-5	0.0
236.439617536	1.8815292E-4	0.0
236.441583616	1.0626999E-4	0.0
236.443549696	9.641037E-5	0.0
236.44553216	6.0902526E-5	0.0
236.44749824	1.1589669E-4	0.0
236.449480704	1.376406E-4	0.0
236.451446784	1.5902123E-4	0.0
236.453412864	7.974228E-5	0.0
236.455395328	1.0988998E-6	0.0
236.457361408	2.6021238E-5	0.0
236.459343872	1.4151089E-4	0.0
236.461309952	8.820466E-6	0.0
236.463276032	-3.6340283E-5	0.0
236.465258496	-8.096697E-5	0.0
236.467224576	3.726358E-5	0.0
236.46920704	2.1073816E-4	0.0
236.47117312	7.3949835E-5	0.0
236.4731392	4.8170503E-5	1.9858870814459806E-7
236.475121664	-3.8931586E-5	4.845798002861557E-7
236.477087744	-4.998522E-5	1.1242665323152323E-6
236.479070208	-2.449041E-5	2.4799901439109817E-6
236.481036288	1.6482458E-5	5.200925443205051E-6
236.483002368	-7.058671E-6	1.0368544280936476E-5
236.484984832	-7.6468015E-5	1.964640432561282E-5
236.486950912	-5.6912675E-5	3.5373643186176196E-5
236.488933376	2.0090474E-5	6.050317460903898E-5
236.490899456	7.792289E-5	9.828107431530952E-5
236.492865536	1.9231849E-4	1.5155425353441387E-4
236.494848	3.3181327E-4	2.2182543762028217E-4
236.49681408	4.2600083E-4	3.081912291236222E-4
236.498796544	4.8075893E-4	4.065886023454368E-4
236.500762624	5.7444745E-4	5.09727920871228E-4
236.502728704	5.8400456E-4	6.078998558223248E-4
236.504711168	7.6861534E-4	6.905360496602952E-4
236.506677248	8.888174E-4	7.480765343643725E-4
236.508659712	8.1610604E-4	7.736728293821216E-4
236.510625792	7.844151E-4	7.643612916581333E-4
236.512591872	7.6831545E-4	7.215436198748648E-4
236.514574336	6.637729E-4	6.5073580481112E-4
236.516540416	5.5016665E-4	5.606014165095985E-4
236.51852288	4.8647771E-4	4.61399118648842E-4
236.52048896	4.2773955E-4	3.6312369047664106E-4
236.52245504	3.555234E-4	2.738225448410958E-4
236.524437504	2.1294676E-4	1.9853813864756376E-4
236.526403584	1.326864E-4	1.391301630064845E-4
236.528386048	9.080375E-5	9.486635826760903E-5
236.530352128	5.3899505E-5	6.341941480059177E-5
236.532318208	1.885781E-5	4.1871688154060394E-5
236.534300672	-1.4321576E-5	2.744731136772316E-5
236.536266752	-1.1653216E-4	1.7895099517772906E-5
236.538249216	-1.4150953E-4	1.1578414159885142E-5
236.540215296	-9.939878E-6	7.393776286335196E-6
236.542181376	9.646165E-5	4.6269378799479455E-6
236.54416384	6.720642E-5	2.8170748009870294E-6
236.54612992	3.8205526E-5	1.5454895674338331E-6
236.548112384	1.7442491E-5	8.964426001512038E-7
236.550078464	1.371445E-5	4.944005809193186E-7
236.552044544	1.126494E-5	2.592620376162813E-7
236.554027008	-2.014902E-5	1.292721947265818E-7
236.555993088	3.923915E-5	6.12888939599543E-8
236.557975552	7.9759106E-5	2.7629008414464806E-8
236.559941632	7.936574E-5	1.1842918645754708E-8
236.561907712	7.519033E-5	4.826834487658971E-9
236.563890176	5.70254E-5	0.0
236.565856256	7.323743E-5	0.0
236.56783872	1.05089974E-4	0.0
236.5698048	2.0961465E-5	0.0
236.57177088	-1.5806612E-5	0.0
236.573753344	9.385744E-5	0.0
236.575719424	1.4733456E-4	0.0
236.577701888	3.5238478E-5	0.0
236.579667968	-2.927751E-5	0.0
236.581634048	-6.977792E-5	0.0
236.583616512	-6.400264E-5	0.0
236.585582592	-2.811098E-6	0.0
236.587565056	-2.9361863E-6	0.0
236.589531136	2.3415325E-5	0.0
236.591497216	-5.1550624E-6	0.0
236.59347968	6.57262E-5	0.0
236.59544576	1.1968677E-4	0.0
236.597428224	3.6339738E-5	0.0
236.599394304	5.7793923E-6	0.0
236.601360384	4.8459184E-5	0.0
236.603342848	6.1917E-5	0.0
236.605308928	3.2829932E-5	0.0
236.607291392	-2.6254116E-5	0.0
236.609257472	-2.0416397E-5	0.0
236.611223552	2.9743647E-5	0.0
236.613206016	-8.3832856E-5	0.0
236.615172096	-2.2919967E-5	0.0
236.61715456	-4.289633E-5	0.0
236.61912064	-1.178074E-4	0.0
236.62108672	-7.052446E-5	0.0
236.623069184	3.1949745E-5	9.762560537751597E-9
236.625035264	-9.5083175E-5	2.301937840343271E-8
236.627017728	-9.7332755E-5	5.161239968742848E-8
236.628983808	9.047607E-6	1.1004042477225084E-7
236.630949888	-1.6045657E-5	2.230915754353191E-7
236.632932352	-3.0088895E-5	4.3007591443711135E-7
236.634898432	-5.0905644E-5	7.883805324127025E-7
236.636880896	1.5806958E-5	1.374196472170297E-6
236.638846976	4.8430313E-5	2.2776471269025933E-6
236.640813056	1.0194181E-5	3.5895625387638574E-6
236.64279552	1.4801754E-5	5.3791204663866665E-6
236.6447616	-9.626991E-7	7.664695658604614E-6
236.646744064	-5.4335313E-5	1.0384689630882349E-5
236.648710144	2.342928E-5	1.3378794392338023E-5
236.650676224	5.1759907E-5	1.638984031160362E-5
236.652658688	-2.3185787E-5	1.909328238980379E-5
236.654624768	9.040913E-6	2.1151874534552917E-5
236.656607232	2.9592627E-5	2.2283924408839084E-5
236.658573312	-1.04636856E-4	2.2326275939121842E-5
236.660539392	-6.4063715E-5	2.1272713638609275E-5
236.662521856	-4.8284466E-5	1.927546145452652E-5
236.664487936	-1.10406094E-4	1.660927227931097E-5
236.6664704	4.7281264E-5	1.3609599591291044E-5
236.66843648	5.333361E-5	1.0604134331515525E-5
236.67040256	8.358108E-6	7.856513548176736E-6
236.672385024	2.7728498E-5	5.53478412257391E-6
236.674351104	-1.3154643E-5	3.707544465214596E-6
236.676333568	-3.57437E-5	2.361487531743478E-6
236.678299648	1.7774886E-5	1.4302175941338646E-6
236.680265728	-5.583915E-5	8.236472694989061E-7
236.682248192	8.7256194E-5	4.510287965331372E-7
236.684214272	-1.8459223E-5	2.3485365829856164E-7
236.686196736	-1.0174897E-4	1.1628391405338334E-7
236.688162816	-1.06849766E-4	5.47487282176462E-8
236.690128896	-8.069421E-5	2.4511209062438866E-8
236.69211136	-5.9624905E-5	1.043488584429042E-8
236.69407744	9.80114E-5	0.0
236.696059904	1.17227115E-4	0.0
236.698025984	4.4322744E-5	0.0
236.700008448	3.03385E-5	0.0
236.701974528	-4.775632E-5	0.0
236.703940608	-9.947066E-6	0.0
236.705923072	9.522741E-5	0.0
236.707889152	1.1781469E-4	0.0
236.709871616	7.702602E-5	0.0
236.711837696	5.9578157E-5	0.0
236.713803776	1.1160932E-4	0.0
236.71578624	1.4588502E-4	0.0
236.71775232	1.944374E-4	0.0
236.719734784	1.5527886E-4	0.0
236.721700864	1.4704492E-4	0.0
236.723666944	2.1501357E-4	0.0
236.725649408	2.7890896E-4	0.0
236.727615488	2.5159298E-4	0.0
236.729597952	1.7470538E-4	0.0
236.731564032	7.393511E-5	0.0
236.733530112	4.8143756E-5	0.0
236.735512576	7.196778E-5	0.0
236.737478656	7.5281656E-5	0.0
236.73946112	4.7661244E-5	0.0
236.7414272	5.3369087E-5	0.0
236.74339328	-1.8654272E-6	0.0
236.745375744	7.292442E-6	0.0
236.747341824	9.305985E-5	0.0
236.749324288	1.13339745E-4	0.0
236.751290368	9.506615E-5	0.0
236.753256448	1.276776E-4	0.0
236.755238912	1.3723646E-4	0.0
236.757204992	5.356385E-5	0.0
236.759187456	-7.272599E-6	0.0
236.761153536	4.638088E-5	0.0
236.763119616	4.9810882E-5	0.0
236.76510208	1.8678376E-6	0.0
236.76706816	1.6418982E-5	0.0
236.769050624	-1.3100699E-5	0.0
236.771016704	-4.17304E-5	0.0
236.772982784	5.9899783E-5	0.0
236.774965248	1.4775549E-4	0.0
236.776931328	7.042111E-5	0.0
236.778913792	4.800787E-5	0.0
236.780879872	8.710046E-6	0.0
236.782845952	2.2980194E-5	0.0
236.784828416	3.4045745E-5	0.0
236.786794496	-8.204867E-6	0.0
236.78877696	3.4506837E-5	0.0
236.79074304	1.3540432E-4	0.0
236.79270912	2.032345E-5	0.0
236.794691584	-4.940276E-6	0.0
236.796657664	1.4904753E-5	0.0
236.798640128	5.6926332E-5	0.0
236.800606208	-1.32817395E-5	0.0
236.802572288	8.552114E-6	0.0
236.804554752	3.430215E-5	0.0
236.806520832	2.8427776E-5	0.0
236.808503296	-2.7527816E-5	0.0
236.810469376	-5.577388E-6	0.0
236.812435456	-8.7087115E-5	0.0
236.81441792	-1.3629984E-4	0.0
236.816384	-1.03166065E-4	0.0
236.818366464	1.5817202E-5	0.0
236.820332544	1.3565002E-5	0.0
236.822298624	2.1511803E-5	0.0
236.824281088	-2.6704585E-5	0.0
236.826247168	1.3805303E-4	0.0
236.828229632	-8.9418345E-6	0.0
236.830195712	-1.114849E-4	0.0
236.832161792	-6.7587345E-5	0.0
236.834144256	5.543782E-6	0.0
236.836110336	8.6121845E-6	0.0
236.8380928	1.7278811E-5	0.0
236.84005888	-7.164461E-5	0.0
236.84202496	-5.389552E-6	0.0
236.844007424	1.05723186E-4	0.0
236.845973504	3.841094E-5	0.0
236.847955968	-7.641868E-6	0.0
236.849922048	-1.750309E-5	0.0
236.851888128	2.1472586E-5	0.0
236.853870592	-1.761329E-5	0.0
236.855836672	-1.1966559E-4	0.0
236.857819136	-7.654412E-5	0.0
236.859785216	2.0762394E-5	0.0
236.861751296	3.780337E-5	2.1883590051174906E-8
236.86373376	1.02940015E-4	5.1840029158256584E-8
236.86569984	-3.069523E-5	1.167842782479056E-7
236.867682304	-6.157087E-5	2.5019579652507673E-7
236.869648384	3.130396E-5	5.097414828014735E-7
236.871614464	6.8013296E-6	9.876272315523238E-7
236.873596928	-5.4504406E-5	1.8196868722952786E-6
236.875563008	4.389803E-5	3.1882821076578693E-6
236.877545472	5.1703882E-5	5.312107077770634E-6
236.879511552	3.0294786E-5	8.416107448283583E-6
236.881477632	1.5177624E-4	1.2679020983341616E-5
236.883460096	6.907244E-5	1.8162982087233104E-5
236.885426176	7.6495315E-5	2.474129360052757E-5
236.88740864	1.03262864E-4	3.2048210414359346E-5
236.88937472	5.653209E-5	3.947832738049328E-5
236.8913408	-1.7373024E-5	4.625106157618575E-5
236.893323264	3.4059918E-5	5.153786696610041E-5
236.895289344	5.2976622E-5	5.462667468236759E-5
236.897271808	1.12889364E-4	5.507769310497679E-5
236.899237888	8.9925044E-5	5.28253149241209E-5
236.901203968	9.9679804E-5	4.81936294818297E-5
236.903186432	2.9333283E-5	4.1820687329163775E-5
236.905152512	1.1583135E-4	3.451525481068529E-5
236.907134976	7.887266E-5	2.7090363801107742E-5
236.909101056	3.1234285E-5	2.0219687939970754E-5
236.911067136	5.350087E-5	1.435057583876187E-5
236.9130496	2.3710656E-5	9.684849828772712E-6
236.91501568	8.576241E-6	6.215029770828551E-6
236.916998144	2.3306171E-5	3.7925346987321973E-6
236.918964224	-3.6391694E-7	2.200685685238568E-6
236.920930304	1.237822E-5	1.2143390222263406E-6
236.922912768	-4.160882E-5	6.372139864652127E-7
236.924878848	-1.1524695E-4	3.179777365858172E-7
236.926861312	-1.2903084E-5	1.5089790394995362E-7
236.928827392	1.9236917E-5	6.809937502794128E-8
236.930793472	1.3574373E-5	2.9226900011281032E-8
236.932775936	3.658709E-5	1.1928826815221782E-8
236.934742016	-3.7432646E-6	0.0
236.93672448	-7.581798E-6	0.0
236.93869056	7.85873E-6	0.0
236.94065664	2.300058E-5	0.0
236.942639104	-1.7755608E-5	0.0
236.944605184	1.4966569E-5	0.0
236.946587648	5.0190483E-5	0.0
236.948553728	5.9442824E-5	0.0
236.950519808	6.827671E-5	0.0
236.952502272	1.3292694E-4	0.0
236.954468352	1.0312436E-4	0.0
236.956450816	3.1174593E-5	0.0
236.958416896	4.4551587E-5	0.0
236.960382976	7.137447E-5	0.0
236.96236544	3.167742E-5	0.0
236.96433152	7.092109E-5	0.0
236.966313984	1.3801633E-4	0.0
236.968280064	1.089758E-4	0.0
236.970246144	1.0890199E-4	0.0
236.972228608	1.2279791E-4	0.0
236.974194688	6.297711E-5	0.0
236.976177152	-6.824455E-5	0.0
236.978143232	-5.176351E-5	0.0
236.980109312	7.261973E-5	0.0
236.982091776	1.0342026E-4	0.0
236.984057856	-7.2764406E-6	0.0
236.98604032	-2.1101618E-5	0.0
236.9880064	-4.246156E-5	0.0
236.98997248	-5.537806E-5	0.0
236.991954944	-3.347792E-5	0.0
236.993921024	-4.804986E-5	0.0
236.995903488	9.378881E-6	0.0
236.997869568	1.115285E-4	0.0
236.999852032	1.1695945E-4	0.0
237.001818112	1.8843976E-6	0.0
237.003784192	-2.355881E-5	0.0
237.005766656	-1.0097727E-4	0.0
237.007732736	-1.2274488E-4	0.0
237.0097152	-5.9806483E-5	0.0
237.01168128	-4.2736374E-5	0.0
237.01364736	-4.6497724E-5	0.0
237.015629824	-4.0077666E-5	0.0
237.017595904	5.7989262E-5	0.0
237.019578368	1.107594E-4	0.0
237.021544448	4.4602606E-5	0.0
237.023510528	1.0265622E-6	0.0
237.025492992	-2.768777E-5	0.0
237.027459072	1.7847752E-6	0.0
237.029441536	-6.649003E-5	0.0
237.031407616	-4.8968333E-5	0.0
237.033373696	2.497743E-5	0.0
237.03535616	4.0087438E-5	0.0
237.03732224	-4.3978534E-6	0.0
237.039304704	-6.466062E-5	0.0
237.041270784	2.1828497E-5	0.0
237.043236864	8.9576584E-5	0.0
237.045219328	6.53489E-5	0.0
237.047185408	-7.4210635E-5	1.619351941428704E-8
237.049167872	-7.3534056E-6	3.898865941209806E-8
237.051133952	1.1956348E-4	8.927764127975024E-8
237.053100032	6.748614E-5	1.9442779830569634E-7
237.055082496	9.55835E-5	5.157364171282097E-7
237.057048576	1.320104E-4	1.0586041980786831E-6
237.05903104	1.5868279E-4	2.0784630123671377E-6
237.06099712	7.64727E-5	3.905298399331514E-6
237.0629632	1.2538393E-4	7.024922524578869E-6
237.064945664	1.4562468E-4	1.210163190989988E-5
237.066911744	1.5807519E-4	1.9968732885899954E-5
237.068894208	1.3419968E-4	3.1565439712721854E-5
237.070860288	6.2600506E-5	4.779958544531837E-5
237.072826368	3.1030356E-4	6.933368422323838E-5
237.074808832	2.5136807E-4	9.631611465010792E-5
237.076774912	2.9320703E-4	1.2811664782930166E-4
237.078757376	2.2548129E-4	1.6314716776832938E-4
237.080723456	2.5429018E-4	1.98860521777533E-4
237.082689536	2.8021485E-4	2.319806517334655E-4
237.084672	2.8329747E-4	2.5895933504216373E-4
237.08663808	3.1318647E-4	2.7657326427288353E-4
237.088620544	3.0535393E-4	2.8253381606191397E-4
237.090586624	3.4230048E-4	2.759545750450343E-4
237.092552704	3.469093E-4	2.575571706984192E-4
237.094535168	3.0433372E-4	2.2955451277084649E-4
237.096501248	1.6265997E-4	1.952318853000179E-4
237.098483712	1.6874445E-4	1.5832278586458415E-4
237.100449792	1.980768E-4	1.2234059977345169E-4
237.102415872	1.849804E-4	9.003062586998567E-5
237.104398336	1.458835E-4	6.307050352916121E-5
237.106364416	6.9383066E-5	4.204950892017223E-5
237.10834688	3.3883694E-5	2.6676576453610323E-5
237.11031296	6.9005446E-6	1.610272920515854E-5
237.11227904	-3.866696E-5	9.24823234527139E-6
237.114261504	9.010639E-5	5.053585937275784E-6
237.116227584	1.5146041E-4	2.6273587536707055E-6
237.118210048	8.833164E-5	1.2995906217838638E-6
237.120176128	4.299398E-5	6.04995818775933E-7
237.122142208	1.2782222E-4	2.7132645641358977E-7
237.124124672	8.081438E-5	1.1572862490538682E-7
237.126090752	-6.505835E-5	0.0
237.128073216	-1.5454022E-4	0.0
237.130039296	-2.5193005E-5	0.0
237.132005376	1.13211514E-4	0.0
237.13398784	1.7919097E-4	0.0
237.13595392	1.0013793E-4	0.0
237.137936384	5.3183754E-5	0.0
237.139902464	-5.6661256E-6	0.0
237.141868544	2.780673E-5	0.0
237.143851008	8.527926E-5	0.0
237.145817088	6.736713E-5	0.0
237.147799552	-8.695289E-5	0.0
237.149765632	-8.809133E-5	0.0
237.151731712	-2.7642747E-5	0.0
237.153714176	-3.2860804E-5	0.0
237.155680256	-6.5148095E-5	0.0
237.15766272	-8.198304E-6	0.0
237.1596288	1.0378155E-4	0.0
237.16159488	1.4028983E-4	0.0
237.163577344	2.6721535E-5	0.0
237.165543424	2.8862762E-5	0.0
237.167525888	1.3415297E-4	0.0
237.169491968	9.7848155E-5	0.0
237.171458048	-7.54698E-5	0.0
237.173440512	-6.83188E-5	0.0
237.175406592	1.2366593E-5	0.0
237.177389056	6.184218E-5	0.0
237.179355136	1.4988557E-4	0.0
237.181321216	1.5248844E-4	0.0
237.18330368	1.4230653E-4	0.0
237.18526976	7.263743E-5	0.0
237.187252224	2.2847305E-5	0.0
237.189218304	3.8867434E-5	0.0
237.191184384	3.9837494E-5	0.0
237.193166848	6.9564616E-5	0.0
237.195132928	7.233667E-5	0.0
237.197115392	2.3654035E-5	0.0
237.199081472	-1.8223627E-5	0.0
237.201047552	4.942843E-5	0.0
237.203030016	5.0552453E-6	0.0
237.204996096	-3.9026954E-6	0.0
237.20697856	8.438705E-5	0.0
237.20894464	3.0735882E-5	0.0
237.21091072	9.32095E-6	0.0
237.212893184	1.0399989E-4	0.0
237.214859264	1.0198503E-5	0.0
237.216841728	-6.779874E-5	0.0
237.218807808	6.676401E-5	0.0
237.220773888	4.450162E-6	0.0
237.222756352	-5.3310814E-5	0.0
237.224722432	-3.663461E-5	0.0
237.226704896	-5.7017245E-5	0.0
237.228670976	-3.8535236E-5	0.0
237.230637056	4.4856397E-6	0.0
237.23261952	6.333861E-5	0.0
237.2345856	-4.1572235E-5	0.0
237.236568064	-1.934738E-6	0.0
237.238534144	1.2997532E-4	0.0
237.240500224	1.6855073E-4	0.0
237.242482688	4.214086E-5	0.0
237.244448768	2.6123305E-5	0.0
237.246431232	4.5531717E-5	0.0
237.248397312	2.8465305E-5	0.0
237.250363392	5.0780767E-5	0.0
237.252345856	1.3078674E-4	0.0
237.254311936	-6.0101567E-5	0.0
237.2562944	-2.4347131E-5	0.0
237.25826048	2.1404614E-5	0.0
237.26022656	3.0635974E-6	0.0
237.262209024	1.1913502E-4	0.0
237.264175104	1.338514E-4	0.0
237.266157568	-7.099661E-5	0.0
237.268123648	-5.0349136E-5	0.0
237.270089728	2.5256026E-5	0.0
237.272072192	1.0169909E-4	0.0
237.274038272	4.2216354E-5	0.0
237.276020736	4.9811E-5	0.0
237.277986816	1.141119E-4	0.0
237.279952896	1.0686362E-4	0.0
237.28193536	2.175961E-4	0.0
237.28390144	2.7665703E-4	0.0
237.285883904	8.848257E-5	0.0
237.287849984	-4.074685E-5	0.0
237.289816064	-1.3165794E-4	0.0
237.291798528	-1.1682499E-5	0.0
237.293764608	1.0175229E-4	0.0
237.295747072	4.1742398E-5	0.0
237.297713152	1.5717643E-4	0.0
237.299679232	1.467831E-4	0.0
237.301661696	8.645814E-6	0.0
237.303627776	9.897616E-5	0.0
237.30561024	5.9885784E-5	0.0
237.30757632	-1.738553E-4	0.0
237.309558784	4.0501964E-5	0.0
237.311524864	2.001735E-7	0.0
237.313490944	2.3764768E-4	0.0
237.315473408	4.275044E-5	0.0
237.317439488	-1.918791E-5	0.0
237.319421952	1.3491791E-4	0.0
237.321388032	1.6282217E-4	0.0
237.323354112	2.2082904E-4	0.0
237.325336576	-6.201505E-6	0.0
237.327302656	1.3136413E-4	0.0
237.32928512	4.6376724E-4	0.0
237.3312512	3.1921276E-4	0.0
237.33321728	2.7557413E-4	0.0
237.335199744	1.5898826E-4	0.0
237.337165824	2.073725E-4	0.0
237.339148288	1.4004862E-4	0.0
237.341114368	2.9370558E-4	0.0
237.343080448	2.3975901E-4	0.0
237.345062912	2.8365795E-4	0.0
237.347028992	2.894847E-4	0.0
237.349011456	3.8271982E-4	0.0
237.350977536	2.880205E-4	0.0
237.352943616	2.528322E-4	0.0
237.35492608	2.4453955E-4	0.0
237.35689216	1.6625805E-4	0.0
237.358874624	6.852686E-5	0.0
237.360840704	1.15175935E-4	0.0
237.362806784	1.4864959E-4	0.0
237.364789248	6.586054E-5	0.0
237.366755328	-5.4824184E-5	0.0
237.368737792	-6.4273714E-5	0.0
237.370703872	-3.6990376E-5	0.0
237.372669952	8.3543535E-5	0.0
237.374652416	3.064077E-5	0.0
237.376618496	-3.0481622E-5	0.0
237.37860096	3.6180109E-6	0.0
237.38056704	9.783526E-6	0.0
237.38253312	-1.3970744E-5	0.0
237.384515584	-8.1834645E-5	0.0
237.386481664	-6.738087E-5	0.0
237.388464128	4.4524637E-5	0.0
237.390430208	3.5276546E-5	0.0
237.392396288	2.4167848E-5	5.724385232497298E-8
237.394378752	8.485044E-6	1.3943231635948905E-7
237.396344832	3.293718E-5	3.230536549381213E-7
237.398327296	9.505014E-5	7.119504630281881E-7
237.400293376	1.549884E-4	1.492398382652027E-6
237.402259456	2.1524043E-4	2.975546522065997E-6
237.40424192	1.6424933E-4	5.642551514029037E-6
237.406208	7.716636E-5	1.0176098840020131E-5
237.408190464	4.201155E-5	1.7452179235988297E-5
237.410156544	5.5603883E-5	2.845980998245068E-5
237.412122624	1.3673207E-4	4.4125597923994064E-5
237.414105088	1.6094962E-4	6.504268094431609E-5
237.416071168	1.5963631E-4	9.114982822211459E-5
237.418053632	1.7382513E-4	1.2145192886237055E-4
237.420019712	1.7103672E-4	1.5389628242701292E-4
237.421985792	1.4545777E-4	1.8550583627074957E-4
237.423968256	2.4923956E-4	2.1278821805026382E-4
237.425934336	2.8067388E-4	2.323543740203604E-4
237.4279168	2.6962717E-4	2.4159417080227286E-4
237.42988288	2.1852695E-4	2.3922865511849523E-4
237.43184896	2.7998546E-4	2.2558783530257642E-4
237.433831424	3.2304352E-4	2.0253895490895957E-4
237.435797504	2.1367747E-4	1.7308321548625827E-4
237.437779968	1.3918843E-4	1.407337695127353E-4
237.439746048	1.2723502E-4	1.0884067160077393E-4
237.441712128	1.6182397E-5	8.004224218893796E-5
237.443694592	-3.630012E-5	5.5964959756238386E-5
237.445660672	5.2511776E-5	3.7201327359071E-5
237.447643136	1.5722867E-4	2.3510241589974612E-5
237.449609216	1.5102146E-4	1.4126953828963451E-5
237.451575296	4.0157054E-5	8.071849151747301E-6
237.45355776	5.4844157E-5	4.3860618461621925E-6
237.45552384	1.4123542E-4	2.2666595214104746E-6
237.457506304	1.3912452E-4	1.1141197546749027E-6
237.459472384	1.7989532E-4	5.208733000472421E-7
237.461438464	8.142978E-5	2.316309917205217E-7
237.463420928	1.2049041E-5	9.79781304977223E-8
237.465387008	-4.0834593E-6	0.0
237.467369472	6.630365E-5	0.0
237.469335552	5.6395478E-5	0.0
237.471301632	6.124005E-5	0.0
237.473284096	1.0857062E-4	0.0
237.475250176	1.4424292E-4	0.0
237.47723264	1.7318275E-4	0.0
237.47919872	1.2249869E-4	0.0
237.4811648	1.1653098E-4	0.0
237.483147264	6.108353E-5	0.0
237.485113344	-3.2485583E-5	0.0
237.487095808	-5.9402755E-5	0.0
237.489061888	9.820625E-7	0.0
237.491027968	2.0953675E-4	0.0
237.493010432	2.05966E-4	0.0
237.494976512	1.9235653E-4	0.0
237.496958976	5.094529E-5	0.0
237.498925056	3.7613612E-5	0.0
237.500891136	3.721911E-5	0.0
237.5028736	-1.556792E-4	0.0
237.50483968	-5.177921E-5	0.0
237.506822144	1.1674236E-4	0.0
237.508788224	2.5334337E-4	0.0
237.510754304	-4.9004184E-6	0.0
237.512736768	9.311261E-5	0.0
237.514702848	3.8510796E-5	0.0
237.516685312	8.2660235E-6	0.0
237.518651392	8.3777006E-5	0.0
237.520617472	1.6303236E-5	0.0
237.522599936	-9.383893E-6	0.0
237.524566016	-2.0126305E-5	0.0
237.52654848	2.426881E-5	0.0
237.52851456	7.014186E-5	0.0
237.53048064	1.1334522E-4	0.0
237.532463104	3.408806E-5	0.0
237.534429184	3.0767605E-5	0.0
237.536411648	9.8799006E-5	0.0
237.538377728	5.1308187E-5	0.0
237.540343808	-6.821955E-5	0.0
237.542326272	-2.6635944E-5	0.0
237.544292352	-6.865703E-5	0.0
237.546274816	-2.4403782E-5	0.0
237.548240896	1.1429523E-5	0.0
237.550206976	4.9810766E-5	0.0
237.55218944	3.6726702E-5	0.0
237.55415552	9.62567E-5	0.0
237.556137984	7.231819E-5	0.0
237.558104064	8.02881E-5	0.0
237.560070144	5.7233E-5	0.0
237.562052608	6.516607E-6	0.0
237.564018688	-9.235319E-5	0.0
237.566001152	-4.6928955E-5	0.0
237.567967232	-5.341743E-7	0.0
237.569933312	-3.197027E-5	0.0
237.571915776	-8.917722E-6	0.0
237.573881856	1.3643989E-5	0.0
237.57586432	2.7954518E-5	0.0
237.5778304	5.588843E-5	0.0
237.57979648	1.0944117E-4	0.0
237.581778944	1.1619253E-4	0.0
237.583745024	1.9641519E-5	0.0
237.585727488	4.670335E-5	0.0
237.587693568	1.1336047E-4	0.0
237.589659648	6.696227E-5	0.0
237.591642112	1.4255589E-4	0.0
237.593608192	1.1501962E-4	0.0
237.595590656	6.306352E-5	0.0
237.597556736	4.7362493E-5	0.0
237.599522816	5.5383945E-5	0.0
237.60150528	-1.0968087E-5	0.0
237.60347136	-6.0610433E-5	0.0
237.605453824	-2.0618203E-5	0.0
237.607419904	-1.3100917E-5	0.0
237.609385984	2.6123756E-5	0.0
237.611368448	8.4271334E-5	0.0
237.613334528	3.891886E-5	0.0
237.615316992	-1.951834E-5	0.0
237.617283072	1.4543414E-5	0.0
237.619265536	-2.7333592E-5	0.0
237.621231616	-6.141118E-5	0.0
237.623197696	-2.6192925E-5	0.0
237.62518016	1.5873931E-6	0.0
237.62714624	3.9270057E-5	0.0
237.629128704	4.763214E-5	0.0
237.631094784	2.0974663E-5	0.0
237.633060864	-8.517661E-6	0.0
237.635043328	8.133185E-7	0.0
237.637009408	1.507843E-5	0.0
237.638991872	2.7956337E-5	0.0
237.640957952	1.885557E-5	0.0
237.642924032	3.1047963E-5	0.0
237.644906496	4.7436562E-5	0.0
237.646872576	-1.4154054E-5	0.0
237.64885504	-1.8407035E-6	0.0
237.65082112	4.8342215E-5	0.0
237.6527872	2.1306563E-5	0.0
237.654769664	1.6780772E-5	0.0
237.656735744	6.7854826E-6	0.0
237.658718208	-3.8715127E-5	0.0
237.660684288	-2.7116099E-5	0.0
237.662650368	1.0932487E-4	0.0
237.664632832	9.050075E-5	0.0
237.666598912	9.590134E-5	0.0
237.668581376	2.3546932E-5	0.0
237.670547456	-2.3401708E-5	0.0
237.672513536	-7.741386E-5	0.0
237.674496	8.069072E-5	0.0
237.67646208	4.358467E-5	0.0
237.678444544	2.6844746E-5	0.0
237.680410624	1.0779212E-5	0.0
237.682376704	2.3401079E-5	0.0
237.684359168	-1.9828878E-5	0.0
237.686325248	4.0374407E-6	0.0
237.688307712	-2.7500342E-5	0.0
237.690273792	5.199399E-5	0.0
237.692239872	4.9255406E-5	0.0
237.694222336	-3.136115E-6	0.0
237.696188416	-2.0134454E-5	0.0
237.69817088	7.632215E-6	0.0
237.70013696	2.559104E-5	0.0
237.70210304	1.1018629E-4	0.0
237.704085504	5.1453677E-5	0.0
237.706051584	5.875379E-5	0.0
237.708034048	-2.4627852E-5	0.0
237.710000128	-6.287216E-6	0.0
237.711966208	3.3009823E-5	0.0
237.713948672	5.531791E-5	0.0
237.715914752	1.3575179E-4	0.0
237.717897216	1.84067E-4	0.0
237.719863296	8.7906694E-5	0.0
237.721829376	4.6233148E-5	0.0
237.72381184	5.2346553E-5	0.0
237.72577792	3.172809E-5	0.0
237.727760384	3.1632688E-5	0.0
237.729726464	5.6536346E-6	0.0
237.731692544	-3.6061265E-5	0.0
237.733675008	-6.597926E-5	0.0
237.735641088	-1.01166646E-4	0.0
237.737623552	-3.409456E-5	0.0
237.739589632	-7.70522E-5	0.0
237.741555712	-5.618569E-5	0.0
237.743538176	-2.8194716E-5	0.0
237.745504256	-1.2872566E-4	0.0
237.74748672	-1.00194535E-4	0.0
237.7494528	3.5672998E-5	0.0
237.75141888	5.9479116E-5	0.0
237.753401344	1.4986945E-4	0.0
237.755367424	3.956968E-5	0.0
237.757349888	-8.92479E-5	0.0
237.759315968	-7.570378E-5	0.0
237.761282048	-5.959653E-5	0.0
237.763264512	7.3478996E-6	0.0
237.765230592	1.2045796E-5	0.0
237.767213056	-3.149112E-5	0.0
237.769179136	-2.770711E-5	0.0
237.771145216	-9.0582966E-5	0.0
237.77312768	-5.689434E-5	0.0
237.77509376	-2.6776312E-5	0.0
237.777076224	-1.7449465E-5	0.0
237.779042304	3.2533544E-6	0.0
237.781008384	4.0297306E-5	0.0
237.782990848	1.0425921E-5	0.0
237.784956928	4.0494106E-5	0.0
237.786939392	6.0937014E-5	0.0
237.788905472	7.279156E-5	0.0
237.790871552	1.16106065E-4	0.0
237.792854016	6.392901E-5	0.0
237.794820096	4.2527445E-5	0.0
237.79680256	4.176961E-5	0.0
237.79876864	-2.1706537E-6	0.0
237.80073472	-6.0714974E-5	0.0
237.802717184	-9.239683E-5	0.0
237.804683264	-3.5270325E-5	0.0
237.806665728	2.0434205E-5	0.0
237.808631808	-1.1616447E-5	0.0
237.810597888	-9.353158E-5	0.0
237.812580352	-9.806033E-5	0.0
237.814546432	-4.201844E-5	0.0
237.816528896	-4.0739575E-5	0.0
237.818494976	-7.26172E-5	0.0
237.820461056	-1.041192E-4	0.0
237.82244352	-5.3256084E-5	0.0
237.8244096	5.039555E-5	0.0
237.826392064	2.6013366E-5	0.0
237.828358144	8.538479E-6	0.0
237.830324224	5.436336E-5	0.0
237.832306688	9.0982096E-5	0.0
237.834272768	1.0802041E-4	0.0
237.836255232	1.8630903E-5	0.0
237.838221312	-2.4259529E-5	0.0
237.840187392	3.6688024E-7	0.0
237.842169856	4.4194483E-5	0.0
237.844135936	9.196368E-5	0.0
237.8461184	7.6516124E-5	0.0
237.84808448	4.8628835E-6	0.0
237.85005056	2.0924022E-5	0.0
237.852033024	1.0830487E-4	0.0
237.853999104	9.0997084E-5	0.0
237.855981568	-1.1007319E-5	0.0
237.857947648	-1.2822146E-5	0.0
237.859913728	5.8587875E-6	0.0
237.861896192	-3.6181886E-5	0.0
237.863862272	-2.9787074E-5	0.0
237.865844736	-2.8649682E-5	0.0
237.867810816	2.2273232E-5	0.0
237.869776896	3.006018E-5	0.0
237.87175936	6.953842E-5	0.0
237.87372544	2.7375192E-5	0.0
237.875707904	-1.3599519E-6	0.0
237.877673984	1.9581332E-5	0.0
237.879640064	7.051896E-5	0.0
237.881622528	7.628495E-5	0.0
237.883588608	5.394319E-5	0.0
237.885571072	4.5706136E-5	0.0
237.887537152	3.007191E-5	0.0
237.889503232	5.3489082E-5	0.0
237.891485696	-7.4555455E-6	0.0
237.893451776	-1.7126966E-5	0.0
237.89543424	-8.0563565E-5	0.0
237.89740032	9.04247E-6	0.0
237.8993664	-3.7018417E-5	0.0
237.901348864	-9.3055305E-6	0.0
237.903314944	1.00910285E-4	0.0
237.905297408	2.4963726E-4	0.0
237.907263488	1.2853654E-4	0.0
237.909229568	-8.5020465E-6	0.0
237.911212032	2.1956202E-8	0.0
237.913178112	-2.2137074E-5	0.0
237.915160576	-6.733273E-5	0.0
237.917126656	3.7316608E-5	0.0
237.919092736	4.901446E-6	0.0
237.9210752	6.286419E-5	0.0
237.92304128	7.467883E-5	0.0
237.925023744	6.524776E-5	0.0
237.926989824	-1.963784E-5	0.0
237.928972288	-9.1831986E-5	1.763622492489958E-8
237.930938368	3.9963514E-5	4.2790357923649935E-8
237.932904448	1.4598269E-4	9.87787842632315E-8
237.934886912	5.5715933E-5	2.1694492602364335E-7
237.936852992	7.419055E-5	4.5332021159083524E-7
237.938835456	-4.3303273E-5	9.012186978907266E-7
237.940801536	4.1372523E-6	1.7045550748662208E-6
237.942767616	-3.4142668E-5	3.0672035791212693E-6
237.94475008	-2.8785378E-5	5.250699359748978E-6
237.94671616	-1.4760823E-4	8.550978236598894E-6
237.948698624	-1.3383811E-4	1.3247367860458326E-5
237.950664704	-6.5941465E-5	1.9523275113897398E-5
237.952630784	8.6419925E-5	2.737037357292138E-5
237.954613248	1.9384324E-4	3.650297730928287E-5
237.956579328	9.245044E-5	4.631503907148726E-5
237.958561792	1.6955112E-4	5.5911084928084165E-5
237.960527872	1.4256404E-4	6.422484875656664E-5
237.962493952	8.7225635E-5	7.020743214525282E-5
237.964476416	1.05394254E-4	7.30421525076963E-5
237.966442496	1.2367746E-4	7.232552161440253E-5
237.96842496	9.328089E-5	6.816050881752744E-5
237.97039104	1.3260986E-4	6.115069118095562E-5
237.97235712	2.2377324E-4	5.221978426561691E-5
237.974339584	8.919113E-5	4.24732243118342E-5
237.976305664	8.8682806E-5	3.296059730928391E-5
237.978288128	1.4979197E-4	2.4528149879188277E-5
237.980254208	7.69358E-5	1.7748036043485627E-5
237.982220288	-2.1209884E-5	1.293206605623709E-5
237.984202752	7.0860784E-5	1.0204850696027279E-5
237.986168832	6.668133E-5	9.593935828888789E-6
237.988151296	7.19158E-5	1.1096574780822266E-5
237.990117376	7.568E-5	1.4696606740471907E-5
237.992083456	-2.7424236E-5	2.0324363504187204E-5
237.99406592	-4.7238163E-6	2.7776581191574223E-5
237.996032	7.9055404E-5	3.663037205114961E-5
237.998014464	1.14014285E-4	4.619308310793713E-5
237.999980544	3.104735E-5	5.552567745326087E-5
238.001946624	7.9907855E-5	6.353975913953036E-5
238.003929088	9.835002E-5	6.923316686879843E-5
238.005895168	1.8007541E-4	7.179594103945419E-5
238.007877632	1.8755478E-4	7.086282130330801E-5
238.009843712	1.4723279E-4	6.656772893620655E-5
238.011809792	1.2046701E-4	5.9512767620617524E-5
238.013792256	1.1817523E-4	5.064647848485038E-5
238.015758336	9.548542E-5	4.1023900848813355E-5
238.0177408	1.1810541E-4	3.165452289977111E-5
238.01970688	1.2065109E-4	2.3323338609770872E-5
238.02167296	2.2395963E-5	1.6530164430150762E-5
238.023655424	2.4413062E-5	1.1507237104524393E-5
238.025621504	7.4757554E-5	8.298599823319819E-6
238.027603968	8.330657E-5	6.862646841909736E-6
238.029570048	5.58476E-5	7.160171207942767E-6
238.031536128	2.173909E-5	9.200373824569397E-6
238.033518592	-2.4727315E-5	1.3030820809944998E-5
238.035484672	3.1227824E-5	1.8675053070182912E-5
238.037467136	1.104956E-4	2.6035597329610027E-5
238.039433216	9.1950555E-5	3.4795113606378436E-5
238.041399296	1.3118316E-4	4.4353950215736404E-5
238.04338176	1.8470787E-4	5.3829171520192176E-5
238.04534784	1.5264528E-4	6.22033912804909E-5
238.047330304	NaN	6.840594869572669E-5
238.049296384	NaN	7.159676897572353E-5
238.051262464	NaN	7.132345490390435E-5
238.053244928	NaN	6.762526754755527E-5
238.055211008	NaN	6.1023954913252965E-5
238.057193472	NaN	5.24045062775258E-5
238.059159552	NaN	4.282203735783696E-5
238.061125632	NaN	3.329307583044283E-5
238.063108096	NaN	2.462591146468185E-5
238.065074176	NaN	1.7328567992080934E-5
238.06705664	NaN	1.1599918252613861E-5
238.06902272	NaN	7.387092864519218E-6
238.0709888	NaN	4.47533602709882E-6
238.072971264	NaN	2.579441115813097E-6
238.074937344	NaN	1.4144416127237491E-6
238.076919808	NaN	7.379242106253514E-7
238.078885888	NaN	3.6628387078962987E-7
238.080851968	NaN	1.7298324905823392E-7
