220.033335296	1.8924894E-4	9.786793242483327E-8
220.0313856	-7.45476E-5	4.475995751818118E-8
220.029435904	1.2156341E-4	1.9597568012841293E-8
220.027469824	2.061883E-4	0.0
220.025520128	1.9993784E-4	0.0
220.023570432	1.43497855E-5	0.0
220.021604352	4.0390554E-5	0.0
220.019654656	2.1134174E-4	0.0
220.01770496	9.317123E-5	0.0
220.01573888	6.9224884E-6	0.0
220.013789184	-4.291491E-5	0.0
220.011839488	1.09539076E-4	0.0
220.009889792	-1.2235239E-5	0.0
220.007923712	2.5112735E-4	0.0
220.005974016	6.541432E-5	0.0
220.00402432	1.6097151E-6	0.0
220.00205824	-1.4032479E-4	0.0
220.000108544	-2.84095E-4	0.0
219.998158848	-1.420478E-4	0.0
219.996192768	1.668823E-4	0.0
219.994243072	1.7812394E-4	2.905372866734979E-7
219.992293376	1.1242615E-4	5.445568262985034E-7
219.99034368	1.4367022E-4	9.949259265340515E-7
219.9883776	3.1911502E-5	1.7719088418743922E-6
219.986427904	1.15233386E-4	3.076005896218703E-6
219.984478208	8.604801E-5	5.2049654186703265E-6
219.982512128	1.0976574E-4	8.584544957557227E-6
219.980562432	-3.5636174E-5	1.3799511179968249E-5
219.978612736	-4.446069E-5	2.16186872421531E-5
219.976646656	1.9055467E-5	3.300471871625632E-5
219.97469696	1.8962528E-4	4.909773633698933E-5
219.972747264	2.8483814E-4	7.116029155440629E-5
219.970797568	4.09538E-5	1.004741425276734E-4
219.968831488	1.6173339E-4	1.3818606385029852E-4
219.966881792	1.3031656E-4	1.8511073722038418E-4
219.964932096	2.2957221E-4	2.4151187972165644E-4
219.962966016	2.0018601E-4	3.068990772590041E-4
219.96101632	2.1750378E-4	3.7987896939739585E-4
219.959066624	3.113284E-4	4.5811067684553564E-4
219.957100544	5.39117E-4	5.383833777159452E-4
219.955150848	7.05922E-4	6.168250693008304E-4
219.953201152	7.2911277E-4	6.89217820763588E-4
219.951251456	8.607879E-4	7.513748132623732E-4
219.949285376	8.820862E-4	7.995252963155508E-4
219.94733568	8.8156154E-4	8.306599920615554E-4
219.945385984	8.900418E-4	8.42798559460789E-4
219.943419904	8.843355E-4	8.351635187864304E-4
219.941470208	7.390975E-4	8.082441636361182E-4
219.939520512	7.0088677E-4	7.637568633072078E-4
219.937554432	7.0842274E-4	7.044959929771721E-4
219.935604736	6.6082616E-4	6.340859108604491E-4
219.93365504	3.8667384E-4	5.566514446400106E-4
219.931705344	2.5544036E-4	4.764380573760718E-4
219.929739264	3.7415104E-4	3.974276187364012E-4
219.927789568	3.9289636E-4	3.2300513703376055E-4
219.925839872	3.8208277E-4	2.557228144723922E-4
219.923873792	2.1641955E-4	1.9719045667443424E-4
219.921924096	2.1316422E-4	1.4809536514803767E-4
219.9199744	2.51597E-4	1.0832987754838541E-4
219.91800832	1.4814117E-4	7.718611595919356E-5
219.916058624	6.183592E-5	5.35746366949752E-5
219.914108928	1.2572968E-4	3.622914300649427E-5
219.912159232	9.915183E-5	2.387180575169623E-5
219.910193152	1.8032323E-4	1.532791975478176E-5
219.908243456	2.1212344E-4	9.59165845415555E-6
219.90629376	9.936717E-5	5.8498576436250005E-6
219.90432768	9.1011054E-5	3.4774557207128964E-6
219.902377984	1.6050748E-4	2.0149250303802546E-6
219.900428288	8.717162E-5	1.1380190017007408E-6
219.898462208	1.3855245E-4	6.265298111429729E-7
219.896512512	2.4174948E-5	3.362333984568977E-7
219.894562816	6.227824E-5	0.0
219.892596736	-1.1918318E-4	0.0
219.89064704	8.976209E-5	0.0
219.888697344	-4.0156043E-5	0.0
219.886747648	-4.727957E-5	0.0
219.884781568	-8.718187E-6	0.0
219.882831872	3.006076E-5	0.0
219.880882176	6.665083E-5	0.0
219.878916096	-5.8256574E-5	0.0
219.8769664	-6.0666385E-5	0.0
219.875016704	6.437444E-7	0.0
219.873050624	-2.1013464E-5	0.0
219.871100928	7.423051E-5	0.0
219.869151232	2.1532486E-4	0.0
219.867201536	9.825631E-5	0.0
219.865235456	1.4715688E-4	0.0
219.86328576	8.851319E-5	0.0
219.861336064	8.1057835E-5	0.0
219.859369984	-1.5074493E-5	0.0
219.857420288	-4.7485522E-5	0.0
219.855470592	1.5820182E-4	0.0
219.853504512	1.8233809E-4	0.0
219.851554816	1.2423928E-4	0.0
219.84960512	4.4774988E-5	0.0
219.847655424	1.8232319E-4	0.0
219.845689344	1.2535424E-4	0.0
219.843739648	1.4954896E-4	6.817288777938302E-8
219.841789952	-4.2034985E-6	1.2811278793378733E-7
219.839823872	-9.506784E-6	2.347136813796169E-7
219.837874176	1.5655157E-4	4.1922632476598665E-7
219.83592448	2.1305194E-5	7.299864250853716E-7
219.8339584	-1.8730333E-4	1.2391752761686803E-6
219.832008704	-1.902298E-4	2.0506518012552988E-6
219.830059008	-3.9261216E-5	3.3081084893638035E-6
219.828109312	-9.3455455E-5	5.2020977818756364E-6
219.826143232	-6.3985295E-5	7.973814717843197E-6
219.824193536	-1.2667906E-4	1.1912838999705855E-5
219.82224384	-7.737228E-6	1.734584839141462E-5
219.82027776	-2.229102E-5	2.4613622372271493E-5
219.818328064	5.75541E-5	3.403473237995058E-5
219.816378368	1.0501061E-4	4.5857657823944464E-5
219.814412288	3.3297806E-6	6.0204587498446926E-5
219.812462592	7.345347E-5	7.701542199356481E-5
219.810512896	1.4365074E-4	9.600172052159905E-5
219.8085632	2.562878E-4	1.1662212637020275E-4
219.80659712	1.9692475E-4	1.3808795483782887E-4
219.804647424	3.1518337E-4	1.5940361481625587E-4
219.802697728	2.9029453E-4	1.7943992861546576E-4
219.800731648	2.0607526E-4	1.970314042409882E-4
219.798781952	2.0292608E-4	2.1108658984303474E-4
219.796832256	2.5217267E-4	2.206942008342594E-4
219.794866176	2.4109235E-4	2.2521379287354648E-4
219.79291648	1.7555899E-4	2.2433965932577848E-4
219.790966784	1.976492E-4	2.18131099245511E-4
219.789017088	1.669775E-4	2.0700671302620322E-4
219.787051008	1.73206E-4	1.9170247833244503E-4
219.785101312	2.1102684E-4	1.731987576931715E-4
219.783151616	1.7805176E-4	1.5263316163327545E-4
219.781185536	1.10068475E-4	1.311598316533491E-4
219.77923584	6.1849365E-5	1.0989581642206758E-4
219.777286144	-1.1767941E-4	8.980999700725079E-5
219.775320064	-7.3984964E-5	7.160310633480549E-5
219.773370368	9.930183E-5	5.580145079875365E-5
219.771420672	3.797965E-5	4.270134013495408E-5
219.769454592	1.1183531E-4	3.243841274525039E-5
219.767504896	3.934145E-5	2.5062301574507728E-5
219.7655552	-2.6736718E-5	2.061960185528733E-5
219.763605504	6.8983177E-6	1.922895353345666E-5
219.761639424	4.20057E-5	2.1129775632289238E-5
219.759689728	9.800363E-5	2.66870301857125E-5
219.757740032	7.66888E-5	3.6337540223030373E-5
219.755773952	1.6137255E-5	5.047246304457076E-5
219.753824256	-3.4628585E-5	6.926721835043281E-5
219.75187456	5.0184488E-5	9.248995775124058E-5
219.74990848	7.2595285E-5	1.1933882342418656E-4
219.747958784	2.4734976E-4	1.4836722402833402E-4
219.746009088	2.649658E-4	1.7754267901182175E-4
219.744059392	6.4660795E-5	2.0445779955480248E-4
219.742093312	7.11256E-5	2.2669139434583485E-4
219.740143616	2.2840619E-4	2.4217218742705882E-4
219.73819392	3.8630242E-4	2.4951330851763487E-4
219.73622784	3.204249E-4	2.483166172169149E-4
219.734278144	2.5824917E-4	2.3921026149764657E-4
219.732328448	4.3080505E-5	2.237351582152769E-4
219.730362368	2.1107259E-4	2.040842518908903E-4
219.728412672	1.960115E-4	1.8276862101629376E-4
219.726462976	2.6199542E-4	1.6227923333644867E-4
219.72451328	1.0108654E-4	1.4480853860732168E-4
219.7225472	1.748924E-4	1.3204748393036425E-4
219.720597504	1.12218695E-4	1.250582718057558E-4
219.718647808	1.0230066E-4	1.2419601262081414E-4
219.716681728	2.3537473E-4	1.2907138443551958E-4
219.714732032	3.0578126E-4	1.3856100849807262E-4
219.712782336	3.170051E-4	1.5089288353919983E-4
219.710816256	2.5286927E-4	1.6386856441386044E-4
219.70886656	2.341324E-4	1.7505529103800654E-4
219.706916864	2.6756543E-4	1.8227635882794857E-4
219.704967168	2.5567418E-4	1.839126052800566E-4
219.703001088	1.232406E-4	1.7921334074344486E-4
219.701051392	1.6625828E-4	1.6844445781316608E-4
219.699101696	1.4824627E-4	1.5283501124940813E-4
219.697135616	4.923611E-5	1.3445160584524274E-4
219.69518592	1.0463581E-4	1.1571782670216635E-4
219.693236224	-8.910861E-5	9.915094415191561E-5
219.691270144	4.3992357E-5	8.695780707057565E-5
219.689320448	1.5962578E-4	8.074216748354957E-5
219.687370752	1.3198573E-4	8.131023059831932E-5
219.685421056	2.033445E-4	8.85741610545665E-5
219.683454976	2.0792868E-4	1.0155329800909385E-4
219.68150528	1.9473038E-4	1.1846790584968403E-4
219.679555584	1.2968041E-4	1.3697013491764665E-4
219.677589504	2.3461849E-4	1.5439148410223424E-4
219.675639808	2.4927472E-4	1.681768917478621E-4
219.673690112	3.0537118E-4	1.7621886217966676E-4
219.671724032	2.5539182E-4	1.7721540643833578E-4
219.669774336	1.2530279E-4	1.7085242143366486E-4
219.66782464	2.9669655E-4	1.5781460388097912E-4
219.665874944	2.452716E-4	1.395782019244507E-4
219.663908864	1.788513E-4	1.1824189277831465E-4
219.661959168	1.6337118E-4	9.588336251908913E-5
219.660009472	1.575154E-4	7.441857451340184E-5
219.658043392	8.369092E-5	5.5277341743931174E-5
219.656093696	-2.2256241E-5	3.929332160623744E-5
219.654144	5.686373E-5	2.672941809578333E-5
219.65217792	-4.6052377E-5	1.740061452437658E-5
219.650228224	-3.5209818E-5	1.084068753698375E-5
219.648278528	1.09288405E-4	6.463717454607831E-6
219.646328832	-1.0178263E-4	3.6885573990730336E-6
219.644362752	-6.496148E-5	2.014618530665757E-6
219.642413056	-2.817986E-5	1.053178039001068E-6
219.64046336	-2.6444806E-5	5.269754410619498E-7
219.63849728	-2.8825965E-5	2.523854334413045E-7
219.636547584	3.67281E-5	1.1569805735689442E-7
219.634597888	3.285592E-5	5.076655540392494E-8
219.632631808	6.8968625E-6	0.0
219.630682112	3.6001144E-5	0.0
219.628732416	-4.2049116E-5	0.0
219.626766336	-2.9619307E-5	0.0
219.62481664	-7.152029E-5	0.0
219.622866944	1.0663687E-4	0.0
219.620917248	1.4055846E-4	0.0
219.618951168	-2.2997952E-5	0.0
219.617001472	7.538535E-5	0.0
219.615051776	1.6619416E-4	0.0
219.613085696	1.4938187E-4	0.0
219.611136	1.3523203E-4	0.0
219.609186304	4.9816383E-5	0.0
219.607220224	-2.412072E-5	0.0
219.605270528	9.969529E-5	0.0
219.603320832	3.376856E-5	0.0
219.601371136	1.100027E-4	0.0
219.599405056	-7.787724E-5	0.0
219.59745536	1.07582135E-4	0.0
219.595505664	9.7625976E-5	0.0
219.593539584	8.050175E-5	0.0
219.591589888	2.7913335E-5	0.0
219.589640192	-4.7581914E-5	0.0
219.587674112	8.0717815E-5	4.131330797463306E-7
219.585724416	1.12514885E-4	1.1023253136954736E-6
219.58377472	1.4597003E-4	2.7606315597950015E-6
219.581825024	1.27991625E-5	6.488675353466533E-6
219.579858944	-1.3755196E-4	1.4311887753137853E-5
219.577909248	-1.0725783E-4	2.9616157917189412E-5
219.575959552	-2.349577E-4	5.747861723648384E-5
219.573993472	9.945946E-5	1.0457622556714341E-4
219.572043776	2.15624E-4	1.782727922545746E-4
219.57009408	1.6085737E-4	2.846175048034638E-4
219.568128	4.1822158E-4	4.2547317571006715E-4
219.566178304	6.561284E-4	5.956931854598224E-4
219.564228608	9.203714E-4	7.817671285010874E-4
219.562278912	0.0010171136	9.63076890911907E-4
219.560312832	9.625786E-4	0.0011157338740304112
219.558363136	0.0012554567	0.001217746757902205
219.55641344	0.0013494893	0.0012537919683381915
219.55444736	0.0011455464	0.0012183832004666328
219.552497664	0.0010865942	0.001116916653700173
219.550547968	8.1406394E-4	9.646523976698518E-4
219.548581888	8.514259E-4	7.835604483261704E-4
219.546632192	7.173379E-4	5.975694512017071E-4
219.544682496	5.325423E-4	4.273951635695994E-4
219.5427328	1.3783248E-4	2.867020957637578E-4
219.54076672	7.293903E-5	1.808207161957398E-4
219.538817024	2.4825355E-4	1.0809393279487267E-4
219.536867328	1.01541285E-4	6.268050492508337E-5
219.534901248	-3.9839102E-7	3.74143710359931E-5
219.532951552	2.6165845E-4	2.578233034000732E-5
219.531001856	2.1465289E-4	2.2794094547862187E-5
219.529035776	1.5148128E-4	2.5045377697097138E-5
219.52708608	7.509763E-5	3.0280460123321973E-5
219.525136384	-7.9431426E-5	3.70120833395049E-5
219.523186688	4.9643593E-5	4.398173769004643E-5
219.521220608	2.9586368E-5	5.0669608754105866E-5
219.519270912	4.0748095E-5	5.601685552392155E-5
219.517321216	1.544019E-5	5.953316212981008E-5
219.515355136	-1.230643E-4	6.100011523813009E-5
219.51340544	-1.1994466E-4	6.05425302637741E-5
219.511455744	-4.073288E-6	5.862462421646342E-5
219.509489664	2.3552228E-4	5.596490518655628E-5
219.507539968	1.0694255E-4	5.338454502634704E-5
219.505590272	4.2391675E-5	5.162413071957417E-5
219.503624192	-9.05585E-6	5.1173283281968907E-5
219.501674496	-1.2057619E-5	5.215619603404775E-5
219.4997248	1.9946406E-4	5.430227975011803E-5
219.497775104	8.250903E-6	5.7009663578355685E-5
219.495809024	7.248027E-5	5.948547914158553E-5
219.493859328	1.4061661E-4	6.092629337217659E-5
219.491909632	1.5471122E-4	6.069473965908401E-5
219.489943552	2.3130411E-5	5.844888073625043E-5
219.487993856	-1.5629664E-4	5.419760418590158E-5
219.48604416	4.974048E-5	4.827379962080158E-5
219.48407808	6.385034E-5	4.1241080907639116E-5
219.482128384	2.4256556E-6	3.376346649019979E-5
219.480178688	-1.189295E-4	2.6474473997950554E-5
219.478228992	-1.1449758E-4	1.9876082660630345E-5
219.476262912	-1.0264301E-4	1.4277930858952459E-5
219.474313216	5.5238746E-7	9.823869731917512E-6
219.47236352	-5.282142E-5	6.484135155915283E-6
219.47039744	1.0703018E-4	4.111690032004844E-6
219.468447744	1.6304592E-4	2.535524572522263E-6
219.466498048	1.18683325E-4	1.5803553878868115E-6
219.464531968	9.2622475E-5	1.1076841701651574E-6
219.462582272	8.769985E-5	1.0369103620178066E-6
219.460632576	9.364881E-6	1.3553565167967463E-6
219.45868288	-5.005833E-6	2.1198520698817447E-6
219.4567168	-8.5503765E-5	3.4501581467338838E-6
219.454767104	-6.1309634E-5	5.51249968339107E-6
219.452817408	4.7483652E-5	8.48119452712126E-6
219.450851328	9.194529E-5	1.2535325367935002E-5
219.448901632	1.5780442E-5	1.773106851032935E-5
219.446951936	6.0053364E-5	2.401837264187634E-5
219.444985856	3.4800378E-5	3.1146199034992605E-5
219.44303616	-1.1748376E-5	3.8663540181005374E-5
219.441086464	-7.673309E-5	4.5975968532729894E-5
219.439136768	2.3078228E-5	5.240764585323632E-5
219.437170688	4.0901473E-6	5.733295256504789E-5
219.435220992	-1.5268484E-5	6.031562588759698E-5
219.433271296	3.091586E-5	6.122739432612434E-5
219.431305216	3.6390466E-5	6.031230805092491E-5
219.42935552	5.1030594E-5	5.817456258228049E-5
219.427405824	-1.1547254E-5	5.56856939510908E-5
219.425439744	1.06018386E-4	5.382825474953279E-5
219.423490048	8.7114895E-5	5.350806168280542E-5
219.421540352	1.3567763E-4	5.5375097872456536E-5
219.419590656	5.206672E-5	5.969341873424128E-5
219.417624576	-1.064326E-5	6.628529808949679E-5
219.41567488	1.6850478E-4	7.456097227986902E-5
219.413725184	9.804606E-5	8.362608059542254E-5
219.411759104	1.018093E-4	9.244024840882048E-5
219.409809408	7.387917E-5	9.999283793149516E-5
219.407859712	1.6451639E-4	1.0545792611083016E-4
219.405893632	5.0153492E-5	1.0829992243088782E-4
219.403943936	1.3261946E-4	1.0831293911905959E-4
219.40199424	1.6770503E-4	1.0559745714999735E-4
219.400044544	3.6426234E-5	1.0048974945675582E-4
219.398078464	1.5387035E-4	9.346992010250688E-5
219.396128768	1.2322675E-4	8.507409074809402E-5
219.394179072	6.662449E-5	7.582154648844153E-5
219.392212992	1.4348328E-4	6.619979103561491E-5
219.390263296	-5.7330794E-6	5.6603483244543895E-5
219.3883136	5.1214997E-6	4.7368506784550846E-5
219.38634752	-4.450449E-5	3.876154005411081E-5
219.384397824	-2.9424878E-5	3.098215893260203E-5
219.382448128	-6.447124E-5	2.4162131012417376E-5
219.380482048	1.8853648E-4	1.8365735741099343E-5
219.378532352	5.2964835E-5	1.3593031326308846E-5
219.376582656	-5.8162364E-5	9.788389434106648E-6
219.37463296	-9.3658644E-5	6.853415925434092E-6
219.37266688	-7.642619E-5	4.663135314331157E-6
219.370717184	-4.3413664E-5	3.0821793188806623E-6
219.368767488	2.0297614E-4	1.973244252440054E-6
219.366801408	1.1216811E-4	1.2309691328482586E-6
219.364851712	8.007264E-5	7.45229499443667E-7
219.362902016	-2.8823738E-6	4.378414359962335E-7
219.360935936	3.6937996E-5	2.4964830913631886E-7
219.35898624	8.9576235E-5	1.3814218391416944E-7
219.357036544	-7.820799E-5	7.41837382634003E-8
219.355086848	9.999299E-5	3.86617955427937E-8
219.353120768	2.0854204E-4	1.9554406094357546E-8
219.351171072	2.7242163E-4	0.0
219.349221376	1.386285E-6	0.0
219.347255296	6.0024436E-6	0.0
219.3453056	1.13276445E-4	0.0
219.343355904	1.0711618E-4	0.0
219.341389824	1.2388983E-4	0.0
219.339440128	6.0702147E-5	0.0
219.337490432	-4.160272E-5	0.0
219.335540736	3.3149783E-5	0.0
219.333574656	1.08056614E-4	0.0
219.33162496	-1.3122462E-4	0.0
219.329675264	4.4656128E-5	0.0
219.327709184	3.418166E-5	0.0
219.325759488	6.723794E-5	0.0
219.323809792	-4.1037074E-5	0.0
219.321843712	5.3854423E-5	0.0
219.319894016	1.5146736E-5	0.0
219.31794432	-2.7727296E-5	0.0
219.315994624	9.9751924E-5	0.0
219.314028544	-2.461125E-6	1.1026537904967881E-8
219.312078848	-5.952697E-5	2.2672290711511778E-8
219.310129152	2.4088807E-4	4.5004146187466176E-8
219.308163072	-7.418628E-6	8.624017056035882E-8
219.306213376	-3.4227985E-5	1.595389136355152E-7
219.30426368	7.71516E-6	2.849195084309031E-7
219.3022976	1.869135E-5	4.912184294880717E-7
219.300347904	-5.662066E-6	8.175633183782338E-7
219.298398208	-6.132123E-5	1.3135883136783377E-6
219.296448512	1.0318935E-4	2.0374502582853893E-6
219.294482432	2.946134E-6	3.050703071494354E-6
219.292532736	4.8114507E-5	4.409555003803689E-6
219.29058304	-2.8673214E-5	6.1527516663772985E-6
219.28861696	7.2632625E-5	8.28749944048468E-6
219.286667264	8.169914E-5	1.0776033377624117E-5
219.284717568	2.0800591E-5	1.3526364455174189E-5
219.282751488	4.5399294E-5	1.6390724340453744E-5
219.280801792	1.386381E-5	1.917436566145625E-5
219.278852096	-3.964936E-5	2.1655205273418687E-5
219.2769024	-1.2889352E-4	2.361209408263676E-5
219.27493632	1.0234358E-5	2.485696859366726E-5
219.272986624	2.937426E-5	2.5264489522669464E-5
219.271036928	-1.7008456E-6	2.4792703698039986E-5
219.269070848	-1.9497504E-5	2.349013630009722E-5
219.267121152	7.8858575E-5	2.1487603589775972E-5
219.265171456	-2.4192563E-5	1.8976688807015307E-5
219.263205376	7.180931E-5	1.6179696103790775E-5
219.26125568	9.785392E-5	1.3317577213456389E-5
219.259305984	9.550247E-5	1.058216093952069E-5
219.257356288	-8.079513E-5	8.117262041196227E-6
219.255390208	1.318111E-4	6.010712240822613E-6
219.253440512	-1.4133959E-5	4.296586212149123E-6
219.251490816	1.5368385E-4	2.9648278996319277E-6
219.249524736	1.2722073E-4	1.984866003112984E-6
219.24757504	7.376648E-5	1.2923986787427566E-6
219.245625344	-3.860523E-5	8.368594990315614E-7
219.243659264	-5.007885E-5	5.728501264457009E-7
219.241709568	-7.4207244E-5	4.722848814253666E-7
219.239759872	5.905033E-5	5.299784220369474E-7
219.237793792	1.5945444E-4	7.671312118873175E-7
219.235844096	-4.299339E-5	1.2322998372837901E-6
219.2338944	-2.0867188E-5	1.9985943708888954E-6
219.231944704	2.4697158E-5	3.155263357257354E-6
219.229978624	1.5374791E-4	4.787050784216262E-6
219.228028928	1.379991E-4	6.973298695811536E-6
219.226079232	6.0908405E-5	9.72087036643643E-6
219.224113152	-9.547931E-5	1.2967900147486944E-5
219.222163456	-7.9260004E-5	1.6555317415622994E-5
219.22021376	-6.8444383E-6	2.0226201741024852E-5
219.21824768	4.753834E-5	2.3648852220503613E-5
219.216297984	6.414566E-5	2.6462665118742734E-5
219.214348288	1.2792251E-4	2.833963662851602E-5
219.212398592	-1.917224E-5	2.9046786949038506E-5
219.210432512	-1.265778E-4	2.8493610443547368E-5
219.208482816	2.899233E-5	2.6886827981797978E-5
219.20653312	-9.448009E-7	2.4345248675672337E-5
219.20456704	7.127656E-6	2.1341296815080568E-5
219.202617344	4.4515324E-5	1.8419215848552994E-5
219.200667648	-1.2219587E-4	1.620704097149428E-5
219.198701568	-5.245177E-5	1.546123530715704E-5
219.196751872	1.2060293E-4	1.7080959878512658E-5
219.194802176	-2.5809382E-5	2.215336098743137E-5
219.19285248	-2.2789569E-5	3.196446050424129E-5
219.1908864	4.1924036E-6	4.793587140738964E-5
219.188936704	1.8195284E-4	7.144560368033126E-5
219.186987008	1.4307513E-4	1.0352231038268656E-4
219.185020928	3.0366413E-4	1.4444450789596885E-4
219.183071232	3.024768E-4	1.933397288667038E-4
219.181121536	3.588653E-4	2.479093673173338E-4
219.179155456	3.8639514E-4	3.0441622948274016E-4
219.17720576	4.6180637E-4	3.58011806383729E-4
219.175256064	4.7645206E-4	4.033799050375819E-4
219.173306368	4.021133E-4	4.355910059530288E-4
219.171340288	5.3665775E-4	4.5094851520843804E-4
219.169390592	4.5971654E-4	4.4775783317163587E-4
219.167440896	5.6339253E-4	4.2644006316550076E-4
219.165474816	4.634682E-4	3.8976562791503966E-4
219.16352512	2.1002116E-4	3.422843583393842E-4
219.161575424	2.65727E-4	2.89688294287771E-4
219.159609344	2.3926672E-4	2.3803730437066406E-4
219.157659648	2.1543127E-4	1.930197759065777E-4
219.155709952	1.5633105E-4	1.5933225222397596E-4
219.153760256	1.2782408E-4	1.401590561727062E-4
219.151794176	1.6419622E-4	1.367231598123908E-4
219.14984448	3.2749324E-4	1.4792753790970892E-4
219.147894784	3.0234834E-4	1.702416193438694E-4
219.145928704	1.7764026E-4	1.9804858311545104E-4
219.143979008	3.2276503E-4	2.245789219159633E-4
219.142029312	2.0550765E-4	2.4330161977559328E-4
219.140063232	2.3635203E-4	2.4939680588431656E-4
219.138113536	2.947754E-4	2.4083386233542114E-4
219.13616384	8.552641E-5	2.187024219892919E-4
219.134214144	1.3836814E-4	1.8669074052013457E-4
219.132248064	4.219438E-5	1.4981720596551895E-4
219.130298368	5.8512433E-5	1.1335570889059454E-4
219.128348672	-6.3500716E-5	8.1031204899773E-5
219.126382592	-1.7179427E-5	5.4959036788204685E-5
219.124432896	3.26782E-4	3.557772652129643E-5
219.1224832	-2.1636606E-5	2.213110201410018E-5
219.12051712	9.666843E-5	1.3338248209038284E-5
219.118567424	7.77416E-5	7.848453606129624E-6
219.116617728	1.0004928E-4	4.554308361548465E-6
219.114651648	2.9489831E-5	2.6542143132246565E-6
219.112701952	-7.834629E-5	1.6298466789521626E-6
219.110752256	-6.1588976E-6	1.1790435792136122E-6
219.10880256	-2.4955796E-5	1.1251078149143723E-6
219.10683648	1.1083695E-5	1.4875755596222007E-6
219.104886784	1.3270922E-4	2.229528490715893E-6
219.102937088	2.419684E-4	3.416774916331633E-6
219.100971008	1.1108909E-4	5.122378297528485E-6
219.099021312	-4.6405625E-5	7.399501555482857E-6
219.097071616	-2.1019547E-5	1.024597804644145E-5
219.095105536	9.402927E-5	1.3594550182460807E-5
219.09315584	1.3884474E-4	1.7260652384720743E-5
219.091206144	1.8522347E-4	2.0971921912860125E-5
219.089256448	-7.430231E-5	2.4384624339290895E-5
219.087290368	4.126975E-5	2.71332282864023E-5
219.085340672	8.7077206E-5	2.8893653507111594E-5
219.083390976	-2.2935423E-5	2.9445935069816187E-5
219.081424896	7.151556E-5	2.871917786251288E-5
219.0794752	1.4721585E-4	2.6806475943885744E-5
219.077525504	5.0361236E-6	2.3945403881953098E-5
219.075559424	-6.139689E-6	2.046968074864708E-5
219.073609728	2.142059E-5	1.6745390894357115E-5
219.071660032	1.143364E-5	1.310890365857631E-5
219.069710336	1.0756959E-4	9.82016535999719E-6
219.067744256	-3.1296226E-5	7.0395612965512555E-6
219.06579456	3.630496E-5	4.82887890029815E-6
219.063844864	-1.7264094E-4	3.16972250402614E-6
219.061878784	-1.570234E-4	1.991017825275776E-6
219.059929088	-4.043423E-5	1.1967565569648286E-6
219.057979392	-2.464795E-5	6.883641958665976E-7
219.056013312	-3.2698666E-5	3.788909168633836E-7
219.054063616	-2.6900674E-5	1.9957190033892402E-7
219.05211392	-1.6359587E-7	1.0059324750955057E-7
219.050164224	-1.1968488E-5	4.8520554685183015E-8
219.048198144	4.8831247E-5	2.239606722298504E-8
219.046248448	1.5890817E-4	9.892601404715151E-9
219.044298752	1.2267238E-4	0.0
219.042332672	1.10067165E-4	0.0
219.040382976	2.530083E-5	0.0
219.03843328	1.6580467E-4	0.0
219.0364672	1.03605125E-4	0.0
219.034517504	2.4625816E-4	0.0
219.032567808	9.670152E-5	0.0
219.030618112	1.2490196E-5	0.0
219.028652032	6.235461E-5	0.0
219.026702336	1.9479485E-4	3.9136438090281445E-8
219.02475264	1.7966071E-4	7.410037028421357E-8
219.02278656	5.3346503E-5	1.3675489185516199E-7
219.020836864	2.9241517E-5	2.46007942905635E-7
219.018887168	4.602456E-5	4.313559713864379E-7
219.016921088	3.784365E-5	7.372194659183151E-7
219.014971392	3.8374445E-5	1.2280875125725288E-6
219.013021696	-3.4129498E-5	1.993991190829547E-6
219.011072	-8.6626285E-5	3.1554923225485254E-6
219.00910592	-1.4326267E-4	4.866851668339223E-6
219.007156224	-1.0548251E-4	7.315575203392655E-6
219.005206528	5.862387E-5	1.0716352335293777E-5
219.003240448	-1.9288858E-5	1.5297624486265704E-5
219.001290752	8.510364E-6	2.1279331122059375E-5
218.999341056	1.7903742E-5	2.8842343454016373E-5
218.997374976	-3.3450782E-5	3.8091853639343753E-5
218.99542528	1.6531729E-5	4.9018646677723154E-5
218.993475584	1.3615726E-4	6.14653472439386E-5
218.991525888	2.0799768E-4	7.510509749408811E-5
218.989559808	-5.1140687E-5	8.943815919337794E-5
218.987610112	2.0167918E-4	1.0381321772001684E-4
218.985660416	2.4802997E-4	1.1747105600079522E-4
218.983694336	1.0731231E-4	1.2960904859937727E-4
218.98174464	1.1019333E-4	1.3945781392976642E-4
218.979794944	1.0165112E-4	1.463589142076671E-4
218.977828864	1.1974049E-4	1.4983481378294528E-4
218.975879168	9.3167444E-5	1.496403565397486E-4
218.973929472	6.803908E-5	1.4578929403796792E-4
218.971963392	5.91948E-5	1.385529467370361E-4
218.970013696	5.04452E-5	1.2843069271184504E-4
218.968064	1.866041E-4	1.1609585635596886E-4
218.966114304	1.452518E-4	1.023252698360011E-4
218.964148224	2.5910232E-4	8.792034350335598E-5
218.962198528	6.169666E-5	7.363168697338551E-5
218.960248832	5.7667316E-5	6.009654680383392E-5
218.958282752	1.8473464E-4	4.779703158419579E-5
218.956333056	1.4284099E-4	3.7041594623588026E-5
218.95438336	1.493067E-6	2.7970841983915307E-5
218.95241728	1.08193024E-4	2.0580231648636982E-5
218.950467584	1.5049466E-4	1.4754888070456218E-5
218.948517888	4.344337E-5	1.0308147466275841E-5
218.946568192	-3.5448367E-5	7.0179007707338315E-6
218.944602112	1.9529278E-5	4.7663988880231045E-6
218.942652416	-7.73877E-6	3.2425800782220904E-6
218.94070272	-4.728523E-5	2.368456534895813E-6
218.93873664	-5.5824003E-5	2.0900847630400676E-6
218.936786944	1.1369519E-4	2.4509245122317225E-6
218.934837248	1.483658E-4	3.618044956965605E-6
218.932871168	1.1974282E-4	5.911428161198273E-6
218.930921472	4.2089083E-5	9.831928764469922E-6
218.928971776	1.7354818E-4	1.6078232874860987E-5
218.92702208	1.3473498E-5	2.553837293817196E-5
218.925056	-1.2465436E-5	3.9219237805809826E-5
218.923106304	7.098663E-5	5.822055027238093E-5
218.921156608	2.5917427E-4	8.341461943928152E-5
218.919190528	7.508014E-5	1.1533429642440751E-4
218.917240832	1.3198043E-4	1.538934011477977E-4
218.915291136	1.5811491E-4	1.9818566215690225E-4
218.913325056	1.321703E-4	2.4638770264573395E-4
218.91137536	2.664717E-4	2.9581738635897636E-4
218.909425664	3.9329805E-4	3.431625373195857E-4
218.907475968	4.188547E-4	3.848465858027339E-4
218.905509888	4.178239E-4	4.1746956412680447E-4
218.903560192	4.5629777E-4	4.3824128806591034E-4
218.901610496	4.283872E-4	4.45336801931262E-4
218.899644416	4.7854887E-4	4.3812498915940523E-4
218.89769472	3.7910318E-4	4.1724726906977594E-4
218.895745024	4.113118E-4	3.8465906982310116E-4
218.893778944	3.7931767E-4	3.430707729421556E-4
218.891829248	2.4898976E-4	2.960246056318283E-4
218.889879552	2.1459104E-4	2.4729000870138407E-4
218.887929856	1.8829867E-4	2.004333073273301E-4
218.885963776	1.3763885E-4	1.5861929568927735E-4
218.88401408	2.2210384E-4	1.2439257989171892E-4
218.882064384	1.67235E-4	9.969062375603244E-5
218.880098304	5.0758823E-5	8.595793042331934E-5
218.878148608	-4.7316895E-5	8.428550063399598E-5
218.876198912	1.3676585E-5	9.547347144689411E-5
218.874232832	1.4004172E-4	1.1994296073680744E-4
218.872283136	2.3270934E-4	1.5748302394058555E-4
218.87033344	3.0602003E-4	2.0689840312115848E-4
218.868383744	3.0353048E-4	2.656897122506052E-4
218.866417664	2.9109378E-4	3.299218078609556E-4
218.864467968	3.5681087E-4	3.944018972106278E-4
218.862518272	3.379634E-4	4.5319730998016894E-4
218.860552192	5.70417E-4	5.004144040867686E-4
218.858602496	5.211081E-4	5.310728447511792E-4
218.8566528	4.4973812E-4	5.418310174718499E-4
218.85468672	4.2576005E-4	5.317233153618872E-4
218.852737024	4.953212E-4	5.018994561396539E-4
218.850787328	2.9204466E-4	4.5569834765046835E-4
218.848821248	1.8839457E-4	3.979585599154234E-4
218.846871552	2.5660632E-4	3.3422501292079687E-4
218.844921856	1.06955325E-4	2.699069445952773E-4
218.84297216	1.2559604E-4	2.0955938089173287E-4
218.84100608	1.8372366E-4	1.5641532081644982E-4
218.839056384	1.885414E-4	1.12230954982806E-4
218.837106688	-3.6781453E-6	7.741060835542157E-5
218.835140608	3.231203E-5	5.1326620450709015E-5
218.833190912	-1.6254566E-5	3.271365130785853E-5
218.831241216	2.0635456E-5	2.004197085625492E-5
218.829275136	3.3886052E-5	1.1801308573922142E-5
218.82732544	9.9989935E-5	6.677894816675689E-6
218.825375744	2.1593613E-4	3.6306360016169492E-6
218.823426048	1.7665172E-4	1.8961178511744947E-6
218.821459968	6.962783E-5	9.50984713199432E-7
218.819510272	5.0701692E-5	3.7469405356205243E-7
218.817560576	1.2398403E-4	1.7751632697127206E-7
218.815594496	7.915395E-5	8.047298649671575E-8
218.8136448	2.233611E-4	3.4906406654044986E-8
218.811695104	1.45209E-4	0.0
218.809729024	-1.7538198E-4	0.0
218.807779328	-4.376256E-5	0.0
218.805829632	4.3852746E-5	0.0
218.803879936	3.610583E-5	0.0
218.801913856	-4.6894613E-5	0.0
218.79996416	1.843684E-4	6.242993322302937E-8
218.798014464	1.7976324E-4	1.2480256827984704E-7
218.796048384	1.6264638E-4	2.4199650283662777E-7
218.794098688	-8.593203E-5	4.551424694909656E-7
218.792148992	-6.176189E-5	8.303031791001558E-7
218.790182912	-3.0445943E-5	1.4691637488795095E-6
218.788233216	-4.9109633E-5	2.5214042125298874E-6
218.78628352	1.3606955E-4	4.1970229176513385E-6
218.784333824	-3.422672E-5	6.775670499337139E-6
218.782367744	-4.0399045E-5	1.060862541635288E-5
218.780418048	6.0527494E-5	1.6107955161714926E-5
218.778468352	8.964716E-5	2.371768277953379E-5
218.776502272	6.665196E-5	3.3863707358250394E-5
218.774552576	9.2801725E-5	4.688215994974598E-5
218.77260288	3.0302002E-5	6.293381011346355E-5
218.7706368	1.7198586E-6	8.191557571990415E-5
218.768687104	9.178664E-5	1.0338927677366883E-4
218.766737408	1.3493493E-4	1.265470200451091E-4
218.764787712	1.8361324E-4	1.502289524069056E-4
218.762821632	2.4619664E-4	1.7300373292528093E-4
218.760871936	2.2014495E-4	1.9330333452671766E-4
218.75892224	2.2059458E-4	2.0959782705176622E-4
218.75695616	2.654611E-4	2.205812925240025E-4
218.755006464	3.1382678E-4	2.253381971968338E-4
218.753056768	3.974543E-4	2.234639396192506E-4
218.751090688	2.6202603E-4	2.151185180991888E-4
218.749140992	4.7475006E-4	2.010052849072963E-4
218.747191296	2.1402861E-4	1.8227758118882775E-4
218.7452416	9.4329705E-5	1.6039027832448483E-4
218.74327552	-4.866804E-6	1.3691723870579153E-4
218.741325824	1.6826749E-4	1.1336914030835032E-4
218.739376128	1.9937794E-4	9.103761112783104E-5
218.737410048	2.3260555E-4	7.089084829203784E-5
218.735460352	1.595605E-4	5.352695734472945E-5
218.733510656	1.1644719E-4	3.91882385883946E-5
218.731544576	1.416697E-4	2.7819331080536358E-5
218.72959488	1.476502E-4	1.91495619219495E-5
218.727645184	-3.969396E-5	1.2782342309947126E-5
218.725679104	-3.0849073E-6	8.274250831163954E-6
218.723729408	2.1810058E-5	5.194375717110233E-6
218.721779712	1.10703375E-4	3.1625777410226874E-6
218.719830016	1.2946504E-4	1.8675501678444562E-6
218.717863936	-3.3872453E-5	1.103307340599713E-6
218.71591424	1.3990557E-5	6.720225087519793E-7
218.713964544	8.0778E-5	4.922392236039741E-7
218.711998464	-1.5867004E-6	5.313619908520195E-7
218.710048768	9.276357E-5	8.217045888159191E-7
218.708099072	-2.1371703E-5	1.4271435020418721E-6
218.706132992	7.675364E-5	2.6445181902090553E-6
218.704183296	3.4873836E-5	4.6883915274520405E-6
218.7022336	-1.3701359E-5	7.952196028782055E-6
218.700283904	1.5797224E-4	1.2903971764899325E-5
218.698317824	-1.309063E-5	2.003181361942552E-5
218.696368128	3.2679145E-5	2.9748502129223198E-5
218.694418432	-3.345477E-5	4.226239980198443E-5
218.692452352	-3.9560782E-5	5.743674046243541E-5
218.690502656	9.9414494E-5	7.46771547710523E-5
218.68855296	1.693072E-4	9.289165609516203E-5
218.68658688	-2.2229262E-5	1.1056020593969151E-4
218.684637184	6.474074E-5	1.259219425264746E-4
218.682687488	1.2869944E-4	1.3725599274039268E-4
218.680737792	6.722854E-5	1.4319449837785214E-4
218.678771712	-5.473955E-5	1.4299043687060475E-4
218.676822016	1.4246823E-4	1.3666972517967224E-4
218.67487232	2.2805535E-4	1.250262139365077E-4
218.67290624	8.230647E-6	1.0945980466203764E-4
218.670956544	1.8295887E-5	9.170323755824938E-5
218.669006848	6.520224E-5	7.35097928554751E-5
218.667040768	5.017823E-5	5.6375945860054344E-5
218.665091072	1.576542E-4	4.136230199947022E-5
218.663141376	-1.0435743E-4	2.9030981750111096E-5
218.66119168	-1.9167604E-4	1.949217403307557E-5
218.6592256	4.9204882E-5	1.253344180440763E-5
218.657275904	-1.1309461E-5	7.720052963122725E-6
218.655326208	9.0871996E-5	4.574665581458248E-6
218.653360128	9.763878E-5	2.641855644469615E-6
218.651410432	-3.0529092E-5	1.5487225937249605E-6
218.649460736	1.20280514E-4	1.024900484480895E-6
218.647494656	6.707301E-5	9.00006057236169E-7
218.64554496	-6.414982E-6	1.0898841082962463E-6
218.643595264	7.376264E-5	1.579515583216562E-6
218.641645568	-1.645957E-4	2.406713747404865E-6
218.639679488	2.4543111E-5	3.634243284977856E-6
218.637729792	4.6421334E-5	5.395859261625446E-6
218.635780096	3.509849E-5	7.77279092289973E-6
218.633814016	6.9682166E-5	1.0863231182156596E-5
218.63186432	1.9717841E-5	1.4730047951161396E-5
218.629914624	1.7873299E-5	1.9378137949388474E-5
218.627948544	-1.4903436E-4	2.4755880076554604E-5
218.625998848	-1.232464E-4	3.067297802772373E-5
218.624049152	1.8361746E-4	3.6885281588183716E-5
218.622099456	6.113679E-5	4.3059015297330916E-5
218.620133376	3.0831285E-5	4.8812584282131866E-5
218.61818368	6.718506E-5	5.376167973736301E-5
218.616233984	9.200073E-5	5.7595396356191486E-5
218.614267904	1.6710864E-4	6.005987597745843E-5
218.612318208	1.3389581E-4	6.10906645306386E-5
218.610368512	1.748798E-4	6.07870751991868E-5
218.608402432	1.1259664E-4	5.942433199379593E-5
218.606452736	5.7851747E-5	5.742803114117123E-5
218.60450304	1.9946744E-4	5.5324326240224764E-5
218.602553344	1.918332E-5	5.367384437704459E-5
218.600587264	4.4695593E-5	5.299768236000091E-5
218.598637568	1.18542026E-4	5.370806320570409E-5
218.596687872	-2.1691001E-5	5.605313344858587E-5
218.594721792	1.20225915E-4	6.008326090523042E-5
218.592772096	3.4153283E-5	6.56441698083654E-5
218.5908224	4.1661635E-5	7.239473779918626E-5
218.58885632	-1.9738207E-5	7.984728290466592E-5
218.586906624	5.7912953E-6	8.742170757614076E-5
218.584956928	4.941795E-5	9.450690413359553E-5
218.582990848	1.02524966E-4	1.0052015568362549E-4
218.581041152	5.447803E-5	1.0495953029021621E-4
218.579091456	6.167346E-5	1.0744372411863878E-4
218.57714176	-2.445962E-5	1.0773805115604773E-4
218.57517568	2.5766374E-5	1.0576618660707027E-4
218.573225984	9.507709E-5	1.0160788224311545E-4
218.571276288	6.4055785E-5	9.548531670589E-5
218.569310208	1.4465456E-4	8.773816807661206E-5
218.567360512	1.4793462E-4	7.879145414335653E-5
218.565410816	8.8513945E-5	6.910947558935732E-5
218.563444736	4.7586477E-6	5.92010619584471E-5
218.56149504	-2.7723658E-5	4.9485119234304875E-5
218.559545344	-3.5474604E-5	4.035223173559643E-5
218.557595648	4.647564E-5	3.2100011594593525E-5
218.555629568	1.294995E-4	2.4929004212026484E-5
218.553679872	1.861669E-4	1.8945565898320638E-5
218.551730176	7.772597E-5	1.4175385331327561E-5
218.549764096	3.7411515E-5	1.0584959454718046E-5
218.5478144	-6.249422E-5	8.106046152533963E-6
218.545864704	-3.236016E-5	6.6588800109457225E-6
218.543898624	-7.909494E-5	6.169796506583225E-6
218.541948928	2.1243028E-5	6.580738499906147E-6
218.539999232	-1.0812805E-4	7.849122084735427E-6
218.538049536	-8.858241E-5	9.938831681211013E-6
218.536083456	-4.918184E-5	1.2793642781616654E-5
218.53413376	-1.3882108E-4	1.6365240298910066E-5
218.532184064	2.3759985E-5	2.0512923583737575E-5
218.530217984	8.873621E-5	2.5056453523575328E-5
218.528268288	4.6526922E-5	2.9753271519439295E-5
218.526318592	-1.0383171E-4	3.4309214242966846E-5
218.524352512	-5.9255723E-5	3.839326382149011E-5
218.522402816	-5.7351895E-6	4.170991087448783E-5
218.52045312	1.1624009E-4	4.396960139274597E-5
218.518503424	7.6786324E-5	4.497828194871545E-5
218.516537344	-3.0363477E-5	4.4647196773439646E-5
218.514587648	-4.5939047E-5	4.309149881009944E-5
218.512637952	7.186204E-5	4.036608515889384E-5
218.510671872	1.6459721E-4	3.678099164972082E-5
218.508722176	8.0257974E-5	3.268501677666791E-5
218.50677248	-4.1414172E-5	2.849702832463663E-5
218.5048064	2.5633216E-4	2.4624294383102097E-5
218.502856704	1.600243E-4	2.1516392735065892E-5
218.500907008	3.6414099E-6	1.9617238649516366E-5
218.498957312	5.9252077E-5	1.937570959853474E-5
218.496991232	2.778132E-5	2.1269594071782194E-5
218.495041536	-1.6098802E-5	2.577847772045061E-5
218.49309184	3.255912E-5	3.3338041248498484E-5
218.49112576	4.5756195E-5	4.4394128053681925E-5
218.489176064	1.13969756E-4	5.928295286139473E-5
218.487226368	7.172956E-5	7.817982259439304E-5
218.485260288	1.8132132E-4	1.010306878015399E-4
218.483310592	1.1284047E-4	1.2749890447594225E-4
218.481360896	1.4941784E-4	1.5694237663410604E-4
218.4794112	2.1321652E-4	1.8842848658096045E-4
218.47744512	1.635057E-4	2.2078704205341637E-4
218.475495424	2.3857979E-4	2.526883326936513E-4
218.473545728	2.1598593E-4	2.827349817380309E-4
218.471579648	2.944448E-4	3.095429565291852E-4
218.469629952	2.6411755E-4	3.318656818009913E-4
218.467680256	2.889568E-4	3.4860108280554414E-4
218.465714176	2.425377E-4	3.5893628955818713E-4
218.46376448	3.468971E-4	3.6235174047760665E-4
218.461814784	1.9940961E-4	3.587394312489778E-4
218.459848704	3.062503E-4	3.483997716102749E-4
218.457899008	4.4994085E-4	3.3203663770109415E-4
218.455949312	2.4914762E-4	3.106985823251307E-4
218.453999616	1.8911462E-4	2.856724022421986E-4
218.452033536	9.912168E-5	2.5835432461462915E-4
218.45008384	3.680325E-4	2.3011724988464266E-4
218.448134144	3.3303193E-4	2.022057888098061E-4
218.446168064	2.972383E-4	1.75690816831775E-4
218.444218368	1.9977413E-4	1.513745082775131E-4
218.442268672	2.3611722E-4	1.2990615505259484E-4
218.440302592	1.5470348E-4	1.116904168156907E-4
218.438352896	1.7523984E-4	9.699803922558203E-5
218.4364032	1.2710868E-4	8.593214442953467E-5
218.434453504	1.00137724E-4	7.844228093745187E-5
218.432487424	1.5711924E-4	7.432793790940195E-5
218.430537728	1.7253234E-4	7.32541739125736E-5
218.428588032	2.6448973E-4	7.478451880160719E-5
218.426621952	1.14124094E-4	7.843225466785952E-5
218.424672256	1.7053529E-4	8.372245792998001E-5
218.42272256	1.03280065E-4	9.022237645694986E-5
218.42075648	-1.5267029E-5	9.769822645466775E-5
218.418806784	8.096133E-5	1.059592905221507E-4
218.416857088	8.042689E-5	1.149062518379651E-4
218.414907392	5.2633022E-5	1.2448937923181802E-4
218.412941312	2.6855934E-5	1.3464398216456175E-4
218.410991616	1.274398E-4	1.4513841597363353E-4
218.40904192	9.148204E-5	1.5557726146653295E-4
218.40707584	1.318481E-4	1.653685758356005E-4
218.405126144	2.3075182E-4	1.737610436975956E-4
218.403176448	1.394889E-4	1.7992037464864552E-4
218.401210368	6.669384E-5	1.8307582649867982E-4
218.399260672	5.3534164E-5	1.8260994693264365E-4
218.397310976	1.3740174E-4	1.7817088519223034E-4
218.39536128	2.1274964E-4	1.697601837804541E-4
218.3933952	1.5034495E-4	1.577371294843033E-4
218.391445504	2.2859933E-4	1.4277861919254065E-4
218.389495808	1.0070964E-4	1.257920084754005E-4
218.387529728	-2.9110237E-5	1.0779828153317794E-4
218.385580032	9.427193E-6	8.98074358701706E-5
218.383630336	-2.078628E-7	7.270790229085833E-5
218.381664256	-2.2339551E-5	5.718596003134735E-5
218.37971456	2.8627019E-5	4.3686170101864263E-5
218.377764864	-8.956135E-5	3.241007652832195E-5
218.375815168	1.3421389E-4	2.3365011657006107E-5
218.373849088	2.2130107E-4	1.63708482432412E-5
218.371899392	5.743466E-5	1.1170342986588366E-5
218.369949696	7.763726E-5	7.492475560866296E-6
218.367983616	7.538879E-5	5.04924901179038E-6
218.36603392	-2.3490771E-4	3.6236347114027012E-6
218.364084224	1.1726832E-5	3.0806490940449294E-6
218.362118144	3.5023255E-5	3.3813512345659547E-6
218.360168448	1.8402535E-4	4.8137940211745445E-6
218.358218752	5.433193E-5	7.359513801930007E-6
218.356269056	2.443857E-5	1.147571219917154E-5
218.354302976	-7.104888E-5	1.76680478034541E-5
218.35235328	5.164032E-5	2.6600464479997754E-5
218.350403584	1.3664216E-4	3.919057053280994E-5
218.348437504	1.5727102E-4	5.660160240950063E-5
218.346487808	-5.3389947E-5	8.043750131037086E-5
218.344538112	8.535551E-5	1.12714602437336E-4
218.342572032	1.5642162E-4	1.5585987421218306E-4
218.340622336	2.2441676E-4	2.1242830553092062E-4
218.33867264	2.0288918E-4	2.8455472784116864E-4
218.336722944	2.7716858E-4	3.731519973371178E-4
218.334756864	3.982922E-4	4.770078230649233E-4
218.332807168	5.455639E-4	5.920703406445682E-4
218.330857472	4.9050635E-4	7.112530875019729E-4
218.328891392	5.0977676E-4	8.249645470641553E-4
218.326941696	8.1064564E-4	9.223491069860756E-4
218.324992	9.777116E-4	9.929862571880221E-4
218.32302592	9.686446E-4	0.0010286315809935331
218.321076224	0.0010203912	0.0010246394667774439
218.319126528	0.001057548	9.80786862783134E-4
218.317160448	8.675001E-4	9.013748494908214E-4
218.315210752	8.0357515E-4	7.94586434494704E-4
218.313261056	6.4938306E-4	6.711723399348557E-4
218.31131136	7.173323E-4	5.427001742646098E-4
218.30934528	3.856934E-4	4.197245871182531E-4
218.307395584	3.0038902E-4	3.103074268437922E-4
218.305445888	2.4564544E-4	2.1923139865975827E-4
218.303479808	1.6329758E-4	1.4799609198234975E-4
218.301530112	3.4051012E-5	9.546943329041824E-5
218.299580416	-5.89608E-5	5.885991777176969E-5
218.297614336	2.3796491E-4	3.468378054094501E-5
218.29566464	8.0825586E-5	1.95460524992086E-5
218.293714944	-3.482524E-5	1.0533815839153249E-5
218.291765248	2.2969176E-5	5.42954421689501E-6
218.289799168	-7.560967E-5	2.6769100713863736E-6
218.287849472	1.1954367E-6	1.2624793725990457E-6
218.285899776	1.5078142E-4	5.69569976960338E-7
218.283933696	1.3325014E-4	2.458215533351904E-7
218.281984	2.0935458E-5	0.0
218.280034304	-3.891801E-5	0.0
218.278068224	9.565581E-6	0.0
218.276118528	-6.9472767E-6	0.0
218.274168832	6.200548E-5	0.0
218.272219136	3.7356567E-5	0.0
218.270253056	-5.4166423E-5	0.0
218.26830336	1.803727E-5	0.0
218.266353664	-1.6240028E-5	0.0
218.264387584	-9.948005E-5	0.0
218.262437888	-5.1122584E-5	1.215449429992077E-7
218.260488192	1.4762274E-5	2.4509489549018326E-7
218.258522112	1.0205756E-4	4.793128027813509E-7
218.256572416	4.302646E-5	9.090480830309389E-7
218.25462272	6.1264436E-5	1.6719777704565786E-6
218.252673024	5.00078E-5	2.982222440550686E-6
218.250706944	1.6030594E-4	5.15820829605218E-6
218.248757248	6.752665E-5	8.651361895317677E-6
218.246807552	-1.3773755E-5	1.406908813805785E-5
218.244841472	-6.814911E-5	2.21821555896895E-5
218.242891776	-1.164366E-5	3.39040816470515E-5
218.24094208	-8.839337E-5	5.022941331844777E-5
218.238976	-4.6349047E-5	7.212257332867011E-5
218.237026304	-6.9033445E-6	1.0035701416200027E-4
218.235076608	-7.01462E-5	1.3532013690564781E-4
218.233126912	1.5469093E-4	1.768145739333704E-4
218.231160832	2.9628392E-4	2.2390052617993206E-4
218.229211136	3.731944E-4	2.748261031229049E-4
218.22726144	3.3203542E-4	3.270802553743124E-4
218.22529536	3.9041048E-4	3.775793011300266E-4
218.223345664	4.5480434E-4	4.2296640458516777E-4
218.221395968	4.1883148E-4	4.5997565030120313E-4
218.219429888	4.8755825E-4	4.858045722357929E-4
218.217480192	5.8305566E-4	4.984351107850671E-4
218.215530496	3.9321865E-4	4.968638531863689E-4
218.2135808	3.86697E-4	4.812161496374756E-4
218.21161472	5.131249E-4	4.5273193973116577E-4
218.209665024	4.832896E-4	4.1362427873536944E-4
218.207715328	2.601471E-4	3.6682820064015687E-4
218.205749248	1.3830973E-4	3.156608436256647E-4
218.203799552	1.7423608E-4	2.634503471199423E-4
218.201849856	1.9318907E-4	2.1317573555279523E-4
218.199883776	6.3174375E-5	1.6719423001632094E-4
218.19793408	1.579634E-4	1.2707906716968864E-4
218.195984384	1.5003872E-4	9.359719115309417E-5
218.194018304	2.7479237E-4	6.680279329884797E-5
218.192068608	1.3533724E-4	4.620580148184672E-5
218.190118912	1.566164E-5	3.0975490517448634E-5
218.188169216	-2.5340287E-5	2.0128323740209453E-5
218.186203136	4.988961E-6	1.2680006875598338E-5
218.18425344	-5.7844187E-7	7.744537469989154E-6
218.182303744	4.958268E-5	4.586457180266734E-6
218.180337664	-4.6362333E-5	2.633833901199978E-6
218.178387968	3.2465407E-5	1.4667501773146796E-6
218.176438272	1.3815978E-4	7.921166798041668E-7
218.174472192	1.4779245E-4	4.148611196796992E-7
218.172522496	-1.4296766E-5	2.1071618050427787E-7
218.1705728	1.2537098E-4	0.0
218.168623104	9.0457965E-5	0.0
218.166657024	-8.490037E-5	0.0
218.164707328	-7.762665E-6	0.0
218.162757632	-6.854687E-5	0.0
218.160791552	1.446679E-4	0.0
