234.319003648	3.6222464E-5	0.0
234.320986112	3.751904E-5	0.0
234.322952192	2.636453E-5	0.0
234.324918272	1.0139834E-4	0.0
234.326900736	9.152501E-5	0.0
234.328866816	2.1081312E-5	0.0
234.33084928	-3.2078784E-5	0.0
234.33281536	3.9261457E-5	0.0
234.33478144	-1.7057206E-5	0.0
234.336763904	-8.645671E-5	0.0
234.338729984	-1.2703549E-5	0.0
234.340712448	-4.169252E-5	0.0
234.342678528	3.0226027E-5	0.0
234.344644608	1.6125296E-4	0.0
234.346627072	8.245335E-5	0.0
234.348593152	4.6628655E-5	0.0
234.350575616	2.055823E-5	0.0
234.352541696	1.171583E-4	0.0
234.354507776	1.358204E-4	0.0
234.35649024	1.2236643E-4	0.0
234.35845632	2.0061909E-4	0.0
234.360438784	1.4850624E-4	0.0
234.362404864	1.0250584E-5	0.0
234.364370944	-1.9643521E-6	0.0
234.366353408	2.5031732E-6	0.0
234.368319488	7.434857E-5	0.0
234.370301952	8.303566E-5	0.0
234.372268032	4.771545E-5	0.0
234.374234112	-4.2009127E-5	1.2826072648408626E-8
234.376216576	-9.80731E-5	2.5522821189838396E-8
234.378182656	-4.3519965E-5	4.9218268571848967E-8
234.38016512	-1.6663416E-5	9.197975003871761E-8
234.3821312	6.6134395E-5	1.6657874368775083E-7
234.38409728	8.064333E-6	2.923567876678135E-7
234.386079744	-5.7976376E-5	4.972383749191067E-7
234.388045824	-5.3674088E-5	8.195551686185354E-7
234.390028288	-2.278906E-5	1.3090133279547445E-6
234.391994368	2.1233682E-6	2.0261163626855705E-6
234.393960448	-3.3797296E-6	3.038989007109194E-6
234.395942912	-7.047075E-5	4.417111540533369E-6
234.397908992	-5.974375E-5	6.221368494152557E-6
234.399891456	-5.2498046E-5	8.491165317536797E-6
234.401857536	-8.797301E-5	1.1230156815145165E-5
234.403823616	-8.336698E-5	1.4392667253559921E-5
234.40580608	7.750535E-5	1.7874875993584283E-5
234.40777216	5.8488233E-5	2.151294393115677E-5
234.409754624	6.0122587E-5	2.5091561838053167E-5
234.411720704	1.0765296E-4	2.8362303055473603E-5
234.413686784	1.3531568E-4	3.1071296689333394E-5
234.415669248	9.4955976E-5	3.29910108121112E-5
234.417635328	1.8140343E-4	3.395175372133963E-5
234.419617792	1.955048E-5	3.386606113053858E-5
234.421583872	7.570685E-5	3.2741798349888995E-5
234.423549952	1.2135868E-4	3.0680963391205296E-5
234.425532416	6.142813E-5	2.7864543881150894E-5
234.427498496	3.8235314E-5	2.4526512788725086E-5
234.42948096	2.3992132E-5	2.092201611958444E-5
234.43144704	5.7238485E-5	1.7295737052336335E-5
234.43341312	9.908249E-5	1.3855698853149079E-5
234.435395584	-5.270751E-6	1.0756270057754591E-5
234.437361664	-1.7537914E-5	8.091566996881738E-6
234.439344128	5.2833562E-5	5.8984619499824475E-6
234.441310208	2.571211E-5	4.166592589172069E-6
234.443276288	4.4872122E-5	2.852083071047673E-6
234.445258752	1.4476497E-4	1.891848910418048E-6
234.447224832	1.06003994E-4	1.2160692222096259E-6
234.449207296	3.4980585E-6	7.575000040560553E-7
234.451173376	-1.1805157E-8	4.572595173613081E-7
234.453139456	-4.994922E-5	2.6748656978270446E-7
234.45512192	4.3980468E-5	1.5163631417181023E-7
234.457088	1.2673692E-4	8.330431455760845E-8
234.459070464	5.8236717E-5	4.435030831473341E-8
234.461036544	1.9157258E-5	2.288182976428743E-8
234.463002624	-5.8300975E-6	1.1440648428617806E-8
234.464985088	2.0706746E-5	0.0
234.466951168	5.6953326E-5	0.0
234.468933632	5.7039764E-5	0.0
234.470899712	-1.2815337E-5	0.0
234.472865792	-6.5340515E-5	0.0
234.474848256	4.5539677E-5	0.0
234.476814336	1.2177571E-4	0.0
234.4787968	8.941234E-5	0.0
234.48076288	3.765699E-5	0.0
234.48272896	1.9429826E-6	0.0
234.484711424	-4.092223E-5	0.0
234.486677504	-7.517901E-5	0.0
234.488659968	1.602167E-5	0.0
234.490626048	7.558921E-5	0.0
234.492592128	-1.364823E-5	0.0
234.494574592	-9.533575E-5	0.0
234.496540672	-1.9206596E-5	0.0
234.498523136	6.4124164E-5	0.0
234.500489216	1.2924623E-4	0.0
234.502455296	1.6303248E-4	0.0
234.50443776	1.252175E-4	0.0
234.50640384	1.1531853E-4	0.0
234.508386304	7.5519274E-5	0.0
234.510352384	-3.725263E-5	2.232418339076503E-8
234.512318464	-6.940648E-5	7.057490591932947E-8
234.514300928	1.0781554E-5	2.043176721144846E-7
234.516267008	8.524045E-5	5.416700901150762E-7
234.518249472	1.341479E-4	1.3150447557563893E-6
234.520215552	6.409497E-5	2.9235161491669714E-6
234.522181632	4.4707016E-5	5.9513240557862446E-6
234.524164096	4.8244994E-5	1.1092884051322471E-5
234.526130176	7.371143E-5	1.893133230623789E-5
234.52811264	8.361206E-5	2.9581513445009477E-5
234.53007872	5.514822E-5	4.2323572415625677E-5
234.532061184	7.326047E-5	5.545188832911663E-5
234.534027264	1.07504646E-4	6.654152821283787E-5
234.535993344	5.0680985E-5	7.31446998543106E-5
234.537975808	2.5112135E-5	7.366031786659732E-5
234.539941888	8.630492E-5	6.795926310587674E-5
234.541924352	2.7298443E-5	5.7436394854448736E-5
234.543890432	6.400472E-5	4.446109232958406E-5
234.545856512	9.5050855E-5	3.151776036247611E-5
234.547838976	5.200678E-5	2.0457830032682978E-5
234.549805056	3.505668E-5	1.215814882016275E-5
234.55178752	9.550796E-5	6.615783149754861E-6
234.5537536	3.1136773E-5	3.2961968372546835E-6
234.55571968	-7.252925E-5	1.503782414147281E-6
234.557702144	-4.385856E-5	6.282231765908364E-7
234.559668224	-2.8437546E-5	2.4033252543631534E-7
234.561650688	-2.892908E-5	8.419546304594405E-8
234.563616768	-2.1186897E-6	2.7011294534418084E-8
234.565582848	2.4930323E-5	0.0
234.567565312	7.058763E-5	0.0
234.569531392	9.010032E-5	0.0
234.571513856	1.221524E-4	0.0
234.573479936	1.3700196E-4	0.0
234.575446016	1.0770907E-4	0.0
234.57742848	4.027782E-5	0.0
234.57939456	8.478174E-5	0.0
234.581377024	1.2441211E-4	0.0
234.583343104	1.1855217E-4	0.0
234.585309184	7.226619E-5	0.0
234.587291648	-6.932867E-5	0.0
234.589257728	2.1649576E-6	0.0
234.591240192	4.7501973E-5	0.0
234.593206272	2.697965E-6	0.0
234.595172352	7.247568E-5	0.0
234.597154816	4.531099E-6	0.0
234.599120896	1.7339753E-5	0.0
234.60110336	5.918911E-5	0.0
234.60306944	7.727799E-5	0.0
234.60503552	1.9792507E-5	0.0
234.607017984	-1.672519E-5	0.0
234.608984064	5.0368944E-6	0.0
234.610966528	-6.6242996E-5	0.0
234.612932608	5.8895977E-5	0.0
234.614898688	-6.170805E-5	0.0
234.616881152	-4.7149344E-5	0.0
234.618847232	1.5371687E-4	0.0
234.620829696	1.611511E-4	0.0
234.622795776	6.838572E-5	0.0
234.624761856	9.051735E-5	0.0
234.62674432	1.5740335E-6	0.0
234.6287104	-3.715637E-5	0.0
234.630692864	-2.2785567E-5	0.0
234.632658944	7.775931E-5	0.0
234.634625024	6.629767E-5	0.0
234.636607488	9.815417E-5	0.0
234.638573568	4.8394704E-5	0.0
234.640556032	4.033527E-5	0.0
234.642522112	4.5915407E-5	0.0
234.644488192	1.8756557E-5	0.0
234.646470656	7.294915E-6	0.0
234.648436736	5.8671976E-6	0.0
234.6504192	-6.727896E-5	0.0
234.65238528	-3.4878398E-5	0.0
234.65435136	4.112966E-5	0.0
234.656333824	5.0761264E-6	0.0
234.658299904	-3.70737E-5	0.0
234.660282368	1.2743822E-5	0.0
234.662248448	6.46391E-5	0.0
234.664214528	1.9429612E-5	0.0
234.666196992	-6.578615E-5	0.0
234.668163072	-1.0318432E-5	0.0
234.670145536	-8.244726E-6	0.0
234.672111616	-7.7822406E-5	0.0
234.674077696	-9.10556E-5	0.0
234.67606016	-1.0209062E-4	0.0
234.67802624	7.7707045E-6	0.0
234.680008704	4.9897742E-5	0.0
234.681974784	-4.5587458E-5	0.0
234.683940864	-4.204117E-5	0.0
234.685923328	-5.301688E-5	0.0
234.687889408	2.0294752E-5	0.0
234.689871872	9.102833E-5	0.0
234.691837952	4.6219106E-5	0.0
234.693804032	-3.1459585E-5	0.0
234.695786496	-3.618292E-5	0.0
234.697752576	1.7902708E-5	0.0
234.69973504	2.457511E-5	0.0
234.70170112	5.2662228E-5	0.0
234.7036672	7.275691E-5	0.0
234.705649664	5.7642854E-5	0.0
234.707615744	7.1043396E-5	0.0
234.709598208	9.891811E-5	0.0
234.711564288	7.5959004E-5	0.0
234.713530368	-1.6572933E-5	0.0
234.715512832	-8.438405E-5	0.0
234.717478912	-6.3824016E-5	0.0
234.719461376	-5.7706846E-5	0.0
234.721427456	-5.114495E-5	0.0
234.723393536	-6.968832E-5	0.0
234.725376	-1.0253994E-4	0.0
234.72734208	-5.8091846E-5	0.0
234.729324544	9.13439E-5	0.0
234.731290624	1.4912452E-4	0.0
234.733256704	6.5137385E-5	0.0
234.735239168	7.178342E-5	0.0
234.737205248	8.148716E-5	0.0
234.739187712	4.4935394E-5	0.0
234.741153792	3.4834327E-5	0.0
234.743119872	-2.6573649E-5	0.0
234.745102336	-8.7078675E-5	0.0
234.747068416	-1.0373922E-4	0.0
234.74905088	-6.649345E-5	0.0
234.75101696	-8.999689E-5	0.0
234.75298304	-4.786393E-5	0.0
234.754965504	5.7345424E-6	0.0
234.756931584	5.0956278E-5	0.0
234.758914048	5.283522E-5	0.0
234.760880128	-1.13573515E-5	0.0
234.762846208	-2.1718432E-5	0.0
234.764828672	3.943966E-5	0.0
234.766794752	8.208833E-5	0.0
234.768777216	1.04003804E-4	0.0
234.770743296	6.97557E-5	0.0
234.772709376	1.0247175E-4	0.0
234.77469184	1.3535838E-4	0.0
234.77665792	1.0618569E-4	0.0
234.778640384	8.9886125E-6	0.0
234.780606464	8.260603E-5	0.0
234.782572544	1.2000308E-4	0.0
234.784555008	7.708078E-5	0.0
234.786521088	9.437201E-5	0.0
234.788503552	6.8565845E-5	0.0
234.790469632	-3.077406E-5	0.0
234.792435712	6.8469424E-5	0.0
234.794418176	6.14467E-5	0.0
234.796384256	1.0626252E-4	0.0
234.79836672	6.066386E-5	0.0
234.8003328	-1.2904424E-5	0.0
234.80229888	6.8055633E-6	0.0
234.804281344	1.058138E-4	0.0
234.806247424	1.2794657E-4	0.0
234.808229888	2.6342557E-5	0.0
234.810195968	-1.7318267E-5	0.0
234.812162048	9.4507055E-7	0.0
234.814144512	-3.5120454E-5	0.0
234.816110592	-3.6303176E-5	0.0
234.818093056	6.250407E-5	0.0
234.820059136	1.464378E-4	0.0
234.822025216	8.953373E-5	0.0
234.82400768	8.5010266E-5	0.0
234.82597376	6.210037E-5	0.0
234.827956224	2.6750069E-5	0.0
234.829922304	-1.0652631E-5	0.0
234.831888384	4.8990372E-5	0.0
234.833870848	6.78434E-5	0.0
234.835836928	1.19596094E-4	0.0
234.837819392	-1.9703137E-5	0.0
234.839785472	3.526742E-5	0.0
234.841767936	-2.0909432E-5	0.0
234.843734016	1.5245296E-5	0.0
234.845700096	-4.1343013E-5	0.0
234.84768256	-5.635263E-5	0.0
234.84964864	-5.527272E-6	0.0
234.851631104	4.9827195E-5	0.0
234.853597184	1.0819065E-4	0.0
234.855563264	8.1994905E-5	0.0
234.857545728	-3.5337234E-5	0.0
234.859511808	-2.0949115E-5	0.0
234.861494272	1.379706E-5	0.0
234.863460352	4.7712656E-5	0.0
234.865426432	4.6171346E-5	0.0
234.867408896	4.86108E-5	0.0
234.869374976	1.0159343E-5	0.0
234.87135744	-2.9161067E-5	0.0
234.87332352	-1.4820096E-5	0.0
234.8752896	2.5977508E-5	0.0
234.877272064	1.0324649E-4	0.0
234.879238144	9.3715746E-5	0.0
234.881220608	4.433932E-5	0.0
234.883186688	4.4325378E-5	0.0
234.885152768	1.2019339E-4	0.0
234.887135232	1.7367197E-4	0.0
234.889101312	5.6461762E-5	0.0
234.891083776	-1.0748616E-5	0.0
234.893049856	1.717648E-5	0.0
234.895015936	2.8630711E-6	0.0
234.8969984	-3.674663E-5	0.0
234.89896448	-3.416451E-5	0.0
234.900946944	-2.4573124E-5	0.0
234.902913024	-1.4100446E-5	0.0
234.904879104	4.0249037E-5	0.0
234.906861568	4.2968237E-5	0.0
234.908827648	9.7235126E-5	0.0
234.910810112	5.406579E-5	0.0
234.912776192	-3.9723283E-5	0.0
234.914742272	4.8530474E-5	0.0
234.916724736	5.3660315E-5	0.0
234.918690816	-1.6441645E-5	0.0
234.92067328	4.6476296E-5	0.0
234.92263936	6.1295184E-5	0.0
234.92460544	5.6665547E-5	0.0
234.926587904	8.8834655E-5	0.0
234.928553984	7.483551E-5	0.0
234.930536448	6.635107E-5	0.0
234.932502528	1.193098E-4	0.0
234.934468608	7.3014715E-5	0.0
234.936451072	-6.028866E-5	0.0
234.938417152	-1.0323584E-4	0.0
234.940399616	-4.3257784E-5	0.0
234.942365696	1.0913598E-5	0.0
234.944331776	3.059323E-5	0.0
234.94631424	-5.223428E-6	0.0
234.94828032	-3.215246E-5	0.0
234.950262784	-5.8032314E-5	0.0
234.952228864	-2.5367135E-5	0.0
234.954194944	4.2539334E-5	0.0
234.956177408	2.1573225E-5	0.0
234.958143488	9.715568E-6	0.0
234.960125952	1.2900964E-4	0.0
234.962092032	8.746439E-5	0.0
234.964058112	5.6869914E-5	0.0
234.966040576	6.1031267E-5	0.0
234.968006656	-1.1336164E-5	0.0
234.96998912	8.602329E-7	0.0
234.9719552	1.9048963E-5	0.0
234.97392128	-3.615655E-5	0.0
234.975903744	-1.2723853E-4	0.0
234.977869824	-1.7048359E-4	0.0
234.979852288	-1.01285026E-4	0.0
234.981818368	3.5604648E-5	0.0
234.983784448	6.612945E-5	0.0
234.985766912	-3.6966994E-6	0.0
234.987732992	2.233496E-5	0.0
234.989715456	8.700281E-6	0.0
234.991681536	-1.791475E-5	0.0
234.993647616	-1.3828232E-4	0.0
234.99563008	-7.2964067E-6	0.0
234.99759616	8.099906E-5	0.0
234.999578624	2.8142542E-5	0.0
235.001544704	-8.05136E-6	0.0
235.003510784	6.5079184E-6	0.0
235.005493248	2.0138697E-5	0.0
235.007459328	8.474525E-5	0.0
235.009441792	-1.6461494E-5	0.0
235.011407872	-7.382814E-5	0.0
235.013373952	-1.5593909E-5	0.0
235.015356416	3.996158E-5	0.0
235.017322496	4.666643E-5	0.0
235.01930496	1.1502388E-4	0.0
235.02127104	5.4406228E-6	0.0
235.02323712	2.7384503E-5	0.0
235.025219584	-1.0473235E-5	0.0
235.027185664	2.2855482E-5	0.0
235.029168128	5.500852E-5	0.0
235.031134208	1.2182562E-4	0.0
235.033100288	3.937077E-5	0.0
235.035082752	-1.7199441E-4	0.0
235.037048832	-6.182429E-5	0.0
235.039031296	-5.300828E-5	0.0
235.040997376	-1.20605444E-4	0.0
235.042963456	-1.2812372E-4	0.0
235.04494592	1.2804409E-4	0.0
235.046912	1.3215929E-4	0.0
235.048894464	-1.3156696E-5	0.0
235.050860544	-4.4792152E-5	0.0
235.052826624	7.325416E-6	0.0
235.054809088	1.1843753E-4	0.0
235.056775168	-3.7868802E-5	0.0
235.058757632	-2.2453289E-5	0.0
235.060723712	3.5887508E-5	0.0
235.062689792	1.3787179E-4	0.0
235.064672256	9.3947936E-5	0.0
235.066638336	-2.1130025E-5	0.0
235.0686208	-6.184021E-5	0.0
235.07058688	-3.9668437E-5	0.0
235.07255296	1.385454E-5	0.0
235.074535424	3.339232E-5	0.0
235.076501504	1.5255773E-5	0.0
235.078483968	-9.025116E-6	0.0
235.080450048	-3.1526262E-5	0.0
235.082416128	4.8751022E-5	0.0
235.084398592	1.0767613E-5	0.0
235.086364672	-2.190941E-5	0.0
235.088347136	-5.4935143E-5	0.0
235.090313216	2.4485005E-5	0.0
235.092279296	-4.2426127E-5	0.0
235.09426176	-7.133014E-5	0.0
235.09622784	1.4419138E-7	0.0
235.098210304	5.6844478E-5	0.0
235.100176384	7.700951E-5	0.0
235.102142464	3.0252482E-5	0.0
235.104124928	-3.3571578E-5	3.3651772923803946E-8
235.106091008	-5.7526868E-5	6.69314559331724E-8
235.108073472	7.2666844E-6	1.2903342394565698E-7
235.110039552	1.524721E-4	2.411134403246251E-7
235.112005632	1.8112436E-4	4.367034023289307E-7
235.113988096	1.1009541E-4	7.666435521969106E-7
235.115954176	1.2540269E-4	1.304482111663674E-6
235.11793664	9.024206E-5	2.1513603769562906E-6
235.11990272	1.6682471E-4	3.4388276617391966E-6
235.1218688	1.548683E-4	5.327446615410736E-6
235.123851264	5.4004468E-5	7.998835826583672E-6
235.125817344	-3.0507686E-5	1.1639158401521854E-5
235.127799808	2.3264653E-5	1.6413163393735886E-5
235.129765888	1.04211664E-4	2.2430105673265643E-5
235.131731968	6.1287064E-5	2.9705533961532637E-5
235.133714432	2.2215663E-5	3.812566137639806E-5
235.135680512	4.0458235E-5	4.7423098294530064E-5
235.137662976	1.4643952E-5	5.7171640946762636E-5
235.139629056	6.5345186E-5	6.680796650471166E-5
235.141595136	1.8984322E-4	7.567922148155048E-5
235.1435776	2.2331155E-4	8.311344572575763E-5
235.14554368	1.6574415E-4	8.850214362610132E-5
235.147526144	1.467053E-4	9.13810363272205E-5
235.149492224	1.8905873E-4	9.149462130153552E-5
235.151474688	1.983815E-4	8.88327558641322E-5
235.153440768	1.640191E-4	8.363196684513241E-5
235.155406848	1.3072569E-4	7.634179928572848E-5
235.157389312	8.8800865E-5	6.75619812682271E-5
235.159355392	6.837437E-5	5.79623956582509E-5
235.161337856	5.8488466E-5	4.820043614017777E-5
235.163303936	7.650115E-5	3.884880425175652E-5
235.165270016	6.932045E-5	3.034573637705762E-5
235.16725248	4.3608143E-5	2.297167702636216E-5
235.16921856	6.4092965E-5	1.6852134649525397E-5
235.171201024	3.431436E-5	1.1980782801401801E-5
235.173167104	-5.021756E-7	8.254474778368603E-6
235.175133184	8.81506E-5	5.511638391908491E-6
235.177115648	8.22392E-5	3.5667314932652516E-6
235.179081728	-2.3717326E-5	2.237022272311151E-6
235.181064192	3.8429E-5	1.3598522627944476E-6
235.183030272	-3.0264673E-6	8.012033845261612E-7
235.184996352	-4.209964E-5	4.575421996833029E-7
235.186978816	4.370436E-5	2.532566725221841E-7
235.188944896	5.7447287E-6	1.3587346359145158E-7
235.19092736	1.752625E-5	7.065732887667764E-8
235.19289344	4.1521456E-5	3.5614700522046405E-8
235.19485952	3.0762003E-5	0.0
235.196841984	-9.045651E-5	0.0
235.198808064	-8.9699504E-5	0.0
235.200790528	2.2562057E-5	0.0
235.202756608	3.722416E-5	0.0
235.204722688	3.272657E-5	0.0
235.206705152	1.1258042E-5	0.0
235.208671232	-3.0234987E-6	0.0
235.210653696	1.6022223E-5	0.0
235.212619776	9.340233E-5	0.0
235.214585856	3.0707055E-5	0.0
235.21656832	-4.5488185E-5	0.0
235.2185344	2.6287522E-5	0.0
235.220516864	3.1998014E-5	0.0
235.222482944	1.1689535E-5	0.0
235.224449024	3.4223303E-6	0.0
235.226431488	2.9217055E-5	0.0
235.228397568	-2.3453631E-5	0.0
235.230380032	-5.3863583E-5	0.0
235.232346112	-2.7888054E-6	0.0
235.234312192	8.877333E-5	0.0
235.236294656	1.1635879E-4	0.0
235.238260736	6.148363E-5	0.0
235.2402432	-1.0062813E-5	0.0
235.24220928	-5.9429254E-5	0.0
235.24417536	1.0630333E-4	0.0
235.246157824	8.9708905E-5	0.0
235.248123904	3.176396E-5	0.0
235.250106368	6.902647E-5	0.0
235.252072448	6.990081E-5	0.0
235.254038528	3.5961606E-5	0.0
235.256020992	3.4021166E-5	0.0
235.257987072	5.7853867E-6	0.0
235.259969536	-1.4591427E-5	0.0
235.261935616	2.6793055E-5	0.0
235.263901696	3.076373E-6	0.0
235.26588416	4.7097867E-5	0.0
235.26785024	2.061603E-5	0.0
235.269832704	9.019404E-5	0.0
235.271798784	1.5474438E-4	0.0
235.273764864	1.515182E-4	0.0
235.275747328	1.0955105E-4	0.0
235.277713408	1.3859941E-4	0.0
235.279695872	9.605191E-5	0.0
235.281661952	3.4309818E-5	0.0
235.283628032	1.18174175E-5	0.0
235.285610496	6.391214E-5	0.0
235.287576576	4.450361E-5	0.0
235.28955904	-5.735958E-5	0.0
235.29152512	-2.9891384E-5	0.0
235.2934912	-1.2670836E-5	0.0
235.295473664	-4.1720592E-5	0.0
235.297439744	-2.6203812E-5	0.0
235.299422208	-3.384533E-5	0.0
235.301388288	9.127321E-6	0.0
235.303354368	7.815655E-5	0.0
235.305336832	8.167692E-5	0.0
235.307302912	1.19017655E-4	0.0
235.309285376	7.914471E-5	0.0
235.311251456	-5.026488E-5	0.0
235.313217536	4.3010088E-5	0.0
235.3152	2.3887387E-5	0.0
235.31716608	2.0077347E-5	0.0
235.319148544	4.33614E-5	0.0
235.321114624	5.4033862E-5	0.0
235.323080704	1.0592803E-4	0.0
235.325063168	9.483732E-5	0.0
235.327029248	7.68836E-5	0.0
235.329011712	3.5610497E-5	0.0
235.330977792	-1.5537435E-7	0.0
235.332943872	-9.981497E-6	0.0
235.334926336	-2.3008502E-5	0.0
235.336892416	3.1278578E-6	0.0
235.33887488	6.673327E-7	0.0
235.34084096	1.6282236E-5	0.0
235.34280704	9.431206E-7	0.0
235.344789504	1.3804482E-5	0.0
235.346755584	3.2818887E-5	0.0
235.348738048	2.785034E-5	0.0
235.350704128	-2.7256512E-5	0.0
235.352670208	-1.3862738E-4	0.0
235.354652672	-1.70778E-4	0.0
235.356618752	-8.029878E-5	0.0
235.358601216	-1.3003784E-5	0.0
235.360567296	2.1016644E-5	0.0
235.362533376	4.9427803E-5	0.0
235.36451584	1.444171E-5	0.0
235.36648192	-1.6346883E-5	0.0
235.368464384	3.0834093E-5	0.0
235.370430464	1.5122478E-5	0.0
235.372396544	2.0866974E-6	0.0
235.374379008	-2.7203823E-6	0.0
235.376345088	-1.974684E-6	0.0
235.378327552	-1.9011397E-5	0.0
235.380293632	-2.2589713E-5	0.0
235.382259712	-4.3692202E-5	0.0
235.384242176	-4.463662E-5	0.0
235.386208256	-6.9235866E-6	0.0
235.38819072	-1.42486715E-5	0.0
235.3901568	-6.421273E-5	0.0
235.39212288	-6.328571E-5	0.0
235.394105344	-2.25638E-6	0.0
235.396071424	-1.3237983E-5	0.0
235.398053888	-4.9602713E-6	0.0
235.400019968	8.356436E-5	0.0
235.401986048	6.216807E-5	0.0
235.403968512	1.785297E-5	0.0
235.405934592	4.6844925E-5	0.0
235.407917056	6.0121714E-5	0.0
235.409883136	4.612609E-5	0.0
235.411849216	1.0298264E-4	0.0
235.41383168	4.1138956E-6	0.0
235.41579776	-5.038153E-6	0.0
235.417780224	9.855391E-5	0.0
235.419746304	2.5865953E-5	0.0
235.421712384	2.4654011E-5	0.0
235.423694848	3.8502953E-5	0.0
235.425660928	2.8845341E-5	0.0
235.427643392	1.0100262E-4	0.0
235.429609472	1.1178198E-4	0.0
235.431575552	3.647366E-5	0.0
235.433558016	5.935544E-5	0.0
235.435524096	-4.446664E-5	0.0
235.43750656	-6.473591E-5	0.0
235.43947264	7.716921E-6	0.0
235.44143872	9.216955E-5	0.0
235.443421184	1.088555E-4	0.0
235.445387264	1.9813578E-4	0.0
235.447369728	1.4771816E-4	0.0
235.449335808	-2.6993166E-5	0.0
235.451301888	-1.4524401E-5	0.0
235.453284352	-3.655143E-5	0.0
235.455250432	-8.6184076E-7	0.0
235.457232896	3.0772306E-5	0.0
235.459198976	5.0963525E-5	0.0
235.46118144	1.4139224E-4	0.0
235.46314752	7.851097E-5	0.0
235.4651136	-1.02379054E-4	0.0
235.467096064	7.6132084E-5	0.0
235.469062144	1.3885715E-4	0.0
235.471044608	6.695629E-5	0.0
235.473010688	9.543689E-5	4.250663110383357E-8
235.474976768	7.213048E-5	1.0812094330958644E-7
235.476959232	2.4932477E-5	2.5971229433707776E-7
235.478925312	2.8110044E-6	5.89117121307936E-7
235.480907776	-4.0731004E-5	1.261913212147192E-6
235.482873856	-6.3445E-5	2.5524975626467494E-6
235.484839936	-1.3577842E-4	4.875181730312761E-6
235.4868224	2.8671184E-5	8.791904292593244E-6
235.48878848	-5.886819E-5	1.4969699805078562E-5
235.490770944	-3.846047E-5	2.406319799774792E-5
235.492737024	1.2522405E-4	3.651610677479766E-5
235.494703104	1.3369917E-4	5.23125781910494E-5
235.496685568	5.4308573E-5	7.075338362483308E-5
235.498651648	7.3964293E-6	9.035861876327544E-5
235.500634112	1.8671389E-4	1.0906415991485119E-4
235.502600192	1.7400629E-4	1.243752776645124E-4
235.504566272	1.4538031E-4	1.3415534340310842E-4
235.506548736	1.07998014E-4	1.3705241144634783E-4
235.508514816	4.9823673E-5	1.3294930977281183E-4
235.51049728	1.1156696E-4	1.231019414262846E-4
235.51246336	8.830377E-5	1.0995823686243966E-4
235.51442944	7.9671256E-5	9.662027878221124E-5
235.516411904	1.08411434E-4	8.624956535641104E-5
235.518377984	1.9217438E-4	8.135595999192446E-5
235.520360448	1.19321994E-4	8.326283568749204E-5
235.522326528	9.020341E-5	9.180425695376471E-5
235.524292608	8.750045E-5	1.0533023305470124E-4
235.526275072	7.492142E-5	1.2103385961381719E-4
235.528241152	8.9435795E-5	1.3555178884416819E-4
235.530223616	2.195078E-4	1.4571499195881188E-4
235.532189696	9.76899E-5	1.492668961873278E-4
235.534155776	7.723553E-5	1.453575532650575E-4
235.53613824	1.9301016E-4	1.3467414828483015E-4
235.53810432	1.7219626E-4	1.1917844676645473E-4
235.540086784	1.021682E-4	1.0154240590054542E-4
235.542052864	8.7805194E-5	8.445716957794502E-5
235.544018944	2.1598982E-5	7.009477121755481E-5
235.546001408	4.7674326E-5	5.967856850475073E-5
235.547967488	4.444415E-5	5.350992796593346E-5
235.549949952	2.583647E-5	5.112373037263751E-5
235.551916032	-6.9638045E-5	5.158550993655808E-5
235.553882112	-5.097577E-5	5.3785643103765324E-5
235.555864576	7.020602E-5	5.6661301641725004E-5
235.557830656	1.2881243E-4	5.932717249379493E-5
235.55981312	1.3677661E-4	6.113014387665316E-5
235.5617792	1.6763144E-4	6.16555698798038E-5
235.56374528	1.7547126E-4	6.070803283364512E-5
235.565727744	2.1060707E-5	5.8255573094356805E-5
235.567693824	-1.6889539E-5	5.4511339840246364E-5
235.569676288	2.0262563E-5	4.968148277839646E-5
235.571642368	-1.518759E-5	4.410053588799201E-5
235.573608448	2.3580691E-5	3.812562863458879E-5
235.575590912	8.253411E-5	3.2099400414153934E-5
235.577556992	1.030073E-5	2.6318972231820226E-5
235.579539456	-2.275626E-5	2.1014624508097768E-5
235.581505536	-1.1931395E-5	1.6339830835931934E-5
235.583471616	-4.0936348E-7	1.2372086530376691E-5
235.58545408	5.6226632E-5	9.122364645008929E-6
235.58742016	6.320824E-5	6.550023954332573E-6
235.589402624	2.8938153E-5	4.5798710743838456E-6
235.591368704	5.71393E-5	3.1184815725282533E-6
235.593334784	5.2652624E-5	2.0678414784924826E-6
235.595317248	1.0194559E-5	1.3353040912988945E-6
235.597283328	9.266292E-6	8.39723668377701E-7
235.599265792	3.5722373E-5	5.142666736901447E-7
235.601231872	7.395366E-5	3.067179648041929E-7
235.603197952	4.0537427E-5	1.7815213482208492E-7
235.605180416	-2.07257E-5	1.0077307877054409E-7
235.607146496	7.0074275E-6	5.551381221380325E-8
235.60912896	6.6816094E-5	2.9782526667077036E-8
235.61109504	2.2085162E-5	1.556057682705614E-8
235.61306112	1.1417385E-5	0.0
235.615043584	1.4459638E-5	0.0
235.617009664	4.5795354E-5	0.0
235.618992128	8.322251E-6	0.0
235.620958208	-1.91271E-5	0.0
235.622924288	4.2927753E-5	0.0
235.624906752	-8.430321E-6	0.0
235.626872832	8.712073E-5	0.0
235.628855296	1.2592714E-4	0.0
235.630821376	8.7016044E-5	0.0
235.632787456	5.180873E-5	0.0
235.63476992	-2.212603E-5	0.0
235.636736	3.63791E-5	0.0
235.638718464	1.2386662E-4	0.0
235.640684544	1.0079147E-4	0.0
235.642650624	-4.8238147E-5	0.0
235.644633088	-1.148594E-4	0.0
235.646599168	3.224075E-6	0.0
235.648581632	1.12409485E-4	0.0
235.650547712	9.256833E-6	0.0
235.652513792	-1.727579E-5	0.0
235.654496256	3.4954963E-5	0.0
235.656462336	-3.023753E-5	0.0
235.6584448	1.16912255E-4	0.0
235.66041088	3.4904497E-5	0.0
235.66237696	2.8715742E-5	0.0
235.664359424	6.848604E-5	0.0
235.666325504	8.022772E-5	0.0
235.668307968	-5.2507858E-6	0.0
235.670274048	2.473978E-5	0.0
235.672240128	2.8993101E-5	0.0
235.674222592	-1.6186754E-5	0.0
235.676188672	-1.2810506E-5	0.0
235.678171136	4.8782018E-5	0.0
235.680137216	-3.6893533E-5	0.0
235.682103296	-6.4621345E-5	0.0
235.68408576	3.755766E-5	0.0
235.68605184	6.193285E-5	0.0
235.688034304	1.0936851E-4	0.0
235.690000384	1.6574269E-4	7.144122804447761E-8
235.691966464	1.4148637E-4	2.173360087454057E-7
235.693948928	5.3325854E-5	6.06001663072675E-7
235.695915008	-5.9017304E-5	1.548696218378609E-6
235.697897472	-5.54825E-5	3.6273734167480143E-6
235.699863552	8.536868E-5	7.786186870362144E-6
235.701829632	7.773262E-5	1.53153214341728E-5
235.703812096	3.3204396E-5	2.7602987756836228E-5
235.705778176	-1.2415043E-5	4.558134241960943E-5
235.70776064	2.061961E-5	6.896468403283507E-5
235.70972672	1.2715936E-4	9.561701881466433E-5
235.7116928	5.2799423E-5	1.2151506962254643E-4
235.713675264	3.695422E-5	1.4159874990582466E-4
235.715641344	-3.8753573E-5	1.5134102432057261E-4
235.717623808	6.348251E-5	1.4838570496067405E-4
235.719589888	3.2509368E-5	1.3345778279472142E-4
235.721555968	-2.4619952E-5	1.100798326660879E-4
235.723538432	1.618965E-4	8.324091322720051E-5
235.725504512	3.710882E-5	5.768892515334301E-5
235.727486976	2.3314973E-5	3.663382449303754E-5
235.729453056	-7.292365E-5	2.1314315745257773E-5
235.731419136	-7.026449E-5	1.136242917709751E-5
235.7334016	9.705178E-6	5.550331025006017E-6
235.73536768	4.180554E-5	2.4845780899340753E-6
235.737350144	-2.5933714E-5	1.0193103889832855E-6
235.739316224	1.3028079E-5	3.832680306459224E-7
235.741282304	6.1245126E-5	1.3208517657403718E-7
235.743264768	1.4648934E-4	4.172221679255017E-8
235.745230848	1.6975384E-4	0.0
235.747213312	7.268809E-6	0.0
235.749179392	3.2125576E-5	0.0
235.751145472	5.2079045E-5	0.0
235.753127936	2.1111377E-5	0.0
235.755094016	2.5458005E-5	0.0
235.75707648	2.8826744E-5	0.0
235.75904256	9.797404E-5	0.0
235.76100864	-2.569432E-5	0.0
235.762991104	-1.2778484E-4	0.0
235.764957184	-1.0678757E-4	0.0
235.766939648	-3.2679734E-5	0.0
235.768905728	-6.609582E-5	0.0
235.770888192	-6.7452384E-6	0.0
235.772854272	5.289075E-5	0.0
235.774820352	3.5800167E-5	0.0
235.776802816	-1.6799331E-5	0.0
235.778768896	-1.945606E-5	0.0
235.78075136	3.4390872E-5	0.0
235.78271744	3.8333917E-5	0.0
235.78468352	1.0108382E-4	0.0
235.786665984	1.758042E-4	0.0
235.788632064	7.350503E-5	0.0
235.790614528	-2.7299866E-6	0.0
235.792580608	5.3441658E-5	0.0
235.794546688	7.382721E-5	0.0
235.796529152	-4.461839E-6	0.0
235.798495232	-1.0725997E-4	0.0
235.800477696	-4.988473E-6	0.0
235.802443776	7.410547E-5	0.0
235.804409856	2.7477723E-5	0.0
235.80639232	1.0021166E-4	0.0
235.8083584	1.8697888E-4	0.0
235.810340864	1.7797203E-4	0.0
235.812306944	1.4505426E-4	0.0
235.814273024	7.684708E-5	0.0
235.816255488	1.16681345E-4	0.0
235.818221568	7.7445366E-5	0.0
235.820204032	4.9439008E-5	0.0
235.822170112	8.140293E-5	0.0
235.824136192	8.5035936E-5	0.0
235.826118656	1.7534282E-4	0.0
235.828084736	2.3185548E-4	0.0
235.8300672	1.8879825E-4	0.0
235.83203328	9.5755255E-5	0.0
235.83399936	6.3672676E-5	0.0
235.835981824	1.4470173E-4	0.0
235.837947904	2.0060169E-4	0.0
235.839930368	1.5848885E-4	0.0
235.841896448	1.2951902E-4	0.0
235.843862528	-5.970087E-6	0.0
235.845844992	-5.4156368E-5	0.0
235.847811072	-1.0549866E-5	0.0
235.849793536	1.86402E-5	0.0
235.851759616	6.0388073E-5	0.0
235.853725696	8.598178E-5	0.0
235.85570816	2.913833E-5	0.0
235.85767424	1.6468663E-4	0.0
235.859656704	1.6331159E-4	0.0
235.861622784	1.6685277E-4	0.0
235.863588864	1.8867046E-4	0.0
235.865571328	1.5396271E-4	0.0
235.867537408	9.1192414E-5	0.0
235.869519872	1.625878E-4	0.0
235.871485952	1.8080515E-4	0.0
235.873452032	2.2759089E-4	0.0
235.875434496	4.5086528E-4	0.0
235.877400576	3.8367385E-4	0.0
235.87938304	2.5850142E-4	0.0
235.88134912	2.8147627E-4	0.0
235.8833152	1.9414983E-4	0.0
235.885297664	8.286313E-5	0.0
235.887263744	9.482996E-5	0.0
235.889246208	3.0345007E-4	0.0
235.891212288	2.2259103E-4	0.0
235.893178368	1.6335204E-4	0.0
235.895160832	2.7721826E-4	0.0
235.897126912	3.0418448E-4	0.0
235.899109376	2.1806978E-4	0.0
235.901075456	9.09432E-5	0.0
235.903041536	1.08371474E-4	0.0
235.905024	2.7056455E-4	0.0
235.90699008	2.2452477E-4	0.0
235.908972544	1.4567563E-4	0.0
235.910938624	4.6495126E-5	0.0
235.912904704	2.1589313E-4	0.0
235.914887168	3.119996E-4	0.0
235.916853248	-5.738004E-5	0.0
235.918835712	2.13954E-5	0.0
235.920801792	4.2902695E-5	0.0
235.922767872	5.3468317E-5	0.0
235.924750336	-3.4858826E-5	0.0
235.926716416	1.9074789E-4	0.0
235.92869888	7.212719E-5	0.0
235.93066496	-1.0061625E-4	0.0
235.93263104	-1.8759922E-4	0.0
235.934613504	-3.3879132E-5	0.0
235.936579584	8.280449E-5	0.0
235.938562048	1.6978044E-4	0.0
235.940528128	3.2556648E-4	0.0
235.942494208	2.7833277E-4	0.0
235.944476672	1.2330267E-4	0.0
235.946442752	1.8434388E-4	0.0
235.948425216	1.7214114E-4	0.0
235.950391296	3.713551E-5	0.0
235.952357376	-1.5092852E-4	0.0
235.95433984	-6.994858E-5	0.0
235.95630592	8.483576E-5	0.0
235.958288384	1.4257031E-4	0.0
235.960254464	2.3164791E-4	0.0
235.962220544	2.3341166E-4	0.0
235.964203008	3.0203376E-4	0.0
235.966169088	2.3664131E-4	0.0
235.968151552	4.912972E-5	0.0
235.970117632	1.229408E-5	0.0
235.972083712	2.2961553E-4	0.0
235.974066176	2.0654847E-4	0.0
235.976032256	-9.330099E-5	0.0
235.97801472	-5.222952E-5	0.0
235.9799808	2.9631465E-5	0.0
235.98194688	4.6974565E-6	0.0
235.983929344	2.8566934E-5	0.0
235.985895424	1.6668997E-5	0.0
235.987877888	-8.312712E-6	0.0
235.989843968	4.2011332E-5	0.0
235.991810048	4.006289E-5	0.0
235.993792512	6.814995E-5	0.0
235.995758592	3.7038477E-5	0.0
235.997741056	-1.3789355E-5	0.0
235.999707136	-1.0807962E-4	0.0
236.001673216	-1.7145637E-4	0.0
236.00365568	-1.9922233E-4	0.0
236.00562176	-1.4607713E-4	0.0
236.007604224	-9.458125E-5	0.0
236.009570304	-2.9587904E-5	0.0
236.011536384	3.528564E-5	0.0
236.013518848	6.288219E-5	0.0
236.015484928	3.8470298E-5	0.0
236.017467392	2.5455909E-5	0.0
236.019433472	5.904726E-5	0.0
236.021399552	3.941108E-5	0.0
236.023382016	4.5637233E-5	0.0
236.025348096	4.932629E-5	0.0
236.02733056	1.0798813E-5	0.0
236.02929664	7.661157E-5	0.0
236.03126272	1.1543794E-4	0.0
236.033245184	6.8963673E-6	0.0
236.035211264	-9.495544E-5	0.0
236.037193728	-7.5371536E-6	0.0
236.039159808	1.2842818E-4	0.0
236.041125888	9.2851886E-5	0.0
236.043108352	6.860715E-6	0.0
236.045074432	-2.170177E-5	0.0
236.047056896	3.0469713E-5	0.0
236.049022976	3.850822E-5	0.0
236.050989056	-4.396646E-5	0.0
236.05297152	-9.996747E-6	0.0
236.0549376	-5.657312E-5	0.0
236.056920064	-3.65653E-5	0.0
236.058886144	3.0652864E-5	0.0
236.060852224	-6.566919E-6	0.0
236.062834688	5.0432E-5	0.0
236.064800768	6.747058E-5	0.0
236.066783232	1.0401169E-4	0.0
236.068749312	2.0376738E-5	0.0
236.070715392	-4.742043E-5	0.0
236.072697856	6.847298E-6	0.0
236.074663936	8.2073806E-5	0.0
236.0766464	1.04264574E-4	0.0
236.07861248	7.883903E-5	0.0
236.080594944	8.261523E-7	0.0
236.082561024	-8.53222E-5	0.0
236.084527104	-8.513566E-5	0.0
236.086509568	-6.724942E-5	0.0
236.088475648	-5.0563616E-5	0.0
236.090458112	9.7956465E-5	0.0
236.092424192	4.659757E-5	0.0
236.094390272	-3.5621375E-5	0.0
236.096372736	-6.186524E-5	0.0
236.098338816	4.4922588E-5	0.0
236.10032128	1.1332256E-4	0.0
236.10228736	1.2581951E-4	0.0
236.10425344	1.6313053E-4	0.0
236.106235904	1.626303E-4	0.0
236.108201984	1.4751412E-4	0.0
236.110184448	1.481659E-4	0.0
236.112150528	3.6974157E-5	0.0
236.114116608	-7.089526E-5	0.0
236.116099072	5.915573E-5	0.0
236.118065152	7.533583E-5	0.0
236.120047616	6.196766E-5	0.0
236.122013696	1.7186285E-4	0.0
236.123979776	2.115837E-4	0.0
236.12596224	-4.340783E-5	0.0
236.12792832	-1.41900855E-5	0.0
236.129910784	1.5309236E-4	0.0
236.131876864	8.918938E-6	0.0
236.133842944	7.1394716E-6	0.0
236.135825408	1.1842088E-4	0.0
236.137791488	7.668488E-5	0.0
236.139773952	8.8527086E-5	6.359023974056299E-9
236.141740032	-5.2602398E-5	1.3993309622151173E-8
236.143706112	4.8709404E-5	2.9627985398406054E-8
236.145688576	4.751274E-5	6.035850219632266E-8
236.147654656	-3.0600426E-5	1.1831011192953156E-7
236.14963712	4.08241E-5	2.231286799769805E-7
236.1516032	-3.577915E-7	4.048906134812569E-7
236.15356928	1.378049E-4	7.069166940709692E-7
236.155551744	1.3659582E-4	1.187530642710044E-6
236.157517824	7.598683E-5	1.919407395689632E-6
236.159500288	6.702637E-5	2.984889533763635E-6
236.161466368	1.3789565E-4	4.466093741939403E-6
236.163432448	8.548853E-5	6.429301720345393E-6
236.165414912	4.1238014E-5	8.905030881578568E-6
236.167380992	9.102373E-5	1.1903666745638475E-5
236.169363456	8.06836E-5	1.5289990187739022E-5
236.171329536	-4.816964E-6	1.891706597234588E-5
236.173295616	-9.440676E-5	2.2559703211300075E-5
236.17527808	6.8932E-5	2.5963126972783357E-5
236.17724416	7.398448E-5	2.8890812245663255E-5
236.179226624	5.0089886E-5	3.118144741165452E-5
236.181192704	-2.6795566E-5	3.280384044046514E-5
236.183158784	1.1477747E-5	3.389704943401739E-5
236.185141248	2.0760244E-4	3.478485450614244E-5
236.187107328	1.6639398E-4	3.595754969865084E-5
236.189089792	1.0534232E-4	3.802055289270356E-5
236.191055872	-9.125582E-6	4.161400283919647E-5
236.193021952	1.4175403E-4	4.731455919682048E-5
236.195004416	9.662255E-5	5.553190931095742E-5
236.196970496	5.7041772E-5	6.6415908804629E-5
236.19895296	1.4024884E-4	7.978963549248874E-5
236.20091904	1.4382681E-4	9.512257383903489E-5
236.20288512	2.0910926E-4	1.115505801863037E-4
236.204867584	1.6766934E-4	1.2794847134500742E-4
236.206833664	1.6783546E-4	1.4304563228506595E-4
236.208816128	1.3095573E-4	1.5557168808300048E-4
236.210782208	1.377838E-4	1.644098956603557E-4
236.212748288	3.031027E-4	1.687364565441385E-4
236.214730752	2.134572E-4	1.6812187095638365E-4
236.216696832	1.6066826E-4	1.6258182586170733E-4
236.218679296	2.2615145E-4	1.5256830374710262E-4
236.220645376	3.2151325E-4	1.3890328409615904E-4
236.222611456	1.5149459E-4	1.2265991244930774E-4
236.22459392	1.18276E-4	1.0504972306080163E-4
236.22656	2.5573721E-5	8.723065548110753E-5
236.228542464	1.16281255E-4	7.021924830041826E-5
236.230508544	9.285608E-5	5.479051105794497E-5
236.232474624	3.4506444E-5	4.1436778701609E-5
236.234457088	8.968638E-5	3.0372739274753258E-5
236.236423168	8.1361664E-5	2.1577568986685947E-5
236.238405632	-2.6176716E-5	1.485787197452737E-5
236.240371712	-2.602152E-5	9.916640010487754E-6
236.242337792	1.7746753E-6	6.415783445845591E-6
236.244320256	7.567425E-5	4.0237850953417365E-6
236.246286336	1.36357085E-5	2.4464702619297896E-6
236.2482688	8.653548E-5	1.4420453453567461E-6
236.25023488	1.1391983E-4	8.240727993324981E-7
236.25220096	5.2781845E-5	4.565726499095035E-7
236.254183424	1.7199152E-4	2.4525371600248036E-7
236.256149504	1.5118039E-4	1.2772841273545055E-7
236.258131968	1.2740227E-4	6.449576517297828E-8
236.260098048	9.612519E-5	0.0
236.262064128	-5.070924E-6	0.0
236.264046592	-3.136731E-5	0.0
236.266012672	-7.27547E-5	0.0
236.267995136	6.4633365E-5	0.0
236.269961216	1.0980248E-4	0.0
236.271927296	5.4376764E-5	0.0
236.27390976	-6.5269676E-5	0.0
236.27587584	5.1450053E-5	0.0
236.277858304	1.7046304E-4	0.0
236.279824384	1.10940295E-4	0.0
236.281790464	5.3957086E-5	0.0
236.283772928	2.4849647E-5	0.0
236.285739008	2.4515768E-5	0.0
236.287721472	8.845756E-5	0.0
236.289687552	8.512662E-5	0.0
236.291653632	8.573917E-5	0.0
236.293636096	8.616845E-5	0.0
236.295602176	1.0782755E-4	0.0
236.29758464	1.6570093E-4	0.0
236.29955072	9.335777E-5	0.0
236.3015168	2.2585573E-5	0.0
236.303499264	1.4108355E-5	0.0
236.305465344	1.835408E-5	0.0
236.307447808	-2.5054982E-5	0.0
236.309413888	-3.6994843E-5	0.0
236.311379968	4.972565E-5	0.0
236.313362432	7.421324E-5	0.0
236.315328512	7.6142795E-5	0.0
236.317310976	5.7384674E-5	0.0
236.319277056	5.109944E-5	0.0
236.321243136	7.564465E-5	0.0
236.3232256	-5.064405E-6	0.0
236.32519168	2.5849335E-5	0.0
236.327174144	1.09144705E-4	0.0
236.329140224	1.268079E-4	0.0
236.331106304	1.557471E-4	0.0
236.333088768	1.9763816E-4	0.0
236.335054848	5.449181E-5	0.0
236.337037312	-2.22134E-5	0.0
236.339003392	5.3164502E-5	0.0
236.340969472	-4.312542E-5	0.0
236.342951936	-3.9141905E-5	0.0
236.344918016	9.614184E-5	0.0
236.34690048	4.1953765E-5	0.0
236.34886656	1.2883258E-5	0.0
236.35083264	4.987024E-5	0.0
236.352815104	1.07085325E-5	0.0
236.354781184	2.0978401E-5	0.0
236.356763648	1.1825305E-5	0.0
236.358729728	-1.2978726E-5	0.0
236.360695808	-3.2381395E-6	0.0
236.362678272	8.76396E-6	0.0
236.364644352	6.212546E-5	0.0
236.366626816	3.9262068E-5	0.0
236.368592896	4.5038334E-5	0.0
236.370558976	5.348313E-5	0.0
236.37254144	2.243691E-5	0.0
236.37450752	5.4613156E-6	0.0
236.376489984	7.616707E-5	0.0
236.378456064	5.4131913E-5	0.0
236.380422144	1.8530623E-5	0.0
236.382404608	2.881094E-5	0.0
236.384370688	7.29396E-5	0.0
236.386353152	-6.7021436E-5	0.0
236.388319232	-1.0459877E-5	0.0
236.390301696	8.321427E-5	0.0
236.392267776	1.3931251E-4	0.0
236.394233856	1.8068193E-5	0.0
236.39621632	-4.371501E-6	0.0
236.3981824	-2.0299241E-5	0.0
236.400164864	1.0331454E-4	0.0
236.402130944	1.10054054E-4	0.0
236.404097024	-5.5248547E-5	0.0
236.406079488	4.2426178E-5	0.0
236.408045568	1.00755E-4	0.0
236.410028032	-1.0185049E-5	0.0
236.411994112	-6.140441E-5	0.0
236.413960192	1.1881562E-5	0.0
236.415942656	-1.7345196E-4	0.0
236.417908736	1.5204259E-5	0.0
236.4198912	1.112137E-5	0.0
236.42185728	-5.844096E-5	0.0
236.42382336	-1.340979E-4	0.0
236.425805824	1.0545064E-4	0.0
236.427771904	7.422241E-5	0.0
236.429754368	8.455872E-5	0.0
236.431720448	-2.1625372E-5	0.0
236.433686528	-2.2610973E-5	0.0
236.435668992	2.2158503E-5	0.0
236.437635072	-1.5522663E-5	0.0
236.439617536	2.0173423E-4	0.0
236.441583616	1.1636676E-4	0.0
236.443549696	1.3212518E-4	0.0
236.44553216	1.232376E-4	0.0
236.44749824	1.6780516E-4	0.0
236.449480704	1.6599869E-4	0.0
236.451446784	9.063493E-5	0.0
236.453412864	1.3614113E-5	0.0
236.455395328	-1.6897906E-5	0.0
236.457361408	-5.0626295E-6	0.0
236.459343872	7.112643E-5	0.0
236.461309952	1.5172391E-5	0.0
236.463276032	-4.5716926E-5	0.0
236.465258496	-7.3660834E-5	0.0
236.467224576	1.1511221E-4	0.0
236.46920704	2.1564703E-4	2.940804790796392E-7
236.47117312	1.2487323E-4	6.368452432070626E-7
236.4731392	1.1934094E-4	1.3270687304611783E-6
236.475121664	-2.101943E-5	2.6608884127199417E-6
236.477087744	-5.92084E-5	5.133601916895714E-6
236.479070208	-4.459183E-5	9.529170711175539E-6
236.481036288	-4.6637788E-7	1.7017240679706447E-5
236.483002368	3.4290668E-5	2.923311694758013E-5
236.484984832	-2.946411E-5	4.829913086723536E-5
236.486950912	9.614345E-6	7.676616223761812E-5
236.488933376	1.1078497E-4	1.1727608944056556E-4
236.490899456	1.7419124E-4	1.7222769383806735E-4
236.492865536	2.9688355E-4	2.4311081506311893E-4
236.494848	4.039084E-4	3.2984628342092037E-4
236.49681408	4.6341625E-4	4.302299930714071E-4
236.498796544	5.4568384E-4	5.39675704203546E-4
236.500762624	7.0446223E-4	6.51419279165566E-4
236.502728704	7.7821023E-4	7.572012837044895E-4
236.504711168	9.551697E-4	8.483303245157003E-4
236.506677248	0.0011142907	9.168797987513244E-4
236.508659712	0.0010753748	9.567933157086372E-4
236.510625792	9.662926E-4	9.647004771977663E-4
236.512591872	9.2711486E-4	9.403405711054802E-4
236.514574336	7.9814147E-4	8.865523850545287E-4
236.516540416	6.968544E-4	8.088405011221766E-4
236.51852288	6.441223E-4	7.145715062506497E-4
236.52048896	6.156351E-4	6.119056488387287E-4
236.52245504	5.5154774E-4	5.086617893539369E-4
236.524437504	3.943347E-4	4.1132731712423265E-4
236.526403584	3.011837E-4	3.244325052946806E-4
236.528386048	2.7110023E-4	2.5037865270860493E-4
236.530352128	1.9882679E-4	1.896784669952467E-4
236.532318208	1.09219734E-4	1.4146992180030793E-4
236.534300672	6.9175076E-5	1.0410213144496083E-4
236.536266752	-2.1172793E-5	7.564955012639984E-5
236.538249216	-5.8651964E-5	5.426284042187035E-5
236.540215296	5.0018814E-5	3.835234383586794E-5
236.542181376	1.4451706E-4	2.663877785380464E-5
236.54416384	9.798001E-5	1.8125681890523992E-5
236.54612992	2.267725E-5	1.2042827620462049E-5
236.548112384	-3.298854E-5	7.789541996316984E-6
236.550078464	-1.3931003E-5	4.892307515547145E-6
236.552044544	-1.2382505E-5	2.824996727213147E-6
236.554027008	1.4213548E-6	1.6868538068592898E-6
236.555993088	1.3008674E-4	9.69227130553918E-7
236.557975552	1.4802926E-4	5.358759267437563E-7
236.559941632	8.717402E-5	2.850999578640767E-7
236.561907712	2.428742E-5	1.4595769926017965E-7
236.563890176	2.034839E-5	7.190435269421869E-8
236.565856256	8.1344726E-5	3.4086514943965085E-8
236.56783872	9.288044E-5	1.5549336040976414E-8
236.5698048	6.115199E-5	0.0
236.57177088	7.2244686E-5	0.0
236.573753344	8.429155E-5	0.0
236.575719424	1.2790413E-4	0.0
236.577701888	9.1860784E-5	0.0
236.579667968	7.053233E-5	0.0
236.581634048	1.7929193E-5	0.0
236.583616512	-3.673368E-5	0.0
236.585582592	-3.767951E-5	0.0
236.587565056	1.7558742E-6	0.0
236.589531136	7.1035276E-5	0.0
236.591497216	1.1797918E-5	0.0
236.59347968	1.5471998E-6	0.0
236.59544576	4.3590884E-5	0.0
236.597428224	-3.0272731E-5	0.0
236.599394304	-8.372317E-6	0.0
236.601360384	1.802122E-5	0.0
236.603342848	6.584563E-5	0.0
236.605308928	9.655724E-5	0.0
236.607291392	5.706584E-5	0.0
236.609257472	3.789471E-5	0.0
236.611223552	6.834087E-5	0.0
236.613206016	1.7191032E-5	0.0
236.615172096	-1.2678811E-5	0.0
236.61715456	-5.225056E-5	1.543315875096596E-8
236.61912064	-1.4595184E-4	3.383036784043725E-8
236.62108672	-1.19429285E-4	7.136356572345903E-8
236.623069184	-3.542702E-5	1.4486538191249565E-7
236.625035264	-1.5441596E-4	2.8298902066126175E-7
236.627017728	-9.990121E-5	5.319693627825473E-7
236.628983808	7.2664225E-6	9.623221330912202E-7
236.630949888	6.7167E-5	1.6751904468037537E-6
236.632932352	4.1237374E-5	2.8061697321390966E-6
236.634898432	-1.2614317E-5	4.523390543909045E-6
236.636880896	6.0787726E-5	7.016275503701763E-6
236.638846976	2.3953744E-5	1.0472259418747853E-5
236.640813056	2.7776037E-5	1.5040350263006985E-5
236.64279552	3.4381093E-5	2.0785348169738427E-5
236.6447616	-8.897408E-6	2.7640167900244705E-5
236.646744064	-5.3016167E-5	3.536828080541454E-5
236.648710144	6.211731E-5	4.355048804427497E-5
236.650676224	7.012168E-5	5.1605369662865996E-5
236.652658688	2.6552018E-5	5.884926576982252E-5
236.654624768	3.7691974E-5	6.458826828747988E-5
236.656607232	2.130905E-5	6.822623254265636E-5
236.658573312	-5.875831E-5	6.936613499419764E-5
236.660539392	1.9428127E-5	6.788061000406742E-5
236.662521856	1.5178939E-5	6.393530929926783E-5
236.664487936	-2.6113838E-5	5.7958783145295456E-5
236.6664704	3.873875E-5	5.0566286518005654E-5
236.66843648	1.0411041E-4	4.245650416123681E-5
236.67040256	1.4519902E-4	3.4304262953810394E-5
236.672385024	5.679605E-5	2.667189073690679E-5
236.674351104	2.1001917E-5	1.9954930394305848E-5
236.676333568	-2.3324264E-5	1.436578077118611E-5
236.678299648	1.3515273E-4	9.951534593710676E-6
236.680265728	1.8439645E-5	6.633406883338466E-6
236.682248192	1.4322145E-4	4.254723990015918E-6
236.684214272	3.021066E-5	2.6950697247229982E-6
236.686196736	-6.0911643E-5	1.709429056973022E-6
236.688162816	-6.548963E-5	1.2043933566019405E-6
236.690128896	3.834972E-5	1.1204219845240004E-6
236.69211136	7.149701E-5	1.481617118770373E-6
236.69407744	7.457148E-5	2.4152855075953994E-6
236.696059904	9.540752E-5	4.173065008217236E-6
236.698025984	4.205909E-5	7.150706551328767E-6
236.700008448	9.998632E-6	1.1884552804986015E-5
236.701974528	-8.354447E-6	1.9103077647741884E-5
236.703940608	5.3539272E-5	2.956647949758917E-5
236.705923072	7.481796E-5	4.4058335333829746E-5
236.707889152	7.4066615E-5	6.320478860288858E-5
236.709871616	8.116588E-5	8.728622196940705E-5
236.711837696	7.6617915E-5	1.1604477185755968E-4
236.713803776	1.6857575E-4	1.48538762005046E-4
236.71578624	1.9437588E-4	1.8309800361748785E-4
236.71775232	2.0279195E-4	2.174153196392581E-4
236.719734784	1.7220677E-4	2.48785043368116E-4
236.721700864	2.0078493E-4	2.744463854469359E-4
236.723666944	3.3038986E-4	2.9197405092418194E-4
236.725649408	4.0116548E-4	2.9963755514472723E-4
236.727615488	3.604899E-4	2.96663522021845E-4
236.729597952	3.045329E-4	2.8335326351225376E-4
236.731564032	2.46449E-4	2.6103691197931767E-4
236.733530112	2.0391731E-4	2.3187130864243954E-4
236.735512576	1.6406811E-4	1.98516107047908E-4
236.737478656	1.3601915E-4	1.63749122293666E-4
236.73946112	8.544426E-5	1.300907606491819E-4
236.7414272	8.301654E-5	9.951410174835473E-5
236.74339328	2.9538623E-5	7.328634092118591E-5
236.745375744	-3.799465E-6	5.195604171603918E-5
236.747341824	8.74992E-5	3.5459368518786505E-5
236.749324288	1.5950883E-4	2.329904782527592E-5
236.751290368	1.4207549E-4	1.4740226106368937E-5
236.753256448	1.1645803E-4	8.979960512078833E-6
236.755238912	9.690759E-5	5.268574568617623E-6
236.757204992	3.921233E-5	2.977109488710994E-6
236.759187456	3.8287555E-5	1.620354964870785E-6
236.761153536	6.9973335E-5	8.494882308696106E-7
236.763119616	2.8322229E-5	4.289935304768733E-7
236.76510208	-4.5165947E-5	2.0868753836111864E-7
236.76706816	-7.79534E-5	9.779205356608145E-8
236.769050624	-9.928894E-5	0.0
236.771016704	-6.885646E-5	0.0
236.772982784	3.50492E-5	0.0
236.774965248	1.547993E-4	0.0
236.776931328	8.910433E-5	0.0
236.778913792	3.142461E-5	0.0
236.780879872	-1.9640403E-5	0.0
236.782845952	3.1212385E-5	0.0
236.784828416	5.3159816E-5	0.0
236.786794496	2.2743432E-5	0.0
236.78877696	5.626758E-5	0.0
236.79074304	1.2873574E-4	0.0
236.79270912	-4.1795724E-5	0.0
236.794691584	-7.650742E-5	0.0
236.796657664	8.681451E-6	0.0
236.798640128	6.8305715E-5	0.0
236.800606208	2.0261836E-5	0.0
236.802572288	4.385282E-5	0.0
236.804554752	7.4977506E-5	0.0
236.806520832	5.4224987E-5	0.0
236.808503296	5.3090345E-5	0.0
236.810469376	1.1345824E-4	0.0
236.812435456	2.5234109E-5	0.0
236.81441792	-7.987888E-5	0.0
236.816384	-4.8609556E-5	0.0
236.818366464	5.3918437E-5	0.0
236.820332544	6.515147E-5	0.0
236.822298624	4.362875E-5	0.0
236.824281088	-3.7984955E-5	0.0
236.826247168	1.9359628E-4	0.0
236.828229632	5.679532E-5	0.0
236.830195712	-9.436949E-5	0.0
236.832161792	-6.603777E-5	0.0
236.834144256	-2.3095581E-5	0.0
236.836110336	4.4387398E-5	0.0
236.8380928	3.4327717E-5	0.0
236.84005888	-2.0510652E-5	0.0
236.84202496	-9.585743E-6	0.0
236.844007424	4.4802156E-5	0.0
236.845973504	1.45069025E-5	0.0
236.847955968	4.101505E-5	0.0
236.849922048	6.3868836E-5	0.0
236.851888128	1.14142735E-4	0.0
236.853870592	6.696877E-5	0.0
236.855836672	-1.7537288E-5	0.0
236.857819136	-9.768389E-5	6.110630579314602E-8
236.859785216	-3.0806612E-5	1.2933509196955129E-7
236.861751296	1.9757583E-5	2.6344932280153444E-7
236.86373376	1.6647046E-4	5.164525305190182E-7
236.86569984	3.2948952E-5	9.743305326992413E-7
236.867682304	-2.3972887E-5	1.7689874312054599E-6
236.869648384	-1.2743567E-5	3.0908577173249796E-6
236.871614464	-2.4875717E-5	5.1971387620142195E-6
236.873596928	-4.2450865E-5	8.409391739405692E-6
236.875563008	-1.7125207E-5	1.3093977941025514E-5
236.877545472	-6.125517E-5	1.9618926671682857E-5
236.879511552	-6.69095E-5	2.8285359803703614E-5
236.881477632	1.7506634E-4	3.9239967009052634E-5
236.883460096	9.7365715E-5	5.2381594286998734E-5
236.885426176	7.039386E-5	6.728626613039523E-5
236.88740864	7.722153E-5	8.31750949146226E-5
236.88937472	2.5823578E-5	9.894996037473902E-5
236.8913408	4.7099293E-5	1.1330153938615695E-4
236.893323264	7.788777E-5	1.248807238880545E-4
236.895289344	1.2098391E-4	1.325054035987705E-4
236.897271808	1.3131909E-4	1.3535575999412686E-4
236.899237888	1.307876E-4	1.3311742804944515E-4
236.901203968	1.2529259E-4	1.260376302525401E-4
236.903186432	6.4893204E-5	1.1488092422951013E-4
236.905152512	2.0354083E-4	1.0079540516017005E-4
236.907134976	2.039101E-4	8.512079512001947E-5
236.909101056	9.095848E-5	6.918170402059332E-5
236.911067136	1.6744657E-4	5.410913945524953E-5
236.9130496	1.3745656E-4	4.072388037457131E-5
236.91501568	1.3252972E-4	2.94924702757271E-5
236.916998144	9.94623E-5	2.0551997295115143E-5
236.918964224	4.7019985E-5	1.3780980225419626E-5
236.920930304	2.7171696E-5	8.891997822502162E-6
236.922912768	-5.240468E-5	5.521090315596666E-6
236.924878848	-1.1072453E-4	3.2988721159199486E-6
236.926861312	-3.252947E-5	1.896856929306523E-6
236.928827392	1.5581882E-5	1.0496323739062063E-6
236.930793472	-1.7062925E-5	5.589631655311678E-7
236.932775936	-1.9764313E-5	2.8646590521930193E-7
236.934742016	3.0682637E-5	1.4128997349871497E-7
236.93672448	2.7910759E-5	6.706599720018858E-8
236.93869056	-5.825499E-6	3.063674469672151E-8
236.94065664	5.221496E-5	0.0
236.942639104	-1.2308581E-5	0.0
236.944605184	-1.1610584E-5	0.0
236.946587648	1.1829565E-4	0.0
236.948553728	1.220792E-4	0.0
236.950519808	2.9900268E-5	0.0
236.952502272	9.398865E-5	0.0
236.954468352	1.473053E-4	0.0
236.956450816	1.4732165E-4	0.0
236.958416896	1.16514726E-4	0.0
236.960382976	1.482953E-4	0.0
236.96236544	1.3591595E-4	0.0
236.96433152	1.1032708E-4	0.0
236.966313984	1.3516749E-4	0.0
236.968280064	1.294462E-4	0.0
236.970246144	1.6185256E-4	0.0
236.972228608	1.4334497E-4	0.0
236.974194688	3.2716238E-5	0.0
236.976177152	-8.985825E-5	0.0
236.978143232	-7.72144E-5	0.0
236.980109312	2.1530472E-5	0.0
236.982091776	1.0912628E-4	0.0
236.984057856	5.7417095E-5	0.0
236.98604032	8.872663E-6	0.0
236.9880064	-2.4529818E-5	0.0
236.98997248	-5.5298402E-5	0.0
236.991954944	-5.227853E-5	0.0
236.993921024	-7.998542E-5	0.0
236.995903488	5.818594E-6	0.0
236.997869568	1.5507992E-4	0.0
236.999852032	1.6500037E-4	0.0
237.001818112	1.1667686E-4	0.0
237.003784192	9.049372E-5	0.0
237.005766656	-5.589915E-5	0.0
237.007732736	-1.4474217E-4	0.0
237.0097152	-1.1555647E-4	0.0
237.01168128	-7.068952E-5	0.0
237.01364736	-6.7197805E-5	0.0
237.015629824	-1.710575E-5	0.0
237.017595904	5.5814988E-5	0.0
237.019578368	1.3615626E-4	5.6031286277402614E-8
237.021544448	7.560443E-5	1.1306430280910718E-7
237.023510528	6.153998E-5	2.2125156817764946E-7
237.025492992	-1.891109E-5	4.1986629639723105E-7
237.027459072	-5.300368E-5	7.726706598987221E-7
237.029441536	-8.382977E-5	1.3789025388177834E-6
237.031407616	-9.14565E-5	2.3862303351052105E-6
237.033373696	3.487839E-5	4.004240054200636E-6
237.03535616	5.898649E-5	6.515358563774498E-6
237.03732224	-4.0708026E-5	1.027882444759598E-5
237.039304704	-7.8358134E-5	1.5722020179964602E-5
237.041270784	2.49892E-5	2.3312974008149467E-5
237.043236864	4.0448864E-5	3.355776789248921E-5
237.045219328	-3.3057677E-5	4.679232006310485E-5
237.047185408	-6.6381326E-5	6.326670700218529E-5
237.049167872	3.681813E-5	8.305774099426344E-5
237.051133952	6.5552464E-5	1.0574856423772871E-4
237.053100032	1.7785886E-5	1.3075447350274771E-4
237.055082496	1.0634128E-4	1.571725297253579E-4
237.057048576	1.1736098E-4	1.839389733504504E-4
237.05903104	2.0080515E-4	2.1000274864491075E-4
237.06099712	1.9337812E-4	2.3452870664186776E-4
237.0629632	2.486205E-4	2.5709072360768914E-4
237.064945664	2.3041012E-4	2.778019697871059E-4
237.066911744	2.3852235E-4	2.9734172858297825E-4
237.068894208	2.6112233E-4	3.1685037538409233E-4
237.070860288	1.5057465E-4	3.376876993570477E-4
237.072826368	3.252479E-4	3.6108773201704025E-4
237.074808832	3.4647572E-4	3.877691051457077E-4
237.076774912	3.4165595E-4	4.175944486632943E-4
237.078757376	3.1954216E-4	4.493621236179024E-4
237.080723456	3.5413852E-4	4.80809947475791E-4
237.082689536	4.893944E-4	5.088494508527219E-4
237.084672	5.169999E-4	5.300049670040607E-4
237.08663808	5.310955E-4	5.409669829532504E-4
237.088620544	5.345021E-4	5.39161846973002E-4
237.090586624	5.726502E-4	5.232174880802631E-4
237.092552704	5.256994E-4	4.932405427098274E-4
237.094535168	5.344834E-4	4.508483689278364E-4
237.096501248	3.7255717E-4	3.9894995279610157E-4
237.098483712	4.2316408E-4	3.4131421125493944E-4
237.100449792	3.5886656E-4	2.8201256645843387E-4
237.102415872	2.90613E-4	2.2484277724288404E-4
237.104398336	2.3943638E-4	1.7285838839598E-4
237.106364416	1.7174655E-4	1.280804572161287E-4
237.10834688	1.218329E-4	9.143354691332206E-5
237.11031296	6.0158298E-5	6.287235009949654E-5
237.11227904	-3.2527085E-5	4.159131276537664E-5
237.114261504	1.0010142E-4	2.653355841175653E-5
237.116227584	1.285209E-4	1.629975849937182E-5
237.118210048	9.145746E-5	9.641742508392781E-6
237.120176128	5.8958434E-5	5.49183641851414E-6
237.122142208	1.1214423E-4	3.0120181691017933E-6
237.124124672	1.486333E-4	1.5906256294329069E-6
237.126090752	-4.8876147E-5	8.238886266553891E-7
237.128073216	-1.3807137E-4	4.924554559693206E-7
237.130039296	-5.0503226E-5	4.824797201763431E-7
237.132005376	4.8805243E-5	7.86488271842245E-7
237.13398784	1.4012198E-4	1.8974054682985297E-6
237.13595392	1.15851275E-4	4.199683644401375E-6
237.137936384	7.869651E-5	8.527801583113614E-6
237.139902464	2.7955433E-5	1.5885310858720914E-5
237.141868544	5.414376E-5	2.714317088248208E-5
237.143851008	1.0085305E-4	4.2542957089608535E-5
237.145817088	1.08381864E-4	6.116794975241646E-5
237.147799552	-1.9732415E-5	8.068901661317796E-5
237.149765632	-1.3295725E-5	9.767872688826174E-5
237.151731712	2.8556497E-6	1.0853906132979318E-4
237.153714176	-4.319754E-5	1.1072534834966063E-4
237.155680256	-6.3367945E-5	1.0370474774390459E-4
237.15766272	-4.810376E-5	8.916440128814429E-5
237.1596288	5.897415E-5	7.036056922515854E-5
237.16159488	1.5250144E-4	5.0945607654284686E-5
237.163577344	3.285847E-5	3.3840566175058484E-5
237.165543424	3.554347E-5	2.061953091470059E-5
237.167525888	1.3799606E-4	1.1524482033564709E-5
237.169491968	1.5014877E-4	5.908639195695287E-6
237.171458048	8.194631E-6	2.779087708404404E-6
237.173440512	6.9692433E-6	1.1992141253358568E-6
237.175406592	8.15137E-5	4.747736568333494E-7
237.177389056	1.1968856E-4	1.7246027539385977E-7
237.179355136	2.3033876E-4	5.747855880144925E-8
237.181321216	2.2681885E-4	0.0
237.18330368	1.6127682E-4	0.0
237.18526976	6.4256965E-5	0.0
237.187252224	2.89899E-5	0.0
237.189218304	6.4359614E-5	0.0
237.191184384	4.5728008E-5	0.0
237.193166848	6.472225E-5	0.0
237.195132928	8.99789E-5	0.0
237.197115392	6.7885485E-5	7.215568745798373E-15
237.199081472	4.1128962E-5	1.6712851127987857E-14
237.201047552	1.5657639E-5	3.697072148748336E-14
237.203030016	-4.8610895E-5	7.81038374166737E-14
237.204996096	-1.0449108E-5	1.5758423212164363E-13
237.20697856	1.2004275E-4	3.0365071351443063E-13
237.20894464	5.991266E-5	5.588077743590159E-13
237.21091072	6.968832E-5	9.821309347388119E-13
237.212893184	1.6156909E-4	1.6485434978924518E-12
237.214859264	1.7310096E-5	2.6427378081034236E-12
237.216841728	-5.564184E-5	4.046065132240484E-12
237.218807808	8.758863E-5	5.9160601764696175E-12
237.220773888	2.3054126E-6	8.261431469480662E-12
237.222756352	-5.7802452E-5	1.1017994676343346E-11
237.224722432	-4.1297466E-5	1.403367092672747E-11
237.226704896	-3.6255635E-5	1.7071163926907218E-11
237.228670976	-1.1612854E-5	1.9832555736565283E-11
237.230637056	5.2226515E-5	2.2004748717607825E-11
237.23261952	8.762644E-5	2.331724743842578E-11
237.2345856	-2.2828539E-5	2.3597237011618866E-11
237.236568064	-3.4932546E-5	2.2806990671031535E-11
237.238534144	7.352272E-5	2.1052215526395912E-11
237.240500224	8.408392E-5	1.8558821146541504E-11
237.242482688	4.194483E-5	1.562522854159365E-11
237.244448768	8.810412E-5	1.2563908247109623E-11
237.246431232	9.477018E-5	9.648194569666924E-12
237.248397312	9.167135E-6	3.664339232045677E-8
237.250363392	2.1080963E-5	1.1492842588722851E-7
237.252345856	1.9450216E-4	3.284870899733505E-7
237.254311936	8.893201E-5	8.554778219149739E-7
237.2562944	4.5176344E-5	2.0298452909628395E-6
237.25826048	9.85581E-5	4.387833087093895E-6
237.26022656	8.999738E-5	8.640005034976639E-6
237.262209024	1.7968878E-4	1.5495455954805948E-5
237.264175104	2.424151E-4	2.530999518057797E-5
237.266157568	-1.9174553E-5	3.765402652788907E-5
237.268123648	-5.2844352E-5	5.103459989186376E-5
237.270089728	9.8917095E-5	6.304111593635753E-5
237.272072192	2.2390291E-4	7.100411312421784E-5
237.274038272	-1.0023086E-5	7.294371607713401E-5
237.276020736	1.1957785E-5	6.835560634499416E-5
237.277986816	7.4885946E-5	5.841923484695144E-5
237.279952896	1.2924992E-4	4.551545134745538E-5
237.28193536	2.2080333E-4	3.231409937143326E-5
237.28390144	2.5032702E-4	2.0898025468341075E-5
237.285883904	9.675599E-5	1.2309160410950426E-5
237.287849984	6.338324E-5	6.603248493775027E-6
237.289816064	-4.8788894E-5	3.226496573915938E-6
237.291798528	-4.84048E-6	1.4426618690777104E-6
237.293764608	1.823588E-4	5.965630407445133E-7
237.295747072	1.4363368E-4	2.449235694257368E-7
237.297713152	1.6518273E-4	1.325440877053552E-7
237.299679232	9.4375006E-5	1.3914161911543488E-7
237.301661696	1.4419628E-4	2.1893364987590758E-7
237.303627776	2.0415914E-4	3.9459749245907005E-7
237.30561024	-2.2529293E-5	6.845512530162523E-7
237.30757632	-1.5918154E-4	1.1809885336333537E-6
237.309558784	1.1114281E-6	1.9543947473721346E-6
237.311524864	-1.7604722E-5	3.174681069140206E-6
237.313490944	3.8286173E-4	5.097899702377617E-6
237.315473408	1.135966E-4	8.134357813105453E-6
237.317439488	-3.578766E-5	1.2903436982014682E-5
237.319421952	1.944487E-4	2.0235442207194865E-5
237.321388032	2.347956E-4	3.104135248577222E-5
237.323354112	2.7506644E-4	4.5984499593032524E-5
237.325336576	2.0348187E-5	6.497956928797066E-5
237.327302656	2.6064893E-4	8.670126408105716E-5
237.32928512	4.189421E-4	1.084140531020239E-4
237.3312512	3.4088866E-4	1.2639268243219703E-4
237.33321728	3.4853196E-4	1.3693617074750364E-4
237.335199744	2.0506843E-4	1.3761733134742826E-4
237.337165824	1.9074905E-4	1.281910081161186E-4
237.339148288	1.4066305E-4	1.1070348409703001E-4
237.341114368	3.6389797E-4	8.874326158547774E-5
237.343080448	3.0151577E-4	6.620836938964203E-5
237.345062912	2.4083453E-4	4.619177707354538E-5
237.347028992	2.4224327E-4	3.0334520488395356E-5
237.349011456	3.1808947E-4	1.8946057025459595E-5
237.350977536	2.8009716E-4	1.142082237493014E-5
237.352943616	3.2338532E-4	6.7927535383205395E-6
237.35492608	2.9154282E-4	4.135018116357969E-6
237.35689216	2.1791256E-4	2.749213763308944E-6
237.358874624	1.01072874E-4	2.1934665710432455E-6
237.360840704	1.8275167E-4	2.2612978227698477E-6
237.362806784	2.7877642E-4	2.8135850698163267E-6
237.364789248	1.6131274E-4	3.938655481761089E-6
237.366755328	-2.531353E-6	5.651440915244166E-6
237.368737792	-3.7421898E-5	8.071905540418811E-6
237.370703872	-8.97195E-5	1.1346358405717183E-5
237.372669952	-2.494417E-5	1.5626472304575145E-5
237.374652416	-7.299676E-5	2.1060070139355958E-5
237.376618496	-9.012787E-5	2.7774105546995997E-5
237.37860096	-4.9082115E-5	3.587277387850918E-5
237.38056704	-2.327844E-5	4.540579175227322E-5
237.38253312	9.657826E-6	5.6377146393060684E-5
237.384515584	-9.762947E-5	6.873450183775276E-5
237.386481664	-9.9392346E-5	8.236565190600231E-5
237.388464128	5.5723078E-5	9.72108100540936E-5
237.390430208	1.09306115E-4	1.1292365525150672E-4
237.392396288	1.2799671E-4	1.2929350486956537E-4
237.394378752	1.03747894E-4	1.4601646398659796E-4
237.396344832	8.16465E-5	1.6277005488518625E-4
237.398327296	1.17922216E-4	1.792544062482193E-4
237.400293376	1.8302367E-4	1.9525417883414775E-4
237.402259456	2.1876769E-4	2.1071555966045707E-4
237.40424192	2.0794141E-4	2.2583328245673329E-4
237.406208	1.7999568E-4	2.4106004275381565E-4
237.408190464	1.3316398E-4	2.571375807747245E-4
237.410156544	1.6218187E-4	2.7496422990225255E-4
237.412122624	2.9142646E-4	2.9539995011873543E-4
237.414105088	3.4015978E-4	3.189896233379841E-4
237.416071168	3.2146057E-4	3.456705017015338E-4
237.418053632	3.4059476E-4	3.745470312424004E-4
237.420019712	4.0578088E-4	4.038137849420309E-4
237.421985792	4.3401684E-4	4.30888234404847E-4
237.423968256	5.3142576E-4	4.527447745203972E-4
237.425934336	4.975448E-4	4.6639700303785503E-4
237.4279168	5.255518E-4	4.694261297117919E-4
237.42988288	4.7493775E-4	4.6043837210163474E-4
237.43184896	4.4865385E-4	4.3937028385698795E-4
237.433831424	4.5238095E-4	4.075102915521711E-4
237.435797504	3.7135996E-4	3.673315513879061E-4
237.437779968	3.1855007E-4	3.221243096049875E-4
237.439746048	3.164606E-4	2.754507295321673E-4
237.441712128	2.1210568E-4	2.3062116815708578E-4
237.443694592	1.4554222E-4	1.9025817164219916E-4
237.445660672	1.8313622E-4	1.560231758048758E-4
237.447643136	2.4574317E-4	1.2863131996709853E-4
237.449609216	2.2963223E-4	1.0788315557874739E-4
237.451575296	1.19184624E-4	9.30204478208907E-5
237.45355776	7.2325245E-5	8.29706114018336E-5
237.45552384	1.804889E-4	7.66315934015438E-5
237.457506304	2.0964218E-4	7.304908649530262E-5
237.459472384	1.6555724E-4	7.150714372983202E-5
237.461438464	4.819118E-5	7.15229834895581E-5
237.463420928	2.93757E-5	7.286130130523816E-5
237.465387008	4.0961993E-5	7.530474249506369E-5
237.467369472	1.4548829E-4	7.873123104218394E-5
237.469335552	1.2144576E-4	8.292933489428833E-5
237.471301632	1.1123433E-4	8.753809379413724E-5
237.473284096	1.7913814E-4	9.235618927050382E-5
237.475250176	2.2350079E-4	9.679295180831105E-5
237.47723264	2.0917611E-4	1.003859651973471E-4
237.47919872	2.0662927E-4	1.0271108476445079E-4
237.4811648	1.8962818E-4	1.0344771726522595E-4
237.483147264	1.3001203E-4	1.0242985445074737E-4
237.485113344	8.294136E-5	9.967382356990129E-5
237.487095808	6.0935225E-5	9.537853475194424E-5
237.489061888	1.6670434E-4	8.989860361907631E-5
237.491027968	2.6354918E-4	8.369448187295347E-5
237.493010432	2.1066076E-4	7.726817420916632E-5
237.494976512	1.17443895E-4	7.109517900971696E-5
237.496958976	4.6467914E-5	6.556289736181498E-5
237.498925056	3.9945542E-5	6.092586409067735E-5
237.500891136	4.671719E-5	5.7282984926132485E-5
237.5028736	-9.418171E-5	5.457958104670979E-5
237.50483968	-1.11561545E-4	5.2622017392423004E-5
237.506822144	2.6702863E-5	5.116340980748646E-5
237.508788224	1.9443488E-4	4.987647844245657E-5
237.510754304	-6.958616E-7	4.846408774028532E-5
237.512736768	9.6157935E-5	4.668251858674921E-5
237.514702848	2.7206184E-5	4.437107054400258E-5
237.516685312	1.6372574E-5	4.146567516727373E-5
237.518651392	2.2868782E-4	3.799676051130518E-5
237.520617472	7.116115E-5	3.4073895221808925E-5
237.522599936	-1.0460342E-5	2.9861303119105287E-5
237.524566016	1.4461617E-5	2.5549526981194504E-5
237.52654848	3.6577414E-5	2.1327950889826752E-5
237.52851456	8.551036E-5	1.736219201120548E-5
237.53048064	4.3468997E-5	1.3778759239357896E-5
237.532463104	-4.991238E-6	1.0651662705640774E-5
237.534429184	9.18469E-5	8.023931513889693E-6
237.536411648	1.5473102E-4	5.896210041100858E-6
237.538377728	9.4510746E-5	4.221131348458584E-6
237.540343808	-5.4738342E-5	2.963663064292632E-6
237.542326272	-1.2301363E-5	2.037390686382423E-6
237.544292352	-5.3570697E-5	1.3919628827352426E-6
237.546274816	4.1838106E-5	9.749156788529945E-7
237.548240896	5.3921376E-5	7.468927947229531E-7
237.550206976	6.138797E-5	6.850330578345165E-7
237.55218944	1.5972659E-5	7.850828751543304E-7
237.55415552	7.0803464E-5	1.06253082776675E-6
237.556137984	5.937497E-5	1.552905018797901E-6
237.558104064	2.1302298E-5	2.3108977984520607E-6
237.560070144	1.3903301E-6	3.4079580473189708E-6
237.562052608	-1.5393238E-5	4.927450390823651E-6
237.564018688	-5.3880027E-5	6.951853265491081E-6
237.566001152	-3.0588173E-5	9.574910109222401E-6
237.567967232	2.635641E-5	1.2847985999542288E-5
237.569933312	-3.2650896E-6	1.6795904230093583E-5
237.571915776	5.328831E-5	2.1391342670540325E-5
237.573881856	7.9718E-5	2.654277159308549E-5
237.57586432	7.3781455E-5	3.208733323845081E-5
237.5778304	9.9725046E-5	3.779319376917556E-5
237.57979648	1.729213E-4	4.3370928324293345E-5
237.581778944	1.3945361E-4	4.8496083763893694E-5
237.583745024	1.0448577E-5	5.283876816974953E-5
237.585727488	1.0534331E-4	5.611052256426774E-5
237.587693568	1.3800776E-4	5.8061395975528285E-5
237.589659648	1.0012773E-4	5.855573544977233E-5
237.591642112	1.6060528E-4	5.756361861131154E-5
237.593608192	1.12163296E-4	5.517253157449886E-5
237.595590656	7.8158875E-5	5.1579303544713184E-5
237.597556736	5.343121E-5	4.706983963842504E-5
237.599522816	6.565773E-5	4.1990348108811304E-5
237.60150528	-2.310193E-6	3.671430022222921E-5
237.60347136	-6.687404E-5	3.1610470614396036E-5
237.605453824	-3.707396E-5	2.701563607843127E-5
237.607419904	-6.151805E-5	2.321448118891567E-5
237.609385984	7.0954666E-6	2.0427038180059753E-5
237.611368448	1.21814825E-4	1.8802926206262782E-5
237.613334528	6.411316E-5	1.8419610569253564E-5
237.615316992	-3.6605725E-5	1.928324309119489E-5
237.617283072	-1.3482239E-6	2.1329546143533662E-5
237.619265536	-9.073166E-6	2.442543518554885E-5
237.621231616	-5.4224252E-5	2.8371188818709925E-5
237.623197696	-8.532814E-5	3.290598760941066E-5
237.62518016	-1.216791E-6	3.7718706153100356E-5
237.62714624	8.085709E-5	4.246448224876076E-5
237.629128704	8.507779E-5	4.678888217313215E-5
237.631094784	6.5613494E-5	5.035613139625639E-5
237.633060864	6.0086964E-5	5.28798955201637E-5
237.635043328	6.216428E-5	5.415089617599733E-5
237.637009408	5.8190064E-5	5.407130083767697E-5
237.638991872	7.284556E-5	5.2627947297878563E-5
237.640957952	9.314671E-5	4.993099719285965E-5
237.642924032	1.0294745E-4	4.621034531737678E-5
237.644906496	8.4654675E-5	4.173997513134964E-5
237.646872576	3.9340473E-5	3.6859088140772656E-5
237.64885504	1.04778956E-4	3.192975782440044E-5
237.65082112	8.3495266E-5	2.7312511519994587E-5
237.6527872	-2.8484636E-5	2.334653436264489E-5
237.654769664	-2.0985539E-5	2.033439523074776E-5
237.656735744	-1.7789953E-5	1.8528657165006734E-5
237.658718208	-5.8216163E-5	1.811751826608088E-5
237.660684288	-2.3936478E-5	1.9223778508603573E-5
237.662650368	1.5554107E-4	2.182836215069983E-5
237.664632832	1.1910788E-4	2.581714761618059E-5
237.666598912	9.1221664E-5	3.092549377470277E-5
237.668581376	3.2767606E-5	3.674866820801981E-5
237.670547456	2.8222461E-5	4.2788447899511084E-5
237.672513536	6.835816E-5	4.8450550821144134E-5
237.674496	2.0604407E-4	5.3183895943220705E-5
237.67646208	1.7324543E-4	5.654758933815174E-5
237.678444544	1.5013192E-4	5.829350266139954E-5
237.680410624	7.788614E-5	5.842915197717957E-5
237.682376704	2.2568966E-6	5.7238990848418325E-5
237.684359168	-1.4454232E-5	5.5259777582250535E-5
237.686325248	4.0256895E-5	5.321338176145218E-5
237.688307712	3.6592053E-5	5.190138836042024E-5
237.690273792	5.5329652E-5	5.2115487051196396E-5
237.692239872	7.687109E-5	5.4478252422995865E-5
237.694222336	-3.5785026E-5	5.937907917541452E-5
237.696188416	-6.289384E-5	6.68905777274631E-5
237.69817088	5.0562794E-5	7.67323435866274E-5
237.70013696	3.905834E-5	8.827530837152153E-5
237.70210304	1.3798643E-4	1.0059170017484576E-4
237.704085504	1.3124761E-4	1.1254975834162906E-4
237.706051584	4.8532744E-5	1.229451590916142E-4
237.708034048	-2.4827259E-5	1.3065425446256995E-4
237.710000128	8.386515E-5	1.347862125840038E-4
237.711966208	1.3551353E-4	1.3480777852237225E-4
237.713948672	1.474358E-4	1.3061602658126503E-4
237.715914752	1.6813706E-4	1.2254480679985136E-4
237.717897216	2.9223054E-4	1.1130296479677781E-4
237.719863296	2.136425E-4	9.78577445494011E-5
237.721829376	1.6495354E-4	8.328167314175516E-5
237.72381184	8.379696E-5	6.862836016807705E-5
237.72577792	7.566261E-5	5.4767788242315874E-5
237.727760384	8.5043066E-5	4.234267908032052E-5
237.729726464	7.600871E-5	3.173037839587778E-5
237.731692544	-3.8132603E-6	2.3060725652612746E-5
237.733675008	-3.9580384E-5	1.6265725207631476E-5
237.735641088	-2.436755E-5	1.114341830543708E-5
237.737623552	4.857906E-6	7.42139764042804E-6
237.739589632	-2.5831501E-5	4.822224582312629E-6
237.741555712	5.1116436E-5	3.0636579140264075E-6
237.743538176	4.568412E-5	1.927024868564331E-6
237.745504256	-7.72122E-5	1.2411712759785587E-6
237.74748672	-2.3077566E-5	8.902918011699512E-7
237.7494528	7.298087E-5	8.121490964185796E-7
237.75141888	7.8661236E-5	9.950340427167248E-7
237.753401344	1.8435509E-4	1.4673770465378766E-6
237.755367424	1.7242139E-5	2.326573394384468E-6
237.757349888	-9.778765E-5	3.6713906865770696E-6
237.759315968	-5.3393847E-5	5.648381375067402E-6
237.761282048	-8.2820625E-5	8.38581399875693E-6
237.763264512	-3.2157277E-5	1.2016658729407936E-5
237.765230592	3.80987E-5	1.6575520930928178E-5
237.767213056	-1.5893562E-5	2.2009033273207024E-5
237.769179136	-1.4237484E-6	2.8131238650530577E-5
237.771145216	-4.1663912E-5	3.462959284661338E-5
237.77312768	-2.2290613E-5	4.1034370951820165E-5
237.77509376	-1.5902933E-5	4.682533835875802E-5
237.777076224	5.107121E-5	5.147278352524154E-5
237.779042304	1.01528756E-4	5.453238190966658E-5
237.781008384	9.525525E-5	5.572972077061422E-5
237.782990848	1.2393242E-4	5.5021555454004556E-5
237.784956928	1.6426023E-4	5.261959449853748E-5
237.786939392	1.5375002E-4	4.897018152405508E-5
237.788905472	1.0836909E-4	4.4692205847240984E-5
237.790871552	1.9537962E-4	4.0485199860995635E-5
237.792854016	9.0978705E-5	3.702369940583594E-5
237.794820096	1.9866315E-5	3.485606430331245E-5
237.79680256	9.973311E-5	3.4323173167649657E-5
237.79876864	9.25561E-5	3.5508615837898105E-5
237.80073472	9.889114E-6	3.8226437027333304E-5
237.802717184	-1.48911095E-5	4.2048290197271854E-5
237.804683264	3.129437E-5	4.636645462596789E-5
237.806665728	3.0543317E-5	5.048432285548188E-5
237.808631808	1.8188857E-5	5.372124724090099E-5
237.810597888	-1.2655295E-5	5.551510184886865E-5
237.812580352	-5.7378675E-6	5.550436253543012E-5
237.814546432	6.5430177E-6	5.3575102356262505E-5
237.816528896	-2.6760263E-5	4.9864254833664745E-5
237.818494976	-2.2254146E-5	4.4720076402882114E-5
237.820461056	-2.9713734E-5	3.863004894810729E-5
237.82244352	-1.2939203E-5	3.2132971682585776E-5
237.8244096	3.425036E-5	2.5729043045430444E-5
237.826392064	1.822253E-5	1.9839255401166156E-5
237.828358144	9.677796E-5	1.472594067308819E-5
237.830324224	1.6683109E-4	1.0521879630687181E-5
237.832306688	1.2312854E-4	7.236928013298893E-6
237.834272768	7.807555E-5	4.791474566445686E-6
237.836255232	2.7711427E-5	3.0538139981217682E-6
237.838221312	-2.5146659E-5	1.8736076299319393E-6
237.840187392	-8.40957E-6	1.1065785656683147E-6
237.842169856	6.7606525E-5	6.291542717917764E-7
237.844135936	1.2564515E-4	3.443550440351828E-7
237.8461184	1.2168869E-4	1.8143974500617333E-7
237.84808448	6.710923E-5	9.203149176073566E-8
237.85005056	1.0795756E-4	4.49386163836607E-8
237.852033024	2.0774217E-4	2.112431296552586E-8
237.853999104	1.6906868E-4	6.2000586886767906E-9
237.855981568	4.6758603E-5	1.3488697270247485E-8
237.857947648	4.970295E-5	2.8251180950178423E-8
237.859913728	7.271777E-5	5.6963724404113236E-8
237.861896192	-4.5704062E-5	1.1057260707048044E-7
237.863862272	-3.421825E-5	2.066288686819462E-7
237.865844736	1.6334041E-5	3.717246102041827E-7
237.867810816	5.8099522E-5	6.437882689169783E-7
237.869776896	5.1511928E-5	1.0733688213804271E-6
237.87175936	1.1478482E-4	1.722821480143466E-6
237.87372544	6.8147274E-5	2.662054157553939E-6
237.875707904	2.1730153E-5	3.959789864893537E-6
237.877673984	6.428921E-5	5.670329755957937E-6
237.879640064	1.7677255E-4	7.816657671355642E-6
237.881622528	1.8913661E-4	1.0373241821071133E-5
237.883588608	8.614031E-5	1.3252209100755863E-5
237.885571072	9.381136E-6	1.6298556147376075E-5
237.887537152	2.9279076E-5	1.929764766828157E-5
237.889503232	1.077841E-4	2.1996838768245652E-5
237.891485696	3.4778535E-5	2.413938636891544E-5
237.893451776	4.2548123E-5	2.5504001314402558E-5
237.89543424	-2.1575444E-5	2.5942497813957743E-5
237.89740032	7.0644615E-5	2.540609784773551E-5
237.8993664	1.7423514E-5	2.3954386051627807E-5
237.901348864	-1.398329E-7	2.1744423065683804E-5
237.903314944	1.2447628E-4	1.900288407341577E-5
237.905297408	2.69003E-4	1.5987930964911357E-5
237.907263488	1.9982392E-4	1.2949628398928326E-5
237.909229568	3.6774418E-5	1.009737479762407E-5
237.911212032	-4.106132E-6	7.579509656352457E-6
237.913178112	-9.7893324E-5	5.477124432218261E-6
237.915160576	-1.2375887E-4	3.8101541122159688E-6
237.917126656	4.486697E-5	2.5515937522868626E-6
237.919092736	9.751744E-6	1.6449881741209538E-6
237.9210752	5.4521584E-5	1.020930199047143E-6
237.92304128	1.00641584E-4	6.099785423430149E-7
237.925023744	1.4451599E-4	4.0015095237322384E-7
237.926989824	4.0719093E-5	3.0046982146814116E-7
237.928972288	-1.4134259E-4	3.237774706121854E-7
237.930938368	6.912633E-5	4.927749728267372E-7
237.932904448	2.0446214E-4	8.711877512723731E-7
237.934886912	9.350777E-5	1.5757957498863107E-6
237.936852992	8.118148E-5	2.790255393847474E-6
237.938835456	-5.887385E-5	4.774658918904606E-6
237.940801536	6.4385196E-5	7.881254532549065E-6
237.942767616	3.104047E-5	1.2522815268312115E-5
237.94475008	-1.0994848E-4	1.915357461257372E-5
237.94671616	-1.6646426E-4	2.8198179279570468E-5
237.948698624	-1.6375951E-4	3.995843144366518E-5
237.950664704	-9.668192E-5	5.450177923194133E-5
237.952630784	1.4547272E-4	7.155383354984224E-5
237.954613248	2.4630464E-4	9.042699821293354E-5
237.956579328	1.9623702E-4	1.1001254461007193E-4
237.958561792	2.4458978E-4	1.2885736941825598E-4
237.960527872	1.9923657E-4	1.4532911882270128E-4
237.962493952	1.671024E-4	1.5784242714289576E-4
237.964476416	2.1909353E-4	1.651065977057442E-4
237.966442496	2.4319747E-4	1.663912698859349E-4
237.96842496	2.1632512E-4	1.6151914314832538E-4
237.97039104	2.495954E-4	1.5107489889487624E-4
237.97235712	3.1494282E-4	1.3621759717352688E-4
237.974339584	1.3461015E-4	1.1852622264996171E-4
237.976305664	1.3926679E-4	9.977305307984352E-5
237.978288128	1.7655616E-4	8.169772627297789E-5
237.980254208	1.17932635E-4	6.582852074643597E-5
237.982220288	4.7897902E-5	5.337291077012196E-5
237.984202752	1.2059104E-4	4.5239576138556004E-5
237.986168832	1.08119144E-4	4.1903560486389324E-5
237.988151296	1.656639E-4	4.3635107431327924E-5
237.990117376	1.6187302E-4	5.0436443416401744E-5
237.992083456	5.466176E-6	6.208321428857744E-5
237.99406592	-1.5174045E-6	7.812638068571687E-5
237.996032	5.7478417E-5	9.788801253307611E-5
237.998014464	1.19692195E-4	1.2046230403939262E-4
237.999980544	6.760842E-5	1.4472946349997073E-4
238.001946624	1.04383755E-4	1.693722588242963E-4
238.003929088	2.0944049E-4	1.928951096488163E-4
238.005895168	3.0151042E-4	2.136536786565557E-4
238.007877632	3.2530646E-4	2.2989344142843038E-4
238.009843712	3.1080746E-4	2.4007372849155217E-4
238.011809792	2.8170695E-4	2.4273546296171844E-4
238.013792256	1.8625682E-4	2.3713290283922106E-4
238.015758336	2.2688012E-4	2.2334007371682674E-4
238.0177408	2.6005643E-4	2.0240640151314437E-4
238.01970688	2.2041441E-4	1.7630067304708064E-4
238.02167296	1.3826594E-4	1.4765450032427907E-4
238.023655424	1.2783978E-4	1.1935768998228014E-4
238.025621504	1.477808E-4	9.4112656370271E-5
238.027603968	1.5953307E-4	7.406436634482816E-5
238.029570048	1.0829039E-4	6.058642247808166E-5
238.031536128	4.4444296E-5	5.424551272881217E-5
238.033518592	2.310525E-5	5.4897118388907984E-5
238.035484672	1.0530137E-4	6.183657387737185E-5
238.037467136	1.724692E-4	7.393734995275736E-5
238.039433216	1.5697304E-4	8.974974480224773E-5
238.041399296	1.8165434E-4	1.0757365089375526E-4
238.04338176	2.0392826E-4	1.255446986760944E-4
238.04534784	1.4705565E-4	1.4176068361848593E-4
238.047330304	NaN	1.5445848111994565E-4
238.049296384	NaN	1.621891715331003E-4
238.051262464	NaN	1.641210401430726E-4
238.053244928	NaN	1.599915121914819E-4
238.055211008	NaN	1.502185477875173E-4
238.057193472	NaN	1.35834765387699E-4
238.059159552	NaN	1.1828011338366196E-4
238.061125632	NaN	9.916877752402797E-5
238.063108096	NaN	8.004791743587703E-5
238.065074176	NaN	6.220105569809675E-5
238.06705664	NaN	4.652521965908818E-5
238.06902272	NaN	3.349724647705443E-5
238.0709888	NaN	2.3214295651996508E-5
238.072971264	NaN	1.5485875337617472E-5
238.074937344	NaN	9.94399033515947E-6
238.076919808	NaN	6.146717169031035E-6
238.078885888	NaN	3.6576275306288153E-6
238.080851968	NaN	2.0952631984982872E-6
