220.033335296	-5.3431002E-5	0.0
220.0313856	-1.9738349E-5	0.0
220.029435904	-1.4269447E-4	0.0
220.027469824	-3.671192E-5	0.0
220.025520128	9.895077E-6	0.0
220.023570432	4.4194006E-5	0.0
220.021604352	1.8989624E-5	0.0
220.019654656	4.096051E-6	0.0
220.01770496	-1.0194417E-5	0.0
220.01573888	-2.7466526E-6	0.0
220.013789184	5.2743497E-5	0.0
220.011839488	5.6187127E-5	0.0
220.009889792	-1.6575144E-6	0.0
220.007923712	-3.5996203E-5	0.0
220.005974016	-3.2238793E-5	0.0
220.00402432	-4.0663323E-5	0.0
220.00205824	-2.7118396E-5	0.0
220.000108544	-1.0018468E-4	0.0
219.998158848	-7.348695E-5	0.0
219.996192768	9.973555E-6	0.0
219.994243072	8.36096E-5	0.0
219.992293376	3.3193413E-5	0.0
219.99034368	-8.498049E-5	0.0
219.9883776	-5.0176608E-5	6.226760973504497E-8
219.986427904	-6.301727E-5	1.2687419825851975E-7
219.984478208	-3.55232E-5	2.501479912098148E-7
219.982512128	9.218253E-6	4.77233299989166E-7
219.980562432	8.599305E-7	8.809922746877419E-7
219.978612736	-6.364293E-5	1.5736894738438423E-6
219.976646656	-2.0470936E-5	2.71995327238983E-6
219.97469696	-4.3703592E-5	4.548761353362352E-6
219.972747264	7.7905745E-5	7.360416020674165E-6
219.970797568	3.6367266E-5	1.1523269677127246E-5
219.968831488	-1.0073889E-4	1.745412009768188E-5
219.966881792	-4.2204512E-5	2.5577177439117804E-5
219.964932096	1.4446865E-5	3.625985118560493E-5
219.962966016	1.18338925E-4	4.9729020247468725E-5
219.96101632	5.8815218E-5	6.597849278477952E-5
219.959066624	8.697824E-5	8.468679152429104E-5
219.957100544	1.446024E-4	1.0516586189623922E-4
219.955150848	1.1746034E-4	1.2636267638299614E-4
219.953201152	1.5141384E-4	1.4692594413645566E-4
219.951251456	1.6775585E-4	1.6533768211957067E-4
219.949285376	2.260867E-4	1.8009285849984735E-4
219.94733568	1.5848457E-4	1.8989897216670215E-4
219.945385984	2.0111797E-4	1.9385857740417123E-4
219.943419904	1.6138804E-4	1.916012552101165E-4
219.941470208	1.7067394E-4	1.8333863408770412E-4
219.939520512	1.3345864E-4	1.6983321984298527E-4
219.937554432	1.4257233E-4	1.5228516713250428E-4
219.935604736	1.3739649E-4	1.3216068327892572E-4
219.93365504	1.3944699E-4	1.1099369294242933E-4
219.931705344	1.0580041E-4	9.019701974466443E-5
219.929739264	1.0050603E-4	7.091553561622277E-5
219.927789568	1.4090062E-4	5.394072286435403E-5
219.925839872	4.8003043E-5	3.96920477214735E-5
219.923873792	-1.7764778E-5	2.8255233701202087E-5
219.921924096	4.5723435E-5	1.9458519091131166E-5
219.9199744	-1.1812859E-4	1.2964304914930835E-5
219.91800832	-6.744527E-5	8.3566610555863E-6
219.916058624	1.5902406E-5	5.211660209170077E-6
219.914108928	-6.148915E-5	3.1448073514184216E-6
219.912159232	-3.412534E-5	1.8361080265094643E-6
219.910193152	-3.031467E-5	1.0372766610089457E-6
219.908243456	-5.417258E-5	5.670164568982727E-7
219.90629376	-7.0075235E-5	2.9991895189596107E-7
219.90432768	-1.1480219E-4	1.5350464366292726E-7
219.902377984	1.1447565E-4	7.60240865815831E-8
219.900428288	3.4714518E-5	0.0
219.898462208	1.3536184E-5	0.0
219.896512512	5.769886E-5	0.0
219.894562816	3.0013922E-5	0.0
219.892596736	-3.517516E-5	0.0
219.89064704	-6.932958E-5	0.0
219.888697344	-3.5180496E-5	0.0
219.886747648	-4.859169E-5	0.0
219.884781568	4.1238236E-5	0.0
219.882831872	9.744341E-6	0.0
219.880882176	2.7370974E-5	0.0
219.878916096	7.6904704E-5	0.0
219.8769664	7.024457E-5	0.0
219.875016704	1.17843665E-4	0.0
219.873050624	2.3442852E-5	0.0
219.871100928	-1.9354698E-5	0.0
219.869151232	6.8889854E-6	0.0
219.867201536	-3.9808892E-5	0.0
219.865235456	4.820649E-6	0.0
219.86328576	6.173206E-5	0.0
219.861336064	7.163016E-5	0.0
219.859369984	6.8203255E-5	0.0
219.857420288	6.0706123E-5	0.0
219.855470592	8.679376E-5	0.0
219.853504512	4.1679923E-5	0.0
219.851554816	-5.0973293E-5	0.0
219.84960512	-5.8014193E-5	0.0
219.847655424	3.2299446E-5	0.0
219.845689344	4.383173E-5	0.0
219.843739648	-2.2653112E-5	0.0
219.841789952	9.596035E-6	0.0
219.839823872	1.8042832E-5	0.0
219.837874176	1.2661124E-4	0.0
219.83592448	-5.6232537E-5	0.0
219.8339584	2.5399451E-5	0.0
219.832008704	8.593075E-5	0.0
219.830059008	2.1518204E-6	0.0
219.828109312	-2.7028509E-5	0.0
219.826143232	-2.0509474E-6	0.0
219.824193536	1.0431017E-5	0.0
219.82224384	-1.3377187E-4	0.0
219.82027776	-2.7127251E-5	0.0
219.818328064	2.0883337E-5	0.0
219.816378368	-3.5795045E-5	0.0
219.814412288	-7.214901E-5	4.6084299043513965E-8
219.812462592	1.6062782E-5	2.698716627946851E-7
219.810512896	3.156255E-5	1.270743723580381E-6
219.8085632	-3.7333157E-5	4.807847290067002E-6
219.80659712	-5.9924376E-5	1.4594411368307192E-5
219.804647424	-3.9549905E-5	3.547243250068277E-5
219.802697728	1.1691022E-4	6.897684943396598E-5
219.800731648	2.0373278E-4	1.0760981967905536E-4
219.798781952	1.310236E-4	1.355989370495081E-4
219.796832256	1.9174832E-4	1.389040844514966E-4
219.794866176	1.05733794E-4	1.1576845281524584E-4
219.79291648	2.714253E-5	7.806994108250365E-5
219.790966784	-8.991185E-6	4.2294665036024526E-5
219.789017088	-6.448991E-6	1.8336157154408284E-5
219.787051008	-2.525184E-5	6.362494787026662E-6
219.785101312	-1.4183264E-5	1.7704735455481568E-6
219.783151616	4.8777724E-6	3.957538865506649E-7
219.781185536	1.836205E-5	7.112302569112217E-8
219.77923584	-2.5546495E-5	0.0
219.777286144	-5.5475804E-5	0.0
219.775320064	1.8171191E-6	1.2486395251087856E-9
219.773370368	3.7588317E-5	3.1893332419485887E-9
219.771420672	2.7502181E-5	7.709334504113485E-9
219.769454592	-5.0847557E-5	1.763551260580698E-8
219.767504896	2.7898357E-5	3.8177958572305215E-8
219.7655552	8.388411E-5	7.821517300499181E-8
219.763605504	5.9274753E-5	1.5164286537583394E-7
219.761639424	2.0344519E-6	2.7823031700791034E-7
219.759689728	2.1691492E-5	4.830999955629522E-7
219.757740032	1.0563442E-4	7.938132853269053E-7
219.755773952	1.258015E-4	1.2343745083853719E-6
219.753824256	6.8923386E-5	1.8164456605518353E-6
219.75187456	9.9472454E-5	2.5295607883890625E-6
219.74990848	4.9824885E-5	3.3336245905957185E-6
219.747958784	-2.8657822E-5	4.157597231824184E-6
219.746009088	-5.3249696E-5	4.907116817776114E-6
219.744059392	-1.0907996E-5	5.4811839618196245E-6
219.742093312	-3.9361363E-5	5.794164735561935E-6
219.740143616	-8.16558E-5	5.798390247946372E-6
219.73819392	-4.324017E-5	5.4926113080000505E-6
219.73622784	-2.1338194E-5	4.92798335471889E-6
219.734278144	4.2323853E-5	4.193212589598261E-6
219.732328448	1.3304483E-4	3.3955502658500336E-6
219.730362368	9.4482035E-5	2.640029379108455E-6
219.728412672	2.6001867E-6	2.0140148535574554E-6
219.726462976	-8.910756E-6	1.5798309505044017E-6
219.72451328	-1.13596085E-4	1.3748141327596386E-6
219.7225472	-6.698442E-5	1.4147628917271504E-6
219.720597504	2.0617023E-5	1.6967129568001837E-6
219.718647808	9.393031E-5	2.1983144051773706E-6
219.716681728	-5.199757E-5	2.8744425435434096E-6
219.714732032	-3.6890335E-5	3.654338115666178E-6
219.712782336	-3.1205513E-5	4.4436706048145425E-6
219.710816256	1.942069E-6	5.134578259458067E-6
219.70886656	5.0657298E-5	5.623430752166314E-6
219.706916864	3.8480466E-5	5.8348095990368165E-6
219.704967168	-9.164538E-6	5.731641522288555E-6
219.703001088	-9.526662E-6	5.335211881174473E-6
219.701051392	6.73348E-5	4.71226576337358E-6
219.699101696	6.621778E-5	3.96440327676828E-6
219.697135616	1.0546924E-4	3.2061609545053216E-6
219.69518592	5.2621333E-5	2.5451254259678535E-6
219.693236224	7.220107E-5	2.0677186967077432E-6
219.691270144	3.3333195E-6	1.832112502597738E-6
219.689320448	-1.994248E-5	1.866263005467772E-6
219.687370752	-3.454555E-5	2.167958427889971E-6
219.685421056	3.1888194E-5	2.7044939088227693E-6
219.683454976	4.2200212E-5	3.412357045817771E-6
219.68150528	5.4915326E-5	4.199625436740462E-6
219.679555584	-9.24473E-6	4.9543646127858665E-6
219.677589504	-6.1833457E-6	5.560436875384767E-6
219.675639808	5.1452953E-5	5.918554052186664E-6
219.673690112	-3.5471374E-5	5.9669969232345466E-6
219.671724032	-6.899102E-5	5.694243554899003E-6
219.669774336	-1.13752605E-4	5.144495389686199E-6
219.66782464	-3.1215583E-5	4.398453256726498E-6
219.665874944	2.0466548E-5	3.5587877391662914E-6
219.663908864	2.5973546E-5	2.7248572678217897E-6
219.661959168	-6.944287E-5	1.9743340544664534E-6
219.660009472	-8.993544E-5	1.3537253380491165E-6
219.658043392	2.0129446E-5	8.783596854300413E-7
219.656093696	1.14262744E-4	5.393202400227892E-7
219.654144	1.0667952E-4	3.1336819006355654E-7
219.65217792	6.5696037E-7	1.7230514970378863E-7
219.650228224	-7.822116E-5	8.96557708074397E-8
219.648278528	-1.3902872E-4	4.414647847283959E-8
219.646328832	-1.0875507E-4	2.0570885439497033E-8
219.644362752	-7.178798E-5	9.070865836235953E-9
219.642413056	-5.7589066E-5	3.785157076663381E-9
219.64046336	-9.1598056E-5	1.4947166837586678E-9
219.63849728	-1.158876E-5	0.0
219.636547584	2.7637005E-5	0.0
219.634597888	-4.5217388E-5	0.0
219.632631808	-3.0879284E-5	0.0
219.630682112	-9.050912E-5	0.0
219.628732416	-5.6392775E-5	0.0
219.626766336	-1.3712652E-5	0.0
219.62481664	-1.12637426E-4	0.0
219.622866944	-1.10498935E-4	0.0
219.620917248	1.4042831E-5	0.0
219.618951168	5.506171E-5	0.0
219.617001472	-6.169428E-5	0.0
219.615051776	7.2302205E-6	0.0
219.613085696	-4.7529397E-6	0.0
219.611136	-2.079477E-5	0.0
219.609186304	-1.8166178E-5	0.0
219.607220224	-5.1842955E-5	0.0
219.605270528	-8.237795E-5	0.0
219.603320832	-6.714208E-5	0.0
219.601371136	-3.9411676E-5	0.0
219.599405056	-5.5691384E-5	0.0
219.59745536	-2.720426E-5	0.0
219.595505664	-8.180732E-5	0.0
219.593539584	9.235143E-5	0.0
219.591589888	7.095946E-5	0.0
219.589640192	5.5148856E-5	0.0
219.587674112	6.0662147E-5	0.0
219.585724416	-7.0091232E-6	2.6399948183097877E-7
219.58377472	4.784036E-5	7.333297276090889E-7
219.581825024	-1.4075158E-5	1.8938433186121983E-6
219.579858944	-2.0409567E-5	4.546769105218118E-6
219.577909248	7.964401E-6	1.0146231034013908E-5
219.575959552	1.5977792E-5	2.103993574564811E-5
219.573993472	5.5055275E-6	4.052921576658264E-5
219.572043776	-9.948275E-6	7.24927376722917E-5
219.57009408	1.3468142E-4	1.2035142572131008E-4
219.568128	2.5072417E-4	1.8542091129347682E-4
219.566178304	3.2044784E-4	2.651608956512064E-4
219.564228608	3.5832656E-4	3.522304759826511E-4
219.562278912	4.1370426E-4	4.3517007725313306E-4
219.560312832	4.4138188E-4	5.008099251426756E-4
219.558363136	4.593706E-4	5.376279004849494E-4
219.55641344	6.127334E-4	5.388384452089667E-4
219.55444736	5.6573673E-4	5.042148404754698E-4
219.552497664	4.410356E-4	4.401511396281421E-4
219.550547968	3.678585E-4	3.5794288851320744E-4
219.548581888	2.3298553E-4	2.707588137127459E-4
219.546632192	1.5781213E-4	1.902624499052763E-4
219.544682496	7.0283946E-5	1.2410445197019726E-4
219.5427328	1.2712176E-4	7.512811862397939E-5
219.54076672	1.0240835E-4	4.222132338327356E-5
219.538817024	2.6986803E-5	2.204815791628789E-5
219.536867328	4.3314208E-6	1.0723415471147746E-5
219.534901248	-1.6955288E-5	4.8927504394669086E-6
219.532951552	1.17491766E-7	2.1473754259204725E-6
219.531001856	-3.0624215E-5	9.826121640799101E-7
219.529035776	-9.51186E-5	5.617526994683431E-7
219.52708608	3.76679E-5	3.684402827275335E-7
219.525136384	2.2424458E-5	4.6166258016455686E-7
219.523186688	-4.3161446E-5	5.484620828610787E-7
219.521220608	8.012088E-6	6.178671014822612E-7
219.519270912	-3.202658E-5	6.606295528399642E-7
219.517321216	4.081106E-6	6.718285021634074E-7
219.515355136	-6.1105206E-6	6.526107654281077E-7
219.51340544	3.7549165E-5	6.104392582528817E-7
219.511455744	4.1455496E-5	5.57626435693237E-7
219.509489664	3.1490694E-5	5.085209409116942E-7
219.507539968	3.443441E-6	4.760993306263117E-7
219.505590272	-3.409652E-5	4.688587296186597E-7
219.503624192	3.1634758E-5	4.887866111857875E-7
219.501674496	3.1492273E-5	5.308844492901699E-7
219.4997248	1.2661498E-5	5.84355007049453E-7
219.497775104	-7.9989266E-5	6.351750130306755E-7
219.495809024	-8.97027E-5	6.694365310977446E-7
219.493859328	-6.871881E-5	6.765923785678751E-7
219.491909632	-2.7556093E-6	6.517652195725532E-7
219.489943552	-6.653262E-5	5.964952833892312E-7
219.487993856	-6.2183503E-6	5.178175683795416E-7
219.48604416	3.2944765E-5	4.260654975496436E-7
219.48407808	1.34498405E-5	3.32192342966664E-7
219.482128384	3.3999102E-5	2.4536626597182476E-7
219.480178688	1.3864483E-5	1.7182982503527455E-7
219.478228992	6.858827E-5	1.1407923494743955E-7
219.476262912	5.824867E-5	7.183808037325434E-8
219.474313216	2.8605442E-5	4.293600142091236E-8
219.47236352	3.454976E-5	2.4375360396788892E-8
219.47039744	-1.8030783E-5	1.3312445368285353E-8
219.468447744	4.6865966E-6	7.1551333746811E-9
219.466498048	1.6256316E-5	4.261555996976085E-9
219.464531968	7.222577E-5	3.7134322283804977E-9
219.462582272	2.0889835E-5	5.3613096184790265E-9
219.460632576	1.06802036E-4	9.821117252784006E-9
219.45868288	7.612762E-5	1.8424760384050387E-8
219.4567168	3.0085153E-5	3.359326328222778E-8
219.454767104	-5.42673E-6	5.8026227378604744E-8
219.452817408	2.3139888E-5	9.486842600381351E-8
219.450851328	-3.4061544E-5	1.4677085857783823E-7
219.448901632	7.658827E-5	2.148591420336743E-7
219.446951936	7.95847E-5	2.976173050228681E-7
219.444985856	7.5100684E-6	3.902410696809966E-7
219.44303616	1.0899271E-4	4.8417740572404E-7
219.441086464	4.6100162E-5	5.686746362698614E-7
219.439136768	-8.798997E-5	6.325873300738749E-7
219.437170688	-1.7893897E-5	6.67111464736081E-7
219.435220992	-3.8715865E-5	6.682713546979357E-7
219.433271296	-5.5522392E-5	6.383942263710196E-7
219.431305216	-5.932041E-5	5.860262035639607E-7
219.42935552	-6.978177E-5	5.242456495579972E-7
219.427405824	-5.72796E-5	4.678185518969258E-7
219.425439744	-3.1094319E-6	4.2995739590878657E-7
219.423490048	-3.368729E-5	4.1945395423681475E-7
219.421540352	-1.876727E-5	4.387981960007892E-7
219.419590656	-2.9691171E-5	4.836526841245359E-7
219.417624576	1.9280684E-5	5.437576078293205E-7
219.41567488	7.166476E-5	6.05115076268703E-7
219.413725184	-4.762427E-5	6.530412974825595E-7
219.411759104	1.0785149E-6	6.753915613444406E-7
219.409809408	-3.9741106E-5	6.651742410213046E-7
219.407859712	8.246329E-5	6.218388648449036E-7
219.405893632	8.927182E-5	5.509129437086813E-7
219.403943936	7.894127E-5	4.621722666797723E-7
219.40199424	-1.1342614E-5	3.6687742976937443E-7
219.400044544	-8.670253E-6	2.7575740091378975E-7
219.398078464	1.253327E-6	1.9611630364124721E-7
219.396128768	2.46433E-6	1.319718876402476E-7
219.394179072	4.92076E-5	8.402928841633184E-8
219.392212992	-2.7705905E-6	5.062486252427334E-8
219.390263296	-7.000439E-5	2.885866123847336E-8
219.3883136	-5.3761556E-5	1.5565770894454545E-8
219.38634752	-1.637173E-5	7.94413601568067E-9
219.384397824	1.4924037E-5	3.8362304444206075E-9
219.382448128	-9.6955744E-5	1.7528671847344413E-9
219.380482048	-2.804401E-5	7.57829632380691E-10
219.378532352	3.3998702E-5	3.1001076705727826E-10
219.376582656	7.548449E-6	0.0
219.37463296	-1.6260343E-5	0.0
219.37266688	2.2029271E-5	0.0
219.370717184	9.301715E-6	0.0
219.368767488	4.5049608E-5	0.0
219.366801408	5.725301E-5	0.0
219.364851712	-1.2151868E-5	0.0
219.362902016	-1.7766124E-5	0.0
219.360935936	-5.1831837E-5	0.0
219.35898624	2.884648E-5	0.0
219.357036544	6.776847E-5	0.0
219.355086848	1.999391E-5	0.0
219.353120768	-7.997591E-7	0.0
219.351171072	9.4091054E-5	0.0
219.349221376	7.984707E-5	0.0
219.347255296	7.296809E-5	0.0
219.3453056	-1.6301066E-5	0.0
219.343355904	-6.373501E-5	0.0
219.341389824	-4.638299E-5	0.0
219.339440128	-1.87222E-5	0.0
219.337490432	-1.2032331E-5	0.0
219.335540736	1.1165561E-5	0.0
219.333574656	5.3611143E-6	0.0
219.33162496	-1.9927924E-5	0.0
219.329675264	7.216462E-5	0.0
219.327709184	5.26937E-5	0.0
219.325759488	4.4728884E-5	0.0
219.323809792	6.3507454E-5	0.0
219.321843712	4.5913034E-6	0.0
219.319894016	-6.0758107E-6	0.0
219.31794432	-6.295558E-5	0.0
219.315994624	-7.825959E-5	0.0
219.314028544	-6.993903E-5	0.0
219.312078848	-6.162119E-5	0.0
219.310129152	-2.2069169E-5	0.0
219.308163072	-9.691888E-5	0.0
219.306213376	-1.6940769E-5	0.0
219.30426368	-7.2954936E-5	0.0
219.3022976	-2.9754228E-5	0.0
219.300347904	2.1628308E-5	0.0
219.298398208	2.7624624E-6	0.0
219.296448512	-9.338419E-6	0.0
219.294482432	2.3588036E-5	0.0
219.292532736	-7.1294385E-6	0.0
219.29058304	-1.1687738E-4	0.0
219.28861696	-7.85278E-5	0.0
219.286667264	1.401706E-5	0.0
219.284717568	1.0805707E-5	0.0
219.282751488	1.0881449E-4	0.0
219.280801792	5.367388E-5	0.0
219.278852096	3.779387E-5	0.0
219.2769024	1.3972342E-5	0.0
219.27493632	9.528865E-5	0.0
219.272986624	9.0966E-5	0.0
219.271036928	-4.769725E-5	0.0
219.269070848	1.6887258E-5	0.0
219.267121152	3.525021E-5	0.0
219.265171456	4.6583875E-5	0.0
219.263205376	-1.0977168E-6	0.0
219.26125568	-5.401486E-5	0.0
219.259305984	-9.597416E-5	0.0
219.257356288	-5.0655915E-5	0.0
219.255390208	-3.1307874E-5	0.0
219.253440512	3.2197844E-5	0.0
219.251490816	9.737523E-6	0.0
219.249524736	2.4095389E-5	0.0
219.24757504	6.501928E-5	5.4304363089618946E-11
219.245625344	1.5658647E-5	1.3579248836492752E-10
219.243659264	-2.768045E-5	3.212578536526678E-10
219.241709568	-2.243778E-5	7.415966174484367E-10
219.239759872	-2.3052602E-5	1.6085589527037314E-9
219.237793792	-2.0984331E-5	3.2566083163487747E-9
219.235844096	-6.912125E-5	6.249905482036411E-9
219.2338944	-9.190883E-5	1.137378902171804E-8
219.231944704	-4.378625E-5	1.9634883940966574E-8
219.229978624	-5.2215742E-5	3.216820942952836E-8
219.228028928	4.5552947E-6	5.003918346346836E-8
219.226079232	2.45634E-5	7.394439194285951E-8
219.224113152	-4.8773676E-5	1.0386215620883377E-7
219.222163456	-9.127488E-5	1.3874820581349923E-7
219.22021376	-4.9892446E-6	1.7639322891227494E-7
219.21824768	4.5191577E-5	2.135448227136294E-7
219.216297984	7.730849E-5	2.463229691329616E-7
219.214348288	2.8056544E-5	2.708726185574051E-7
219.212398592	9.5701325E-5	2.840995989572548E-7
219.210432512	1.12172536E-4	2.843007109731843E-7
219.208482816	-3.575428E-5	2.715121354412986E-7
219.20653312	-3.155786E-5	2.5773564971132146E-7
219.20456704	1.3879177E-6	2.410948241049482E-7
219.202617344	8.000394E-5	2.401538381491264E-7
219.200667648	9.606026E-5	2.7998484597446804E-7
219.198701568	1.0469479E-4	4.0200578155236144E-7
219.196751872	-1.3581808E-5	6.720980536556453E-7
219.194802176	2.0116036E-5	1.1882593753398396E-6
219.19285248	-2.2851065E-5	2.0839468106714776E-6
219.1908864	-4.479243E-5	3.5209557154303184E-6
219.188936704	1.3517849E-5	5.6655771913938224E-6
219.186987008	4.870131E-5	8.645423804409802E-6
219.185020928	-4.9556667E-5	1.2491395864344668E-5
219.183071232	-7.010822E-5	1.7079804820241407E-5
219.181121536	8.385869E-6	2.2096910470281728E-5
219.179155456	-2.582444E-5	2.7049101845477708E-5
219.17720576	-2.8932813E-5	3.1330931960837916E-5
219.175256064	1.2925471E-4	3.43418687407393E-5
219.173306368	1.05999454E-4	3.562325582606718E-5
219.171340288	4.2945205E-5	3.4971904824487865E-5
219.169390592	2.4040135E-5	3.249237488489598E-5
219.167440896	5.471318E-5	2.8569897040142678E-5
219.165474816	8.560387E-5	2.3783359210938215E-5
219.16352512	5.212373E-5	1.8750988601823337E-5
219.161575424	-6.151886E-5	1.4037694199942052E-5
219.159609344	-5.0142142E-5	1.0067668881674763E-5
219.157659648	-9.262253E-5	7.119285328371916E-6
219.155709952	-3.4916889E-6	5.3721155381936114E-6
219.153760256	3.2070464E-5	4.976108357368503E-6
219.151794176	1.1642835E-5	6.098194262449397E-6
219.14984448	-6.620462E-5	8.903437446861062E-6
219.147894784	5.8646066E-5	1.3452359780785628E-5
219.145928704	3.8247883E-5	1.9541515939636156E-5
219.143979008	9.088291E-5	2.6565490770735778E-5
219.142029312	5.004136E-5	3.3502259611850604E-5
219.140063232	1.7218204E-5	3.9089096389943734E-5
219.138113536	1.7286628E-5	4.2156629206147045E-5
219.13616384	6.2665684E-5	4.2029063479276374E-5
219.134214144	5.074854E-5	3.8721103919669986E-5
219.132248064	-1.7362163E-5	3.296227805549279E-5
219.130298368	-8.997463E-5	2.592357668618206E-5
219.128348672	-1.03149105E-5	1.8832897694665007E-5
219.126382592	-5.3221935E-5	1.26368449855363E-5
219.124432896	-3.4781442E-5	7.831597940821666E-6
219.1224832	8.546945E-5	4.48301034339238E-6
219.12051712	4.9654845E-5	2.370507445448311E-6
219.118567424	6.2193285E-5	1.158122699962405E-6
219.116617728	-7.3889973E-6	5.229403541306965E-7
219.114651648	-4.250139E-5	2.1850733844530623E-7
219.112701952	-6.54961E-5	8.497519843331247E-8
219.110752256	5.8325764E-5	3.174042717546399E-8
219.10880256	-5.2133004E-7	1.330202614724385E-8
219.10683648	-5.6606987E-5	6.476620129092225E-9
219.104886784	1.413871E-6	1.1356857676503296E-8
219.102937088	4.3081753E-5	1.905405433433316E-8
219.100971008	8.915996E-5	3.0384253335569156E-8
219.099021312	9.4118455E-5	4.583733215213215E-8
219.097071616	-5.187981E-5	6.5418667816175E-8
219.095105536	-4.0703067E-5	8.832710562955981E-8
219.09315584	-3.79989E-5	1.1282289591463268E-7
219.091206144	-4.3710323E-5	1.3633642481636343E-7
219.089256448	-2.7859518E-5	1.558609454832549E-7
219.087290368	1.09082976E-4	1.6856765228112636E-7
219.085340672	-3.8678595E-6	1.7247346306703548E-7
219.083390976	-2.68597E-5	1.6694822591034608E-7
219.081424896	4.479909E-5	1.5288075871922047E-7
219.0794752	4.2644424E-5	1.3244473962004122E-7
219.077525504	3.4973942E-5	1.0854945031724128E-7
219.075559424	5.7770987E-5	8.416521524168274E-8
219.073609728	6.2024988E-6	6.17372322153642E-8
219.071660032	-4.925195E-5	4.284224530692882E-8
219.069710336	-5.794908E-6	2.812613963953936E-8
219.067744256	2.4011264E-5	1.7468540391973875E-8
219.06579456	-2.142445E-5	1.0263925709352861E-8
219.063844864	-6.47491E-5	5.705334427119624E-9
219.061878784	5.098185E-5	3.0002853534938367E-9
219.059929088	9.610782E-5	1.4926285762939528E-9
219.057979392	5.1442854E-5	7.025087733758539E-10
219.056013312	6.5776617E-6	3.329538866836401E-10
219.054063616	1.3641107E-6	1.821760936548955E-10
219.05211392	-8.793751E-5	1.71792136072213E-10
219.050164224	-2.8836577E-5	2.6700014421621177E-10
219.048198144	-2.7779832E-5	5.653724710619201E-10
219.046248448	8.570154E-6	1.1325395066208443E-9
219.044298752	2.0649371E-5	2.1462041033259993E-9
219.042332672	-3.4886594E-5	3.847561380609932E-9
219.040382976	-8.2166436E-5	6.525226137199525E-9
219.03843328	-1.2421104E-5	1.0468973243860091E-8
219.0364672	6.7009314E-5	1.5889433768734307E-8
219.034517504	8.399373E-5	2.2814493405576286E-8
219.032567808	-2.23331E-5	3.0989184551799553E-8
219.030618112	4.2967797E-5	3.982042784400619E-8
219.028652032	5.9889542E-5	4.8406018748892166E-8
219.026702336	4.073906E-5	5.5665971387952595E-8
219.02475264	2.6195332E-5	6.055880419353343E-8
219.02278656	3.375229E-6	6.23249860609576E-8
219.020836864	-8.168847E-5	6.067980962143338E-8
219.018887168	-5.6154502E-5	5.588862705963038E-8
219.016921088	-3.7562673E-5	4.869681902164302E-8
219.014971392	-1.6555063E-5	4.013971377503367E-8
219.013021696	-9.203872E-7	3.130004344598092E-8
219.011072	-3.59242E-5	2.308939528461451E-8
219.00910592	4.7609788E-6	1.6113027356823295E-8
219.007156224	3.8516642E-5	1.063747667728876E-8
219.005206528	7.344877E-5	6.643537719952519E-9
219.003240448	-6.339279E-5	3.925138880589429E-9
219.001290752	-9.3446615E-5	2.1938530991860716E-9
218.999341056	-4.299598E-5	1.1599972093989663E-9
218.997374976	3.441755E-5	1.7163564791644603E-8
218.99542528	-3.0254018E-6	1.0119912019490584E-7
218.993475584	-7.291812E-5	4.93282698244002E-7
218.991525888	-5.1729803E-5	1.9343538042448927E-6
218.989559808	5.6087585E-5	6.085749191697687E-6
218.987610112	8.151894E-5	1.534393049951177E-5
218.985660416	-4.6811532E-5	3.098509841947816E-5
218.983694336	2.1967833E-5	5.016848081140779E-5
218.98174464	6.964004E-5	6.533014675369486E-5
218.979794944	2.589282E-5	6.864956230856478E-5
218.977828864	-5.28419E-6	5.825779226142913E-5
218.975879168	9.1929716E-5	3.982960697612725E-5
218.973929472	1.1936172E-4	2.1860467313672416E-5
218.971963392	6.751619E-5	9.611854693503119E-6
218.970013696	1.2280633E-4	3.385539002920268E-6
218.968064	8.834785E-5	9.56110739025462E-7
218.966114304	6.51178E-5	2.1668016358944442E-7
218.964148224	2.1199953E-6	3.942360393693889E-8
218.962198528	-1.17281605E-4	0.0
218.960248832	-8.6011736E-5	0.0
218.958282752	6.4028786E-6	0.0
218.956333056	-3.5862176E-5	0.0
218.95438336	-6.9845196E-6	0.0
218.95241728	2.6336587E-5	0.0
218.950467584	3.1379197E-5	0.0
218.948517888	5.525742E-5	0.0
218.946568192	8.166501E-5	0.0
218.944602112	-1.0289579E-5	0.0
218.942652416	2.1409898E-5	1.072968797144469E-11
218.94070272	1.9324187E-5	2.6761164464983445E-11
218.93873664	8.654875E-6	6.313887607189983E-11
218.936786944	-3.086746E-5	1.409155847564847E-10
218.934837248	-5.387621E-5	2.9750440999620764E-10
218.932871168	-5.2282692E-5	5.941572234213766E-10
218.930921472	-8.418707E-5	1.1224837725976045E-9
218.928971776	-3.534674E-5	2.0060000327504213E-9
218.92702208	-3.890899E-5	3.391204650426971E-9
218.925056	-1.0263637E-5	5.423133053739093E-9
218.923106304	3.8690618E-5	4.0233175013781874E-8
218.921156608	-3.0378735E-5	1.4150961646919313E-7
218.919190528	-4.0831757E-5	4.767991299559071E-7
218.917240832	2.444943E-5	1.4553070286638103E-6
218.915291136	1.9993167E-5	3.9402461879944894E-6
218.913325056	5.2701595E-5	9.390963896294124E-6
218.91137536	6.111422E-5	1.9643339328467846E-5
218.909425664	1.394131E-4	3.601688877097331E-5
218.907475968	6.409451E-5	5.786714973510243E-5
218.905509888	1.7610361E-6	8.14960731077008E-5
218.903560192	3.7700767E-5	1.0068537085317075E-4
218.901610496	1.0991089E-4	1.0921758803306147E-4
218.899644416	3.2549608E-5	1.0406348155811429E-4
218.89769472	6.9482165E-5	8.706901280675083E-5
218.895745024	1.18173455E-4	6.391900387825444E-5
218.893778944	1.4845461E-4	4.1142437112284824E-5
218.891829248	4.426101E-5	2.321222382306587E-5
218.889879552	-4.6984445E-5	1.1505709153425414E-5
218.887929856	3.206415E-5	5.078194135421654E-6
218.885963776	5.7795114E-5	2.147905206584255E-6
218.88401408	-6.6885736E-6	1.174168005491083E-6
218.882064384	-3.196539E-5	1.2418242931744317E-6
218.880098304	-4.3571E-5	1.978581394723733E-6
218.878148608	1.2787794E-5	3.332301957925665E-6
218.876198912	-1.6532395E-5	5.438369043986313E-6
218.874232832	3.301647E-5	8.399714715778828E-6
218.872283136	1.6783808E-5	1.2279328075237572E-5
218.87033344	-4.1195967E-6	1.699260792520363E-5
218.868383744	4.299282E-5	2.226399192295503E-5
218.866417664	1.7430558E-4	2.762535586953163E-5
218.864467968	2.1752458E-5	3.247132190153934E-5
218.862518272	6.484444E-5	3.61677011824213E-5
218.860552192	1.2403668E-4	3.8187681639101356E-5
218.858602496	8.092633E-5	3.823534643743187E-5
218.8566528	1.36381495E-5	3.631671643233858E-5
218.85468672	2.9312723E-5	3.2734955311752856E-5
218.852737024	-7.311508E-5	2.801250411721412E-5
218.850787328	-3.239697E-7	2.276732811878901E-5
218.848821248	-3.3816574E-5	1.7583059161552228E-5
218.846871552	-4.661227E-5	1.2909837096231058E-5
218.844921856	-5.3485423E-6	9.01628391147824E-6
218.84297216	9.433372E-5	5.9932121985184494E-6
218.84100608	6.1848914E-5	3.793639052673825E-6
218.839056384	3.1558033E-5	2.2879125936015043E-6
218.837106688	4.4239823E-5	1.3152210840416956E-6
218.835140608	-2.8975956E-5	7.209119985418511E-7
218.833190912	-2.9523879E-5	3.768603278331284E-7
218.831241216	-1.5398928E-5	1.8790250067013403E-7
218.829275136	-2.1688003E-5	8.935195694448339E-8
218.82732544	-8.267402E-5	4.051504021163055E-8
218.825375744	6.562537E-5	1.1817086864596149E-8
218.823426048	4.8194852E-5	5.145426307251455E-9
218.821459968	3.061619E-5	2.1192780863543703E-9
218.819510272	-1.6587368E-5	8.256927364058697E-10
218.817560576	-3.0130534E-5	0.0
218.815594496	-9.85878E-7	0.0
218.8136448	-2.3543813E-5	0.0
218.811695104	4.861933E-5	0.0
218.809729024	8.767085E-5	0.0
218.807779328	-9.494288E-6	0.0
218.805829632	3.1797324E-5	0.0
218.803879936	6.867069E-5	0.0
218.801913856	2.7448827E-5	0.0
218.79996416	1.808873E-5	0.0
218.798014464	-3.0329527E-5	0.0
218.796048384	2.7248883E-5	0.0
218.794098688	1.4490557E-5	0.0
218.792148992	4.906481E-5	1.606876232074228E-8
218.790182912	-9.813059E-6	3.767576473023837E-8
218.788233216	2.2364875E-5	8.440730425718357E-8
218.78628352	2.6589878E-5	1.8068867291276547E-7
218.784333824	3.614946E-5	3.695787711421872E-7
218.782367744	-2.3697972E-5	7.22273171049892E-7
218.780418048	-6.3061E-5	1.3486434227161226E-6
218.778468352	-2.0165771E-5	2.405860186627251E-6
218.776502272	-1.3445118E-5	4.100100795767503E-6
218.774552576	3.8611404E-5	6.6747088567353785E-6
218.77260288	4.7384994E-5	1.0378877050243318E-5
218.7706368	1.0844314E-4	1.5414072549901903E-5
218.768687104	1.7568805E-4	2.186347592214588E-5
218.766737408	1.01054204E-4	2.9619046472362243E-5
218.764787712	9.020112E-5	3.8328311347868294E-5
218.762821632	1.2710724E-4	4.738623829325661E-5
218.760871936	1.4844551E-4	5.598668212769553E-5
218.75892224	1.9049717E-4	6.323376874206588E-5
218.75695616	1.9483865E-4	6.829215271864086E-5
218.755006464	1.7056221E-4	7.05413258401677E-5
218.753056768	2.1589015E-4	6.969651440158486E-5
218.751090688	1.0289728E-4	6.58653152640909E-5
218.749140992	1.3654928E-4	5.952617357252166E-5
218.747191296	1.1064613E-4	5.143399175722152E-5
218.7452416	3.4764375E-6	4.247693141223863E-5
218.74327552	5.317528E-5	3.3518896088935435E-5
218.741325824	-4.83445E-5	2.526730349927675E-5
218.739376128	6.94569E-5	1.8192524294136092E-5
218.737410048	1.053069E-4	1.2510266060417052E-5
218.735460352	1.29351465E-5	8.216386049753055E-6
218.733510656	-2.8134418E-5	5.1541460379667114E-6
218.731544576	4.5386216E-5	3.088397079409333E-6
218.72959488	1.226717E-5	1.7678434005574672E-6
218.727645184	-5.884272E-5	9.667579661254422E-7
218.725679104	-2.0653686E-5	5.051113589615852E-7
218.723729408	-1.1197157E-5	2.52154478630473E-7
218.721779712	-1.6981761E-5	1.2027221885091421E-7
218.719830016	1.2567514E-5	5.4814918826195935E-8
218.717863936	-3.6410897E-6	2.3870800447411966E-8
218.71591424	-9.159748E-5	8.20129408829473E-10
218.713964544	4.425965E-5	2.107327645717305E-9
218.711998464	1.1881781E-6	5.12156850263068E-9
218.710048768	2.8376671E-5	1.1773236607837134E-8
218.708099072	1.50422275E-5	2.559822220860042E-8
218.706132992	-1.4285528E-5	5.26433439063112E-8
218.704183296	-1.11717054E-4	1.0239982373150269E-7
218.7022336	-1.9596453E-5	1.883975357941381E-7
218.700283904	-3.603775E-6	3.2784595305201947E-7
218.698317824	-1.5873884E-5	5.39613154160179E-7
218.696368128	4.81907E-6	8.400617161896662E-7
218.694418432	-6.9766033E-6	1.2369653177302098E-6
218.692452352	3.5542573E-5	1.722744741528004E-6
218.690502656	-3.803193E-5	2.2693573100696085E-6
218.68855296	-1.1374143E-4	2.827518983394839E-6
218.68658688	3.574243E-5	3.332218739160453E-6
218.684637184	7.009503E-5	3.7144100133446045E-6
218.682687488	5.098682E-5	3.916316472896142E-6
218.680737792	8.547165E-5	3.905701305484399E-6
218.678771712	6.8218666E-5	3.684288913063938E-6
218.676822016	2.7002483E-5	3.2872985684662126E-6
218.67487232	-3.8216636E-5	2.7743001282942714E-6
218.67290624	2.9379167E-5	2.2145848106447374E-6
218.670956544	-2.283489E-5	1.672055987000931E-6
218.669006848	3.3359815E-5	1.1940682043132256E-6
218.667040768	-1.3926052E-5	8.065339898166712E-7
218.665091072	-4.16523E-5	5.152698463462002E-7
218.663141376	-5.8049085E-7	3.1136107736529084E-7
218.66119168	3.4253848E-5	1.7795464657410776E-7
218.6592256	5.2718176E-5	9.620021046430338E-8
218.657275904	6.916077E-5	4.9188063400151805E-8
218.655326208	-2.2689623E-5	2.378851426954043E-8
218.653360128	-6.8136644E-5	1.0881699097353703E-8
218.651410432	-3.2606433E-5	4.708069933911929E-9
218.649460736	2.0489456E-6	1.926707016153273E-9
218.647494656	4.1560484E-6	0.0
218.64554496	2.0550811E-5	0.0
218.643595264	1.9054052E-5	0.0
218.641645568	-9.6865515E-6	0.0
218.639679488	3.326345E-5	0.0
218.637729792	1.3966124E-6	0.0
218.635780096	2.8401366E-5	0.0
218.633814016	1.5327263E-5	0.0
218.63186432	3.1989024E-5	0.0
218.629914624	3.620407E-6	0.0
218.627948544	6.3072046E-5	0.0
218.625998848	7.4868265E-5	0.0
218.624049152	-1.8333234E-5	0.0
218.622099456	-8.798334E-5	0.0
218.620133376	-4.3276224E-5	0.0
218.61818368	1.3501143E-5	1.4470743180117207E-11
218.616233984	5.705525E-5	3.549943325409366E-11
218.614267904	4.7662368E-5	8.236687720764024E-11
218.612318208	9.735934E-5	1.807526628372358E-10
218.610368512	5.0660237E-5	3.7516045825469746E-10
218.608402432	3.178516E-5	7.364614473814868E-10
218.606452736	8.473352E-5	1.3673628895816137E-9
218.60450304	-6.505157E-5	2.4011346244634524E-9
218.602553344	-1.1015925E-4	3.987966401552967E-9
218.600587264	-8.1843544E-5	6.264506691167071E-9
218.598637568	-1.5040929E-5	9.307280279813313E-9
218.596687872	-9.2874965E-5	1.3078542693278905E-8
218.594721792	-2.1634794E-5	1.7381866612709018E-8
218.592772096	-7.2402705E-5	2.1849121623063184E-8
218.5908224	-6.462533E-5	2.597600179399251E-8
218.58885632	2.0403648E-5	2.92086301811878E-8
218.586906624	-5.116163E-6	3.1063521532814775E-8
218.584956928	3.0784344E-5	3.124574732282781E-8
218.582990848	5.6117638E-6	2.972568147185939E-8
218.581041152	-9.4436204E-5	2.6746914016939627E-8
218.579091456	8.1955295E-6	2.276229338349367E-8
218.57714176	-2.20258E-5	1.832141371949092E-8
218.57517568	-1.1479893E-5	1.3947698107585893E-8
218.573225984	4.646077E-6	1.0042609410731984E-8
218.571276288	1.4844511E-5	6.8389791607614825E-9
218.569310208	-1.0315023E-5	4.404903997112797E-9
218.567360512	-5.9643906E-5	2.6833792965419434E-9
218.565410816	5.8118516E-5	1.546067052160538E-9
218.563444736	8.469469E-5	8.425103947828916E-10
218.56149504	-1.8737657E-5	4.34232899637621E-10
218.559545344	1.8343446E-5	2.1167544106415193E-10
218.557595648	7.7412624E-5	9.75931210844827E-11
218.555629568	1.2668032E-5	4.255674979081192E-11
218.553679872	-5.7267316E-5	1.7551645900559798E-11
218.551730176	-6.36902E-5	6.8464955926828E-12
218.549764096	1.0473665E-6	0.0
218.5478144	2.5510813E-6	0.0
218.545864704	-3.7381014E-5	0.0
218.543898624	3.8589565E-6	0.0
218.541948928	-5.6576723E-6	0.0
218.539999232	-2.9808394E-5	0.0
218.538049536	-1.0303705E-6	0.0
218.536083456	1.8540391E-5	0.0
218.53413376	-1.1989119E-5	0.0
218.532184064	4.822069E-5	0.0
218.530217984	-3.748378E-5	0.0
218.528268288	8.143457E-5	0.0
218.526318592	8.595981E-5	0.0
218.524352512	-2.389641E-5	0.0
218.522402816	-4.650852E-5	0.0
218.52045312	-3.6948266E-5	1.1483252499930319E-12
218.518503424	5.5703837E-5	2.9447876429000708E-12
218.516537344	-9.177198E-6	7.142062549009287E-12
218.514587648	-4.226876E-5	1.638220115118827E-11
218.512637952	-8.596382E-5	3.553836738778848E-11
218.510671872	-1.8459828E-5	7.291266201914226E-11
218.508722176	1.1850316E-5	1.4147744087367187E-10
218.50677248	2.4520668E-5	2.418261502157293E-8
218.5048064	-8.182658E-6	5.5433911683167025E-8
218.502856704	-6.0313734E-5	1.2147368977366568E-7
218.500907008	-8.863702E-5	2.5443225126764446E-7
218.498957312	-8.7177265E-5	5.093272648082348E-7
218.496991232	-2.727011E-5	9.7433758128318E-7
218.495041536	-6.6046516E-5	1.7812712940212805E-6
218.49309184	-6.2797764E-5	3.111043497483479E-6
218.49112576	-3.2854256E-5	5.190814135858091E-6
218.489176064	1.442002E-4	8.273163984995335E-6
218.487226368	4.9263108E-5	1.2594316103786696E-5
218.485260288	7.538554E-5	1.8311315216124058E-5
218.483310592	4.6685425E-5	2.54276892519556E-5
218.481360896	1.0983118E-4	3.3726606488926336E-5
218.4794112	-1.5833804E-5	4.2735908209579065E-5
218.47744512	6.362713E-5	5.174696343601681E-5
218.475495424	5.514818E-5	5.9895115555264056E-5
218.473545728	7.5711665E-5	6.629244307987392E-5
218.471579648	8.189508E-5	7.018390897428617E-5
218.469629952	1.2210748E-4	7.108972204150632E-5
218.467680256	1.3803398E-4	6.889858195791021E-5
218.465714176	1.5993732E-4	6.388907058862969E-5
218.46376448	6.332772E-5	5.667408913723193E-5
218.461814784	1.6268881E-5	4.8081634304253384E-5
218.459848704	8.493295E-5	3.900314186466858E-5
218.457899008	3.7658676E-5	3.0244280424085446E-5
218.455949312	7.160315E-5	2.2414928025682457E-5
218.453999616	4.1891682E-5	1.587570659467019E-5
218.452033536	-4.6268095E-5	1.0745145118562505E-5
218.45008384	-1.852756E-5	6.949672751943581E-6
218.448134144	6.051011E-5	4.295254257158376E-6
218.446168064	5.770484E-5	2.5367071430082433E-6
218.444218368	-2.0654228E-5	1.4314896361611318E-6
218.442268672	5.6616824E-5	7.717818562014145E-7
218.440302592	4.143663E-5	3.9750136693328386E-7
218.438352896	-1.8242357E-5	1.9554349250938685E-7
218.4364032	2.4526329E-5	9.186218363765875E-8
218.434453504	5.7417892E-5	4.120339625046654E-8
218.432487424	6.385207E-5	1.764196788656136E-8
218.430537728	7.69793E-5	9.886482743581837E-10
218.428588032	1.3371304E-4	3.9816772101630704E-10
218.426621952	5.2872318E-5	0.0
218.424672256	2.8706268E-6	0.0
218.42272256	-3.088013E-5	0.0
218.42075648	1.12402005E-4	0.0
218.418806784	2.815947E-5	0.0
218.416857088	4.949145E-5	0.0
218.414907392	9.354825E-5	0.0
218.412941312	3.6564496E-5	0.0
218.410991616	-1.4649737E-5	0.0
218.40904192	2.7817146E-6	0.0
218.40707584	-8.9766945E-6	0.0
218.405126144	4.1707746E-5	0.0
218.403176448	-7.506217E-5	0.0
218.401210368	-3.7849644E-5	0.0
218.399260672	6.90305E-5	0.0
218.397310976	3.5735352E-6	0.0
218.39536128	-6.5539236E-5	0.0
218.3933952	6.479829E-6	0.0
218.391445504	4.0785657E-5	0.0
218.389495808	6.5072595E-6	0.0
218.387529728	-3.6536454E-5	0.0
218.385580032	-4.2159176E-5	0.0
218.383630336	3.4938865E-5	0.0
218.381664256	5.033111E-5	0.0
218.37971456	-8.7780565E-5	0.0
218.377764864	-3.3427175E-5	0.0
218.375815168	-5.0931278E-5	0.0
218.373849088	-4.1911335E-5	0.0
218.371899392	-9.039939E-5	5.41319711278021E-10
218.369949696	-8.428945E-5	1.3201287840658438E-9
218.367983616	4.2625684E-6	3.0445455045935432E-9
218.36603392	6.706067E-5	6.640127114820871E-9
218.364084224	7.98914E-6	1.3695456324569477E-8
218.362118144	-1.6301627E-5	2.6712974943166046E-8
218.360168448	7.757812E-5	4.927332497572934E-8
218.358218752	-3.1244203E-6	8.595049649784414E-8
218.356269056	8.0879545E-6	2.4601894210718456E-7
218.354302976	6.7947946E-7	4.7624612875551975E-7
218.35235328	-9.618394E-6	9.165214578388259E-7
218.350403584	-1.6188525E-5	1.746750626807625E-6
218.348437504	-9.395375E-5	3.2729342365200864E-6
218.346487808	-7.538362E-6	5.977634373266483E-6
218.344538112	-9.925814E-6	1.055514167092042E-5
218.342572032	-4.430242E-5	1.789776979421731E-5
218.340622336	-4.849117E-6	2.8993548767175525E-5
218.33867264	6.802312E-5	4.4706404878525063E-5
218.336722944	5.1333693E-5	6.545139331137761E-5
218.334756864	7.721281E-5	9.083632176043466E-5
218.332807168	1.13024915E-4	1.1939941759919748E-4
218.330857472	1.651167E-4	1.4858834038022906E-4
218.328891392	1.2412219E-4	1.7506483709439635E-4
218.326941696	1.2290693E-4	1.953078171936795E-4
218.324992	2.0092138E-4	2.0636605040635914E-4
218.32302592	2.5321782E-4	2.0653937826864421E-4
218.321076224	2.3312232E-4	1.9578672072384506E-4
218.319126528	1.3671274E-4	1.7573694640304893E-4
218.317160448	4.5053297E-5	1.4929981261957437E-4
218.315210752	9.802627E-5	1.1999525304418057E-4
218.313261056	6.75371E-5	9.11975366761908E-5
218.31131136	-1.0804255E-5	6.55195108265616E-5
218.30934528	5.9911467E-6	4.4488107960205525E-5
218.307395584	1.3637752E-4	2.85482092294842E-5
218.305445888	9.168226E-5	1.7313999705947936E-5
218.303479808	1.06151056E-4	9.925603080773726E-6
218.301530112	1.1257811E-4	5.379043614084367E-6
218.299580416	9.757886E-5	2.756079993559979E-6
218.297614336	2.250875E-5	1.3352295127333491E-6
218.29566464	-2.3100303E-5	6.116761710472929E-7
218.293714944	1.1199538E-4	2.6497968974581454E-7
218.291765248	-6.4792735E-6	1.085516601051495E-7
218.289799168	7.975445E-5	0.0
218.287849472	1.4787726E-6	0.0
218.285899776	-4.0425104E-5	0.0
218.283933696	-2.5518486E-5	0.0
218.281984	-3.9629163E-6	0.0
218.280034304	-3.927715E-6	0.0
218.278068224	7.757764E-6	0.0
218.276118528	2.0757027E-5	0.0
218.274168832	8.16956E-5	0.0
218.272219136	-4.3407713E-6	0.0
218.270253056	1.941825E-5	0.0
218.26830336	2.8387993E-5	0.0
218.266353664	-4.9526672E-5	0.0
218.264387584	-3.848953E-6	0.0
218.262437888	-2.1877859E-5	0.0
218.260488192	5.327702E-5	0.0
218.258522112	2.7609305E-5	0.0
218.256572416	7.066509E-5	0.0
218.25462272	7.5447315E-5	0.0
218.252673024	-1.7066297E-5	1.0862505206432616E-7
218.250706944	2.977885E-5	2.4624844741083507E-7
218.248757248	-5.5791046E-5	5.332597083906876E-7
218.246807552	-4.685648E-6	1.1030774658138398E-6
218.244841472	2.9893461E-5	2.179437615268398E-6
218.242891776	1.459074E-5	4.112479473405983E-6
218.24094208	-5.039587E-6	7.409883437503595E-6
218.238976	2.7647016E-5	1.2745910680678207E-5
218.237026304	2.7081347E-5	2.0924941054545343E-5
218.235076608	6.778557E-5	3.277681753388606E-5
218.233126912	4.6859146E-5	4.897452163277194E-5
218.231160832	-3.0036936E-5	6.979375029914081E-5
218.229211136	4.7658934E-5	9.48713714024052E-5
218.22726144	5.036668E-5	1.2304761912673712E-4
218.22529536	8.008629E-5	1.523722312413156E-4
218.223345664	1.5167995E-4	1.8030960927717388E-4
218.221395968	2.2227905E-4	2.0410744764376432E-4
218.219429888	1.8477056E-4	2.2123823873698711E-4
218.217480192	3.090459E-4	2.2980677022133023E-4
218.215530496	1.7896066E-4	2.288468967890367E-4
218.2135808	8.331721E-5	2.1846733579877764E-4
218.21161472	9.346676E-5	1.9983564561698586E-4
218.209665024	1.18498094E-4	1.7500025569461286E-4
218.207715328	8.22931E-5	1.4656894200015813E-4
218.205749248	1.9539447E-4	1.1728463869076222E-4
218.203799552	1.7170007E-4	8.959250408224761E-5
218.201849856	1.4929486E-4	6.529509846586734E-5
218.199883776	-1.4899782E-6	4.538882785709575E-5
218.19793408	-5.10458E-5	3.0093056921032257E-5
218.195984384	-1.0459869E-5	1.9032731870538555E-5
218.194018304	-4.2178694E-6	1.1486081348266453E-5
218.192068608	-2.3558663E-5	6.616045084228972E-6
218.190118912	3.7925488E-6	3.6383191854838515E-6
218.188169216	2.7132977E-5	1.9105782484984957E-6
218.186203136	-2.2907807E-5	9.582182656231453E-7
218.18425344	-7.4335716E-5	4.590283708694187E-7
218.182303744	-8.346757E-6	2.1005097039505927E-7
218.180337664	-1.3427347E-6	9.181847815398214E-8
218.178387968	-2.28666E-5	0.0
218.176438272	-5.779927E-5	0.0
218.174472192	1.869216E-5	0.0
218.172522496	3.319764E-5	0.0
218.1705728	1.528651E-5	0.0
218.168623104	7.061969E-5	0.0
218.166657024	5.023183E-5	0.0
218.164707328	2.8981514E-5	0.0
218.162757632	3.2144315E-5	0.0
218.160791552	4.9514124E-6	0.0
