220.033335296	2.5112223E-4	2.116755837278106E-7
220.0313856	1.230855E-4	9.444180903983579E-8
220.029435904	3.6646015E-5	0.0
220.027469824	2.258025E-5	0.0
220.025520128	5.2054515E-5	0.0
220.023570432	3.281502E-5	0.0
220.021604352	2.8558177E-5	0.0
220.019654656	-6.1006824E-5	0.0
220.01770496	1.0808777E-4	0.0
220.01573888	-7.064438E-5	0.0
220.013789184	-4.3350296E-6	0.0
220.011839488	4.9435053E-5	0.0
220.009889792	1.1016875E-4	0.0
220.007923712	9.4368166E-5	0.0
220.005974016	-2.14631E-5	0.0
220.00402432	-2.3968823E-5	0.0
220.00205824	3.928707E-5	0.0
220.000108544	-2.6089037E-5	0.0
219.998158848	-7.735759E-5	0.0
219.996192768	6.341211E-5	0.0
219.994243072	-3.633958E-5	0.0
219.992293376	-1.7401893E-5	3.4845493246393744E-7
219.99034368	-2.8342081E-5	6.768157732039981E-7
219.9883776	-3.0005482E-5	1.2774048627761658E-6
219.986427904	1.17955075E-4	2.342690095247235E-6
219.984478208	8.0995014E-5	4.174622063146671E-6
219.982512128	6.0601902E-5	7.2280158747162204E-6
219.980562432	1.2641108E-4	1.2158962817920838E-5
219.978612736	-2.6534685E-6	1.9870856704073958E-5
219.976646656	-3.3961973E-5	3.1545136152999476E-5
219.97469696	-1.2869407E-4	4.863964204560034E-5
219.972747264	-1.5411599E-5	7.283273589564487E-5
219.970797568	-6.085276E-6	1.058939888025634E-4
219.968831488	2.5981327E-4	1.4947110321372747E-4
219.966881792	3.691432E-4	2.048000751528889E-4
219.964932096	1.4582607E-4	2.723702054936439E-4
219.962966016	4.567589E-4	3.5160433617420495E-4
219.96101632	4.3933745E-4	4.4062561937607825E-4
219.959066624	4.9169816E-4	5.361913936212659E-4
219.957100544	5.8318395E-4	6.338309030979872E-4
219.955150848	6.8808836E-4	7.281916332431138E-4
219.953201152	8.762226E-4	8.135444368235767E-4
219.951251456	9.1895775E-4	8.843595860525966E-4
219.949285376	9.973138E-4	9.358648094348609E-4
219.94733568	8.761985E-4	9.645120007917285E-4
219.945385984	9.149086E-4	9.683047537691891E-4
219.943419904	8.958494E-4	9.469782235100865E-4
219.941470208	9.927701E-4	9.02020197827369E-4
219.939520512	9.407832E-4	8.365424000658095E-4
219.937554432	7.661901E-4	7.549929432570934E-4
219.935604736	7.486198E-4	6.627296097576618E-4
219.93365504	4.6961487E-4	5.654835840687156E-4
219.931705344	3.7106243E-4	4.6877810382284224E-4
219.929739264	2.8493785E-4	3.7739332765340805E-4
219.927789568	2.4170608E-4	2.9496513889171183E-4
219.925839872	3.7021446E-4	2.237809676444158E-4
219.923873792	-6.667992E-5	1.6478970064781606E-4
219.921924096	4.934483E-5	1.1779081978602335E-4
219.9199744	2.1759757E-4	8.173650712706149E-5
219.91800832	1.8975353E-4	5.506916932063177E-5
219.916058624	3.3634302E-4	3.602951983339153E-5
219.914108928	2.4654297E-4	2.2894537323736586E-5
219.912159232	1.0946089E-4	1.4131474927125964E-5
219.910193152	2.1074593E-5	8.473634807160124E-6
219.908243456	2.736969E-4	4.936513960274169E-6
219.90629376	1.7692392E-4	2.7942453471041517E-6
219.90432768	1.4207068E-4	1.5368103731816518E-6
219.902377984	1.6833753E-4	8.212990678657661E-7
219.900428288	1.8723482E-4	4.264964275080274E-7
219.898462208	2.2333289E-4	0.0
219.896512512	4.0207102E-5	0.0
219.894562816	4.4950677E-5	0.0
219.892596736	-5.9652913E-5	0.0
219.89064704	2.803524E-5	0.0
219.888697344	-1.43144425E-5	0.0
219.886747648	1.0425443E-5	0.0
219.884781568	-1.17181466E-4	0.0
219.882831872	8.0919286E-5	0.0
219.880882176	-3.4991094E-6	0.0
219.878916096	-1.4068563E-4	0.0
219.8769664	-4.3914493E-5	0.0
219.875016704	7.4808646E-5	0.0
219.873050624	-1.0169532E-4	0.0
219.871100928	2.7474816E-5	0.0
219.869151232	1.5950749E-4	0.0
219.867201536	3.5761666E-5	0.0
219.865235456	1.2702464E-4	0.0
219.86328576	7.982207E-5	0.0
219.861336064	1.06476466E-4	0.0
219.859369984	-3.5929334E-5	0.0
219.857420288	-4.711341E-5	0.0
219.855470592	1.9176291E-4	0.0
219.853504512	1.8343351E-4	0.0
219.851554816	3.3876553E-5	0.0
219.84960512	2.7430055E-5	0.0
219.847655424	-2.997079E-5	0.0
219.845689344	-1.4028909E-4	0.0
219.843739648	-7.019735E-5	0.0
219.841789952	-4.8531874E-5	0.0
219.839823872	1.17605596E-4	0.0
219.837874176	1.427208E-4	0.0
219.83592448	9.234749E-5	0.0
219.8339584	-5.9550875E-5	0.0
219.832008704	-8.239063E-5	7.575626881362041E-8
219.830059008	-2.5958478E-5	1.7880331881769962E-7
219.828109312	-8.291613E-5	4.029979550068674E-7
219.826143232	1.8508625E-5	8.673410434312245E-7
219.824193536	-1.18022625E-4	1.782450112841616E-6
219.82224384	-3.4466061E-6	3.4974643767782254E-6
219.82027776	-2.0669731E-4	6.55163285046001E-6
219.818328064	5.08307E-5	1.1714701031451114E-5
219.816378368	8.576432E-5	1.998970765271224E-5
219.814412288	-1.0515949E-4	3.25435285049025E-5
219.812462592	-2.955996E-5	5.053493441664614E-5
219.810512896	-9.876398E-5	7.483352237613872E-5
219.8085632	1.0882724E-4	1.05667146272026E-4
219.80659712	1.03638085E-4	1.4228974760044366E-4
219.804647424	2.3420142E-4	1.8279324285686016E-4
219.802697728	2.8602377E-4	2.2417158470489085E-4
219.800731648	2.3336672E-4	2.6266841450706124E-4
219.798781952	3.2796635E-4	2.9434554744511843E-4
219.796832256	1.5094852E-4	3.1572874286212027E-4
219.794866176	2.1027755E-4	3.2438241760246456E-4
219.79291648	2.7281157E-4	3.193040320184082E-4
219.790966784	2.45479E-4	3.010830841958523E-4
219.789017088	2.3761617E-4	2.7180759934708476E-4
219.787051008	1.8421187E-4	2.3472876637242734E-4
219.785101312	9.0381174E-5	1.9372531096450984E-4
219.783151616	2.0676582E-4	1.5266190166585147E-4
219.781185536	1.11274E-4	1.1478645319584757E-4
219.77923584	2.0444252E-4	8.231362153310329E-5
219.777286144	-4.2343585E-5	5.6450797274010256E-5
219.775320064	-1.7659094E-4	3.707208452397026E-5
219.773370368	-1.6056074E-5	2.3620852516614832E-5
219.771420672	-5.906781E-5	1.517761393188266E-5
219.769454592	5.191469E-6	1.0910722266999073E-5
219.767504896	1.160777E-4	1.0274436135659926E-5
219.7655552	-1.9129322E-5	1.321509262197651E-5
219.763605504	-7.289446E-5	2.0220488295308314E-5
219.761639424	-9.614884E-7	3.2259864383377135E-5
219.759689728	2.9111325E-5	5.0643866416066885E-5
219.757740032	2.381245E-4	7.676739915041253E-5
219.755773952	2.1924333E-4	1.1170798097737134E-4
219.753824256	1.1293111E-4	1.559768570587039E-4
219.75187456	1.5757156E-4	2.0878705254290253E-4
219.74990848	3.0252384E-4	2.680345205590129E-4
219.747958784	4.3488364E-4	3.301693359389901E-4
219.746009088	4.1463005E-4	3.9046749589033425E-4
219.744059392	5.077821E-4	4.4369787792675197E-4
219.742093312	4.8416387E-4	4.846537485718727E-4
219.740143616	4.881177E-4	5.093044601380825E-4
219.73819392	6.581871E-4	5.153351812623441E-4
219.73622784	5.8168755E-4	5.026231519877911E-4
219.734278144	5.4768275E-4	4.7330596134997904E-4
219.732328448	5.3250033E-4	4.3148500844836235E-4
219.730362368	3.9152987E-4	3.826331230811775E-4
219.728412672	4.7239393E-4	3.328523598611355E-4
219.726462976	6.058555E-4	2.8810722869820893E-4
219.72451328	4.682202E-4	2.535508247092366E-4
219.7225472	2.0630493E-4	2.3297398001886904E-4
219.720597504	3.092155E-4	2.2840349993202835E-4
219.718647808	3.869991E-4	2.3984198924154043E-4
219.716681728	3.8984476E-4	2.65193433733657E-4
219.714732032	4.0139945E-4	3.004248719662428E-4
219.712782336	5.5756036E-4	3.4001379390247166E-4
219.710816256	4.6465395E-4	3.778143727686256E-4
219.70886656	3.970064E-4	4.0758561226539314E-4
219.706916864	5.0280394E-4	4.244561423547566E-4
219.704967168	4.8712012E-4	4.2546840268187225E-4
219.703001088	3.4799817E-4	4.101403756067157E-4
219.701051392	2.5926647E-4	3.804766165558249E-4
219.699101696	2.4082452E-4	3.4090044209733605E-4
219.697135616	2.9133097E-4	2.970215573441237E-4
219.69518592	3.0581135E-4	2.5514105800539255E-4
219.693236224	1.4251009E-4	2.2121300571598113E-4
219.691270144	1.9179213E-4	1.999540108954534E-4
219.689320448	3.7767738E-4	1.9433685520198196E-4
219.687370752	2.9203325E-4	2.0516505173873156E-4
219.685421056	4.4077542E-4	2.310228446731344E-4
219.683454976	4.2393E-4	2.6841083308681846E-4
219.68150528	4.131007E-4	3.121527552139014E-4
219.679555584	4.8700767E-4	3.5604689037427306E-4
219.677589504	4.3773232E-4	3.937154542654753E-4
219.675639808	4.2619847E-4	4.195366345811635E-4
219.673690112	5.18147E-4	4.294984682928771E-4
219.671724032	4.5430043E-4	4.217993700876832E-4
219.669774336	4.4980948E-4	3.970598627347499E-4
219.66782464	4.2269623E-4	3.5809478140436113E-4
219.665874944	2.4355813E-4	3.0924868769943714E-4
219.663908864	4.058387E-4	2.557557600084692E-4
219.661959168	3.1849457E-4	2.024548448389396E-4
219.660009472	2.4104559E-4	1.5337252989411354E-4
219.658043392	1.8606787E-4	1.1118314432678744E-4
219.656093696	1.4471209E-4	7.71227350924164E-5
219.654144	1.3639392E-4	5.1189246732974425E-5
219.65217792	1.339737E-4	3.251199814258143E-5
219.650228224	1.8200207E-4	1.976058047148399E-5
219.648278528	1.8201482E-4	1.1494014870550018E-5
219.646328832	-1.2524378E-4	6.398555797204608E-6
219.644362752	-1.441384E-4	3.409167220524978E-6
219.642413056	4.4157355E-6	1.7385374349032645E-6
219.64046336	5.9036E-5	8.485901048516098E-7
219.63849728	-9.232441E-5	3.964574375459051E-7
219.636547584	-6.641309E-5	1.7728946488659858E-7
219.634597888	1.6207676E-5	0.0
219.632631808	1.6741731E-5	0.0
219.630682112	5.818483E-5	0.0
219.628732416	2.4229642E-4	0.0
219.626766336	1.0585597E-4	0.0
219.62481664	2.4226363E-5	0.0
219.622866944	8.6566535E-5	0.0
219.620917248	-9.682217E-5	0.0
219.618951168	1.1839889E-5	0.0
219.617001472	2.7057467E-5	0.0
219.615051776	8.0631915E-5	0.0
219.613085696	8.146225E-5	0.0
219.611136	2.4016292E-5	0.0
219.609186304	8.653097E-5	0.0
219.607220224	-4.8946837E-5	0.0
219.605270528	-8.8532586E-5	0.0
219.603320832	-7.9365345E-5	0.0
219.601371136	1.7916536E-5	0.0
219.599405056	-1.386412E-4	0.0
219.59745536	-1.6036087E-4	0.0
219.595505664	1.4127737E-4	0.0
219.593539584	-7.120667E-5	0.0
219.591589888	-5.4492407E-6	0.0
219.589640192	3.9145336E-5	5.752915512857726E-7
219.587674112	-4.29302E-5	1.4311608538264409E-6
219.585724416	-4.611835E-5	3.3671803976176307E-6
219.58377472	-1.9742998E-4	7.491776614187984E-6
219.581825024	4.2234067E-5	1.576124668645207E-5
219.579858944	-1.5333989E-4	3.134677899652161E-5
219.577909248	-1.21488134E-4	5.891865657758899E-5
219.575959552	-1.2750692E-4	1.0461435886099935E-4
219.573993472	3.3791916E-4	1.7538663814775646E-4
219.572043776	4.2786635E-4	2.77502229437232E-4
219.57009408	3.8394355E-4	4.142710822634399E-4
219.568128	7.065007E-4	5.835029878653586E-4
219.566178304	7.454379E-4	7.758652209304273E-4
219.564228608	9.819908E-4	9.749658056534827E-4
219.562278912	0.0010673987	0.0011596715776249766
219.560312832	0.0012675128	0.001307990401983261
219.558363136	0.0014178433	0.0014012831961736083
219.55641344	0.0014347489	0.0014276409056037664
219.55444736	0.0013878908	0.0013839396415278316
219.552497664	0.0013550889	0.0012761481339111924
219.550547968	0.0010051591	0.0011186393676325679
219.548581888	9.3540177E-4	9.316460345871747E-4
219.546632192	8.3386607E-4	7.375755812972784E-4
219.544682496	5.4942863E-4	5.567414918914437E-4
219.5427328	2.3207288E-4	4.038294719066471E-4
219.54076672	1.5616165E-4	2.861906832549721E-4
219.538817024	3.5801937E-4	2.043553104158491E-4
219.536867328	5.4321237E-5	1.5410402556881309E-4
219.534901248	-5.6032048E-5	1.2895045801997185E-4
219.532951552	1.0915373E-4	1.2223336671013385E-4
219.531001856	1.3528134E-4	1.282705197809264E-4
219.529035776	1.071086E-4	1.4249801461119205E-4
219.52708608	9.325337E-5	1.6143226821441203E-4
219.525136384	2.7221156E-4	1.821795740397647E-4
219.523186688	2.7369702E-4	2.0219199359416962E-4
219.521220608	2.2166902E-4	2.1908088820055127E-4
219.519270912	1.9560846E-4	2.3152939684223384E-4
219.517321216	2.5659596E-4	2.3825613607186824E-4
219.515355136	1.8164683E-4	2.3939507082104683E-4
219.51340544	9.0289555E-5	2.361621882300824E-4
219.511455744	1.2882361E-4	2.3067891015671194E-4
219.509489664	2.1735147E-4	2.2553669987246394E-4
219.507539968	1.5745823E-4	2.2319859999697655E-4
219.505590272	2.9142894E-4	2.25392373977229E-4
219.503624192	9.710212E-5	2.3265907657332718E-4
219.501674496	4.3049673E-5	2.4417979875579476E-4
219.4997248	2.2259004E-4	2.579280990175903E-4
219.497775104	3.0754693E-4	2.7110290830023587E-4
219.495809024	1.8106964E-4	2.807251294143498E-4
219.493859328	1.6615533E-4	2.842370013240725E-4
219.491909632	2.7695473E-4	2.800123766064644E-4
219.489943552	1.2912978E-4	2.675532305147499E-4
219.487993856	1.5263606E-5	2.475350920576602E-4
219.48604416	1.4499312E-4	2.2156824707053602E-4
219.48407808	7.540772E-5	1.9183308177161962E-4
219.482128384	1.51581335E-5	1.6066986427176744E-4
219.480178688	-3.0370444E-5	1.3021672202739865E-4
219.478228992	-1.1968492E-4	1.0212171036982909E-4
219.476262912	4.6447545E-5	7.758743595331907E-5
219.474313216	1.6184819E-4	5.708317621611059E-5
219.47236352	-6.416738E-5	4.075984179507941E-5
219.47039744	3.83508E-5	2.8255783036001958E-5
219.468447744	-2.453664E-5	1.9159026123816147E-5
219.466498048	-4.819165E-5	1.297249946219381E-5
219.464531968	6.333254E-5	9.268320354749449E-6
219.462582272	-9.343914E-5	7.77553032094147E-6
219.460632576	-6.672398E-5	8.429639819951262E-6
219.45868288	-2.3981978E-5	1.1433598047005944E-5
219.4567168	-4.81888E-5	1.716957012831699E-5
219.454767104	2.6289455E-4	2.617925565573387E-5
219.452817408	1.135154E-4	3.898962677340023E-5
219.450851328	1.379586E-4	5.601160228252411E-5
219.448901632	8.6060536E-5	7.716167601756752E-5
219.446951936	2.166989E-4	1.0192906484007835E-4
219.444985856	1.2404592E-4	1.288266503252089E-4
219.44303616	1.3349971E-5	1.5596442972309887E-4
219.441086464	-1.5162074E-6	1.8093646212946624E-4
219.439136768	-1.5098674E-5	2.0133279031142592E-4
219.437170688	1.1016031E-4	2.152072120225057E-4
219.435220992	1.3312353E-4	2.2154160251375288E-4
219.433271296	1.731559E-4	2.2056381567381322E-4
219.431305216	9.9536075E-5	2.1382015256676823E-4
219.42935552	1.9043135E-4	2.0396095351316035E-4
219.427405824	1.7849622E-4	1.942647504620254E-4
219.425439744	1.8884042E-4	1.8799761892296374E-4
219.423490048	-4.984569E-6	1.8774427007883787E-4
219.421540352	2.13927E-4	1.94862179341726E-4
219.419590656	8.815619E-5	2.0919021335430443E-4
219.417624576	1.2858461E-4	2.2907101083546877E-4
219.41567488	3.163275E-4	2.516827662475407E-4
219.413725184	7.248476E-5	2.7360033709555864E-4
219.411759104	1.8386722E-4	2.914491342380643E-4
219.409809408	3.365297E-4	3.025093174073845E-4
219.407859712	2.9114983E-4	3.0514056561514735E-4
219.405893632	2.1978443E-4	2.989552158396691E-4
219.403943936	2.5743205E-4	2.847251598723233E-4
219.40199424	3.2554462E-4	2.6408216217532754E-4
219.400044544	2.276342E-4	2.391037851339206E-4
219.398078464	2.7247198E-4	2.1190101688262075E-4
219.396128768	3.2925938E-4	1.8427222676109523E-4
219.394179072	1.5138199E-4	1.5766244905535132E-4
219.392212992	2.1332181E-4	1.3289559865370393E-4
219.390263296	1.7682165E-4	1.104426191886887E-4
219.3883136	8.187238E-5	9.047787170857191E-5
219.38634752	5.703674E-5	7.300011930055916E-5
219.384397824	7.084092E-5	5.792184310848825E-5
219.382448128	4.4417087E-5	4.5117249101167545E-5
219.380482048	-7.297624E-5	3.4439359296811745E-5
219.378532352	-1.5536243E-4	2.572005905676633E-5
219.376582656	-1.09972214E-4	1.876694841485005E-5
219.37463296	-5.748043E-5	1.3363893231144175E-5
219.37266688	3.2327647E-5	9.279300684283953E-6
219.370717184	2.4256515E-5	6.250824753806228E-6
219.368767488	8.330295E-5	4.126792646275135E-6
219.366801408	5.160946E-5	2.6512066142458934E-6
219.364851712	3.345734E-5	1.6574289247728302E-6
219.362902016	8.094181E-5	1.0083160759677412E-6
219.360935936	-2.5608824E-5	5.969413905404508E-7
219.35898624	6.930895E-5	3.4390816949780856E-7
219.357036544	1.1562153E-4	1.9280987828551588E-7
219.355086848	-9.470634E-6	1.0519588045099226E-7
219.353120768	-4.3805005E-5	5.585337703450932E-8
219.351171072	1.2515897E-4	2.8858847755941497E-8
219.349221376	1.562209E-4	0.0
219.347255296	-4.1313135E-5	0.0
219.3453056	1.9546875E-5	0.0
219.343355904	-3.9118822E-5	0.0
219.341389824	-6.204548E-5	0.0
219.339440128	-9.548043E-5	0.0
219.337490432	-1.0178833E-4	0.0
219.335540736	-8.298499E-5	0.0
219.333574656	-1.2494928E-4	0.0
219.33162496	-3.992238E-5	0.0
219.329675264	-1.6361031E-4	0.0
219.327709184	-1.0338258E-4	0.0
219.325759488	-6.6942725E-5	0.0
219.323809792	5.5173155E-6	0.0
219.321843712	8.4191604E-5	0.0
219.319894016	-4.6131216E-5	0.0
219.31794432	3.2532364E-5	0.0
219.315994624	3.2727767E-5	0.0
219.314028544	1.02328064E-4	0.0
219.312078848	-1.1770539E-4	0.0
219.310129152	7.915996E-5	0.0
219.308163072	3.6388214E-5	0.0
219.306213376	9.6422315E-5	2.455028891290567E-8
219.30426368	1.2237251E-4	5.74819196685894E-8
219.3022976	-9.153756E-5	1.2796827775218844E-7
219.300347904	1.1878877E-6	2.708743238599709E-7
219.298398208	-1.5799164E-4	5.451574338621867E-7
219.296448512	3.643024E-5	1.0431836017232854E-6
219.294482432	-3.117464E-5	1.8979001197294565E-6
219.292532736	1.217598E-5	3.2828133953444194E-6
219.29058304	8.507025E-5	5.398397206590744E-6
219.28861696	4.5934852E-5	8.439464181719813E-6
219.286667264	-9.154431E-5	1.2542550393845886E-5
219.284717568	1.4984849E-5	1.7720529285725206E-5
219.282751488	3.6524827E-5	2.380124533374328E-5
219.280801792	4.7636902E-5	3.039370130863972E-5
219.278852096	1.2057657E-4	3.690391167765483E-5
219.2769024	2.9408766E-5	4.261081267031841E-5
219.27493632	1.2462241E-4	4.679291305365041E-5
219.272986624	1.3597954E-4	4.887609611614607E-5
219.271036928	6.641771E-6	4.856144732912071E-5
219.269070848	1.6605032E-4	4.589463060256094E-5
219.267121152	-1.1051379E-5	4.125521081732586E-5
219.265171456	-3.1671036E-5	3.526916043483652E-5
219.263205376	-3.6841215E-5	2.867184412025381E-5
219.26125568	-1.3256939E-4	2.2161981178214774E-5
219.259305984	4.8330738E-5	1.6285963283735327E-5
219.257356288	7.977498E-5	1.1377468581486028E-5
219.255390208	-5.4959804E-5	7.556085165560944E-6
219.253440512	-9.451674E-5	4.770606665260857E-6
219.251490816	1.4866806E-4	2.895377974709845E-6
219.249524736	6.267025E-5	1.7076450831154943E-6
219.24757504	6.330384E-5	1.0489823125681141E-6
219.245625344	2.158053E-4	8.245971230280702E-7
219.243659264	8.536117E-5	1.0042410849564476E-6
219.241709568	4.0068267E-6	1.6381477507820819E-6
219.239759872	9.817454E-5	2.938498255389277E-6
219.237793792	9.476759E-5	5.2523682825267315E-6
219.235844096	-2.5473084E-5	9.085878446057905E-6
219.2338944	-8.51495E-5	1.5143446944421157E-5
219.231944704	4.9414506E-5	2.423408477625344E-5
219.229978624	3.189598E-5	3.7246707506710663E-5
219.228028928	1.801283E-4	5.499540930031799E-5
219.226079232	2.3851985E-4	7.802958134561777E-5
219.224113152	2.4799223E-4	1.0641533299349248E-4
219.222163456	4.8649134E-5	1.395342405885458E-4
219.22021376	-6.5058484E-5	1.7595684039406478E-4
219.21824768	1.6639182E-4	2.134495589416474E-4
219.216297984	1.3112735E-4	2.491447376087308E-4
219.214348288	7.854325E-5	2.79874395346269E-4
219.212398592	2.0598613E-4	3.0261464416980743E-4
219.210432512	1.811712E-5	3.151221026200801E-4
219.208482816	7.9104255E-5	3.159089828841388E-4
219.20653312	2.2731532E-5	3.050592204090208E-4
219.20456704	7.249245E-5	2.8403117903508246E-4
219.202617344	1.5828849E-6	2.5550861028023064E-4
219.200667648	5.3733223E-5	2.232235565315932E-4
219.198701568	6.8370646E-5	1.9152618187945336E-4
219.196751872	1.5692272E-4	1.6502065409440547E-4
219.194802176	8.315405E-7	1.4823618403170258E-4
219.19285248	1.54472E-4	1.4533885405398905E-4
219.1908864	1.8652085E-4	1.598387461854145E-4
219.188936704	3.0443782E-4	1.9422118202783167E-4
219.186987008	3.9863063E-4	2.4946662597358227E-4
219.185020928	4.6473485E-4	3.2450773869641125E-4
219.183071232	7.340824E-4	4.157817456871271E-4
219.181121536	9.249047E-4	5.17080130521208E-4
219.179155456	7.325071E-4	6.198934279382229E-4
219.17720576	6.735311E-4	7.143127731978893E-4
219.175256064	8.1673975E-4	7.904027588665485E-4
219.173306368	7.783467E-4	8.396271732635796E-4
219.171340288	9.4599184E-4	8.565042517147958E-4
219.169390592	9.4160065E-4	8.391112205572426E-4
219.167440896	9.754383E-4	7.898121839389205E-4
219.165474816	9.789604E-4	7.148226140998304E-4
219.16352512	4.8461754E-4	6.231134757399559E-4
219.161575424	5.167243E-4	5.252913688309491E-4
219.159609344	5.1826646E-4	4.321234591770917E-4
219.157659648	3.6554545E-4	3.5323313204571605E-4
219.155709952	3.3397455E-4	2.9605207964777946E-4
219.153760256	2.4388188E-4	2.650314709171653E-4
219.151794176	3.5759626E-4	2.611067029647529E-4
219.14984448	4.081938E-4	2.814495819620788E-4
219.147894784	2.184708E-4	3.1966305687092245E-4
219.145928704	2.1171667E-4	3.665935655590147E-4
219.143979008	1.9750585E-4	4.117885255254805E-4
219.142029312	3.0275318E-4	4.453629080671817E-4
219.140063232	5.429243E-4	4.5983889140188694E-4
219.138113536	4.5959733E-4	4.5148382196202874E-4
219.13616384	2.3297923E-4	4.2081717401742935E-4
219.134214144	1.9008473E-4	3.721645043697208E-4
219.132248064	1.7210723E-4	3.122940834145993E-4
219.130298368	9.594926E-5	2.490463957656175E-4
219.128348672	8.145078E-5	1.8897846166510135E-4
219.126382592	3.659037E-5	1.3675555237568915E-4
219.124432896	1.244649E-4	9.46703294175677E-5
219.1224832	9.285011E-5	6.291246972978115E-5
219.12051712	2.1109839E-4	4.026738315587863E-5
219.118567424	2.116854E-5	2.4957707864814438E-5
219.116617728	1.9694839E-5	1.5144829376367852E-5
219.114651648	3.454436E-6	9.275259799323976E-6
219.112701952	5.83098E-5	6.214703716977965E-6
219.110752256	2.105067E-5	5.258760211290792E-6
219.10880256	2.436024E-5	6.084243068471551E-6
219.10683648	2.6027425E-5	8.642164175398648E-6
219.104886784	1.4936567E-4	1.3222491361375432E-5
219.102937088	1.16020194E-4	2.0068253434146754E-5
219.100971008	1.0075285E-4	2.9481612727977335E-5
219.099021312	1.9955667E-5	4.158936280873604E-5
219.097071616	-3.3221804E-5	5.618801878881641E-5
219.095105536	-1.3925732E-5	7.268774788826704E-5
219.09315584	7.6353244E-5	8.998174598673359E-5
219.091206144	1.5825055E-4	1.0659787949407473E-4
219.089256448	-4.7051944E-5	1.2085691560059786E-4
219.087290368	-2.0615887E-5	1.3114487228449434E-4
219.085340672	3.8663027E-5	1.3620998652186245E-4
219.083390976	-1.3475835E-4	1.3541155203711241E-4
219.081424896	1.7240513E-5	1.2885162141174078E-4
219.0794752	7.915321E-5	1.1735374573618174E-4
219.077525504	8.500651E-5	1.0229481267742813E-4
219.075559424	1.9494978E-4	8.533602522220463E-5
219.073609728	1.14049224E-4	6.812455103499815E-5
219.071660032	-8.628078E-6	5.2040897571714595E-5
219.069710336	2.244195E-5	3.804007064900361E-5
219.067744256	7.881205E-5	2.660614700289443E-5
219.06579456	5.601415E-5	1.78060417965753E-5
219.063844864	-1.03661456E-4	1.1402537893445697E-5
219.061878784	1.9792792E-6	6.987052984186448E-6
219.059929088	2.906406E-5	4.120394805795513E-6
219.057979392	-8.5708176E-5	2.3529910322395153E-6
219.056013312	-6.3869884E-5	1.3540663985622814E-6
219.054063616	-5.5822617E-5	8.872348757904547E-7
219.05211392	-1.5266171E-4	8.231364745370229E-7
219.050164224	-3.8255894E-5	1.1352275350873242E-6
219.048198144	1.3793701E-4	1.8946674344988423E-6
219.046248448	9.3999595E-5	3.26527720062586E-6
219.044298752	-2.644393E-5	5.482501364895143E-6
219.042332672	2.1013651E-4	8.885797797120176E-6
219.040382976	7.2450246E-5	1.3780537301499862E-5
219.03843328	9.304796E-5	2.0449631847441196E-5
219.0364672	1.1535622E-4	2.9036871637799777E-5
219.034517504	2.672734E-4	3.9451402699342E-5
219.032567808	1.8941115E-4	5.128958946443163E-5
219.030618112	1.5096691E-4	6.380610284395516E-5
219.028652032	1.2679874E-4	7.595915667479858E-5
219.026702336	1.7129743E-5	8.653719851281494E-5
219.02475264	3.7488688E-5	9.43518680287525E-5
219.02278656	1.1701122E-5	9.845542081166059E-5
219.020836864	-3.6401466E-6	9.83283607638441E-5
219.018887168	6.159772E-5	9.398700785823166E-5
219.016921088	7.562408E-5	8.598007843829691E-5
219.014971392	-9.3745315E-5	7.527511479565874E-5
219.013021696	-8.8139626E-5	6.316880899248645E-5
219.011072	3.112339E-5	5.0794787966879085E-5
219.00910592	-1.7685951E-4	3.9293365261983126E-5
219.007156224	2.6781447E-5	2.9517197617678903E-5
219.005206528	-5.7824795E-6	2.2063723008614033E-5
219.003240448	-8.769079E-5	1.734218130877707E-5
219.001290752	5.2582807E-5	1.5683808669564314E-5
218.999341056	-1.1316525E-4	1.7446336642024107E-5
218.997374976	-9.024308E-5	2.3066670109983534E-5
218.99542528	-5.0594637E-5	3.302476034150459E-5
218.993475584	-1.6563528E-5	4.770566738443449E-5
218.991525888	1.7154518E-4	6.718154327245429E-5
218.989559808	1.4594353E-4	9.097025031223893E-5
218.987610112	1.9685323E-4	1.1786022514570504E-4
218.985660416	1.7388594E-4	1.4588376507163048E-4
218.983694336	1.0598659E-4	1.7248917720280588E-4
218.98174464	6.108427E-5	1.9488581165205687E-4
218.979794944	2.3300589E-4	2.1054234821349382E-4
218.977828864	2.5774486E-4	2.1756123169325292E-4
218.975879168	5.251284E-5	2.1507954807020724E-4
218.973929472	1.8210684E-4	2.0340378978289664E-4
218.971963392	-8.596122E-6	1.8395429651718587E-4
218.970013696	-3.3761447E-5	1.590064202900976E-4
218.968064	7.588188E-5	1.3127907004673034E-4
218.966114304	4.2231855E-5	1.0346400085836649E-4
218.964148224	1.8668831E-4	7.780097075738013E-5
218.962198528	1.14908195E-4	5.5801720009185374E-5
218.960248832	-5.9190337E-5	3.8169819163158536E-5
218.958282752	-1.4102112E-6	2.4900780772441067E-5
218.956333056	-4.2013955E-5	1.5494373656110838E-5
218.95438336	-1.2587679E-4	9.197674444294535E-6
218.95241728	1.4269642E-4	5.209560185903683E-6
218.950467584	1.3086756E-5	2.8158458462712588E-6
218.948517888	-2.9175615E-5	1.4526276572723873E-6
218.946568192	6.2689345E-5	7.353766591222666E-7
218.944602112	4.5191424E-5	3.8242592381720897E-7
218.942652416	-3.5164485E-5	2.5260527536374866E-7
218.94070272	-3.4339508E-5	2.789578559259098E-7
218.93873664	-5.5690776E-5	4.320415882830275E-7
218.936786944	-3.4135723E-5	8.332625043294684E-7
218.934837248	-6.660454E-5	1.948225644810009E-6
218.932871168	2.352729E-5	3.699970648085582E-6
218.930921472	-8.2198254E-5	6.827261131547857E-6
218.928971776	-1.0968915E-4	1.224598236149177E-5
218.92702208	-9.308495E-5	2.1344194465200417E-5
218.925056	-1.160938E-4	3.610416024457663E-5
218.923106304	-4.599111E-5	5.9146037528989837E-5
218.921156608	1.0031105E-4	9.358704119222239E-5
218.919190528	1.0817118E-4	1.425961236236617E-4
218.917240832	1.040825E-4	2.08574507269077E-4
218.915291136	2.0533182E-4	2.920504193753004E-4
218.913325056	3.9826694E-4	3.905978228431195E-4
218.91137536	5.432109E-4	4.982607206329703E-4
218.909425664	5.350758E-4	6.059067673049867E-4
218.907475968	8.236009E-4	7.02572928275913E-4
218.905509888	7.2717946E-4	7.774279220029712E-4
218.903560192	5.2774686E-4	8.217108552344143E-4
218.901610496	7.1636203E-4	8.301417110487819E-4
218.899644416	8.895433E-4	8.016343344934285E-4
218.89769472	7.95866E-4	7.393858977593482E-4
218.895745024	6.315708E-4	6.507764919660985E-4
218.893778944	5.61232E-4	5.454412894323468E-4
218.891829248	3.3774722E-4	4.349360824562609E-4
218.889879552	3.1169702E-4	3.303444536868483E-4
218.887929856	3.1718885E-4	2.403481921646744E-4
218.885963776	3.1369782E-5	1.7072451009880751E-4
218.88401408	1.5779263E-4	1.2414137017913163E-4
218.882064384	1.5817523E-4	1.0110424045706168E-4
218.880098304	1.981916E-4	1.0115272016264498E-4
218.878148608	1.1321057E-4	1.2380143743939698E-4
218.876198912	7.292353E-5	1.6887731908354908E-4
218.874232832	2.4375958E-4	2.3620012507308275E-4
218.872283136	5.6917465E-4	3.247883578296751E-4
218.87033344	6.703646E-4	4.3192622251808643E-4
218.868383744	6.1740517E-4	5.524511798284948E-4
218.866417664	8.00382E-4	6.784568540751934E-4
218.864467968	7.9991703E-4	8.004734991118312E-4
218.862518272	7.665069E-4	9.073509136214852E-4
218.860552192	0.0010468788	9.88833955489099E-4
218.858602496	9.106592E-4	0.0010367397917434573
218.8566528	9.166567E-4	0.0010462256614118814
218.85468672	0.0010967238	0.0010165143758058548
218.852737024	8.368237E-4	9.509652154520154E-4
218.850787328	7.19075E-4	8.564974996261299E-4
218.848821248	6.94241E-4	7.424759096466005E-4
218.846871552	7.209836E-4	6.192742730490863E-4
218.844921856	4.467686E-4	4.967846325598657E-4
218.84297216	4.607879E-4	3.8316944846883416E-4
218.84100608	3.744244E-4	2.840709639713168E-4
218.839056384	1.4305061E-4	2.0238607248757035E-4
218.837106688	1.6960068E-5	1.3854028657078743E-4
218.835140608	2.2207967E-4	9.110747487284243E-5
218.833190912	6.143206E-5	5.755111851613037E-5
218.831241216	2.8962313E-5	3.491539609967731E-5
218.829275136	7.591768E-5	2.0340728951850906E-5
218.82732544	8.708738E-5	1.1376897418813314E-5
218.825375744	1.3948859E-4	6.1078922044544015E-6
218.823426048	1.03456594E-4	3.146825747535331E-6
218.821459968	7.322237E-5	1.5554585388599662E-6
218.819510272	2.6756243E-5	6.490872692666017E-7
218.817560576	-7.876151E-6	2.999502726197534E-7
218.815594496	1.2415914E-4	1.3263110076877638E-7
218.8136448	3.916117E-5	0.0
218.811695104	-1.4262114E-5	0.0
218.809729024	-6.2056715E-5	0.0
218.807779328	-6.16715E-5	0.0
218.805829632	1.2257298E-4	0.0
218.803879936	-1.2264522E-4	0.0
218.801913856	-1.259934E-4	0.0
218.79996416	4.930135E-5	0.0
218.798014464	2.6564914E-5	0.0
218.796048384	3.982334E-5	0.0
218.794098688	1.7368395E-5	4.229363881336212E-8
218.792148992	1.7641472E-4	9.629948038991643E-8
218.790182912	1.1484574E-4	2.0979753401206835E-7
218.788233216	-1.04745806E-4	4.3732595145229425E-7
218.78628352	7.981536E-6	8.722316806597519E-7
218.784333824	-8.233255E-6	1.6644521565467585E-6
218.782367744	-4.6238958E-5	3.038892600670806E-6
218.780418048	5.6129516E-5	5.308191703079501E-6
218.778468352	5.545255E-6	8.870411875250284E-6
218.776502272	6.409733E-5	1.4180331163515802E-5
218.774552576	2.6016132E-5	2.1684496459783986E-5
218.77260288	1.704255E-4	3.1718824175186455E-5
218.7706368	2.3317184E-4	4.437957613845356E-5
218.768687104	9.2122515E-5	5.939631591900252E-5
218.766737408	2.281569E-4	7.604721031384543E-5
218.764787712	1.1083948E-4	9.31563918129541E-5
218.762821632	8.40033E-5	1.0920098429778591E-4
218.760871936	2.2178986E-4	1.225209271069616E-4
218.75892224	1.3726488E-4	1.3159614172764122E-4
218.75695616	1.2826208E-4	1.3532672892324626E-4
218.755006464	2.4963485E-4	1.3324654719326645E-4
218.753056768	2.9099366E-4	1.2561636685859412E-4
218.751090688	3.2060267E-4	1.1337196337990463E-4
218.749140992	3.7108152E-4	9.793982462724671E-5
218.747191296	1.209115E-4	8.096930105239153E-5
218.7452416	2.8275866E-7	6.404857413144782E-5
218.74327552	-1.1325111E-4	4.8468562454218045E-5
218.741325824	3.3134405E-5	3.508566442178562E-5
218.739376128	1.5194148E-4	2.429390951874666E-5
218.737410048	1.1121509E-4	1.6090431017801166E-5
218.735460352	2.3535137E-4	1.0194210517511237E-5
218.733510656	2.1277186E-4	6.1783775890944526E-6
218.731544576	1.3239057E-4	3.5822729387291474E-6
218.72959488	1.2265069E-4	1.987123823710135E-6
218.727645184	8.8197456E-5	1.0545986697252374E-6
218.725679104	-5.113684E-5	5.355057624001347E-7
218.723729408	1.05420055E-4	2.601724133910466E-7
218.721779712	2.3920838E-4	1.2094285750663403E-7
218.719830016	1.405503E-4	5.3793709042793125E-8
218.717863936	-7.3372226E-5	1.4267661185840552E-7
218.71591424	-6.920444E-5	3.216198081190669E-7
218.713964544	-2.6846028E-5	7.047897270240355E-7
218.711998464	-1.5831382E-4	1.4530804719470325E-6
218.710048768	-7.1452305E-5	2.867161811082042E-6
218.708099072	-1.1583041E-4	5.414105999079766E-6
218.706132992	-7.20689E-5	9.783454515854828E-6
218.704183296	-7.372793E-5	1.691740908427164E-5
218.7022336	-2.1556989E-5	2.799196408886928E-5
218.700283904	3.2431373E-5	4.431773777469061E-5
218.698317824	8.778453E-5	6.71367088216357E-5
218.696368128	1.65235E-4	9.73167916527018E-5
218.694418432	2.1828372E-4	1.3498691259883344E-4
218.692452352	1.9522202E-4	1.7919660604093224E-4
218.690502656	2.7264707E-4	2.2771880321670324E-4
218.68855296	3.8053002E-4	2.7710062568075955E-4
218.68658688	2.9277313E-4	3.230196889489889E-4
218.684637184	3.2281666E-4	3.6091008223593235E-4
218.682687488	3.985759E-4	3.86740081012249E-4
218.680737792	2.4971063E-4	3.977537853643298E-4
218.678771712	2.6983762E-4	3.92992194974795E-4
218.676822016	3.894067E-4	3.734581114258617E-4
218.67487232	3.5253656E-4	3.418838605284691E-4
218.67290624	3.5534333E-4	3.0216440791264176E-4
218.670956544	2.8331613E-4	2.586078189779073E-4
218.669006848	1.7628363E-4	2.151956723537296E-4
218.667040768	1.4962906E-4	1.7501669935882092E-4
218.665091072	2.1094222E-4	1.3999194197822362E-4
218.663141376	4.0031257E-5	1.1088481551269069E-4
218.66119168	-7.6803975E-5	8.757622708799317E-5
218.6592256	-5.4379474E-5	6.928583752596751E-5
218.657275904	-8.899074E-5	5.506329034687951E-5
218.655326208	6.3904776E-7	4.3960666516795754E-5
218.653360128	9.0152826E-5	3.520411337376572E-5
218.651410432	1.0799266E-4	2.8249989554751664E-5
218.649460736	6.643361E-5	2.277213025081437E-5
218.647494656	-1.4784935E-5	1.861572491179686E-5
218.64554496	-5.4007236E-5	1.5744273696327582E-5
218.643595264	9.888776E-5	1.4194258255884051E-5
218.641645568	-2.792776E-5	1.3990830666443799E-5
218.639679488	5.6118282E-5	1.5358389646280557E-5
218.637729792	-1.6078367E-5	1.828489257604815E-5
218.635780096	-1.969601E-4	2.284131187479943E-5
218.633814016	-3.0057995E-6	2.90667903755093E-5
218.63186432	-1.0972751E-4	3.689365985337645E-5
218.629914624	-5.169162E-5	4.612491466104984E-5
218.627948544	-1.0471187E-4	5.648712249239907E-5
218.625998848	-1.036405E-4	6.75671617500484E-5
218.624049152	-1.0275953E-4	7.88488905527629E-5
218.622099456	-9.052335E-5	8.97825593710877E-5
218.620133376	-7.1918616E-6	9.981021139537916E-5
218.61818368	1.17182935E-5	1.084323666873388E-4
218.616233984	-9.0590634E-5	1.1536587408045307E-4
218.614267904	-4.2050393E-5	1.2059042637702078E-4
218.612318208	1.3513908E-4	1.2435110693331808E-4
218.610368512	9.463877E-5	1.2722387327812612E-4
218.608402432	1.1897515E-5	1.3006757944822311E-4
218.606452736	2.1289462E-4	1.3394308916758746E-4
218.60450304	7.3886918E-6	1.3998356007505208E-4
218.602553344	-2.0933876E-5	1.4922863920219243E-4
218.600587264	2.0125257E-4	1.6243821301031858E-4
218.598637568	1.0376783E-4	1.799168239813298E-4
218.596687872	5.9001472E-6	2.0138060790486634E-4
218.594721792	7.2303505E-5	2.2590020671486855E-4
218.592772096	9.357718E-5	2.519470581319183E-4
218.5908224	1.7476907E-4	2.7754760230891407E-4
218.58885632	1.4075717E-4	3.005312755703926E-4
218.586906624	9.192857E-5	3.188286500517279E-4
218.584956928	1.09678585E-4	3.307635779492557E-4
218.582990848	1.3039271E-4	3.352769708726555E-4
218.581041152	1.4324147E-4	3.320414980407804E-4
218.579091456	1.9136285E-4	3.2144522992894053E-4
218.57714176	6.4483596E-5	3.0446346499957144E-4
218.57517568	1.0418506E-4	2.824573894031346E-4
218.573225984	2.8246682E-4	2.5695175281725824E-4
218.571276288	2.5742315E-4	2.294418663950637E-4
218.569310208	2.0965279E-5	2.0125648006796837E-4
218.567360512	2.7321206E-5	1.7350786947645247E-4
218.565410816	1.9448313E-4	1.469974813517183E-4
218.563444736	2.0201672E-4	1.2240884825587273E-4
218.56149504	1.6328282E-5	1.0013017890742049E-4
218.559545344	2.4952387E-5	8.043201523832977E-5
218.557595648	1.2357532E-4	6.345402653096244E-5
218.555629568	7.2767E-6	4.922782682115212E-5
218.553679872	-1.2274143E-4	3.769852628465742E-5
218.551730176	-6.148605E-5	2.8746875614160672E-5
218.549764096	3.2737138E-5	2.2213820557226427E-5
218.5478144	-5.949354E-5	1.792468538042158E-5
218.545864704	-8.347463E-5	1.5697429262218066E-5
218.543898624	-7.5563046E-5	1.5411202184623107E-5
218.541948928	-1.2117813E-6	1.6908379620872438E-5
218.539999232	-3.2721393E-5	2.0065883290953934E-5
218.538049536	-1.2478339E-4	2.4735785700613633E-5
218.536083456	-9.630878E-5	3.077307337662205E-5
218.53413376	-1.5569427E-4	3.790336995734833E-5
218.532184064	-9.1341804E-5	4.584734415402636E-5
218.530217984	-1.0020683E-4	5.417059946921654E-5
218.528268288	-2.3846937E-5	6.239248614292592E-5
218.526318592	-1.5516121E-4	6.998523895163089E-5
218.524352512	-4.350669E-5	7.641898992005736E-5
218.522402816	-9.401076E-6	8.122057624859735E-5
218.52045312	-4.830959E-6	8.403618994634598E-5
218.518503424	-6.0708335E-5	8.463933045277372E-5
218.516537344	1.2808465E-5	8.300673653138801E-5
218.514587648	-7.509453E-5	7.93110957602039E-5
218.512637952	-9.479947E-6	7.390940299956128E-5
218.510671872	3.3688135E-5	6.73381655360572E-5
218.508722176	-2.2165375E-5	6.024308459018357E-5
218.50677248	-2.1012545E-4	5.325548772816546E-5
218.5048064	1.7491296E-4	4.7090768930502236E-5
218.502856704	1.719198E-4	4.2387746361782774E-5
218.500907008	-8.836687E-5	3.969140743720345E-5
218.498957312	-2.0342138E-4	3.945296703022905E-5
218.496991232	-9.485743E-5	4.207815072732046E-5
218.495041536	-2.767083E-5	4.761375021189451E-5
218.49309184	7.9761536E-5	5.6268643675139174E-5
218.49112576	1.4107772E-4	6.816510722273961E-5
218.489176064	1.1528992E-4	8.345616515725851E-5
218.487226368	9.0723726E-5	1.0235388617729768E-4
218.485260288	1.3140518E-4	1.25122707686387E-4
218.483310592	4.8042843E-5	1.5203274961095303E-4
218.481360896	2.1137808E-4	1.83278854819946E-4
218.4794112	1.4577438E-4	2.1887737966608256E-4
218.47744512	2.3294611E-4	2.5855746935121715E-4
218.475495424	2.5516347E-4	3.016567206941545E-4
218.473545728	2.4687324E-4	3.4703692654147744E-4
218.471579648	3.717069E-4	3.9303998346440494E-4
218.469629952	2.7628342E-4	4.3749791802838445E-4
218.467680256	3.380662E-4	4.7795751015655696E-4
218.465714176	3.5936962E-4	5.116576212458313E-4
218.46376448	2.931456E-4	5.36110601387918E-4
218.461814784	2.7520576E-4	5.493216449394822E-4
218.459848704	3.3068476E-4	5.501356208696961E-4
218.457899008	4.085414E-4	5.384471151046455E-4
218.455949312	3.1955936E-4	5.152512458153069E-4
218.453999616	4.077428E-4	4.8250920372083783E-4
218.452033536	3.2537436E-4	4.428585816640407E-4
218.45008384	4.171508E-4	3.9923941949382424E-4
218.448134144	4.5709964E-4	3.5458675120025873E-4
218.446168064	3.3559743E-4	3.113217535428703E-4
218.444218368	3.3835694E-4	2.7153448900207877E-4
218.442268672	4.296942E-4	2.3655542463529855E-4
218.440302592	3.9814168E-4	2.0730342657770962E-4
218.438352896	3.3550255E-4	1.8422392895445228E-4
218.4364032	1.3277614E-4	1.6740415594540536E-4
218.434453504	1.8428414E-5	1.5664566308259964E-4
218.432487424	5.7520156E-5	1.5150658146012574E-4
218.430537728	1.3967992E-4	1.5142560005187988E-4
218.428588032	1.1559644E-4	1.5566867659799755E-4
218.426621952	4.935688E-5	1.6350176883861423E-4
218.424672256	2.1177174E-4	1.7423395183868706E-4
218.42272256	1.7864029E-4	1.8727775022853166E-4
218.42075648	1.4247779E-4	2.0214980759192258E-4
218.418806784	8.2834726E-5	2.1857337560504675E-4
218.416857088	2.09646E-4	2.362062077736482E-4
218.414907392	1.4635308E-4	2.5472455308772624E-4
218.412941312	1.6089527E-4	2.7365409187041223E-4
218.410991616	1.1772533E-4	2.9235673719085753E-4
218.40904192	9.1366455E-5	3.098952875006944E-4
218.40707584	2.8273114E-4	3.251497691962868E-4
218.405126144	2.8157E-4	3.368842590134591E-4
218.403176448	2.7435226E-4	3.4388742642477155E-4
218.401210368	2.1581228E-4	3.451078955549747E-4
218.399260672	1.9505223E-4	3.3993335091508925E-4
218.397310976	3.0754163E-4	3.280902747064829E-4
218.39536128	3.6281795E-4	3.098723536822945E-4
218.3933952	2.478655E-4	2.860745880752802E-4
218.391445504	2.3610848E-4	2.5791494408622384E-4
218.389495808	2.2140278E-4	2.2689976321998984E-4
218.387529728	7.68944E-5	1.9465689547359943E-4
218.385580032	-4.0686005E-5	1.627625897526741E-4
218.383630336	-2.803428E-5	1.3258936814963818E-4
218.381664256	-4.8225877E-5	1.0519479110371321E-4
218.37971456	1.0713904E-4	8.126698958221823E-5
218.377764864	4.8052156E-5	6.112254777690396E-5
218.375815168	3.7612845E-5	4.484217060962692E-5
218.373849088	-5.3142503E-5	3.2099022064357996E-5
218.371899392	-8.452976E-5	2.2543712475453503E-5
218.369949696	3.2026073E-5	1.584002166055143E-5
218.367983616	1.0062805E-4	1.1614464710874017E-5
218.36603392	6.8059E-5	9.684385986474808E-6
218.364084224	1.0857468E-4	1.007413629849907E-5
218.362118144	1.2046854E-4	1.3046940694039222E-5
218.360168448	8.87105E-5	1.956119558599312E-5
218.358218752	-3.073523E-5	2.991785186168272E-5
218.356269056	2.910661E-5	4.529368379735388E-5
218.354302976	-9.549622E-6	6.672536983387545E-5
218.35235328	5.278054E-5	9.516922000329942E-5
218.350403584	-2.0379273E-5	1.3157741341274232E-4
218.348437504	1.9263446E-4	1.7665751511231065E-4
218.346487808	1.056668E-4	2.3130288172978908E-4
218.344538112	2.9594294E-4	2.964898303616792E-4
218.342572032	4.096867E-4	3.735203354153782E-4
218.340622336	4.3766806E-4	4.638118261937052E-4
218.33867264	4.743532E-4	5.683670751750469E-4
218.336722944	6.4248475E-4	6.868959753774107E-4
218.334756864	6.856447E-4	8.167838677763939E-4
218.332807168	7.2758447E-4	9.5228455029428E-4
218.330857472	8.322175E-4	0.0010843698401004076
218.328891392	8.219249E-4	0.0012014799285680056
218.326941696	8.507391E-4	0.001291148946620524
218.324992	0.0010911401	0.0013421587646007538
218.32302592	0.0012855353	0.0013466814998537302
218.321076224	0.0011990536	0.0013019131729379296
218.319126528	0.0010912367	0.0012108046794310212
218.317160448	9.814732E-4	0.0010817328002303839
218.315210752	8.4970635E-4	9.27155779208988E-4
218.313261056	8.513301E-4	7.614977075718343E-4
218.31131136	9.112222E-4	5.98756829276681E-4
218.30934528	5.837616E-4	4.5038587995804846E-4
218.307395584	5.1648146E-4	3.2394041772931814E-4
218.305445888	3.276125E-4	2.2273577633313835E-4
218.303479808	3.077027E-4	1.4639693836215883E-4
218.301530112	2.62797E-4	9.198545012623072E-5
218.299580416	1.551599E-4	5.522705760085955E-5
218.297614336	3.511882E-5	3.173073855577968E-5
218.29566464	2.117733E-5	1.7434334949939512E-5
218.293714944	1.440999E-5	9.161944944935385E-6
218.291765248	9.229306E-5	4.605355115927523E-6
218.289799168	-3.3402306E-5	2.2144095055409707E-6
218.287849472	5.1266266E-5	1.018564489640994E-6
218.285899776	5.763267E-5	4.481878477236023E-7
218.283933696	-6.152254E-5	0.0
218.281984	-1.8722394E-4	0.0
218.280034304	-1.729386E-5	0.0
218.278068224	-2.4545254E-5	0.0
218.276118528	-2.873411E-5	0.0
218.274168832	2.174497E-5	0.0
218.272219136	-5.552017E-5	0.0
218.270253056	-2.4031223E-4	0.0
218.26830336	7.413227E-5	0.0
218.266353664	8.203693E-5	0.0
218.264387584	-2.4253527E-6	0.0
218.262437888	-1.01399564E-4	0.0
218.260488192	-7.732354E-5	0.0
218.258522112	2.262932E-5	0.0
218.256572416	-8.625498E-5	8.02719597459145E-8
218.25462272	-4.334371E-5	1.8494077380637464E-7
218.252673024	-3.1142044E-5	4.0759954345048754E-7
218.250706944	-8.168936E-6	8.59330839375616E-7
218.248757248	1.480663E-4	1.7330205537291477E-6
218.246807552	4.5484325E-5	3.3430901567044202E-6
218.244841472	1.1209246E-4	6.168343588797143E-6
218.242891776	4.306305E-6	1.0885078154387884E-5
218.24094208	-3.532211E-5	1.8369311874266714E-5
218.238976	1.624813E-5	2.9641470973729156E-5
218.237026304	2.9265051E-5	4.5729790144832805E-5
218.235076608	1.34578295E-5	6.744465645169839E-5
218.233126912	6.911588E-5	9.508801304036751E-5
218.231160832	1.2522585E-4	1.281605800613761E-4
218.229211136	1.354059E-4	1.651604106882587E-4
218.22726144	1.7047515E-4	2.0356703316792846E-4
218.22529536	9.046179E-5	2.40066452533938E-4
218.223345664	2.6097603E-4	2.7100296574644744E-4
218.221395968	2.9951928E-4	2.929691399913281E-4
218.219429888	1.5885934E-4	3.034021647181362E-4
218.217480192	1.7692921E-4	3.010474320035428E-4
218.215530496	1.6863002E-4	2.8619018848985434E-4
218.2135808	2.8243824E-4	2.606020134408027E-4
218.21161472	2.662185E-4	2.272175479447469E-4
218.209665024	1.6838148E-4	1.8960580928251147E-4
218.207715328	1.2237443E-4	1.5136237198021263E-4
218.205749248	9.113514E-5	1.1555280798347667E-4
218.203799552	6.235378E-5	8.43401940073818E-5
218.201849856	1.0853702E-4	5.8847024774877355E-5
218.199883776	-5.7847254E-5	3.925086639355868E-5
218.19793408	-9.9731624E-5	2.5028628442669287E-5
218.195984384	8.201138E-5	1.5259280189638957E-5
218.194018304	1.5598825E-4	8.896086001186632E-6
218.192068608	2.2073094E-4	4.959937996318331E-6
218.190118912	1.1023342E-4	2.644921778482967E-6
218.188169216	2.578691E-5	1.3490648598235566E-6
218.186203136	1.19091E-4	6.582075684491429E-7
218.18425344	1.18809854E-4	3.0719252208655234E-7
218.182303744	9.2774324E-5	1.371483620005165E-7
218.180337664	-7.755264E-5	0.0
218.178387968	-1.9599228E-4	0.0
218.176438272	-1.049507E-4	0.0
218.174472192	4.4122557E-5	0.0
218.172522496	8.334975E-5	0.0
218.1705728	3.8096492E-5	0.0
218.168623104	-6.908529E-5	0.0
218.166657024	-7.661212E-5	0.0
218.164707328	-1.224141E-4	0.0
218.162757632	-1.8895113E-4	0.0
218.160791552	1.257723E-4	0.0
