234.319003648	-3.9517683E-5	0.0
234.320986112	3.501356E-5	0.0
234.322952192	-2.3491399E-5	0.0
234.324918272	-1.4666091E-6	0.0
234.326900736	-5.7367447E-7	0.0
234.328866816	-5.8596175E-5	0.0
234.33084928	-2.425354E-5	0.0
234.33281536	-2.611997E-5	0.0
234.33478144	-1.2372957E-4	0.0
234.336763904	-1.471388E-4	0.0
234.338729984	-6.2844956E-5	0.0
234.340712448	-8.243698E-6	0.0
234.342678528	2.8528002E-5	0.0
234.344644608	1.03690334E-4	0.0
234.346627072	9.257244E-5	0.0
234.348593152	-6.49893E-5	0.0
234.350575616	-1.1837969E-4	0.0
234.352541696	3.130876E-5	0.0
234.354507776	1.4007E-4	0.0
234.35649024	6.4569605E-5	0.0
234.35845632	1.6272379E-5	0.0
234.360438784	5.397617E-6	0.0
234.362404864	1.597779E-5	0.0
234.364370944	1.5370037E-4	0.0
234.366353408	8.219972E-5	0.0
234.368319488	-3.205034E-5	0.0
234.370301952	-1.3965191E-5	0.0
234.372268032	3.2296723E-6	0.0
234.374234112	-7.942602E-5	0.0
234.376216576	-5.1436837E-5	0.0
234.378182656	-4.309245E-5	0.0
234.38016512	-6.601427E-6	2.5789892887928545E-8
234.3821312	1.4842275E-5	5.9190753631810367E-8
234.38409728	2.3804334E-5	1.298801777238623E-7
234.386079744	7.016081E-6	2.724610794757609E-7
234.388045824	-9.455291E-6	5.464397077048488E-7
234.390028288	-1.3349303E-4	1.0477065188752022E-6
234.391994368	-2.8756835E-5	1.9204007912776433E-6
234.393960448	-1.9115609E-5	3.3649175747996196E-6
234.395942912	2.8228873E-5	5.63600724490243E-6
234.397908992	-1.0950681E-4	9.023080565384589E-6
234.399891456	-6.0892788E-5	1.3806938113702927E-5
234.401857536	-1.3315656E-4	2.0192279407638125E-5
234.403823616	-1.6338642E-4	2.8223435947438702E-5
234.40580608	4.126681E-5	3.77042633772362E-5
234.40777216	4.041657E-5	4.8146630433620885E-5
234.409754624	5.478251E-5	5.8776797231985256E-5
234.411720704	1.2442785E-4	6.861123983981088E-5
234.413686784	1.2812532E-4	7.660012488486245E-5
234.415669248	1.4305337E-4	8.180726581485942E-5
234.417635328	2.2005996E-4	8.358762715943158E-5
234.419617792	3.789356E-5	8.171466470230371E-5
234.421583872	8.279029E-5	7.642656419193372E-5
234.423549952	1.3046533E-4	6.837784894742072E-5
234.425532416	1.4173747E-4	5.850976231158711E-5
234.427498496	2.2943552E-4	4.787283614859916E-5
234.42948096	1.4020987E-4	3.744651985471137E-5
234.43144704	1.1823084E-4	2.7998097721138038E-5
234.43341312	7.98607E-5	2.0007797502330504E-5
234.435395584	1.3604116E-4	1.3664961443282664E-5
234.437361664	-2.1425813E-5	8.919924766814802E-6
234.439344128	-6.114311E-5	5.5651394177402835E-6
234.441310208	2.8905595E-5	3.3187770895892754E-6
234.443276288	1.3327828E-5	1.8918741488960222E-6
234.445258752	4.779829E-5	1.0309573781341896E-6
234.447224832	5.7298887E-5	5.370820872485638E-7
234.449207296	-6.8504683E-6	2.674881045550137E-7
234.451173376	-3.558887E-5	1.2736215637687565E-7
234.453139456	-9.284967E-5	5.797668833906755E-8
234.45512192	-4.645038E-6	2.5231701172856447E-8
234.457088	8.800762E-5	0.0
234.459070464	1.9830465E-7	0.0
234.461036544	-2.1674272E-5	0.0
234.463002624	-2.9308992E-5	0.0
234.464985088	-9.017394E-6	0.0
234.466951168	1.3682429E-5	0.0
234.468933632	1.05186795E-4	0.0
234.470899712	4.6179244E-5	0.0
234.472865792	-1.346905E-6	0.0
234.474848256	1.1341538E-4	0.0
234.476814336	2.5994921E-5	0.0
234.4787968	-5.2203228E-5	0.0
234.48076288	4.724154E-6	0.0
234.48272896	8.697094E-5	0.0
234.484711424	3.4807854E-5	0.0
234.486677504	-2.1501337E-5	0.0
234.488659968	2.6280779E-5	0.0
234.490626048	1.3032452E-4	0.0
234.492592128	3.264148E-5	0.0
234.494574592	-5.5285615E-5	0.0
234.496540672	-3.97263E-5	0.0
234.498523136	6.814042E-6	0.0
234.500489216	-4.5103756E-5	0.0
234.502455296	-4.1785483E-5	0.0
234.50443776	2.0603204E-5	0.0
234.50640384	2.3985243E-5	0.0
234.508386304	4.5907997E-5	0.0
234.510352384	4.6328838E-5	0.0
234.512318464	6.441455E-6	0.0
234.514300928	-4.788294E-5	0.0
234.516267008	-5.2808296E-5	0.0
234.518249472	-1.5428124E-5	0.0
234.520215552	2.9745481E-6	0.0
234.522181632	3.4518795E-5	0.0
234.524164096	3.393305E-5	0.0
234.526130176	9.609563E-5	0.0
234.52811264	1.0920935E-4	0.0
234.53007872	5.364653E-5	0.0
234.532061184	3.27019E-5	0.0
234.534027264	9.321499E-5	0.0
234.535993344	1.6404736E-4	0.0
234.537975808	2.3695525E-4	0.0
234.539941888	1.6359526E-4	0.0
234.541924352	6.211132E-5	0.0
234.543890432	1.018494E-4	0.0
234.545856512	5.3958174E-5	0.0
234.547838976	2.0452097E-5	0.0
234.549805056	1.8693607E-4	0.0
234.55178752	1.2941753E-4	0.0
234.5537536	-1.2654122E-5	0.0
234.55571968	7.064887E-5	0.0
234.557702144	9.5493706E-5	0.0
234.559668224	-1.1295573E-4	0.0
234.561650688	-3.791872E-5	0.0
234.563616768	4.293149E-5	0.0
234.565582848	8.968406E-5	0.0
234.567565312	6.3575535E-5	0.0
234.569531392	1.0799194E-4	0.0
234.571513856	7.600421E-5	0.0
234.573479936	7.093659E-5	0.0
234.575446016	5.653165E-5	0.0
234.57742848	6.936586E-5	0.0
234.57939456	7.063583E-5	0.0
234.581377024	1.4599886E-4	0.0
234.583343104	8.924546E-5	0.0
234.585309184	-1.5158819E-6	0.0
234.587291648	-3.979475E-5	0.0
234.589257728	1.9689925E-5	0.0
234.591240192	6.5363333E-6	0.0
234.593206272	5.182498E-5	0.0
234.595172352	1.7479955E-5	0.0
234.597154816	9.09155E-5	0.0
234.599120896	1.0213311E-5	0.0
234.60110336	8.640295E-5	0.0
234.60306944	1.594634E-4	0.0
234.60503552	1.3652678E-4	0.0
234.607017984	5.483228E-5	0.0
234.608984064	-4.776312E-5	0.0
234.610966528	-5.8315032E-5	0.0
234.612932608	-3.864681E-5	0.0
234.614898688	-9.293986E-5	0.0
234.616881152	-7.485375E-5	0.0
234.618847232	7.302683E-5	0.0
234.620829696	1.2383332E-4	0.0
234.622795776	6.7068635E-5	0.0
234.624761856	1.3207954E-4	0.0
234.62674432	8.9211935E-5	0.0
234.6287104	1.1715208E-4	0.0
234.630692864	1.1704259E-4	0.0
234.632658944	-3.676583E-5	0.0
234.634625024	-3.141218E-5	0.0
234.636607488	8.121205E-5	0.0
234.638573568	8.0542544E-5	0.0
234.640556032	6.3174775E-5	0.0
234.642522112	5.8285157E-5	0.0
234.644488192	-7.713127E-5	0.0
234.646470656	-1.5158807E-4	0.0
234.648436736	-1.3233548E-4	0.0
234.6504192	-1.4014255E-4	0.0
234.65238528	-8.413496E-5	0.0
234.65435136	2.3740597E-5	0.0
234.656333824	7.136436E-5	0.0
234.658299904	-9.478312E-6	0.0
234.660282368	-1.7563939E-4	0.0
234.662248448	-9.144197E-5	0.0
234.664214528	-1.6903834E-5	0.0
234.666196992	5.627839E-5	0.0
234.668163072	1.8115721E-4	0.0
234.670145536	7.8018136E-5	0.0
234.672111616	-9.067267E-5	0.0
234.674077696	-9.652024E-5	0.0
234.67606016	-2.7703945E-5	0.0
234.67802624	8.342866E-6	0.0
234.680008704	-9.9493634E-5	0.0
234.681974784	-8.346464E-5	0.0
234.683940864	2.271038E-5	0.0
234.685923328	7.912828E-6	0.0
234.687889408	-1.2780745E-6	0.0
234.689871872	6.639098E-5	0.0
234.691837952	2.7748376E-6	0.0
234.693804032	1.8131307E-6	0.0
234.695786496	-1.1768696E-5	0.0
234.697752576	-8.293201E-5	0.0
234.69973504	-8.871707E-5	0.0
234.70170112	-8.914687E-5	0.0
234.7036672	-3.3246215E-5	0.0
234.705649664	1.2016095E-4	0.0
234.707615744	1.0504797E-4	0.0
234.709598208	8.560073E-5	0.0
234.711564288	6.427967E-5	0.0
234.713530368	-5.4459124E-5	0.0
234.715512832	-9.680802E-5	0.0
234.717478912	-8.9131885E-5	0.0
234.719461376	-5.6065248E-5	0.0
234.721427456	6.8063005E-6	0.0
234.723393536	2.1545186E-6	0.0
234.725376	-2.9453842E-5	0.0
234.72734208	-2.6232166E-7	0.0
234.729324544	3.7216196E-5	0.0
234.731290624	5.7101388E-5	0.0
234.733256704	1.8792247E-5	0.0
234.735239168	9.872971E-6	0.0
234.737205248	1.5372198E-5	0.0
234.739187712	2.8049244E-5	0.0
234.741153792	1.2105106E-4	0.0
234.743119872	8.977847E-5	0.0
234.745102336	5.6664074E-5	0.0
234.747068416	-6.243013E-6	0.0
234.74905088	-7.04201E-5	0.0
234.75101696	-6.899381E-5	0.0
234.75298304	-2.2691218E-5	0.0
234.754965504	2.0836799E-6	0.0
234.756931584	5.635272E-5	0.0
234.758914048	7.6934775E-5	0.0
234.760880128	-7.7893674E-5	0.0
234.762846208	-3.1948824E-5	0.0
234.764828672	8.441033E-5	0.0
234.766794752	7.6910386E-5	0.0
234.768777216	-1.5508596E-5	0.0
234.770743296	5.530382E-5	0.0
234.772709376	7.038013E-5	0.0
234.77469184	2.2324986E-5	0.0
234.77665792	-1.1431353E-5	0.0
234.778640384	8.0553255E-5	0.0
234.780606464	1.7850312E-4	0.0
234.782572544	1.0047931E-4	0.0
234.784555008	1.6045777E-5	0.0
234.786521088	3.7801532E-5	0.0
234.788503552	1.0247711E-4	0.0
234.790469632	1.2470371E-5	0.0
234.792435712	4.9454598E-6	0.0
234.794418176	1.07502765E-5	0.0
234.796384256	9.961861E-7	0.0
234.79836672	-4.891822E-5	0.0
234.8003328	-3.555415E-5	0.0
234.80229888	6.7400186E-5	0.0
234.804281344	1.5934157E-4	0.0
234.806247424	8.9304136E-5	0.0
234.808229888	-6.216407E-5	0.0
234.810195968	-5.8574726E-5	0.0
234.812162048	-8.524469E-5	0.0
234.814144512	-3.363213E-5	0.0
234.816110592	5.141875E-5	0.0
234.818093056	1.2868423E-4	0.0
234.820059136	1.0409296E-5	0.0
234.822025216	-1.0277052E-4	0.0
234.82400768	4.6942347E-5	0.0
234.82597376	2.3025293E-4	0.0
234.827956224	1.0547213E-4	0.0
234.829922304	-7.152322E-5	0.0
234.831888384	-6.810676E-7	0.0
234.833870848	2.488641E-4	0.0
234.835836928	1.8209372E-4	0.0
234.837819392	-1.049421E-5	0.0
234.839785472	2.7610358E-5	0.0
234.841767936	-1.0041815E-4	0.0
234.843734016	4.264016E-5	0.0
234.845700096	1.1776485E-6	0.0
234.84768256	4.3611712E-6	0.0
234.84964864	-5.440766E-6	0.0
234.851631104	1.09094566E-4	0.0
234.853597184	1.16981355E-4	0.0
234.855563264	9.6681375E-5	0.0
234.857545728	1.3619856E-5	0.0
234.859511808	3.419446E-5	0.0
234.861494272	-6.5610016E-6	0.0
234.863460352	-7.251159E-5	0.0
234.865426432	-2.8300836E-5	0.0
234.867408896	7.6520046E-5	0.0
234.869374976	4.8625538E-5	0.0
234.87135744	-1.0914263E-4	0.0
234.87332352	-2.2783448E-5	0.0
234.8752896	4.4763718E-7	0.0
234.877272064	7.7751254E-5	0.0
234.879238144	1.0101127E-4	0.0
234.881220608	-2.6915843E-5	0.0
234.883186688	-1.1007646E-4	0.0
234.885152768	-4.8746857E-5	0.0
234.887135232	8.611529E-5	0.0
234.889101312	4.4456306E-6	0.0
234.891083776	-1.1263599E-4	0.0
234.893049856	5.556424E-5	0.0
234.895015936	6.1826686E-5	0.0
234.8969984	3.5834585E-6	0.0
234.89896448	-6.580624E-5	0.0
234.900946944	-5.3251257E-5	0.0
234.902913024	-7.663112E-5	0.0
234.904879104	-3.9122253E-7	0.0
234.906861568	7.640148E-5	0.0
234.908827648	2.866741E-5	0.0
234.910810112	-1.46694165E-5	0.0
234.912776192	-1.4379542E-5	0.0
234.914742272	-8.209996E-6	0.0
234.916724736	4.774119E-5	0.0
234.918690816	6.2715924E-5	0.0
234.92067328	1.3801859E-4	0.0
234.92263936	9.6827534E-5	0.0
234.92460544	-2.3537063E-5	0.0
234.926587904	-3.7990518E-5	0.0
234.928553984	3.348066E-5	0.0
234.930536448	1.0195464E-4	0.0
234.932502528	1.4850115E-4	0.0
234.934468608	8.643159E-5	0.0
234.936451072	-1.964978E-5	0.0
234.938417152	-5.5871707E-5	0.0
234.940399616	-9.0415306E-5	0.0
234.942365696	-1.08971966E-4	0.0
234.944331776	2.0976839E-5	0.0
234.94631424	7.259749E-5	0.0
234.94828032	-2.417301E-5	0.0
234.950262784	-4.23886E-5	0.0
234.952228864	-3.7180762E-5	0.0
234.954194944	5.2960437E-5	0.0
234.956177408	6.294695E-5	0.0
234.958143488	1.1238225E-4	0.0
234.960125952	1.6705816E-4	0.0
234.962092032	9.472845E-5	0.0
234.964058112	9.55341E-5	0.0
234.966040576	3.070689E-5	0.0
234.968006656	-1.6030952E-5	0.0
234.96998912	9.725181E-6	0.0
234.9719552	3.7751008E-5	0.0
234.97392128	-8.890851E-6	0.0
234.975903744	-4.012991E-5	0.0
234.977869824	-1.1274682E-4	0.0
234.979852288	-8.4609004E-5	0.0
234.981818368	-2.9961995E-5	0.0
234.983784448	-1.273861E-5	0.0
234.985766912	-5.0187933E-5	0.0
234.987732992	-1.5475855E-5	0.0
234.989715456	-8.9385E-5	0.0
234.991681536	-1.7501366E-4	0.0
234.993647616	-1.8990085E-4	0.0
234.99563008	-6.313358E-5	0.0
234.99759616	-2.9296216E-5	0.0
234.999578624	3.4222576E-5	0.0
235.001544704	2.374729E-5	0.0
235.003510784	2.5488689E-5	0.0
235.005493248	-2.9945348E-5	0.0
235.007459328	5.109884E-5	0.0
235.009441792	5.242609E-5	0.0
235.011407872	-1.6635408E-4	0.0
235.013373952	-8.884638E-5	0.0
235.015356416	-3.0785486E-5	0.0
235.017322496	3.3296434E-5	0.0
235.01930496	7.049823E-5	0.0
235.02127104	5.4031283E-5	0.0
235.02323712	1.7945267E-5	0.0
235.025219584	-4.936706E-5	0.0
235.027185664	-9.461519E-6	0.0
235.029168128	3.8439663E-5	0.0
235.031134208	2.0833415E-5	0.0
235.033100288	-5.693618E-5	0.0
235.035082752	-5.0977607E-5	0.0
235.037048832	2.4352126E-5	0.0
235.039031296	8.444956E-5	0.0
235.040997376	2.1343864E-7	0.0
235.042963456	-1.13291644E-4	0.0
235.04494592	4.8251146E-5	0.0
235.046912	5.0196155E-5	0.0
235.048894464	-1.06504485E-4	0.0
235.050860544	-2.9250814E-5	0.0
235.052826624	1.5324914E-4	0.0
235.054809088	1.4148392E-4	0.0
235.056775168	3.056213E-5	0.0
235.058757632	-8.265366E-5	0.0
235.060723712	-2.361028E-6	0.0
235.062689792	-4.7876594E-5	0.0
235.064672256	-4.3043117E-5	0.0
235.066638336	5.80298E-5	0.0
235.0686208	1.2233121E-4	0.0
235.07058688	2.7736087E-5	0.0
235.07255296	-5.6150144E-5	0.0
235.074535424	-3.7669677E-5	0.0
235.076501504	9.081416E-5	0.0
235.078483968	8.320112E-5	0.0
235.080450048	-6.631462E-6	0.0
235.082416128	-1.16179996E-4	0.0
235.084398592	2.4551488E-5	0.0
235.086364672	3.3658253E-5	0.0
235.088347136	1.4917305E-5	0.0
235.090313216	6.911603E-5	0.0
235.092279296	3.9029605E-6	0.0
235.09426176	1.3557807E-5	0.0
235.09622784	4.2227002E-5	0.0
235.098210304	2.8287604E-5	0.0
235.100176384	-9.713267E-6	0.0
235.102142464	-1.0990983E-5	0.0
235.104124928	1.0448237E-5	0.0
235.106091008	-6.0290076E-5	0.0
235.108073472	-8.224807E-5	0.0
235.110039552	5.4785538E-5	9.32506480921802E-8
235.112005632	1.2479887E-4	2.140624104640665E-7
235.113988096	1.5079691E-4	4.6991743829494226E-7
235.115954176	1.5775587E-4	9.864713774732081E-7
235.11793664	1.298957E-4	1.980205979634775E-6
235.11990272	2.0308113E-4	3.8007435705367243E-6
235.1218688	1.5022176E-4	6.974517418711912E-6
235.123851264	1.3586678E-5	1.2234398127475288E-5
235.125817344	6.7976857E-6	2.0511246475507505E-5
235.127799808	7.3239404E-5	3.285853017587215E-5
235.129765888	1.0128176E-4	5.0287191697862E-5
235.131731968	1.2594661E-4	7.351043313974515E-5
235.133714432	1.2931532E-4	1.02636193332728E-4
235.135680512	9.679086E-5	1.3688867329619825E-4
235.137662976	8.877439E-5	1.7445976845920086E-4
235.139629056	1.0926395E-4	2.125836326740682E-4
235.141595136	2.4766827E-4	2.4785022833384573E-4
235.1435776	3.5435983E-4	2.76707811281085E-4
235.14554368	3.386695E-4	2.960361307486892E-4
235.147526144	2.7681576E-4	3.036601992789656E-4
235.149492224	3.1810897E-4	2.987064071930945E-4
235.151474688	3.3086116E-4	2.8174344333820045E-4
235.153440768	2.5137587E-4	2.546903560869396E-4
235.155406848	1.994233E-4	2.205041964771226E-4
235.157389312	1.4323434E-4	1.8269219435751438E-4
235.159355392	1.2389915E-4	1.4474123599939048E-4
235.161337856	1.3590338E-4	1.0959037172142416E-4
235.163303936	1.9364119E-4	7.926654507173225E-5
235.165270016	1.9791328E-4	5.476106161950156E-5
235.16725248	1.3407164E-4	3.6134842957835644E-5
235.16921856	1.07906606E-4	2.2778005586587824E-5
235.171201024	7.059794E-5	1.3719283742830157E-5
235.173167104	-1.2838553E-5	7.89708337833872E-6
235.175133184	3.9180646E-5	4.345206434663851E-6
235.177115648	1.0556532E-4	2.2857504973217146E-6
235.179081728	8.771722E-5	1.1496669003463467E-6
235.181064192	2.6736727E-6	5.529329314413189E-7
235.183030272	-7.7444834E-5	2.543029040680267E-7
235.184996352	-9.370235E-5	1.118461412374927E-7
235.186978816	-6.044496E-6	0.0
235.188944896	1.2001799E-5	0.0
235.19092736	-3.524949E-5	0.0
235.19289344	-3.7985046E-5	0.0
235.19485952	-2.1808237E-5	0.0
235.196841984	1.9773803E-5	0.0
235.198808064	7.6957185E-5	0.0
235.200790528	5.6585726E-5	0.0
235.202756608	4.8156035E-5	0.0
235.204722688	-1.9633715E-5	0.0
235.206705152	-4.414531E-5	0.0
235.208671232	1.5828612E-6	0.0
235.210653696	-1.8529923E-5	0.0
235.212619776	9.755333E-6	0.0
235.214585856	4.0946084E-5	0.0
235.21656832	3.3912568E-6	0.0
235.2185344	4.3104017E-5	0.0
235.220516864	3.4851684E-5	0.0
235.222482944	5.314152E-5	0.0
235.224449024	-5.2261406E-5	0.0
235.226431488	-1.0604962E-4	0.0
235.228397568	-1.6431684E-4	0.0
235.230380032	-5.338266E-5	0.0
235.232346112	1.1763683E-4	0.0
235.234312192	1.3786928E-4	0.0
235.236294656	1.05299776E-4	0.0
235.238260736	1.1698677E-4	0.0
235.2402432	2.5808482E-5	0.0
235.24220928	-7.778415E-6	0.0
235.24417536	9.637689E-5	0.0
235.246157824	1.3897739E-5	0.0
235.248123904	-3.8201928E-5	0.0
235.250106368	-9.771824E-6	0.0
235.252072448	8.644282E-5	0.0
235.254038528	7.881197E-5	0.0
235.256020992	1.2294373E-4	0.0
235.257987072	-3.7247846E-5	0.0
235.259969536	3.0950316E-5	0.0
235.261935616	6.6565904E-6	0.0
235.263901696	4.1125073E-5	0.0
235.26588416	1.2402174E-4	0.0
235.26785024	5.0376133E-5	0.0
235.269832704	7.311362E-5	0.0
235.271798784	2.253664E-4	0.0
235.273764864	2.6857955E-4	0.0
235.275747328	3.700659E-5	0.0
235.277713408	6.8323825E-5	0.0
235.279695872	4.3130676E-5	0.0
235.281661952	4.319587E-5	0.0
235.283628032	-4.8986934E-5	0.0
235.285610496	-3.7212537E-6	0.0
235.287576576	2.5685838E-5	0.0
235.28955904	2.4088213E-5	0.0
235.29152512	8.664055E-5	0.0
235.2934912	1.7507903E-6	0.0
235.295473664	-4.7508984E-5	0.0
235.297439744	4.6068242E-5	0.0
235.299422208	-3.0202742E-5	0.0
235.301388288	-7.509665E-5	0.0
235.303354368	-1.0320598E-6	0.0
235.305336832	1.1031087E-4	0.0
235.307302912	3.1519645E-5	0.0
235.309285376	3.5240867E-6	0.0
235.311251456	-8.152406E-5	0.0
235.313217536	1.010115E-4	0.0
235.3152	8.770046E-5	0.0
235.31716608	-3.2897144E-5	0.0
235.319148544	2.1907172E-5	0.0
235.321114624	-3.6035934E-5	0.0
235.323080704	-3.2796474E-5	0.0
235.325063168	-6.680357E-5	0.0
235.327029248	-4.813556E-5	0.0
235.329011712	-6.406196E-5	0.0
235.330977792	-2.5863652E-5	0.0
235.332943872	5.714062E-5	0.0
235.334926336	4.8802198E-5	0.0
235.336892416	9.4394396E-5	0.0
235.33887488	2.1596983E-5	0.0
235.34084096	3.939697E-7	0.0
235.34280704	-8.811077E-6	0.0
235.344789504	1.9309888E-5	0.0
235.346755584	3.17991E-5	0.0
235.348738048	-7.4612994E-6	0.0
235.350704128	-6.353844E-5	0.0
235.352670208	-1.235409E-5	0.0
235.354652672	3.846894E-5	0.0
235.356618752	7.8364996E-5	0.0
235.358601216	1.623566E-4	0.0
235.360567296	1.1393331E-4	0.0
235.362533376	2.452448E-5	0.0
235.36451584	-4.077104E-5	0.0
235.36648192	-5.5076533E-5	0.0
235.368464384	-3.2342425E-5	0.0
235.370430464	-4.1882166E-5	0.0
235.372396544	4.386608E-6	0.0
235.374379008	1.5388263E-5	0.0
235.376345088	1.4320793E-5	0.0
235.378327552	4.3632135E-5	0.0
235.380293632	6.703336E-5	0.0
235.382259712	9.088506E-6	0.0
235.384242176	-4.6206783E-6	0.0
235.386208256	2.5939282E-6	0.0
235.38819072	-7.565958E-5	0.0
235.3901568	-1.2860108E-4	0.0
235.39212288	-9.062197E-5	0.0
235.394105344	-1.0845581E-5	0.0
235.396071424	-8.60185E-6	0.0
235.398053888	-8.135243E-5	0.0
235.400019968	-5.0268696E-5	0.0
235.401986048	-1.0093468E-4	0.0
235.403968512	-4.354548E-5	0.0
235.405934592	9.009716E-5	0.0
235.407917056	7.3499476E-5	0.0
235.409883136	-3.0245525E-5	0.0
235.411849216	1.4309392E-6	0.0
235.41383168	3.5513278E-6	0.0
235.41579776	2.1356353E-5	0.0
235.417780224	7.578716E-6	0.0
235.419746304	1.569298E-5	0.0
235.421712384	3.4644238E-6	0.0
235.423694848	-5.934942E-7	0.0
235.425660928	-1.966538E-5	0.0
235.427643392	5.7124787E-5	0.0
235.429609472	2.3918887E-5	0.0
235.431575552	-1.8333938E-5	0.0
235.433558016	1.8209855E-4	0.0
235.435524096	1.1510206E-4	0.0
235.43750656	1.1393413E-5	0.0
235.43947264	-2.6131254E-6	0.0
235.44143872	2.9768698E-5	0.0
235.443421184	-2.6738076E-5	0.0
235.445387264	1.2620605E-5	0.0
235.447369728	1.849434E-5	0.0
235.449335808	-8.037862E-5	0.0
235.451301888	-2.1847818E-5	0.0
235.453284352	4.8432754E-5	0.0
235.455250432	-1.1639318E-4	0.0
235.457232896	-3.8007456E-5	0.0
235.459198976	-9.89551E-5	0.0
235.46118144	-1.8704575E-5	0.0
235.46314752	-7.333671E-5	0.0
235.4651136	-6.68371E-5	0.0
235.467096064	-4.1752275E-5	0.0
235.469062144	-4.409493E-5	0.0
235.471044608	-2.8522345E-5	0.0
235.473010688	3.9737926E-5	0.0
235.474976768	1.5760203E-4	6.896581083992714E-8
235.476959232	9.41189E-5	1.7233945470707113E-7
235.478925312	4.008723E-5	4.084601528120402E-7
235.480907776	5.457215E-5	9.181750897369056E-7
235.482873856	-4.4643944E-5	1.957509766725707E-6
235.484839936	-8.712602E-5	3.957972239732044E-6
235.4868224	-1.7797845E-5	7.589474535052432E-6
235.48878848	-1.13942406E-4	1.3800448869005777E-5
235.490770944	5.753673E-6	2.379473517066799E-5
235.492737024	2.0656329E-4	3.889875006279908E-5
235.494703104	1.460417E-4	6.0286696680122986E-5
235.496685568	1.2779045E-4	8.866969437804073E-5
235.498651648	1.627302E-5	1.2360491382423788E-4
235.500634112	1.0506881E-4	1.6346460324712098E-4
235.502600192	2.2905752E-4	2.052222116617486E-4
235.504566272	2.3600926E-4	2.448484883643687E-4
235.506548736	3.085958E-4	2.7806987054646015E-4
235.508514816	3.11506E-4	3.013575042132288E-4
235.51049728	2.5204095E-4	3.128894022665918E-4
235.51246336	3.523072E-4	3.1304944423027337E-4
235.51442944	3.6110272E-4	3.0451815109699965E-4
235.516411904	2.3956971E-4	2.915585646405816E-4
235.518377984	3.2036778E-4	2.7887176838703454E-4
235.520360448	2.2098976E-4	2.702699275687337E-4
235.522326528	2.5254834E-4	2.6759671163745224E-4
235.524292608	2.8861882E-4	2.702589554246515E-4
235.526275072	2.428922E-4	2.75522586889565E-4
235.528241152	2.9632598E-4	2.7945669717155397E-4
235.530223616	2.9495553E-4	2.781902439892292E-4
235.532189696	2.429053E-4	2.6906613493338227E-4
235.534155776	2.9365692E-4	2.51354998908937E-4
235.53613824	2.4826886E-4	2.263632050016895E-4
235.53810432	1.3689902E-4	1.9697373500093818E-4
235.540086784	1.4673518E-4	1.6682279238011688E-4
235.542052864	7.171151E-5	1.3939508062321693E-4
235.544018944	3.843489E-5	1.173034033854492E-4
235.546001408	1.9547112E-4	1.0186742292717099E-4
235.547967488	1.9199112E-4	9.33293704292737E-5
235.549949952	4.6840018E-5	9.072350803762674E-5
235.551916032	3.2930022E-6	9.259394573746249E-5
235.553882112	-1.0578524E-5	9.72564666881226E-5
235.555864576	1.2813824E-4	1.0308730270480737E-4
235.557830656	2.0984003E-4	1.0869819379877299E-4
235.55981312	1.3535611E-4	1.13016962131951E-4
235.5617792	2.4695942E-4	1.1530614574439824E-4
235.56374528	2.8597665E-4	1.1514754442032427E-4
235.565727744	1.2334164E-4	1.124110131058842E-4
235.567693824	9.599441E-5	1.07189902337268E-4
235.569676288	1.5585539E-4	9.98639952740632E-5
235.571642368	1.4045737E-4	9.08462970983237E-5
235.573608448	1.783328E-4	8.069015166256577E-5
235.575590912	1.3842045E-4	6.997129821684211E-5
235.577556992	-2.4757852E-5	5.9234953369013965E-5
235.579539456	-4.845069E-6	4.895211895927787E-5
235.581505536	5.9871025E-5	3.948955054511316E-5
235.583471616	7.468365E-5	3.109554018010385E-5
235.58545408	9.155578E-5	2.3900835003587417E-5
235.58742016	1.8151555E-5	1.793188312149141E-5
235.589402624	1.5496646E-5	1.3132264029991347E-5
235.591368704	8.2546925E-5	9.387720638187602E-6
235.593334784	2.0618221E-5	6.550803391291993E-6
235.595317248	-5.5830234E-5	4.462222477741307E-6
235.597283328	-5.123672E-5	2.9671361971850274E-6
235.599265792	2.354886E-5	1.926017830555793E-6
235.601231872	2.059942E-5	1.220465833284834E-6
235.603197952	-1.046827E-4	7.549844553977891E-7
235.605180416	-1.4561792E-4	4.559332182907383E-7
235.607146496	-1.8132132E-5	2.6879294523496355E-7
235.60912896	8.2087085E-5	1.5469980496618518E-7
235.61109504	3.1151132E-5	8.69197478436945E-8
235.61306112	1.6768774E-5	4.76765329437967E-8
235.615043584	4.644176E-5	2.5529894642772888E-8
235.617009664	1.7719094E-4	0.0
235.618992128	1.7927804E-4	0.0
235.620958208	2.420195E-5	0.0
235.622924288	7.3701653E-7	0.0
235.624906752	-1.18182015E-5	0.0
235.626872832	1.0655031E-4	0.0
235.628855296	1.2573363E-4	0.0
235.630821376	4.8561917E-5	0.0
235.632787456	1.8624509E-4	0.0
235.63476992	1.6334876E-4	0.0
235.636736	6.969747E-5	0.0
235.638718464	1.4768362E-4	0.0
235.640684544	1.5889802E-4	0.0
235.642650624	4.623885E-5	0.0
235.644633088	-3.8961392E-5	0.0
235.646599168	-8.287334E-5	0.0
235.648581632	-4.637315E-5	0.0
235.650547712	-5.9910795E-5	0.0
235.652513792	-5.7259844E-5	0.0
235.654496256	-2.0128917E-5	0.0
235.656462336	-4.5896536E-6	0.0
235.6584448	1.9772346E-4	0.0
235.66041088	8.320805E-5	0.0
235.66237696	-4.2573003E-5	0.0
235.664359424	-4.8407906E-6	0.0
235.666325504	1.4271624E-4	0.0
235.668307968	1.0702779E-4	0.0
235.670274048	1.2261102E-4	0.0
235.672240128	8.381516E-6	0.0
235.674222592	8.247673E-5	0.0
235.676188672	-5.31755E-5	0.0
235.678171136	-1.7581433E-4	0.0
235.680137216	-1.4108316E-4	0.0
235.682103296	5.5566044E-5	0.0
235.68408576	6.556496E-5	1.9134679618559858E-8
235.68605184	8.395486E-6	6.136991714811302E-8
235.688034304	4.9158254E-5	1.8040725535684032E-7
235.690000384	1.5049255E-4	4.86087401441182E-7
235.691966464	-3.062492E-5	1.2004162499579252E-6
235.693948928	9.2454016E-8	2.717047664191341E-6
235.695915008	-8.3669154E-5	5.636339210468577E-6
235.697897472	-1.2330139E-4	1.0715537428040989E-5
235.699863552	-4.8379246E-5	1.8669437849894166E-5
235.701829632	1.021391E-4	2.9808627004968002E-5
235.703812096	5.8763624E-5	4.3617190385703E-5
235.705778176	1.7744567E-5	5.849445369676687E-5
235.70776064	3.9492115E-5	7.190701580839232E-5
235.70972672	-8.602781E-6	8.103858272079378E-5
235.7116928	-4.433623E-5	8.37387633509934E-5
235.713675264	6.494563E-5	7.933967572171241E-5
235.715641344	-7.2931375E-6	6.89221196807921E-5
235.717623808	1.0869136E-4	5.48877906112466E-5
235.719589888	1.0960231E-4	4.0066071960609406E-5
235.721555968	9.665984E-6	2.6804516892298125E-5
235.723538432	6.2204404E-6	1.6433841665275395E-5
235.725504512	-1.7316335E-4	9.233449418388773E-6
235.727486976	-1.9515077E-4	4.7543708205921575E-6
235.729453056	-1.7707363E-4	2.2435888240579516E-6
235.731419136	-2.4266868E-4	9.703576324682217E-7
235.7334016	-1.4205008E-4	3.84655663765443E-7
235.73536768	-3.2410935E-5	1.3975572699109762E-7
235.737350144	-1.2325596E-4	4.654041063645309E-8
235.739316224	-1.3515573E-4	0.0
235.741282304	1.4229581E-5	0.0
235.743264768	1.1659526E-4	0.0
235.745230848	1.06780055E-4	0.0
235.747213312	3.3268843E-5	0.0
235.749179392	8.874697E-5	0.0
235.751145472	1.1973347E-4	0.0
235.753127936	5.445294E-5	0.0
235.755094016	1.34684E-5	0.0
235.75707648	-6.022593E-5	0.0
235.75904256	-2.9190714E-5	0.0
235.76100864	9.456728E-6	0.0
235.762991104	1.09513836E-4	0.0
235.764957184	6.629354E-5	0.0
235.766939648	1.0359354E-5	0.0
235.768905728	-8.720652E-6	0.0
235.770888192	-5.3236472E-5	0.0
235.772854272	-6.0357743E-5	0.0
235.774820352	-4.3857675E-5	0.0
235.776802816	-3.166093E-5	0.0
235.778768896	-7.769239E-5	0.0
235.78075136	-6.348661E-5	0.0
235.78271744	-1.3085087E-4	0.0
235.78468352	-1.2483624E-4	0.0
235.786665984	6.340074E-5	0.0
235.788632064	9.950957E-5	0.0
235.790614528	-3.6980324E-5	0.0
235.792580608	-6.326472E-5	0.0
235.794546688	-1.7556313E-5	0.0
235.796529152	-1.7225635E-5	0.0
235.798495232	-2.1501657E-5	0.0
235.800477696	9.699156E-5	0.0
235.802443776	1.470257E-4	0.0
235.804409856	1.2215077E-4	0.0
235.80639232	1.4645066E-4	0.0
235.8083584	1.0615485E-4	0.0
235.810340864	8.839057E-5	0.0
235.812306944	1.13207985E-4	0.0
235.814273024	6.607404E-5	0.0
235.816255488	7.727302E-5	0.0
235.818221568	1.2822002E-4	0.0
235.820204032	6.143908E-5	0.0
235.822170112	-4.2561944E-5	0.0
235.824136192	5.1209725E-5	0.0
235.826118656	1.3011346E-4	0.0
235.828084736	-1.6953223E-5	0.0
235.8300672	-2.801134E-5	0.0
235.83203328	1.1341092E-6	0.0
235.83399936	3.088652E-5	0.0
235.835981824	3.926464E-5	0.0
235.837947904	6.492479E-5	0.0
235.839930368	3.7265265E-5	0.0
235.841896448	8.1531376E-5	0.0
235.843862528	4.389826E-5	0.0
235.845844992	-8.405958E-5	0.0
235.847811072	4.6777627E-6	0.0
235.849793536	8.566034E-5	0.0
235.851759616	1.703211E-4	0.0
235.853725696	2.4171943E-4	0.0
235.85570816	1.6352565E-4	0.0
235.85767424	1.3074501E-4	0.0
235.859656704	-4.122646E-7	0.0
235.861622784	2.271225E-6	0.0
235.863588864	7.0503294E-5	0.0
235.865571328	2.0500344E-4	0.0
235.867537408	2.3411734E-4	0.0
235.869519872	8.097881E-5	0.0
235.871485952	-1.7709554E-4	0.0
235.873452032	1.4678071E-5	0.0
235.875434496	3.0650603E-4	0.0
235.877400576	2.5484661E-4	0.0
235.87938304	2.82564E-4	0.0
235.88134912	1.2302941E-4	0.0
235.8833152	-1.4530118E-4	0.0
235.885297664	-2.3313491E-4	0.0
235.887263744	-2.4383547E-5	0.0
235.889246208	1.2995682E-4	0.0
235.891212288	1.4515746E-4	0.0
235.893178368	2.3196924E-4	0.0
235.895160832	2.4905478E-4	0.0
235.897126912	3.1181992E-4	0.0
235.899109376	-2.4210438E-5	0.0
235.901075456	1.4887328E-5	0.0
235.903041536	4.3154832E-5	0.0
235.905024	-1.4706216E-4	0.0
235.90699008	2.4234838E-5	0.0
235.908972544	3.8610873E-4	0.0
235.910938624	2.3892972E-4	0.0
235.912904704	1.731731E-4	0.0
235.914887168	1.8937456E-4	0.0
235.916853248	-3.1275938E-6	0.0
235.918835712	5.4022203E-5	0.0
235.920801792	-2.4238116E-5	0.0
235.922767872	2.5327745E-5	0.0
235.924750336	7.5543496E-5	0.0
235.926716416	2.1878748E-4	0.0
235.92869888	8.638514E-5	0.0
235.93066496	-3.7112135E-5	0.0
235.93263104	-7.9843194E-5	0.0
235.934613504	2.1381731E-5	0.0
235.936579584	2.1976094E-4	0.0
235.938562048	2.8264217E-4	0.0
235.940528128	2.49596E-4	0.0
235.942494208	2.3037872E-4	0.0
235.944476672	2.634958E-5	0.0
235.946442752	1.4781162E-4	0.0
235.948425216	3.6379506E-4	0.0
235.950391296	2.3213356E-4	0.0
235.952357376	-6.0686412E-5	0.0
235.95433984	-1.578713E-4	0.0
235.95630592	1.8267352E-4	0.0
235.958288384	3.3719596E-4	0.0
235.960254464	1.5077095E-4	0.0
235.962220544	1.1079382E-4	0.0
235.964203008	1.6724884E-4	0.0
235.966169088	1.4609659E-4	0.0
235.968151552	1.5696565E-4	0.0
235.970117632	1.7802599E-4	0.0
235.972083712	3.8853884E-4	0.0
235.974066176	1.8060948E-4	0.0
235.976032256	-2.539185E-5	0.0
235.97801472	1.0099817E-4	0.0
235.9799808	1.7251262E-4	0.0
235.98194688	5.972603E-5	0.0
235.983929344	-5.2882037E-6	0.0
235.985895424	-4.8548252E-5	0.0
235.987877888	-1.7474902E-6	0.0
235.989843968	1.0186558E-4	0.0
235.991810048	1.5679964E-4	0.0
235.993792512	2.034568E-4	0.0
235.995758592	1.441851E-4	0.0
235.997741056	8.3048384E-5	0.0
235.999707136	-4.3186104E-5	0.0
236.001673216	-6.526596E-5	0.0
236.00365568	4.720079E-5	0.0
236.00562176	5.541453E-5	0.0
236.007604224	8.31382E-6	0.0
236.009570304	3.9983854E-5	0.0
236.011536384	1.1489816E-4	0.0
236.013518848	9.548474E-5	0.0
236.015484928	9.801666E-6	0.0
236.017467392	6.992494E-5	0.0
236.019433472	1.0003827E-4	0.0
236.021399552	-6.91432E-5	0.0
236.023382016	-6.0669037E-5	0.0
236.025348096	5.9321836E-5	0.0
236.02733056	6.5935856E-5	0.0
236.02929664	5.9720558E-5	0.0
236.03126272	5.8878293E-5	0.0
236.033245184	1.0302834E-5	0.0
236.035211264	-3.257246E-5	0.0
236.037193728	-4.7025947E-5	0.0
236.039159808	-3.2068005E-5	0.0
236.041125888	1.2027952E-4	0.0
236.043108352	1.8455875E-4	0.0
236.045074432	1.12584756E-4	0.0
236.047056896	3.9155268E-5	0.0
236.049022976	7.48212E-5	0.0
236.050989056	1.0499966E-4	0.0
236.05297152	7.366822E-5	0.0
236.0549376	-3.6104066E-5	0.0
236.056920064	2.115403E-6	0.0
236.058886144	1.510617E-4	0.0
236.060852224	1.875373E-4	0.0
236.062834688	1.7224964E-4	0.0
236.064800768	1.6588609E-4	0.0
236.066783232	7.65697E-5	0.0
236.068749312	1.02688406E-4	0.0
236.070715392	8.283168E-5	0.0
236.072697856	3.193059E-5	0.0
236.074663936	6.799245E-5	0.0
236.0766464	6.530867E-5	0.0
236.07861248	-2.7893993E-5	0.0
236.080594944	5.9787846E-5	0.0
236.082561024	1.4226187E-4	0.0
236.084527104	1.4293201E-4	0.0
236.086509568	1.4132782E-5	0.0
236.088475648	6.805537E-5	0.0
236.090458112	1.7039392E-4	0.0
236.092424192	1.23519E-4	0.0
236.094390272	4.878066E-5	0.0
236.096372736	-1.5676438E-5	0.0
236.098338816	1.1515998E-4	0.0
236.10032128	2.1111187E-4	0.0
236.10228736	8.7037646E-5	0.0
236.10425344	6.6168745E-5	0.0
236.106235904	1.0274015E-4	0.0
236.108201984	1.3028401E-4	0.0
236.110184448	7.568296E-5	0.0
236.112150528	2.2212587E-5	0.0
236.114116608	-2.4028073E-5	0.0
236.116099072	6.043948E-5	0.0
236.118065152	-9.741152E-5	0.0
236.120047616	1.0357375E-5	0.0
236.122013696	-7.8592224E-5	0.0
236.123979776	1.2952661E-4	0.0
236.12596224	1.0392084E-4	0.0
236.12792832	3.7117767E-5	0.0
236.129910784	1.4674106E-4	0.0
236.131876864	3.123327E-6	0.0
236.133842944	-1.1532728E-4	0.0
236.135825408	5.50732E-5	0.0
236.137791488	6.1025632E-5	0.0
236.139773952	2.2039546E-4	0.0
236.141740032	2.3608726E-4	4.034517786521974E-8
236.143706112	1.7727145E-4	8.743545976130918E-8
236.145688576	4.895313E-5	1.823215143303969E-7
236.147654656	9.210142E-5	3.6579203310793673E-7
236.14963712	1.2804657E-4	7.061203746161482E-7
236.1516032	-2.4235787E-5	1.3115047750034137E-6
236.15356928	1.7583798E-5	2.343712367292028E-6
236.155551744	1.2127283E-4	4.029739557154244E-6
236.157517824	1.2859523E-4	6.666310582659207E-6
236.159500288	6.9219E-5	1.0610036042635329E-5
236.161466368	3.9726692E-5	1.624673677724786E-5
236.163432448	5.04188E-5	2.3934619093779474E-5
236.165414912	-1.9050001E-6	3.392289363546297E-5
236.167380992	7.3997675E-5	4.625558722182177E-5
236.169363456	8.011751E-5	6.068016227800399E-5
236.171329536	2.9062116E-5	7.658602407900617E-5
236.173295616	-1.2526501E-5	9.300225792685524E-5
236.17527808	9.6049065E-5	1.0884241055464372E-4
236.17724416	1.08060856E-4	1.2257594789844006E-4
236.179226624	2.2483322E-4	1.3305339962244034E-4
236.181192704	2.0587079E-4	1.3942494115326554E-4
236.183158784	1.500678E-4	1.4145264867693186E-4
236.185141248	2.2761484E-4	1.396840816596523E-4
236.187107328	2.507162E-4	1.35520298499614E-4
236.189089792	1.2037096E-4	1.3115078036207706E-4
236.191055872	5.2422598E-5	1.2933879042975605E-4
236.193021952	1.2505853E-4	1.330584636889398E-4
236.195004416	1.3288538E-5	1.450009149266407E-4
236.196970496	2.4745738E-4	1.67008867720142E-4
236.19895296	2.2500953E-4	1.9954120216425508E-4
236.20091904	2.2393769E-4	2.413135807728395E-4
236.20288512	4.112613E-4	2.892489137593657E-4
236.204867584	4.383447E-4	3.388147451914847E-4
236.206833664	3.8423474E-4	3.846901236101985E-4
236.208816128	3.5344288E-4	4.2160158045589924E-4
236.210782208	3.8558446E-4	4.451286804396659E-4
236.212748288	4.466025E-4	4.523252137005329E-4
236.214730752	3.313745E-4	4.420836048666388E-4
236.216696832	3.6067844E-4	4.152452456764877E-4
236.218679296	2.474624E-4	3.744593122974038E-4
236.220645376	2.9768507E-4	3.23796208249405E-4
236.222611456	3.0024184E-4	2.681321348063648E-4
236.22459392	1.7730375E-4	2.1236868633423E-4
236.22656	9.538579E-5	1.6076902102213353E-4
236.228542464	2.4164359E-4	1.1624392936937511E-4
236.230508544	1.2349438E-4	8.025961142266169E-5
236.232474624	1.0935755E-4	5.291814886732027E-5
236.234457088	1.0442992E-4	3.33265597873833E-5
236.236423168	1.2279752E-4	2.0053685148013756E-5
236.238405632	1.9775885E-4	1.153349057858577E-5
236.240371712	4.1496446E-6	6.341821972455364E-6
236.242337792	-1.0596877E-4	3.3346957479807315E-6
236.244320256	-1.5405506E-4	1.6771039099694462E-6
236.246286336	-1.0881664E-4	8.068196848398657E-7
236.2482688	-5.864056E-5	3.7130595842427283E-7
236.25023488	-2.6915464E-5	1.6347313192000001E-7
236.25220096	1.0133432E-4	0.0
236.254183424	2.2643195E-4	0.0
236.256149504	1.3887662E-4	0.0
236.258131968	-4.3290675E-5	0.0
236.260098048	-2.0733694E-5	0.0
236.262064128	-2.7111188E-5	0.0
236.264046592	-9.8255965E-5	0.0
236.266012672	-3.855161E-5	0.0
236.267995136	-1.509445E-4	0.0
236.269961216	-7.339061E-5	0.0
236.271927296	1.0362066E-4	0.0
236.27390976	1.610568E-6	0.0
236.27587584	-6.246381E-5	0.0
236.277858304	5.2800657E-5	0.0
236.279824384	9.296039E-5	0.0
236.281790464	6.5705295E-5	0.0
236.283772928	6.233047E-5	0.0
236.285739008	1.8940303E-4	0.0
236.287721472	6.6050816E-5	0.0
236.289687552	-9.427526E-5	0.0
236.291653632	-1.1130944E-5	0.0
236.293636096	1.0327019E-4	0.0
236.295602176	1.4476357E-4	0.0
236.29758464	1.2616238E-4	0.0
236.29955072	1.1872753E-4	0.0
236.3015168	4.6172434E-5	0.0
236.303499264	-3.3364493E-5	0.0
236.305465344	-2.0702553E-5	0.0
236.307447808	2.1112171E-5	0.0
236.309413888	-2.8069664E-5	0.0
236.311379968	3.3560813E-5	0.0
236.313362432	1.1971566E-4	0.0
236.315328512	9.4857845E-5	0.0
236.317310976	4.0674604E-5	0.0
236.319277056	3.7066835E-5	0.0
236.321243136	4.1749932E-5	0.0
236.3232256	-2.9697936E-5	0.0
236.32519168	1.4905023E-5	0.0
236.327174144	3.4295917E-5	0.0
236.329140224	-5.376782E-5	0.0
236.331106304	8.556663E-6	0.0
236.333088768	6.568464E-6	0.0
236.335054848	-1.6660888E-4	0.0
236.337037312	-1.3603362E-4	0.0
236.339003392	-3.224024E-5	0.0
236.340969472	-1.3203973E-4	0.0
236.342951936	-8.2116174E-5	0.0
236.344918016	2.6386659E-5	0.0
236.34690048	1.7063829E-5	0.0
236.34886656	7.2515824E-5	0.0
236.35083264	2.1560661E-5	0.0
236.352815104	-1.3832099E-5	0.0
236.354781184	4.4156237E-5	0.0
236.356763648	-3.6760764E-5	0.0
236.358729728	-9.556622E-5	0.0
236.360695808	-7.6646225E-5	0.0
236.362678272	5.8783182E-5	0.0
236.364644352	5.728736E-5	0.0
236.366626816	-8.274729E-5	0.0
236.368592896	-6.795597E-5	0.0
236.370558976	-1.415003E-4	0.0
236.37254144	-1.1030859E-4	0.0
236.37450752	-7.736469E-7	0.0
236.376489984	6.8079E-5	0.0
236.378456064	9.6704716E-5	0.0
236.380422144	1.2087405E-4	0.0
236.382404608	2.0435566E-5	0.0
236.384370688	3.1716975E-6	0.0
236.386353152	-7.0016335E-6	0.0
236.388319232	6.1804974E-5	0.0
236.390301696	6.555454E-5	0.0
236.392267776	1.05446634E-4	0.0
236.394233856	1.65639E-4	0.0
236.39621632	1.7409721E-4	0.0
236.3981824	1.4380309E-4	0.0
236.400164864	1.8738509E-4	0.0
236.402130944	1.2879023E-4	0.0
236.404097024	-3.4688193E-5	0.0
236.406079488	2.642135E-5	0.0
236.408045568	7.229999E-5	0.0
236.410028032	1.07464926E-4	0.0
236.411994112	8.707158E-5	0.0
236.413960192	7.0903414E-5	0.0
236.415942656	3.9812956E-5	0.0
236.417908736	1.8191991E-4	0.0
236.4198912	1.4570154E-5	0.0
236.42185728	2.319188E-6	0.0
236.42382336	1.25909E-4	0.0
236.425805824	-2.0734538E-5	0.0
236.427771904	-6.503429E-5	0.0
236.429754368	1.7703454E-4	0.0
236.431720448	4.2595515E-5	0.0
236.433686528	5.8173224E-5	0.0
236.435668992	1.5437086E-4	0.0
236.437635072	8.188685E-5	0.0
236.439617536	1.3422083E-4	0.0
236.441583616	1.3467723E-4	0.0
236.443549696	-3.866627E-6	0.0
236.44553216	-1.833516E-5	0.0
236.44749824	1.7258113E-4	0.0
236.449480704	2.4204883E-4	0.0
236.451446784	1.2573217E-4	0.0
236.453412864	-5.058689E-5	0.0
236.455395328	2.9747976E-5	0.0
236.457361408	9.836882E-6	0.0
236.459343872	-3.5770536E-5	0.0
236.461309952	-7.242934E-5	0.0
236.463276032	2.8333945E-6	0.0
236.465258496	-2.9515775E-5	0.0
236.467224576	9.190829E-5	0.0
236.46920704	2.204559E-5	0.0
236.47117312	4.4147273E-5	5.154064979251416E-7
236.4731392	1.3039006E-4	1.0993105661327718E-6
236.475121664	1.6930608E-4	2.2561775949725416E-6
236.477087744	5.7401914E-5	4.4555704334925395E-6
236.479070208	1.2660419E-5	8.466348845104221E-6
236.481036288	5.308268E-6	1.5478459317819215E-5
236.483002368	2.485652E-4	2.7224932637182064E-5
236.484984832	2.3511496E-4	4.606378570315428E-5
236.486950912	2.7288278E-4	7.502667722292244E-5
236.488933376	3.325951E-4	1.1745608935598284E-4
236.490899456	3.9419517E-4	1.7682606994640082E-4
236.492865536	5.452552E-4	2.5597010971978307E-4
236.494848	6.4803445E-4	3.5628178738988936E-4
236.49681408	6.6759245E-4	4.7688031918369234E-4
236.498796544	7.4402435E-4	6.139858160167933E-4
236.500762624	8.411727E-4	7.607624866068363E-4
236.502728704	0.0010478041	9.077721042558551E-4
236.504711168	0.0012078915	0.0010440496262162924
236.506677248	0.0012466153	0.0011585758766159415
236.508659712	0.0012213299	0.0012418634723871946
236.510625792	0.0011916708	0.0012873202795162797
236.512591872	0.0011277392	0.0012921453453600407
236.514574336	0.0010059001	0.0012576135341078043
236.516540416	9.5838803E-4	0.0011887229047715664
236.51852288	9.601167E-4	0.0010932787554338574
236.52048896	9.254191E-4	9.805827867239714E-4
236.52245504	8.17334E-4	8.599936263635755E-4
236.524437504	6.9371256E-4	7.396506262011826E-4
236.526403584	6.370962E-4	6.25636603217572E-4
236.528386048	6.118331E-4	5.21702750120312E-4
236.530352128	5.031566E-4	4.295078106224537E-4
236.532318208	3.994235E-4	3.4919625613838434E-4
236.534300672	2.825232E-4	2.800569054670632E-4
236.536266752	2.0006743E-4	2.2107563563622534E-4
236.538249216	1.8428174E-4	1.7126523016486317E-4
236.540215296	1.8687763E-4	1.2978256563656032E-4
236.542181376	2.293166E-4	9.589597902959213E-5
236.54416384	1.2178587E-4	6.889314681757241E-5
236.54612992	-2.9630735E-5	4.80057206004858E-5
236.548112384	-4.346171E-6	3.238186036469415E-5
236.550078464	5.5218778E-5	2.1112497051944956E-5
236.552044544	3.0986987E-5	1.3289268281369004E-5
236.554027008	8.124546E-5	7.927987098810263E-6
236.555993088	1.2360119E-4	4.662870651372941E-6
236.557975552	1.0390995E-4	2.63887000073737E-6
236.559941632	5.2471318E-5	1.4370331200552755E-6
236.561907712	-9.187984E-5	7.530187531301635E-7
236.563890176	-1.8389286E-4	3.7969860500197683E-7
236.565856256	-2.5060124E-5	1.8423372694087448E-7
236.56783872	-3.0030913E-5	8.602003731539298E-8
236.5698048	7.526963E-5	0.0
236.57177088	1.672464E-4	0.0
236.573753344	5.2264157E-5	0.0
236.575719424	5.5113037E-7	0.0
236.577701888	-2.4573326E-6	0.0
236.579667968	-1.3902269E-5	0.0
236.581634048	5.17964E-5	0.0
236.583616512	3.8227263E-5	0.0
236.585582592	-4.5378234E-5	0.0
236.587565056	-3.993052E-5	0.0
236.589531136	2.1106176E-5	0.0
236.591497216	-7.03162E-5	0.0
236.59347968	-1.2266634E-4	0.0
236.59544576	-5.683231E-5	0.0
236.597428224	3.2212898E-5	0.0
236.599394304	1.5182166E-4	0.0
236.601360384	1.0754461E-4	0.0
236.603342848	6.280434E-5	0.0
236.605308928	5.923633E-5	0.0
236.607291392	7.488237E-5	0.0
236.609257472	-2.6788339E-5	0.0
236.611223552	-1.4716303E-5	0.0
236.613206016	3.770747E-5	0.0
236.615172096	8.7230954E-5	0.0
236.61715456	8.115658E-5	0.0
236.61912064	3.756806E-5	7.241114730049958E-8
236.62108672	-9.5902484E-5	1.563396523351912E-7
236.623069184	-9.373838E-5	3.248258337862353E-7
236.625035264	-1.69208E-4	6.494532271972275E-7
236.627017728	-1.4351508E-4	1.2495542023316375E-6
236.628983808	-1.9012006E-4	2.313531695108395E-6
236.630949888	3.5452445E-5	4.121929578104755E-6
236.632932352	4.3143365E-5	7.066787475196179E-6
236.634898432	-1.5949898E-5	1.1658150469884276E-5
236.636880896	-6.429581E-5	1.8505868865759112E-5
236.638846976	-3.7252066E-5	2.8265267246752046E-5
236.640813056	9.014716E-5	4.153802365181036E-5
236.64279552	6.588667E-5	5.873262125533074E-5
236.6447616	1.070956E-4	7.99010886112228E-5
236.646744064	1.2519433E-4	1.0458580072736368E-4
236.648710144	1.898837E-4	1.3172354374546558E-4
236.650676224	1.4005556E-4	1.596624351805076E-4
236.652658688	6.410575E-5	1.8624249787535518E-4
236.654624768	2.7154692E-4	2.0911199680995196E-4
236.656607232	1.9719884E-4	2.2603434626944363E-4
236.658573312	2.3961313E-4	2.352607116336003E-4
236.660539392	2.649081E-4	2.3583581787534058E-4
236.662521856	1.9981242E-4	2.2777877165935934E-4
236.664487936	1.2326166E-4	2.1209298574831337E-4
236.6664704	2.0967612E-4	1.9060257181990892E-4
236.66843648	1.7252973E-4	1.656527747400105E-4
236.67040256	2.4361421E-4	1.3973811292089522E-4
236.672385024	6.0575047E-5	1.151365868281573E-4
236.674351104	-4.563169E-6	9.362119453726336E-5
236.676333568	-8.5140266E-5	7.640953117515892E-5
236.678299648	2.8940694E-5	6.375317025231197E-5
236.680265728	2.9182664E-5	5.549909110413864E-5
236.682248192	6.305923E-5	5.097567191114649E-5
236.684214272	5.491732E-5	4.9260921514360234E-5
236.686196736	-4.3266984E-5	4.939063001074828E-5
236.688162816	4.7606904E-5	5.054257417214103E-5
236.690128896	1.3100613E-4	5.217566649662331E-5
236.69211136	1.1181892E-4	5.411309393821284E-5
236.69407744	3.0550837E-5	5.65643968002405E-5
236.696059904	1.1745104E-5	6.008663331158459E-5
236.698025984	2.7813736E-5	6.549148383783177E-5
236.700008448	8.4352236E-5	7.370977982645854E-5
236.701974528	6.377862E-5	8.559683192288503E-5
236.703940608	1.9938983E-4	1.019216506392695E-4
236.705923072	1.6459411E-4	1.2294207408558577E-4
236.707889152	9.049664E-5	1.4851354353595525E-4
236.709871616	1.303215E-4	1.7795534222386777E-4
236.711837696	1.14216724E-4	2.1005819144193083E-4
236.713803776	2.2202871E-4	2.431608154438436E-4
236.71578624	2.8186318E-4	2.75289174169302E-4
236.71775232	3.0669608E-4	3.0434035579673946E-4
236.719734784	3.013046E-4	3.2829257543198764E-4
236.721700864	3.6367934E-4	3.454069374129176E-4
236.723666944	4.5963263E-4	3.5440197098068893E-4
236.725649408	3.8573492E-4	3.5457947524264455E-4
236.727615488	2.8801212E-4	3.458891878835857E-4
236.729597952	2.6403586E-4	3.2892663148231804E-4
236.731564032	2.2904303E-4	3.048646613024175E-4
236.733530112	2.887949E-4	2.753212465904653E-4
236.735512576	2.8880857E-4	2.422088000457734E-4
236.737478656	2.8176876E-4	2.0750070689246058E-4
236.73946112	2.2860478E-4	1.7306736845057458E-4
236.7414272	1.4476124E-4	1.4050232130102813E-4
236.74339328	1.4023007E-4	1.1100847768830135E-4
236.745375744	5.7027464E-5	8.534809603588656E-5
236.747341824	3.0540016E-6	6.385292363120243E-5
236.749324288	3.651421E-5	4.648594403988682E-5
236.751290368	2.7830965E-5	3.293358895462006E-5
236.753256448	-3.3715893E-5	2.2733363948646E-5
236.755238912	-7.5350115E-5	1.529420660517644E-5
236.757204992	-1.2539736E-4	1.0069465133710764E-5
236.759187456	-4.0253108E-5	6.5597400862316135E-6
236.761153536	2.891549E-5	4.359584181656828E-6
236.763119616	-2.5266005E-5	3.1750480502523715E-6
236.76510208	-8.824326E-5	2.8282031507842476E-6
236.76706816	-1.3122235E-4	3.2522709716431564E-6
236.769050624	-1.5270202E-4	4.478774826566223E-6
236.771016704	-9.699705E-6	6.616194696107414E-6
236.772982784	1.6634547E-5	9.817800673772581E-6
236.774965248	-3.0846633E-5	1.4173570889397524E-5
236.776931328	-1.5230218E-5	1.9945438907598145E-5
236.778913792	2.3022198E-5	2.7009826226276346E-5
236.780879872	-6.880632E-5	3.519767778925598E-5
236.782845952	-2.1664784E-5	4.413981514517218E-5
236.784828416	6.961254E-5	5.326965401764028E-5
236.786794496	8.792153E-5	6.186977407196537E-5
236.78877696	1.0704694E-4	6.91577370162122E-5
236.79074304	1.0971314E-4	7.440138142555952E-5
236.79270912	7.011546E-5	7.703908340772614E-5
236.794691584	1.058446E-4	7.677798566874117E-5
236.796657664	1.0974015E-4	7.364735211012885E-5
236.798640128	9.9829595E-5	6.799321272410452E-5
236.800606208	5.692595E-5	6.0415728512452915E-5
236.802572288	1.5810152E-5	5.166490518604405E-5
236.804554752	5.907259E-5	4.2519364797044545E-5
236.806520832	1.6461326E-4	3.3675169106572866E-5
236.808503296	2.3263275E-4	2.566575858509168E-5
236.810469376	1.09795095E-4	1.882405013020616E-5
236.812435456	-1.406394E-5	1.328569032921223E-5
236.81441792	-4.4324937E-5	9.023349775816314E-6
236.816384	-2.4451621E-5	5.897487881156849E-6
236.818366464	1.9140704E-7	3.7092345337441657E-6
236.820332544	1.7009812E-5	2.2450512915384024E-6
236.822298624	-3.1163545E-5	1.3076627283226117E-6
236.824281088	-9.195219E-6	7.329863933591696E-7
236.826247168	6.5863445E-5	3.9539338558824966E-7
236.828229632	1.3339061E-4	2.0525689592432173E-7
236.830195712	2.4578612E-5	1.0254223070660373E-7
236.832161792	1.2827999E-5	4.929970742750811E-8
236.834144256	3.941115E-5	2.280989264136224E-8
236.836110336	2.0689176E-5	0.0
236.8380928	5.7445162E-5	0.0
236.84005888	1.4658572E-5	0.0
236.84202496	6.401436E-5	0.0
236.844007424	4.129454E-7	0.0
236.845973504	-4.2119857E-5	0.0
236.847955968	-3.6890422E-5	0.0
236.849922048	1.1611983E-5	0.0
236.851888128	6.415936E-5	0.0
236.853870592	-5.677023E-5	0.0
236.855836672	1.970017E-5	0.0
236.857819136	-6.3368657E-7	1.0235912384359835E-7
236.859785216	-1.1834151E-4	2.217383610059187E-7
236.861751296	-6.0086582E-5	4.6228001338022295E-7
236.86373376	1.7106146E-5	9.275161687583022E-7
236.86569984	-3.0224104E-5	1.790930923561973E-6
236.867682304	9.4762094E-5	3.3279438866884448E-6
236.869648384	-7.798832E-5	5.951193998043891E-6
236.871614464	-4.761175E-5	1.0241298696200829E-5
236.873596928	1.365287E-4	1.695928403933067E-5
236.875563008	6.917744E-5	2.7023825168726034E-5
236.877545472	-4.3868153E-5	4.143377736909315E-5
236.879511552	-5.2202995E-5	6.112343544373289E-5
236.881477632	1.4490857E-4	8.67550988914445E-5
236.883460096	2.6927932E-4	1.1847119458252564E-4
236.885426176	2.4261799E-4	1.556588540552184E-4
236.88740864	1.734539E-4	1.967908174265176E-4
236.88937472	1.3729472E-4	2.3941756808198988E-4
236.8913408	8.956281E-5	2.8034456772729754E-4
236.893323264	2.0678081E-4	3.159979241900146E-4
236.895289344	2.9234125E-4	3.429289208725095E-4
236.897271808	3.4639417E-4	3.5835165181197226E-4
236.899237888	3.188591E-4	3.606073441915214E-4
236.901203968	3.7238E-4	3.494496922940016E-4
236.903186432	3.0842205E-4	3.260878729633987E-4
236.905152512	3.4986643E-4	2.9297685250639915E-4
236.907134976	2.704341E-4	2.534037339501083E-4
236.909101056	1.0490303E-4	2.109604247380048E-4
236.911067136	1.7604751E-4	1.690161880105734E-4
236.9130496	1.9896585E-4	1.3029923138674349E-4
236.91501568	2.8899315E-4	9.665053948992863E-5
236.916998144	1.691701E-4	6.89762964611873E-5
236.918964224	1.2806182E-4	4.73615582450293E-5
236.920930304	1.013994E-4	3.128918251604773E-5
236.922912768	2.3714927E-5	1.988947951758746E-5
236.924878848	-8.762515E-5	1.2165533917141147E-5
236.926861312	2.9579756E-5	7.160433142416878E-6
236.928827392	6.23523E-5	4.05565378969186E-6
236.930793472	-1.7511784E-5	2.2106096366769634E-6
236.932775936	-1.1735314E-5	1.1595733440117328E-6
236.934742016	7.818863E-5	5.85366137784149E-7
236.93672448	1.02365935E-4	2.843848108113889E-7
236.93869056	1.2305811E-4	1.3296357792569324E-7
236.94065664	7.088432E-5	0.0
236.942639104	3.032819E-5	0.0
236.944605184	6.205445E-5	0.0
236.946587648	1.097072E-4	0.0
236.948553728	1.7228386E-4	0.0
236.950519808	1.2990054E-4	0.0
236.952502272	1.614307E-4	0.0
236.954468352	2.1004032E-4	0.0
236.956450816	2.3236634E-4	0.0
236.958416896	1.1787484E-4	0.0
236.960382976	-3.092495E-5	0.0
236.96236544	1.816145E-5	0.0
236.96433152	7.870452E-5	0.0
236.966313984	4.762455E-6	0.0
236.968280064	-1.6902495E-5	0.0
236.970246144	1.2231899E-4	0.0
236.972228608	1.3536542E-4	0.0
236.974194688	4.494536E-5	0.0
236.976177152	1.7712146E-5	0.0
236.978143232	1.6611505E-6	0.0
236.980109312	7.103283E-7	0.0
236.982091776	4.1687825E-5	0.0
236.984057856	4.3172644E-5	0.0
236.98604032	1.9399877E-5	0.0
236.9880064	4.509472E-5	0.0
236.98997248	-5.144062E-5	0.0
236.991954944	-1.0747053E-4	0.0
236.993921024	-1.5117928E-4	0.0
236.995903488	1.1443006E-5	0.0
236.997869568	1.2093604E-4	0.0
236.999852032	5.093225E-5	0.0
237.001818112	6.238897E-5	0.0
237.003784192	6.5840744E-5	0.0
237.005766656	-3.060062E-5	0.0
237.007732736	-5.626394E-5	0.0
237.0097152	3.0368004E-5	0.0
237.01168128	-1.7683933E-5	0.0
237.01364736	-1.5108913E-5	0.0
237.015629824	1.0777343E-4	0.0
237.017595904	4.0588748E-5	0.0
237.019578368	3.603487E-5	0.0
237.021544448	1.2112126E-4	0.0
237.023510528	1.063052E-4	0.0
237.025492992	-2.8296325E-5	0.0
237.027459072	-8.3219384E-5	2.839270507593028E-7
237.029441536	-8.795795E-5	6.382377932823147E-7
237.031407616	-2.3298091E-5	1.3728977137361653E-6
237.033373696	1.7587116E-5	2.8258459678909276E-6
237.03535616	3.8283317E-5	5.564984803640982E-6
237.03732224	3.3224722E-5	1.0483508049219381E-5
237.039304704	9.0295005E-5	1.8887109035858884E-5
237.041270784	1.7164061E-4	3.2529558666283265E-5
237.043236864	1.5674015E-4	5.3615407523466274E-5
237.045219328	-4.02995E-5	8.432692266069353E-5
237.047185408	-4.204567E-5	1.26649159938097E-4
237.049167872	4.3974513E-5	1.8160109175369143E-4
237.051133952	1.9308967E-4	2.488819300197065E-4
237.053100032	2.6035638E-4	3.2580914557911456E-4
237.055082496	3.12314E-4	4.082350351382047E-4
237.057048576	4.5123094E-4	4.906702670268714E-4
237.05903104	4.4910357E-4	5.673833074979484E-4
237.06099712	4.8698703E-4	6.334838690236211E-4
237.0629632	5.8070285E-4	6.858034757897258E-4
237.064945664	5.90663E-4	7.233837968669832E-4
237.066911744	5.7876605E-4	7.475691963918507E-4
237.068894208	6.174199E-4	7.617673254571855E-4
237.070860288	5.954814E-4	7.709162891842425E-4
237.072826368	5.612615E-4	7.806746289134026E-4
237.074808832	5.28039E-4	7.963372627273202E-4
237.076774912	7.623642E-4	8.216141141019762E-4
237.078757376	8.8905747E-4	8.575337706133723E-4
237.080723456	8.3272456E-4	9.018452255986631E-4
237.082689536	9.801848E-4	9.491783566772938E-4
237.084672	9.067532E-4	9.919890435412526E-4
237.08663808	9.593011E-4	0.0010220205876976252
237.088620544	0.0010289334	0.001031907508149743
237.090586624	0.0011394173	0.0010165248531848192
237.092552704	9.375994E-4	9.73839545622468E-4
237.094535168	9.3501346E-4	9.051636443473399E-4
237.096501248	8.404799E-4	8.148385677486658E-4
237.098483712	7.013139E-4	7.094535394571722E-4
237.100449792	6.1162404E-4	5.967693869024515E-4
237.102415872	5.6989474E-4	4.8456061631441116E-4
237.104398336	5.490587E-4	3.7942006019875407E-4
237.106364416	4.51481E-4	2.865713613573462E-4
237.10834688	2.7353232E-4	2.0864233374595642E-4
237.11031296	1.214985E-4	1.4647716307081282E-4
237.11227904	4.2397958E-5	9.929652151186019E-5
237.114261504	1.0472311E-4	6.526185461552814E-5
237.116227584	1.0226489E-4	4.204883225611411E-5
237.118210048	9.7676726E-5	2.7312957172398455E-5
237.120176128	-1.8123626E-6	1.8999002350028604E-5
237.122142208	2.1083766E-5	1.5515039194724523E-5
237.124124672	6.9033376E-5	1.568721199873835E-5
237.126090752	6.27427E-5	1.8773967894958332E-5
237.128073216	-1.8535395E-5	2.4291397494380362E-5
237.130039296	-2.1756646E-4	3.2085925340652466E-5
237.132005376	-7.797019E-5	4.196510053589009E-5
237.13398784	1.0996134E-4	5.3739382565254346E-5
237.13595392	1.6232279E-4	6.752125773346052E-5
237.137936384	1.5595563E-4	8.26886243885383E-5
237.139902464	1.3829082E-4	9.837907418841496E-5
237.141868544	5.5600387E-5	1.1311821435810998E-4
237.143851008	5.034377E-5	1.2490182416513562E-4
237.145817088	1.3276779E-4	1.3158631918486208E-4
237.147799552	1.654497E-4	1.3152057363186032E-4
237.149765632	1.18265416E-4	1.2417076504789293E-4
237.151731712	3.2341304E-5	1.1042356345569715E-4
237.153714176	-1.3327914E-4	9.238657366950065E-5
237.155680256	-9.431854E-5	7.275789539562538E-5
237.15766272	-7.239218E-5	5.405470074038021E-5
237.1596288	-2.8814227E-5	3.803175059147179E-5
237.16159488	5.797229E-5	2.5475959773757495E-5
237.163577344	2.5864128E-5	1.6350613805116154E-5
237.165543424	1.2029983E-4	1.0120447768713348E-5
237.167525888	1.2820518E-4	6.076058525650296E-6
237.169491968	4.6263878E-5	3.5524160466593457E-6
237.171458048	5.893656E-5	2.0259551547496812E-6
237.173440512	2.361644E-5	1.1264733075222466E-6
237.175406592	2.2226798E-6	6.09440235166403E-7
237.177389056	1.1874132E-4	3.143013884709944E-7
237.179355136	2.5083797E-4	1.6109635225802776E-7
237.181321216	1.6709081E-4	7.947176783318355E-8
237.18330368	2.2776969E-5	3.7733236979420326E-8
237.18526976	-9.46798E-6	1.724345821685347E-8
237.187252224	1.0381065E-5	0.0
237.189218304	5.5399346E-6	0.0
237.191184384	-5.2055526E-5	0.0
237.193166848	-8.113677E-5	0.0
237.195132928	-4.4397813E-5	0.0
237.197115392	8.9491215E-5	1.6530760760247176E-8
237.199081472	7.1759765E-5	3.828792571880513E-8
237.201047552	-1.04252606E-4	8.469412193790049E-8
237.203030016	-1.5153583E-4	1.7892476478209574E-7
237.204996096	-7.232355E-5	3.609978875829256E-7
237.20697856	-2.6759322E-5	6.955981461942429E-7
237.20894464	-3.9844024E-5	1.2800667263945797E-6
237.21091072	-1.2568869E-6	2.2496601559396368E-6
237.212893184	2.1247795E-5	3.775823415708146E-6
237.214859264	8.2460665E-6	6.052176559023792E-6
237.216841728	-7.503047E-5	9.264341315429192E-6
237.218807808	-4.1930266E-6	1.3542942724598106E-5
237.220773888	3.6836507E-5	1.8906401237472892E-5
237.222756352	1.9283236E-6	2.5206178179359995E-5
237.224722432	-1.2383543E-5	3.2093168556457385E-5
237.226704896	-1.8860135E-5	3.90247514587827E-5
237.228670976	2.2097161E-5	4.5363813114818186E-5
237.230637056	7.2860996E-5	5.0361126341158524E-5
237.23261952	6.635658E-5	5.344327655620873E-5
237.2345856	-8.2163264E-5	5.427571522886865E-5
237.236568064	-1.0602506E-4	5.283610153128393E-5
237.238534144	8.508612E-5	4.951038135914132E-5
237.240500224	7.837128E-5	4.505129618337378E-5
237.242482688	8.052293E-5	4.052410804433748E-5
237.244448768	4.893625E-5	3.7209640140645206E-5
237.246431232	4.7224712E-5	3.646417098934762E-5
237.248397312	-1.30243E-4	3.950684185838327E-5
237.250363392	-1.4800364E-4	4.7117388021433726E-5
237.252345856	4.253719E-5	5.9290417993906885E-5
237.254311936	1.18360236E-4	7.498749619117007E-5
237.2562944	1.1501015E-4	9.217498154612258E-5
237.25826048	1.7773041E-4	1.0825080244103447E-4
237.26022656	1.3509703E-4	1.2075173435732722E-4
237.262209024	1.6353007E-4	1.2804831203538924E-4
237.264175104	2.790788E-4	1.2970366515219212E-4
237.266157568	4.992089E-5	1.2635211169254035E-4
237.268123648	-2.1231108E-5	1.1922017438337207E-4
237.270089728	3.765479E-5	1.0958328493870795E-4
237.272072192	1.5589171E-4	9.84178768703714E-5
237.274038272	-7.937817E-5	8.64056491991505E-5
237.276020736	-2.361581E-6	7.398751768050715E-5
237.277986816	7.235453E-5	6.159592885524035E-5
237.279952896	6.569499E-5	4.96976645081304E-5
237.28193536	1.2745809E-4	3.8759244489483535E-5
237.28390144	8.589369E-5	2.9165470550651662E-5
237.285883904	1.0394552E-4	2.1150046450202353E-5
237.287849984	8.331486E-5	1.4765706509933807E-5
237.289816064	8.038556E-6	9.930284250003751E-6
237.291798528	-7.26441E-5	6.427594144042814E-6
237.293764608	1.1844627E-4	4.046398316859268E-6
237.295747072	3.312804E-5	2.491577106411569E-6
237.297713152	8.899215E-6	1.5731417306596995E-6
237.299679232	2.0089497E-4	1.1431251323301694E-6
237.301661696	3.7456732E-4	1.127289124269737E-6
237.303627776	2.830597E-4	1.5649023907826631E-6
237.30561024	2.7681663E-5	2.546965788496891E-6
237.30757632	-1.2535647E-4	4.323931079852628E-6
237.309558784	-4.2128754E-6	7.285124411282595E-6
237.311524864	6.0162645E-5	1.198318841488799E-5
237.313490944	1.3385848E-4	1.9177983631379902E-5
237.315473408	5.5061093E-5	2.9685295885428786E-5
237.317439488	-4.1932515E-5	4.426054147188552E-5
237.319421952	2.4278754E-4	6.326623406494036E-5
237.321388032	3.8372414E-4	8.62956148921512E-5
237.323354112	3.0898835E-4	1.1188339703949168E-4
237.325336576	9.3344446E-5	1.3750513608101755E-4
237.327302656	2.5275906E-4	1.5998841263353825E-4
237.32928512	3.4285404E-4	1.762710598995909E-4
237.3312512	2.3008797E-4	1.8422673747409135E-4
237.33321728	8.248511E-5	1.832085254136473E-4
237.335199744	-5.2163938E-5	1.7408466374035925E-4
237.337165824	6.590681E-5	1.5879867714829743E-4
237.339148288	1.1022496E-4	1.3970554573461413E-4
237.341114368	2.6046528E-4	1.1899151286343113E-4
237.343080448	3.0438617E-4	9.83569843810983E-5
237.345062912	1.9603538E-4	7.901988283265382E-5
237.347028992	1.5948644E-4	6.164213846204802E-5
237.349011456	1.3477764E-4	4.667112079914659E-5
237.350977536	1.0604268E-4	3.4295168006792665E-5
237.352943616	1.9273268E-4	2.4519942598999478E-5
237.35492608	1.3697906E-4	1.7204924006364308E-5
237.35689216	1.2753277E-4	1.2110182979085948E-5
237.358874624	1.4222863E-4	8.99116275832057E-6
237.360840704	1.18161515E-4	7.543200808868278E-6
237.362806784	1.1291677E-4	7.61533874538145E-6
237.364789248	2.0782541E-5	9.056929229700472E-6
237.366755328	-1.16206975E-4	1.1913779417227488E-5
237.368737792	-4.348075E-5	1.6244614016613923E-5
237.370703872	1.7734989E-7	2.2233276467886753E-5
237.372669952	7.58272E-5	3.0102664823061787E-5
237.374652416	-5.4376644E-5	4.0103688661474735E-5
237.376618496	-1.7895634E-5	5.247293665888719E-5
237.37860096	3.2443406E-6	6.750557076884434E-5
237.38056704	5.2452575E-5	8.53814126458019E-5
237.38253312	2.2970019E-4	1.0628347081365064E-4
237.384515584	1.7248421E-4	1.3034198491368443E-4
237.386481664	1.4733897E-4	1.576134527567774E-4
237.388464128	1.765183E-4	1.8804318096954376E-4
237.390430208	2.0226471E-4	2.216943248640746E-4
237.392396288	2.5574173E-4	2.5786072365008295E-4
237.394378752	2.305662E-4	2.9604951851069927E-4
237.396344832	1.457428E-4	3.3538092975504696E-4
237.398327296	2.0401472E-4	3.7476266152225435E-4
237.400293376	4.791843E-4	4.130136512685567E-4
237.402259456	5.757496E-4	4.490678256843239E-4
237.40424192	5.6010677E-4	4.822601331397891E-4
237.406208	6.262075E-4	5.124645540490746E-4
237.408190464	5.865356E-4	5.403835093602538E-4
237.410156544	5.295339E-4	5.674472777172923E-4
237.412122624	5.6439516E-4	5.955836386419833E-4
237.414105088	6.282876E-4	6.267429562285542E-4
237.416071168	6.4448506E-4	6.622732034884393E-4
237.418053632	6.817807E-4	7.022998761385679E-4
237.420019712	8.3722844E-4	7.452885038219392E-4
237.421985792	0.0010384084	7.879699696786702E-4
237.423968256	0.0010859563	8.256835280917585E-4
237.425934336	0.0010199421	8.531279163435102E-4
237.4279168	0.0010903715	8.652773103676736E-4
237.42988288	9.878371E-4	8.58381565194577E-4
237.43184896	8.7119994E-4	8.307158132083714E-4
237.433831424	9.018612E-4	7.829761598259211E-4
237.435797504	8.2337734E-4	7.182976696640253E-4
237.437779968	8.205664E-4	6.417694385163486E-4
237.439746048	8.2515046E-4	5.596760893240571E-4
237.441712128	6.954037E-4	4.785691271536052E-4
237.443694592	5.289807E-4	4.043661756440997E-4
237.445660672	4.8861105E-4	3.416512918192893E-4
237.447643136	4.369742E-4	2.9329280368983746E-4
237.449609216	3.7003992E-4	2.6036915369331837E-4
237.451575296	1.4833851E-4	2.4246393877547234E-4
237.45355776	1.0702662E-4	2.379101060796529E-4
237.45552384	2.8366086E-4	2.4421943817287683E-4
237.457506304	3.0910547E-4	2.5847312645055354E-4
237.459472384	1.7550234E-4	2.7758462238125503E-4
237.461438464	8.5669766E-5	2.985548344440758E-4
237.463420928	1.8381853E-4	3.1859733280725777E-4
237.465387008	1.5769062E-4	3.3539123251102865E-4
237.467369472	1.7699455E-4	3.472378884907812E-4
237.469335552	2.3886097E-4	3.5312824184075E-4
237.471301632	2.0562492E-4	3.52706789271906E-4
237.473284096	3.0185407E-4	3.46219923812896E-4
237.475250176	4.3332882E-4	3.347475139889866E-4
237.47723264	5.055116E-4	3.1926704104989767E-4
237.47919872	3.368201E-4	3.010396903846413E-4
237.4811648	2.9543505E-4	2.812311868183315E-4
237.483147264	3.0957427E-4	2.6079913368448615E-4
237.485113344	2.585237E-4	2.404551050858572E-4
237.487095808	2.750009E-4	2.2069175611250103E-4
237.489061888	3.3451538E-4	2.0184896129649132E-4
237.491027968	2.5779687E-4	1.8418632680550218E-4
237.493010432	1.8187043E-4	1.6793434042483568E-4
237.494976512	-1.9717272E-5	1.5331144095398486E-4
237.496958976	1.2331876E-4	1.4050593017600477E-4
237.498925056	1.4206332E-4	1.2963761400897056E-4
237.500891136	3.279579E-5	1.2071539094904438E-4
237.5028736	5.099849E-5	1.1360856296960264E-4
237.50483968	-1.1059465E-5	1.0804327757796273E-4
237.506822144	1.892663E-4	1.0362561442889273E-4
237.508788224	1.9115659E-4	9.985078941099346E-5
237.510754304	9.623836E-5	9.631019202060997E-5
237.512736768	5.8737256E-5	9.254859469365329E-5
237.514702848	-4.129464E-6	8.819498179946095E-5
237.516685312	8.343151E-5	8.304444054374471E-5
237.518651392	7.77413E-5	7.703269511694089E-5
237.520617472	5.692211E-5	7.023026410024613E-5
237.522599936	1.7512166E-4	6.281853711698204E-5
237.524566016	9.548812E-6	5.5054453696357086E-5
237.52654848	7.5281154E-5	4.722993980976753E-5
237.52851456	5.8005993E-5	3.963304698118009E-5
237.53048064	-4.9574715E-5	3.251571979490109E-5
237.532463104	-8.703146E-5	2.6087727746926248E-5
237.534429184	9.400074E-5	2.0455325284274295E-5
237.536411648	1.4667383E-4	1.5675826944061555E-5
237.538377728	1.4395903E-4	1.1794521924457513E-5
237.540343808	-6.061318E-6	8.743329999560956E-6
237.542326272	-8.764197E-5	6.455300081142923E-6
237.544292352	-6.0889644E-5	4.862043169850949E-6
237.546274816	-3.176806E-5	3.9049837141647E-6
237.548240896	-6.91067E-5	3.5498119359544944E-6
237.550206976	2.1585749E-5	3.7972999962221365E-6
237.55218944	-3.0150966E-5	4.6902687245165E-6
237.55415552	6.94402E-6	6.3160805439110845E-6
237.556137984	-1.528668E-5	8.804528988548554E-6
237.558104064	-1.18239994E-4	1.231990427186247E-5
237.560070144	2.5966516E-5	1.704735404928215E-5
237.562052608	3.97147E-5	2.3172173314378597E-5
237.564018688	4.716045E-5	3.0853650969220325E-5
237.566001152	-4.1246945E-5	4.0193979657487944E-5
237.567967232	6.9151305E-5	5.119712295709178E-5
237.569933312	1.1100762E-4	6.377777754096314E-5
237.571915776	6.622189E-5	7.767241913825274E-5
237.573881856	6.217279E-5	9.24822234082967E-5
237.57586432	9.1163114E-5	1.0766369814518839E-4
237.5778304	8.189151E-5	1.2255515321157873E-4
237.57979648	2.0266873E-4	1.3642030535265803E-4
237.581778944	1.9045694E-4	1.4850677689537406E-4
237.583745024	1.0471013E-4	1.5811165212653577E-4
237.585727488	1.3740409E-4	1.6468171088490635E-4
237.587693568	1.14976974E-4	1.6776344273239374E-4
237.589659648	1.4827675E-4	1.6718459664843976E-4
237.591642112	1.4520787E-4	1.6299511480610818E-4
237.593608192	1.4157228E-4	1.55484231072478E-4
237.595590656	1.8218947E-4	1.4515577640850097E-4
237.597556736	9.3169474E-5	1.326841302216053E-4
237.599522816	5.7308956E-5	1.188563765026629E-4
237.60150528	3.5616707E-5	1.045071185217239E-4
237.60347136	5.9625214E-5	9.045519982464612E-5
237.605453824	3.8193328E-5	7.744781032670289E-5
237.607419904	7.220448E-6	6.611757999053225E-5
237.609385984	5.922335E-5	5.6954097090056166E-5
237.611368448	7.865516E-5	5.02899092680309E-5
237.613334528	2.9065724E-5	4.629748218576424E-5
237.615316992	-1.2742976E-5	4.5005006541032344E-5
237.617283072	3.2546195E-5	4.627259841072373E-5
237.619265536	-4.5990142E-5	4.984748738934286E-5
237.621231616	-9.793649E-5	5.5353320931317285E-5
237.623197696	-6.579599E-6	6.23138839728199E-5
237.62518016	1.6123477E-4	7.017676398390904E-5
237.62714624	1.7877897E-4	7.834260031813756E-5
237.629128704	7.075941E-5	8.62034285091795E-5
237.631094784	4.8644688E-5	9.318462980445474E-5
237.633060864	1.2900431E-4	9.879095887299627E-5
237.635043328	9.92364E-5	1.0264768934575841E-4
237.637009408	6.872464E-5	1.0453446884639561E-4
237.638991872	8.191403E-5	1.0446319356560707E-4
237.640957952	8.437325E-5	1.0252463107462972E-4
237.642924032	1.1835878E-4	9.905640035867691E-5
237.644906496	1.781211E-4	9.45157662499696E-5
237.646872576	1.3039827E-4	8.951848576543853E-5
237.64885504	8.870943E-5	8.469892054563388E-5
237.65082112	7.810609E-5	8.075137884588912E-5
237.6527872	5.9680453E-5	7.837294833734632E-5
237.654769664	-1.5891653E-6	7.823390478733927E-5
237.656735744	-3.5036508E-5	8.094593795249239E-5
237.658718208	-7.923105E-5	8.704520587343723E-5
237.660684288	-2.5143565E-5	9.684737597126514E-5
237.662650368	1.10256566E-4	1.1047092993976548E-4
237.664632832	1.0214172E-4	1.276801631320268E-4
237.666598912	1.2042876E-4	1.4781381469219923E-4
237.668581376	1.4502073E-4	1.697434636298567E-4
237.670547456	2.1605562E-4	1.9195294589735568E-4
237.672513536	3.1490534E-4	2.1252639999147505E-4
237.674496	2.5802953E-4	2.2959060152061284E-4
237.67646208	2.943305E-4	2.4139333982020617E-4
237.678444544	4.0139645E-4	2.4677562760189176E-4
237.680410624	4.2143374E-4	2.453509659972042E-4
237.682376704	1.9914187E-4	2.3767388483975083E-4
237.684359168	3.8021557E-5	2.2524681116919965E-4
237.686325248	1.3616799E-4	2.103741280734539E-4
237.688307712	5.4704455E-5	1.9588407303672284E-4
237.690273792	1.209712E-4	1.8474602256901562E-4
237.692239872	1.7768641E-4	1.7975486116483808E-4
237.694222336	9.8805605E-5	1.8301107047591358E-4
237.696188416	1.5871374E-4	1.957166678039357E-4
237.69817088	3.9506573E-4	2.1792648476548493E-4
237.70013696	3.5252547E-4	2.4845602456480265E-4
237.70210304	2.3401158E-4	2.849361044354737E-4
237.704085504	3.8417146E-4	3.240235091652721E-4
237.706051584	3.7080134E-4	3.6175944842398167E-4
237.708034048	3.6164504E-4	3.940440947189927E-4
237.710000128	3.542983E-4	4.1716446867212653E-4
237.711966208	4.0479025E-4	4.282967420294881E-4
237.713948672	3.4975776E-4	4.258886619936675E-4
237.715914752	2.943336E-4	4.0985693340189755E-4
237.717897216	2.368077E-4	3.815720556303859E-4
237.719863296	3.4338838E-4	3.4356562537141144E-4
237.721829376	3.5367187E-4	2.991255314555019E-4
237.72381184	3.474047E-4	2.519440313335508E-4
237.72577792	3.36721E-4	2.053224015980959E-4
237.727760384	2.3902919E-4	1.620399852981791E-4
237.729726464	2.1429059E-4	1.240504061570391E-4
237.731692544	1.5372231E-4	9.243247041013092E-5
237.733675008	3.305592E-5	6.748801388312131E-5
237.735641088	1.4229068E-4	4.8929192416835576E-5
237.737623552	1.0329708E-4	3.6094075767323375E-5
237.739589632	6.300411E-5	2.8138911147834733E-5
237.741555712	8.25957E-5	2.425563616270665E-5
237.743538176	-5.059463E-5	2.3521735784015618E-5
237.745504256	-8.022335E-5	2.5217372240149416E-5
237.74748672	4.0605046E-5	2.8669481253018603E-5
237.7494528	8.14578E-5	3.3291380532318726E-5
237.75141888	-3.260363E-5	3.8601956475758925E-5
237.753401344	6.859094E-5	4.426795203471556E-5
237.755367424	1.5315514E-4	5.014191992813721E-5
237.757349888	9.34895E-5	5.638321454171091E-5
237.759315968	4.7241185E-5	6.342060805764049E-5
237.761282048	1.5923832E-5	7.187609298853204E-5
237.763264512	2.7875902E-5	8.255016291514039E-5
237.765230592	1.2298704E-4	9.618228068575263E-5
237.767213056	8.851909E-5	1.1328379332553595E-4
237.769179136	2.3366722E-4	1.338077854597941E-4
237.771145216	2.6057215E-4	1.5706259000580758E-4
237.77312768	2.0500693E-4	1.817238808143884E-4
237.77509376	1.2841217E-4	2.057004312518984E-4
237.777076224	1.7778536E-4	2.2670425823889673E-4
237.779042304	2.7061868E-4	2.424546837573871E-4
237.781008384	2.828636E-4	2.51146120717749E-4
237.782990848	3.184283E-4	2.5177266797982156E-4
237.784956928	2.639362E-4	2.4440858396701515E-4
237.786939392	2.2400667E-4	2.302313077962026E-4
237.788905472	3.0211665E-4	2.1138155716471374E-4
237.790871552	3.2590682E-4	1.9065105880144984E-4
237.792854016	2.5679232E-4	1.7106079030781984E-4
237.794820096	2.5932773E-4	1.5540730964858085E-4
237.79680256	2.5153466E-4	1.4585298777092248E-4
237.79876864	3.2045107E-4	1.4362343063112348E-4
237.80073472	3.6733245E-4	1.4884422125760466E-4
237.802717184	3.041488E-4	1.605768920853734E-4
237.804683264	2.4298877E-4	1.769266527844593E-4
237.806665728	1.8530143E-4	1.9537053594831377E-4
237.808631808	1.6390266E-4	2.131112414645031E-4
237.810597888	1.9894047E-4	2.2747294860891998E-4
237.812580352	2.3541054E-4	2.362639643251896E-4
237.814546432	2.847232E-4	2.3805188538972288E-4
237.816528896	2.3712545E-4	2.3231090744957328E-4
237.818494976	2.2597816E-4	2.194227563450113E-4
237.820461056	2.63311E-4	2.0054152992088348E-4
237.82244352	2.0696376E-4	1.7735610890667886E-4
237.8244096	1.464098E-4	1.5176093438640237E-4
237.826392064	1.4079934E-4	1.257561525562778E-4
237.828358144	2.1220227E-4	1.0089486750075594E-4
237.830324224	2.3785526E-4	7.839763566153124E-5
237.832306688	2.4556005E-4	5.9011468692915514E-5
237.834272768	2.2062026E-4	4.303819150663912E-5
237.836255232	1.4190878E-4	3.0416624213103205E-5
237.838221312	1.05774925E-4	2.0831899746553972E-5
237.840187392	1.4449914E-4	1.3825874702888541E-5
237.842169856	1.7591305E-4	8.890978278941475E-6
237.844135936	1.1261974E-4	5.538739969779272E-6
237.8461184	6.972785E-5	3.34163564730261E-6
237.84808448	1.1892683E-4	1.95185816664889E-6
237.85005056	2.2844372E-4	1.103351451092749E-6
237.852033024	2.5612526E-4	6.033646400283033E-7
237.853999104	2.092686E-4	3.1905298669698823E-7
237.855981568	1.07114225E-4	1.7744555691479036E-7
237.857947648	1.05101E-4	1.557436206667262E-7
237.859913728	1.3416553E-4	2.119605255757051E-7
237.861896192	1.4745359E-5	3.697481076869735E-7
237.863862272	-1.0570142E-5	6.76787635711662E-7
237.865844736	4.9891263E-5	1.2460003517844598E-6
237.867810816	6.646828E-5	2.208367732237093E-6
237.869776896	1.0064788E-4	3.767923317354871E-6
237.87175936	8.97652E-5	6.188817224028753E-6
237.87372544	1.3478993E-5	9.785539987205993E-6
237.875707904	1.3388997E-4	1.489435089752078E-5
237.877673984	3.1127364E-4	2.182309799536597E-5
237.879640064	2.4781495E-4	3.077946894336492E-5
237.881622528	2.1458884E-4	4.178869494353421E-5
237.883588608	2.3604449E-5	5.461484397528693E-5
237.885571072	2.7077991E-5	6.871149525977671E-5
237.887537152	6.622707E-5	8.322094799950719E-5
237.889503232	4.4212466E-5	9.703769319457933E-5
237.891485696	6.1812774E-5	1.0893790022237226E-4
237.893451776	9.629645E-5	1.177525264210999E-4
237.89543424	6.409603E-5	1.2255573528818786E-4
237.89740032	1.9613382E-5	1.2282293755561113E-4
237.8993664	6.9721624E-5	1.1852456373162568E-4
237.901348864	1.3200766E-4	1.1013131734216586E-4
237.903314944	1.0569652E-4	9.853012306848541E-5
237.905297408	1.4174743E-4	8.487122249789536E-5
237.907263488	8.243534E-5	7.03816840541549E-5
237.909229568	1.0959475E-5	5.618814248009585E-5
237.911212032	8.227894E-5	4.3181531509617344E-5
237.913178112	4.7292117E-5	3.194536839146167E-5
237.915160576	3.549063E-5	2.2749371055397205E-5
237.917126656	3.851807E-5	1.5594892829540186E-5
237.919092736	1.11250636E-4	1.0290863428963348E-5
237.9210752	1.1110459E-4	6.537045464938274E-6
237.92304128	1.1941042E-4	3.9974138417164795E-6
237.925023744	1.3852872E-4	2.3531597435066942E-6
237.926989824	1.6552933E-4	1.4998952337919036E-6
237.928972288	6.304492E-6	1.0805779311340302E-6
237.930938368	2.2163313E-4	1.1034354656658252E-6
237.932904448	1.251303E-4	1.6119975043693557E-6
237.934886912	-1.21126104E-4	2.7805369882116793E-6
237.936852992	-8.403147E-5	4.941076440445613E-6
237.938835456	3.3389973E-5	8.593111488153227E-6
237.940801536	1.3355685E-4	1.4515195289277472E-5
237.942767616	-9.296995E-6	2.360122380196117E-5
237.94475008	-9.735666E-5	3.6937370168743655E-5
237.94671616	3.6137666E-5	5.564038656302728E-5
237.948698624	4.5132496E-5	8.066594455158338E-5
237.950664704	2.4799458E-4	1.1255278513999656E-4
237.952630784	3.2096836E-4	1.5114257985260338E-4
237.954613248	3.828438E-4	1.953460741788149E-4
237.956579328	4.953825E-4	2.430258464301005E-4
237.958561792	4.272768E-4	2.910651091951877E-4
237.960527872	3.555964E-4	3.356572415214032E-4
237.962493952	4.7870775E-4	3.727799921762198E-4
237.964476416	4.904784E-4	3.9882236160337925E-4
237.966442496	5.37476E-4	4.110402660444379E-4
237.96842496	5.2638276E-4	4.083319508936256E-4
237.97039104	6.0549757E-4	3.90891102142632E-4
237.97235712	4.8197267E-4	3.608002152759582E-4
237.974339584	3.8342763E-4	3.2139671384356916E-4
237.976305664	4.5758518E-4	2.768757112789899E-4
237.978288128	4.9760606E-4	2.3173926456365734E-4
237.980254208	3.7648532E-4	1.9028724636882544E-4
237.982220288	2.8972267E-4	1.5623641957063228E-4
237.984202752	2.6919277E-4	1.3251452764961869E-4
237.986168832	2.2343815E-4	1.212032584589906E-4
237.988151296	2.839933E-4	1.2356489605735987E-4
237.990117376	2.3250825E-4	1.4007638674229383E-4
237.992083456	1.7244487E-4	1.7040209786500782E-4
237.99406592	1.2418955E-4	2.133023808710277E-4
237.996032	1.8266514E-4	2.6651634834706783E-4
237.998014464	3.343528E-4	3.2670286600477993E-4
237.999980544	4.2321792E-4	3.895317786373198E-4
238.001946624	4.2342782E-4	4.499718197621405E-4
238.003929088	5.428129E-4	5.027827573940158E-4
238.005895168	6.299464E-4	5.431342287920415E-4
238.007877632	6.675723E-4	5.672426195815206E-4
238.009843712	6.2586955E-4	5.728399846702814E-4
238.011809792	5.175317E-4	5.598563002422452E-4
238.013792256	5.533088E-4	5.295834271237254E-4
238.015758336	6.1965565E-4	4.8527473700232804E-4
238.0177408	5.778394E-4	4.312414675951004E-4
238.01970688	4.1531425E-4	3.723152622114867E-4
238.02167296	3.2258782E-4	3.132625133730471E-4
238.023655424	2.8369887E-4	2.583205350674689E-4
238.025621504	2.6837896E-4	2.1092095994390547E-4
238.027603968	2.7111507E-4	1.7360440688207746E-4
238.029570048	1.9201661E-4	1.4806627586949617E-4
238.031536128	1.10629095E-4	1.3525875692721456E-4
238.033518592	6.452886E-5	1.3546328409574926E-4
238.035484672	1.7905545E-4	1.4828925486654043E-4
238.037467136	2.3896464E-4	1.7259662854485214E-4
238.039433216	2.6125586E-4	2.0639129797928035E-4
238.041399296	3.2200388E-4	2.4676998145878315E-4
238.04338176	3.4654487E-4	2.9000284848734736E-4
238.04534784	3.4538706E-4	3.3179024467244744E-4
238.047330304	NaN	3.6769959842786193E-4
238.049296384	NaN	3.937128640245646E-4
238.051262464	NaN	4.067311529070139E-4
238.053244928	NaN	4.052452277392149E-4
238.055211008	NaN	3.8916541961953044E-4
238.057193472	NaN	3.601123171392828E-4
238.059159552	NaN	3.210111171938479E-4
238.061125632	NaN	2.755987225100398E-4
238.063108096	NaN	2.2780678409617394E-4
238.065074176	NaN	1.8130813259631395E-4
238.06705664	NaN	1.3889798719901592E-4
238.06902272	NaN	1.0241610289085656E-4
238.0709888	NaN	7.268038461916149E-5
238.072971264	NaN	4.964170511811972E-5
238.074937344	NaN	3.263395410613157E-5
238.076919808	NaN	2.0649302314268425E-5
238.078885888	NaN	1.2577037523442414E-5
238.080851968	NaN	7.3740575317060575E-6
