220.033335296	-2.2771086E-4	1.4317953400677652E-6
220.0313856	-2.7967658E-4	6.380337254086044E-7
220.029435904	-1.6534438E-4	2.7043472528021084E-7
220.027469824	4.5677304E-4	0.0
220.025520128	1.0080968E-4	0.0
220.023570432	4.5729597E-4	0.0
220.021604352	1.46469765E-5	0.0
220.019654656	2.2399735E-4	0.0
220.01770496	1.4083444E-4	0.0
220.01573888	3.4534867E-4	0.0
220.013789184	2.717651E-4	0.0
220.011839488	8.7907836E-5	0.0
220.009889792	4.065291E-4	0.0
220.007923712	-6.6618835E-5	0.0
220.005974016	-4.5895827E-4	0.0
220.00402432	1.9124972E-4	0.0
220.00205824	6.0555275E-4	0.0
220.000108544	3.6413554E-4	0.0
219.998158848	5.461716E-4	0.0
219.996192768	7.8505436E-5	0.0
219.994243072	1.1445286E-4	0.0
219.992293376	-3.0604185E-4	0.0
219.99034368	-1.4743434E-4	0.0
219.9883776	3.6126404E-4	0.0
219.986427904	7.3536E-4	0.0
219.984478208	8.309626E-4	0.0
219.982512128	4.4426258E-4	0.0
219.980562432	3.6215183E-4	0.0
219.978612736	1.390435E-4	0.0
219.976646656	8.954417E-5	0.0
219.97469696	-6.0412967E-5	2.4237187777609304E-12
219.972747264	-1.5628005E-4	7.33084513232507E-12
219.970797568	1.9425324E-4	2.0282896889822766E-11
219.968831488	-1.2465932E-4	5.133454772376922E-11
219.966881792	6.674982E-5	1.18848653141157E-10
219.964932096	3.2779487E-4	2.516998554025207E-10
219.962966016	-1.3731413E-4	4.876151704635845E-10
219.96101632	-3.0116847E-4	8.641199977788006E-10
219.959066624	1.3936737E-4	1.4007969229012929E-9
219.957100544	-5.3066545E-4	2.0772108477729034E-9
219.955150848	1.0998926E-4	2.8176705413329728E-9
219.953201152	3.8487204E-5	3.4962632788904102E-9
219.951251456	-4.8505393E-4	3.968462891634772E-9
219.949285376	-7.67708E-4	4.1204506473491165E-9
219.94733568	-6.600385E-4	3.913553037193651E-9
219.945385984	-4.1581638E-4	3.4001805815364605E-9
219.943419904	-1.2234056E-4	2.7023252524571717E-9
219.941470208	2.2376895E-4	1.9646055893218772E-9
219.939520512	-3.568604E-4	1.3065278858803708E-9
219.937554432	-8.509441E-5	7.948154356895998E-10
219.935604736	-3.6784488E-4	4.4230111240217695E-10
219.93365504	9.912119E-5	2.2515109221465934E-10
219.931705344	1.3073169E-4	1.0484182966230549E-10
219.929739264	-7.143777E-4	4.465797523445225E-11
219.927789568	-3.292269E-4	1.74007405706611E-11
219.925839872	1.2250322E-4	6.202133858573822E-12
219.923873792	2.0666614E-4	2.02217322747833E-12
219.921924096	5.284232E-4	0.0
219.9199744	-4.4341832E-5	0.0
219.91800832	-1.5249422E-4	0.0
219.916058624	-3.0040432E-4	0.0
219.914108928	5.689925E-4	0.0
219.912159232	-3.413236E-4	0.0
219.910193152	-2.7734338E-4	0.0
219.908243456	-6.0272956E-4	0.0
219.90629376	-9.0354745E-4	0.0
219.90432768	-1.0934359E-5	0.0
219.902377984	6.045837E-4	0.0
219.900428288	3.3028127E-4	0.0
219.898462208	-6.104372E-4	0.0
219.896512512	2.2187603E-4	0.0
219.894562816	1.7141884E-4	0.0
219.892596736	5.728717E-4	0.0
219.89064704	2.62684E-4	0.0
219.888697344	7.2442024E-4	0.0
219.886747648	5.0813804E-4	0.0
219.884781568	2.731055E-4	0.0
219.882831872	-3.73939E-4	0.0
219.880882176	-2.9795052E-4	0.0
219.878916096	-9.5670046E-5	0.0
219.8769664	9.251359E-6	0.0
219.875016704	1.2447972E-4	0.0
219.873050624	2.4516654E-4	0.0
219.871100928	-4.3952306E-5	0.0
219.869151232	-1.3469944E-4	0.0
219.867201536	5.9998792E-6	0.0
219.865235456	4.253211E-4	0.0
219.86328576	-8.499709E-5	0.0
219.861336064	-2.7924444E-4	0.0
219.859369984	5.1103445E-4	0.0
219.857420288	8.4959465E-4	0.0
219.855470592	3.0256045E-4	0.0
219.853504512	5.080768E-4	0.0
219.851554816	2.3627661E-4	0.0
219.84960512	1.226825E-4	0.0
219.847655424	-3.7466915E-4	0.0
219.845689344	7.6217875E-5	0.0
219.843739648	-3.0509595E-5	0.0
219.841789952	-9.016407E-5	0.0
219.839823872	-8.114547E-6	0.0
219.837874176	1.7366612E-4	0.0
219.83592448	3.183594E-4	0.0
219.8339584	4.2407127E-4	0.0
219.832008704	-1.6497418E-4	0.0
219.830059008	-3.1596114E-4	0.0
219.828109312	2.1311299E-4	0.0
219.826143232	-1.2958159E-4	0.0
219.824193536	-4.438281E-5	0.0
219.82224384	-3.2971398E-4	1.0374421322012495E-7
219.82027776	5.474897E-4	2.9937658041490067E-7
219.818328064	6.724761E-5	8.0497324006501E-7
219.816378368	-1.8480902E-4	2.016735152210458E-6
219.814412288	3.9470108E-4	4.707650987256784E-6
219.812462592	3.3784128E-4	1.0238094546366483E-5
219.810512896	3.599283E-4	2.0741921616718173E-5
219.8085632	4.1299762E-4	3.9141068555181846E-5
219.80659712	3.5815832E-4	6.878588465042412E-5
219.804647424	5.0423766E-4	1.1256070138188079E-4
219.802697728	3.6926457E-4	1.7150268831755966E-4
219.800731648	4.189781E-4	2.4332880275323987E-4
219.798781952	-2.3561795E-6	3.2157974783331156E-4
219.796832256	-3.4922216E-4	3.960704489145428E-4
219.794866176	1.98067E-4	4.5488696196116507E-4
219.79291648	5.867151E-4	4.8743432853370905E-4
219.790966784	4.701396E-4	4.874719015788287E-4
219.789017088	6.0040336E-5	4.549926961772144E-4
219.787051008	2.4749787E-4	3.96224349969998E-4
219.785101312	3.9260095E-4	3.217553021386266E-4
219.783151616	-1.3999442E-6	2.435002534184605E-4
219.781185536	-4.4161285E-4	1.7165092867799103E-4
219.77923584	-3.427341E-4	1.1267631634837016E-4
219.777286144	-2.791143E-4	6.886758637847379E-5
219.775320064	-2.459485E-4	3.9193844713736326E-5
219.773370368	3.1381013E-4	2.0773206415469758E-5
219.771420672	4.5476208E-4	1.0471831046743318E-5
219.769454592	6.905697E-4	5.246357432042714E-6
219.767504896	6.4349436E-4	3.2542122880840907E-6
219.7655552	4.968483E-4	3.5361740629014093E-6
219.763605504	4.3089554E-4	6.043912435416132E-6
219.761639424	3.217648E-4	1.15983475552639E-5
219.759689728	3.3773138E-4	2.201837742177304E-5
219.757740032	3.1015376E-4	4.004202855867334E-5
219.755773952	1.0749681E-4	6.92899338901043E-5
219.753824256	7.5590104E-4	1.1426561104599386E-4
219.75187456	5.1910436E-4	1.7969883629120886E-4
219.74990848	6.1117444E-4	2.697226300369948E-4
219.747958784	7.1937224E-4	3.867713385261595E-4
219.746009088	4.2769156E-4	5.304098012857139E-4
219.744059392	5.899552E-4	6.963605992496014E-4
219.742093312	2.4647597E-4	8.759609772823751E-4
219.740143616	5.377243E-4	0.0010562485549598932
219.73819392	0.0013859126	0.0012208496918901801
219.73622784	9.7404403E-4	0.0013520995853468776
219.734278144	9.853662E-4	0.001433085068129003
219.732328448	0.0017688893	0.0014519174583256245
219.730362368	0.0014928117	0.001404309761710465
219.728412672	0.001442667	0.0012955052079632878
219.726462976	8.363161E-4	0.0011400948278605938
219.72451328	7.1435963E-4	9.597483440302312E-4
219.7225472	5.3375383E-4	7.793684490025043E-4
219.720597504	5.988386E-4	6.226866971701384E-4
219.718647808	5.045804E-4	5.08349621668458E-4
219.716681728	0.0011631005	4.473721201065928E-4
219.714732032	0.0012380605	4.422424244694412E-4
219.712782336	0.0012312959	4.874719597864896E-4
219.710816256	0.0011153842	5.710660479962826E-4
219.70886656	0.0010810617	6.765126017853618E-4
219.706916864	0.0011108402	7.850713445805013E-4
219.704967168	9.899946E-4	8.782838121987879E-4
219.703001088	8.22163E-4	9.409752674400806E-4
219.701051392	5.18638E-4	9.623106452636421E-4
219.699101696	0.0010512675	9.386544697917998E-4
219.697135616	0.0010327111	8.73945071361959E-4
219.69518592	5.656442E-4	7.779567968100309E-4
219.693236224	0.0011176582	6.65130210109055E-4
219.691270144	6.8779784E-4	5.521096172742546E-4
219.689320448	4.814142E-4	4.549766890704632E-4
219.687370752	3.535783E-4	3.8706359919160604E-4
219.685421056	3.6197487E-4	3.574285947252065E-4
219.683454976	2.4520402E-4	3.700094239320606E-4
219.68150528	8.5662707E-4	4.233075014781207E-4
219.679555584	3.8652268E-4	5.106246098875999E-4
219.677589504	7.139333E-4	6.203176453709602E-4
219.675639808	5.4047495E-4	7.37471622414887E-4
219.673690112	9.4577E-4	8.457025978714228E-4
219.671724032	8.3512586E-4	9.298332734033465E-4
219.669774336	0.0010615989	9.786465670913458E-4
219.66782464	7.58644E-4	9.8709249868989E-4
219.665874944	0.0010320261	9.572789422236383E-4
219.663908864	0.0011722081	8.97694902960211E-4
219.661959168	9.823205E-4	8.21339781396091E-4
219.660009472	4.6219147E-4	7.41327297873795E-4
219.658043392	8.058607E-4	6.679826765321195E-4
219.656093696	7.937544E-4	6.060964660719037E-4
219.654144	5.40725E-4	5.544968880712986E-4
219.65217792	5.7182094E-4	5.077634123153985E-4
219.650228224	2.492767E-4	4.5928297913633287E-4
219.648278528	4.2665815E-5	4.0431838715448976E-4
219.646328832	6.0642936E-4	3.41887294780463E-4
219.644362752	5.712412E-4	2.7487199986353517E-4
219.642413056	3.8953597E-4	2.0859172218479216E-4
219.64046336	-1.11345935E-5	1.486747059971094E-4
219.63849728	3.2646867E-4	9.920991578837857E-5
219.636547584	1.4420187E-4	6.185638630995527E-5
219.634597888	1.1882262E-4	3.5992728953715414E-5
219.632631808	1.6658877E-4	1.9353516108822078E-5
219.630682112	5.31897E-4	9.813492397370283E-6
219.628732416	2.518639E-4	4.635234745364869E-6
219.626766336	6.5004785E-4	2.0396198578964686E-6
219.62481664	6.692035E-4	8.361353138752747E-7
219.622866944	6.410564E-4	3.1934982303027937E-7
219.620917248	6.977127E-4	1.1363943031028612E-7
219.618951168	8.2638167E-4	0.0
219.617001472	8.717669E-4	0.0
219.615051776	2.6479896E-5	0.0
219.613085696	2.4403173E-4	0.0
219.611136	-1.11066205E-4	1.879118087799725E-7
219.609186304	3.637551E-4	3.475998369140143E-7
219.607220224	4.722253E-4	6.28073848929489E-7
219.605270528	1.6064483E-4	1.1085191999882227E-6
219.603320832	-3.471388E-4	1.9110602806904353E-6
219.601371136	-1.9752274E-4	3.218097845092416E-6
219.599405056	-2.8800935E-4	5.293120011629071E-6
219.59745536	-1.9975442E-4	8.503512617608067E-6
219.595505664	-7.30261E-5	1.3342790225578938E-5
219.593539584	-8.3152605E-5	2.0447421775315888E-5
219.591589888	6.5406767E-4	3.060202288907021E-5
219.589640192	5.3315023E-5	4.472546424949542E-5
219.587674112	3.467289E-4	6.382979336194694E-5
219.585724416	4.3730467E-4	8.894586062524468E-5
219.58377472	-3.110634E-5	1.2101279571652412E-4
219.581825024	1.5580359E-4	1.6073793813120574E-4
219.579858944	-7.223052E-5	2.084370789816603E-4
219.577909248	1.7297694E-4	2.6387794059701264E-4
219.575959552	8.775192E-4	3.2615617965348065E-4
219.573993472	5.025268E-4	3.9362924871966243E-4
219.572043776	3.3381168E-4	4.6393409138545394E-4
219.57009408	6.856698E-4	5.341547075659037E-4
219.568128	5.369159E-4	6.008962518535554E-4
219.566178304	3.92868E-4	6.607431569136679E-4
219.564228608	5.9440156E-4	7.105536060407758E-4
219.562278912	7.145068E-4	7.477481849491596E-4
219.560312832	6.0422305E-4	7.707764161750674E-4
219.558363136	5.9426326E-4	7.793062250129879E-4
219.55641344	8.421527E-4	7.743323803879321E-4
219.55444736	7.3686434E-4	7.580288220196962E-4
219.552497664	9.549049E-4	7.333243847824633E-4
219.550547968	9.1271085E-4	7.032518624328077E-4
219.548581888	8.6830655E-4	6.702596438117325E-4
219.546632192	4.4078083E-4	6.360099068842828E-4
219.544682496	8.2727993E-4	6.005900213494897E-4
219.5427328	4.209765E-4	5.639040609821677E-4
219.54076672	4.8022816E-4	5.258984747342765E-4
219.538817024	-9.628053E-5	4.8736907774582505E-4
219.536867328	5.080511E-5	4.502669908106327E-4
219.534901248	2.730962E-4	4.175061476416886E-4
219.532951552	-2.1421157E-4	3.9239792386069894E-4
219.531001856	9.650138E-5	3.7797019467689097E-4
219.529035776	8.1722747E-4	3.764934081118554E-4
219.52708608	4.866168E-4	3.889200743287802E-4
219.525136384	9.55526E-5	4.149079613853246E-4
219.523186688	3.7932448E-4	4.526627599261701E-4
219.521220608	5.837349E-4	4.98253561090678E-4
219.519270912	8.25713E-4	5.463932757265866E-4
219.517321216	6.335867E-4	5.906543810851872E-4
219.515355136	4.6343083E-4	6.247027777135372E-4
219.51340544	0.0011323901	6.438953569158912E-4
219.511455744	9.339606E-4	6.464936304837465E-4
219.509489664	3.2810793E-5	6.347350426949561E-4
219.507539968	1.7307077E-4	6.14616263192147E-4
219.505590272	3.1562458E-4	5.94377750530839E-4
219.503624192	0.0010160572	5.831595044583082E-4
219.501674496	0.0011088179	5.876105860807002E-4
219.4997248	1.7106587E-4	6.107443477958441E-4
219.497775104	5.582609E-4	6.507706129923463E-4
219.495809024	7.876824E-4	7.01425364241004E-4
219.493859328	5.6408724E-4	7.534084725193679E-4
219.491909632	8.1511826E-4	7.96453095972538E-4
219.489943552	0.0013085523	8.215973502956331E-4
219.487993856	6.8044435E-4	8.22643400169909E-4
219.48604416	4.2701868E-4	7.972418679855764E-4
219.48407808	4.9172255E-4	7.468534749932587E-4
219.482128384	4.0097377E-4	6.760534597560763E-4
219.480178688	9.181139E-4	5.913759814575315E-4
219.478228992	4.5349338E-4	5.000288365408778E-4
219.476262912	6.549905E-5	4.086585540790111E-4
219.474313216	1.5197236E-4	3.2302411273121834E-4
219.47236352	1.11830486E-4	2.467817976139486E-4
219.47039744	3.8845517E-4	1.8211500719189644E-4
219.468447744	-5.901592E-7	1.2969860108569264E-4
219.466498048	-1.3557954E-4	8.917655941331759E-5
219.464531968	-4.960284E-4	5.9179339586989954E-5
219.462582272	2.818872E-4	3.816765092778951E-5
219.460632576	5.0599752E-5	2.4540389858884737E-5
219.45868288	8.039369E-5	1.696413164609112E-5
219.4567168	1.476636E-4	1.4782799553358927E-5
219.454767104	-1.8552111E-5	1.7909755115397274E-5
219.452817408	1.3362228E-4	2.7139956728206016E-5
219.450851328	5.2653375E-4	4.3951535189989954E-5
219.448901632	1.282851E-4	7.048980478430167E-5
219.446951936	7.82917E-5	1.0863429633900523E-4
219.444985856	5.399409E-6	1.596433576196432E-4
219.44303616	3.793615E-4	2.2317178081721067E-4
219.441086464	5.8067456E-4	2.968722546938807E-4
219.439136768	6.683912E-4	3.7544683436863124E-4
219.437170688	8.426451E-4	4.5177622814662755E-4
219.435220992	6.0823705E-4	5.174886900931597E-4
219.433271296	9.591007E-4	5.648736259900033E-4
219.431305216	7.3489087E-4	5.88552444241941E-4
219.42935552	0.0010463967	5.869845044799149E-4
219.427405824	0.0010504056	5.631933454424143E-4
219.425439744	5.868357E-4	5.24488918017596E-4
219.423490048	8.7419717E-4	4.8117994447238743E-4
219.421540352	6.3758466E-4	4.445150261744857E-4
219.419590656	2.8844416E-4	4.2431976180523634E-4
219.417624576	3.3665617E-4	4.268692573532462E-4
219.41567488	7.500889E-4	4.5351474545896053E-4
219.413725184	7.429163E-4	5.004107370041311E-4
219.411759104	5.642102E-4	5.593778332695365E-4
219.409809408	7.653314E-4	6.19690865278244E-4
219.407859712	0.0011450659	6.703256512992084E-4
219.405893632	9.024416E-4	7.021385245025158E-4
219.403943936	9.729169E-4	7.094810134731233E-4
219.40199424	0.0010209455	6.909404182806611E-4
219.400044544	2.7354487E-4	6.491135573014617E-4
219.398078464	2.3851155E-4	5.895651411265135E-4
219.396128768	3.0234392E-4	5.193223478272557E-4
219.394179072	6.571096E-4	4.452521388884634E-4
219.392212992	6.569415E-4	3.732506593223661E-4
219.390263296	4.8175926E-4	3.0699142371304333E-4
219.3883136	1.5716797E-4	2.484697906766087E-4
219.38634752	-1.0348105E-4	1.9821552268695086E-4
219.384397824	8.675579E-5	1.5585777873639017E-4
219.382448128	-1.6824242E-4	1.2062341556884348E-4
219.380482048	4.6022196E-4	9.166290692519397E-5
219.378532352	7.235867E-4	6.819549162173644E-5
219.376582656	4.4671987E-4	4.9529175157658756E-5
219.37463296	3.7125178E-4	3.502559775370173E-5
219.37266688	6.6550514E-5	2.406594285275787E-5
219.370717184	2.6559626E-4	1.6039932233979926E-5
219.368767488	-7.236207E-5	1.0280995411449112E-5
219.366801408	-2.5797327E-4	6.445419785450213E-6
219.364851712	-4.244537E-4	3.904826371581294E-6
219.362902016	3.6283938E-4	2.2861229354020907E-6
219.360935936	5.1115017E-4	1.2934466440128745E-6
219.35898624	3.6965223E-4	7.07216941009392E-7
219.357036544	3.0858867E-4	3.7369093774941575E-7
219.355086848	3.3867388E-4	1.908256876959058E-7
219.353120768	1.3306744E-4	9.417225754759784E-8
219.351171072	-5.9065566E-4	4.4912660257523385E-8
219.349221376	-8.731585E-5	0.0
219.347255296	-1.9557464E-4	0.0
219.3453056	4.258161E-4	0.0
219.343355904	3.8028527E-5	0.0
219.341389824	1.0103054E-5	0.0
219.339440128	-5.608361E-4	0.0
219.337490432	1.9514172E-4	0.0
219.335540736	2.4576258E-4	0.0
219.333574656	4.4944353E-4	0.0
219.33162496	8.127253E-6	0.0
219.329675264	-2.6621012E-4	0.0
219.327709184	2.4042961E-4	6.18398772189721E-8
219.325759488	7.335011E-4	1.1545924394340545E-7
219.323809792	3.642522E-4	2.1044877485110192E-7
219.321843712	3.543527E-4	3.744736716271291E-7
219.319894016	2.2109838E-4	6.505082410512841E-7
219.31794432	3.4513153E-6	1.1031636404368328E-6
219.315994624	-7.6351855E-5	1.8263389165440458E-6
219.314028544	-5.9453472E-5	2.9517173061321955E-6
219.312078848	6.720058E-5	4.657130830310052E-6
219.310129152	4.9274234E-4	7.173128324211575E-6
219.308163072	6.6261744E-4	1.078552031685831E-5
219.306213376	1.8931001E-4	1.583110133651644E-5
219.30426368	4.593947E-4	2.2683656425215304E-5
219.3022976	1.8091135E-4	3.1727919122204185E-5
219.300347904	3.959558E-4	4.332029493525624E-5
219.298398208	3.2706937E-4	5.773746670456603E-5
219.296448512	-1.4710931E-4	7.511729199904948E-5
219.294482432	1.8637728E-4	9.539770690025762E-5
219.292532736	1.4631527E-4	1.1826499394373968E-4
219.29058304	2.9922888E-4	1.4312102575786412E-4
219.28861696	4.7398318E-4	1.6907999815884978E-4
219.286667264	4.5826957E-5	1.9500208145473152E-4
219.284717568	-8.9195026E-5	2.1956533601041883E-4
219.282751488	1.2901665E-4	2.413716574665159E-4
219.280801792	7.487683E-4	2.5907575036399066E-4
219.278852096	2.379495E-4	2.7152025722898543E-4
219.2769024	3.544463E-4	2.7785953716374934E-4
219.27493632	7.641788E-5	2.776530454866588E-4
219.272986624	-3.9122235E-5	2.709153341129422E-4
219.271036928	6.263657E-4	2.581140724942088E-4
219.269070848	4.894238E-4	2.4011748610064387E-4
219.267121152	5.431666E-5	2.1809851750731468E-4
219.265171456	-6.196455E-5	1.9340972357895225E-4
219.263205376	2.6769057E-4	1.6744805907364935E-4
219.26125568	2.4311368E-4	1.4152693620417267E-4
219.259305984	4.360645E-5	1.1677200382109731E-4
219.257356288	-2.3067759E-4	9.405169839737937E-5
219.255390208	-3.1077064E-4	7.394592830678448E-5
219.253440512	4.1073986E-4	5.6751741794869304E-5
219.251490816	2.6902376E-4	4.2516538087511435E-5
219.249524736	2.3055656E-5	3.109238969045691E-5
219.24757504	-6.7118955E-5	2.21958525798982E-5
219.245625344	-4.063214E-5	1.546736530144699E-5
219.243659264	2.6314432E-4	1.0655347068677656E-5
219.241709568	2.8794055E-4	7.307536179723684E-6
219.239759872	6.268995E-5	5.2602990763261914E-6
219.237793792	-1.9537813E-4	4.5606016101373825E-6
219.235844096	3.188791E-4	5.442470410343958E-6
219.2338944	1.139709E-4	8.407489985984284E-6
219.231944704	6.3213083E-4	1.4619525245507248E-5
219.229978624	1.4740807E-5	2.5801709853112698E-5
219.228028928	-5.7919783E-4	4.4346055801725015E-5
219.226079232	1.314807E-4	7.322813326027244E-5
219.224113152	7.9796516E-4	1.1570764036150649E-4
219.222163456	8.264804E-4	1.7473743355367333E-4
219.22021376	8.278483E-4	2.523039875086397E-4
219.21824768	6.387041E-4	3.4828425850719213E-4
219.216297984	5.952493E-4	4.598420637194067E-4
219.214348288	8.53112E-4	5.809779977425933E-4
219.212398592	6.444073E-4	7.027531391941011E-4
219.210432512	7.625195E-4	8.142289007082582E-4
219.208482816	-2.7307475E-5	9.039980359375477E-4
219.20653312	3.8639345E-4	9.62018093559891E-4
219.20456704	5.710014E-4	9.8136265296489E-4
219.202617344	0.0010978914	9.599204058758914E-4
219.200667648	4.2900495E-4	8.998243720270693E-4
219.198701568	9.822213E-4	8.085492299869657E-4
219.196751872	0.0014312103	6.972256232984364E-4
219.194802176	0.0010038657	5.789018468931317E-4
219.19285248	3.884773E-4	4.673130752053112E-4
219.1908864	7.8601256E-4	3.7526636151596904E-4
219.188936704	-6.0692597E-5	3.138537285849452E-4
219.186987008	1.8020983E-4	2.9209096101112664E-4
219.185020928	5.680032E-4	3.167390823364258E-4
219.183071232	4.0825928E-4	3.9188165101222694E-4
219.181121536	0.0010481827	5.179823492653668E-4
219.179155456	6.210518E-4	6.905563059262931E-4
219.17720576	4.6834705E-4	8.990020724013448E-4
219.175256064	1.8214069E-4	0.0011263435008004308
219.173306368	9.586092E-4	0.0013504901435226202
219.171340288	0.0011663985	0.0015470711514353752
219.169390592	0.0016569359	0.0016931837890297174
219.167440896	0.0010362101	0.0017713289707899094
219.165474816	8.2305126E-4	0.0017720942851155996
219.16352512	6.5139757E-4	0.0016964991809800267
219.161575424	5.6100875E-4	0.0015549303498119116
219.159609344	0.0010287104	0.001365996664389968
219.157659648	8.623568E-4	0.0011532254284247756
219.155709952	4.624313E-4	9.412578074261546E-4
219.153760256	1.9954455E-4	7.520791259594262E-4
219.151794176	5.542101E-4	6.020794971846044E-4
219.14984448	8.400896E-4	5.00402704346925E-4
219.147894784	0.0010286929	4.486803663894534E-4
219.145928704	5.230215E-4	4.418519092723727E-4
219.143979008	3.569611E-4	4.697013064287603E-4
219.142029312	4.9656915E-4	5.187528440728784E-4
219.140063232	3.9002026E-4	5.743091460317373E-4
219.138113536	7.7773404E-4	6.224574754014611E-4
219.13616384	2.3639722E-4	6.518956506624818E-4
219.134214144	1.989634E-4	6.553499260917306E-4
219.132248064	6.3970714E-4	6.303493864834309E-4
219.130298368	7.6272833E-4	5.79007959458977E-4
219.128348672	5.32514E-4	5.078478716313839E-4
219.126382592	7.7677827E-4	4.2492267675697803E-4
219.124432896	-1.4055886E-4	3.390623605810106E-4
219.1224832	4.4469704E-4	2.5804873439483345E-4
219.12051712	-5.7249743E-4	1.8725902191363275E-4
219.118567424	2.832695E-4	1.2955826241523027E-4
219.116617728	9.574388E-4	8.545296441297978E-5
219.114651648	7.529476E-4	5.387521377997473E-5
219.112701952	7.204392E-5	3.2551648473599926E-5
219.110752256	-2.5465264E-4	1.91970138985198E-5
219.10880256	-2.335272E-4	1.1758173968701158E-5
219.10683648	2.0284306E-4	8.786695616436191E-6
219.104886784	1.3649494E-4	9.583446626493242E-6
219.102937088	-1.5077337E-4	1.4171691873343661E-5
219.100971008	-9.270784E-6	2.3455482732970268E-5
219.099021312	4.3169298E-4	3.863180609187111E-5
219.097071616	2.6935904E-4	6.123031198512763E-5
219.095105536	-3.6501623E-4	9.250421135220677E-5
219.09315584	1.9241015E-4	1.3302847219165415E-4
219.091206144	3.777154E-4	1.8183777865488082E-4
219.089256448	0.0010488519	2.3627153132110834E-4
219.087290368	6.288952E-4	2.9186662868596613E-4
219.085340672	4.8535243E-5	3.428278723731637E-4
219.083390976	4.2776886E-4	3.8297203718684614E-4
219.081424896	1.7470664E-4	4.0693642222322524E-4
219.0794752	8.829465E-4	4.11338172852993E-4
219.077525504	5.564967E-4	3.9554189424961805E-4
219.075559424	8.2864036E-4	3.6180790630169213E-4
219.073609728	8.665694E-4	3.147707902826369E-4
219.071660032	9.365334E-4	2.604140609037131E-4
219.069710336	4.7774526E-4	2.0483820117078722E-4
219.067744256	3.627807E-4	1.5316750796046108E-4
219.06579456	2.6303722E-4	1.0886520612984896E-4
219.063844864	9.049236E-4	7.354585250141099E-5
219.061878784	4.437024E-4	4.722555968328379E-5
219.059929088	1.7037622E-4	2.8824071705457754E-5
219.057979392	3.8288563E-4	1.6723044609534554E-5
219.056013312	2.7858952E-5	9.223148481396493E-6
219.054063616	1.5830559E-4	4.835803792957449E-6
219.05211392	-7.587781E-5	2.5174952043016674E-6
219.050164224	-1.2098512E-5	1.3992447520649876E-6
219.048198144	-3.5678403E-4	1.1009781246684724E-6
219.046248448	-2.0277027E-4	1.4922981108611566E-6
219.044298752	4.234764E-4	2.712530204007635E-6
219.042332672	-1.6538885E-4	5.141738256497774E-6
219.040382976	-3.394668E-4	9.582562597643118E-6
219.03843328	1.9622462E-4	1.6977222912828438E-5
219.0364672	1.8433815E-4	2.8592137823579833E-5
219.034517504	9.724238E-6	4.577271829475649E-5
219.032567808	1.4864567E-4	6.965156353544444E-5
219.030618112	8.816465E-5	1.0074227611767128E-4
219.028652032	5.7808525E-4	1.3850252435076982E-4
219.026702336	-1.10042914E-4	1.8100537999998778E-4
219.02475264	7.877901E-5	2.2488228569272906E-4
219.02278656	4.296152E-4	2.656484430190176E-4
219.020836864	4.2110315E-4	2.984074817504734E-4
219.018887168	4.2909436E-4	3.188002738170326E-4
219.016921088	6.23123E-5	3.2394539448432624E-4
219.014971392	3.304198E-4	3.1309694168157876E-4
219.013021696	2.8960707E-5	2.8781878063455224E-4
219.011072	-4.7528202E-4	2.5162132806144655E-4
219.00910592	3.2959106E-5	2.091720380121842E-4
219.007156224	5.279894E-4	1.653200451983139E-4
219.005206528	4.7940627E-4	1.2421159772202373E-4
219.003240448	-9.3339644E-5	8.893609629012644E-5
219.001290752	3.8924656E-4	6.083674088586122E-5
218.999341056	3.89356E-4	4.042299769935198E-5
218.997374976	5.149083E-4	2.7537374990060925E-5
218.99542528	3.3398886E-4	2.205926830356475E-5
218.993475584	2.6108028E-4	2.4454053345834836E-5
218.991525888	-1.1670094E-4	3.606333848438226E-5
218.989559808	3.2109773E-4	5.895070353290066E-5
218.987610112	4.7855377E-5	9.517970465822145E-5
218.985660416	3.4248043E-4	1.4556894893758E-4
218.983694336	-9.371427E-5	2.0827449043281376E-4
218.98174464	1.9014704E-4	2.7783476980403066E-4
218.979794944	3.537845E-5	3.4531476558186114E-4
218.977828864	9.2862705E-5	4.0005569462664425E-4
218.975879168	2.243175E-4	4.321144660934806E-4
218.973929472	4.8513344E-4	4.3529859976843E-4
218.971963392	8.680297E-4	4.089778522029519E-4
218.970013696	9.3080435E-4	3.5828055115416646E-4
218.968064	9.312487E-5	2.9251741943880916E-4
218.966114304	1.4801517E-4	2.224603231297806E-4
218.964148224	2.758769E-4	1.5751656610518694E-4
218.962198528	4.131564E-4	1.0381169704487547E-4
218.960248832	4.7739368E-4	6.367470632540062E-5
218.958282752	-1.1048157E-4	3.635045140981674E-5
218.956333056	-4.8997736E-4	1.931627957674209E-5
218.95438336	-2.153401E-4	9.555966244079173E-6
218.95241728	-2.4988714E-5	4.4016828724124935E-6
218.950467584	1.0338106E-4	1.8879761682910612E-6
218.948517888	9.804319E-5	7.541106583630608E-7
218.946568192	-1.0308045E-5	2.8051368872183957E-7
218.944602112	2.0346868E-4	9.717412297050032E-8
218.942652416	4.2897748E-4	0.0
218.94070272	4.8012246E-4	0.0
218.93873664	2.6535924E-4	9.694641533997128E-8
218.936786944	1.5708555E-4	2.3205646471069485E-7
218.934837248	-1.8652009E-4	5.280562049847504E-7
218.932871168	-4.4543965E-4	1.142328983405605E-6
218.930921472	2.5161175E-4	2.3491959382226923E-6
218.928971776	-1.7873842E-4	4.592621280608E-6
218.92702208	-2.7685676E-4	8.535072083759587E-6
218.925056	-5.477992E-4	1.5078184333106037E-5
218.923106304	-2.697936E-4	2.5320314307464287E-5
218.921156608	-1.768668E-5	4.1047769627766684E-5
218.919190528	1.2108574E-4	6.358581595122814E-5
218.917240832	-1.2260971E-4	9.570103429723531E-5
218.915291136	-1.4531186E-4	1.4206212654244155E-4
218.913325056	-3.2444572E-4	2.1126576757524163E-4
218.91137536	1.5697496E-4	3.1702511478215456E-4
218.909425664	2.7731602E-4	4.755262634716928E-4
218.907475968	7.435205E-4	6.958858575671911E-4
218.905509888	9.399504E-4	9.664145763963461E-4
218.903560192	0.0012080934	0.001248274347744882
218.901610496	0.0014800996	0.001486635417677462
218.899644416	0.0014768684	0.0016324238386005163
218.89769472	0.0014342003	0.001657172804698348
218.895745024	0.0014787762	0.001555239548906684
218.893778944	0.0013132774	0.0013420491013675928
218.891829248	7.552659E-4	0.0010543018579483032
218.889879552	5.485032E-4	7.462778594344854E-4
218.887929856	5.8663456E-4	4.725852923002094E-4
218.885963776	4.6484574E-4	2.6827992405742407E-4
218.88401408	7.672335E-5	1.393529528286308E-4
218.882064384	7.714902E-4	7.209914474515244E-5
218.880098304	4.9271114E-4	4.707157495431602E-5
218.878148608	4.2704708E-4	5.0744714826578274E-5
218.876198912	-7.491226E-5	7.755263504805043E-5
218.874232832	6.4074696E-4	1.287132763536647E-4
218.872283136	5.2472606E-4	2.0944072457496077E-4
218.87033344	1.4958422E-4	3.2686744816601276E-4
218.868383744	8.948107E-5	4.860362969338894E-4
218.866417664	5.1723846E-4	6.883073947392404E-4
218.864467968	6.189808E-4	9.287339053116739E-4
218.862518272	0.0010015123	0.0011947243474423885
218.860552192	0.0011169164	0.0014667203649878502
218.858602496	0.0011157192	0.0017204741016030312
218.8566528	0.0011579405	0.0019307233160361648
218.85468672	0.0010873774	0.0020752784330397844
218.852737024	5.156517E-4	0.0021385878790169954
218.850787328	9.659178E-4	0.0021141052711755037
218.848821248	9.779445E-4	0.00200515310280025
218.846871552	0.0011724656	0.0018242629012092948
218.844921856	0.0010298494	0.0015911225927993655
218.84297216	6.4146967E-4	0.0013294332893565297
218.84100608	6.5935316E-4	0.0010632035555317998
218.839056384	2.8431002E-4	8.132329676300287E-4
218.837106688	6.43198E-4	5.945312441326678E-4
218.835140608	3.0376116E-4	4.15216782130301E-4
218.833190912	5.260371E-4	2.769172715488821E-4
218.831241216	8.447527E-4	1.763121399562806E-4
218.829275136	3.6855793E-4	1.0714403470046818E-4
218.82732544	8.032588E-4	6.213233427843079E-5
218.825375744	4.7479972E-4	3.4373762900941074E-5
218.823426048	4.2085542E-4	1.813804374251049E-5
218.821459968	2.5312562E-4	9.126033546635881E-6
218.819510272	2.2640226E-4	4.3770460251835175E-6
218.817560576	1.8918023E-5	1.8256450857734308E-6
218.815594496	2.2613055E-4	8.057326112975716E-7
218.8136448	1.4587662E-4	3.380408486464148E-7
218.811695104	-3.2488554E-4	0.0
218.809729024	4.5075297E-4	0.0
218.807779328	1.5702106E-4	0.0
218.805829632	-1.517792E-4	0.0
218.803879936	-1.3555626E-4	0.0
218.801913856	4.910548E-4	0.0
218.79996416	6.2819506E-4	0.0
218.798014464	-1.8532334E-4	0.0
218.796048384	-3.6557548E-4	0.0
218.794098688	-7.148154E-4	0.0
218.792148992	-3.6932918E-4	0.0
218.790182912	-5.472957E-5	0.0
218.788233216	-1.4265037E-4	0.0
218.78628352	2.480406E-4	4.864235403356787E-11
218.784333824	1.2153254E-4	1.5562846844563438E-10
218.782367744	-1.655908E-5	4.550389509638819E-10
218.780418048	6.745769E-7	1.2158787310312391E-9
218.778468352	2.0774149E-5	2.9690117031577756E-9
218.776502272	-2.8043685E-5	6.625488602196583E-9
218.774552576	1.0167674E-4	1.3511529672882716E-8
218.77260288	2.0455693E-4	2.518110342464297E-8
218.7706368	-1.7393792E-4	4.2887126738833103E-8
218.768687104	2.0161395E-4	6.6751368876794E-8
218.766737408	3.0262518E-4	9.494598174342173E-8
218.764787712	-8.537833E-6	1.2341689625827712E-7
218.762821632	-1.1270766E-4	1.4660729164006625E-7
218.760871936	-3.7558348E-4	1.5915451001546899E-7
218.75892224	-3.0405837E-4	1.5789377982855513E-7
218.75695616	-6.222552E-4	1.431507286042688E-7
218.755006464	-5.6346244E-4	1.1860556980991532E-7
218.753056768	-6.4043555E-4	8.980441634776071E-8
218.751090688	-5.7155587E-4	6.214039416363448E-8
218.749140992	-8.7452127E-4	3.929458713969325E-8
218.747191296	-7.1562495E-4	2.270758514555382E-8
218.7452416	-3.1600584E-4	1.199206778323969E-8
218.74327552	1.5385154E-4	5.7876121672961744E-9
218.741325824	-3.0224997E-4	2.552627442753419E-9
218.739376128	-5.5939815E-4	1.028852891771237E-9
218.737410048	-7.805053E-4	3.789708824530891E-10
218.735460352	-3.7248567E-4	1.2756777578726286E-10
218.733510656	-1.1059053E-4	3.924214772577095E-11
218.731544576	-4.180973E-7	0.0
218.72959488	2.2692031E-4	0.0
218.727645184	5.5142894E-4	0.0
218.725679104	5.4142374E-4	0.0
218.723729408	6.685644E-4	0.0
218.721779712	-1.3728479E-4	0.0
218.719830016	-4.8151873E-5	0.0
218.717863936	2.1458401E-4	0.0
218.71591424	3.4301607E-5	0.0
218.713964544	5.946968E-4	0.0
218.711998464	3.2909337E-4	1.9500357950619218E-7
218.710048768	2.2101829E-4	4.795699055648583E-7
218.708099072	4.3162057E-4	1.121083300859027E-6
218.706132992	3.3989927E-4	2.491111899871612E-6
218.704183296	-3.531875E-4	5.26155008628848E-6
218.7022336	2.2011327E-4	1.0622360605339054E-5
218.700283904	7.690356E-5	2.0276778741390444E-5
218.698317824	9.392837E-5	3.679021028801799E-5
218.696368128	2.2986073E-4	6.344430585158989E-5
218.694418432	4.7831243E-4	1.0398132144473493E-4
218.692452352	3.3283286E-4	1.6195759235415608E-4
218.690502656	2.7004635E-4	2.3973878705874085E-4
218.68855296	6.555103E-4	3.3730053110048175E-4
218.68658688	0.0012634326	4.5118515845388174E-4
218.684637184	0.001282228	5.740441847592592E-4
218.682687488	7.6858216E-4	6.95133931003511E-4
218.680737792	8.240359E-4	8.018374210223556E-4
218.678771712	0.0010193199	8.819335489533842E-4
218.676822016	0.0010109964	9.260393562726676E-4
218.67487232	0.001100679	9.295506752096117E-4
218.67290624	0.001311134	8.935603545978665E-4
218.670956544	0.0011838394	8.244950440712273E-4
218.669006848	5.442489E-4	7.325935293920338E-4
218.667040768	6.168264E-4	6.296357605606318E-4
218.665091072	5.3727656E-4	5.265891086310148E-4
218.663141376	7.3927833E-4	4.317709826864302E-4
218.66119168	6.4974494E-4	3.49978799931705E-4
218.6592256	3.4922297E-4	2.8263224521651864E-4
218.657275904	6.639935E-4	2.286447852384299E-4
218.655326208	6.2754756E-4	1.8560272292234004E-4
218.653360128	2.9322162E-4	1.5081507444847375E-4
218.651410432	-1.5569704E-4	1.220682097482495E-4
218.649460736	1.4163282E-4	9.774120553629473E-5
218.647494656	3.4186366E-4	7.699322304688394E-5
218.64554496	1.570646E-4	5.944879740127362E-5
218.643595264	9.543083E-5	4.4998763769399375E-5
218.641645568	1.9800577E-4	3.362545612617396E-5
218.639679488	1.4883776E-4	2.5187942810589448E-5
218.637729792	2.5129324E-4	1.996622268052306E-5
218.635780096	1.8704504E-4	1.7681781173450872E-5
218.633814016	-1.4957207E-5	1.836852425185498E-5
218.63186432	2.7581915E-4	2.2103176888776943E-5
218.629914624	7.4646116E-4	2.899812170653604E-5
218.627948544	-1.9180698E-4	3.914888293365948E-5
218.625998848	-1.9648967E-4	5.2546238293871284E-5
218.624049152	4.8822323E-5	6.903639587108046E-5
218.622099456	8.751725E-4	8.808146958472207E-5
218.620133376	4.7724886E-4	1.0881550406338647E-4
218.61818368	2.4196699E-4	1.3009500980842859E-4
218.616233984	2.2912335E-4	1.5050893125589937E-4
218.614267904	-5.9379432E-5	1.6881363990250975E-4
218.612318208	-3.8015348E-4	1.8363670096732676E-4
218.610368512	-1.8499156E-4	1.943710376508534E-4
218.608402432	9.831839E-5	2.0098366076126695E-4
218.606452736	1.209329E-5	2.044202119577676E-4
218.60450304	-1.8997749E-5	2.0655493426602334E-4
218.602553344	2.4673302E-4	2.1011719945818186E-4
218.600587264	1.5409973E-4	2.1842500427737832E-4
218.598637568	7.619459E-5	2.349496353417635E-4
218.596687872	3.4469907E-4	2.6273788535036147E-4
218.594721792	-2.0258331E-4	3.0375440837815404E-4
218.592772096	-5.0133787E-4	3.5825654049403965E-4
218.5908224	3.434781E-4	4.243459552526474E-4
218.58885632	5.557887E-4	4.978555953130126E-4
218.586906624	3.709661E-4	5.726829986087978E-4
218.584956928	5.683299E-4	6.415886455215514E-4
218.582990848	2.9788289E-4	6.973296403884888E-4
218.581041152	5.1917165E-4	7.338967407122254E-4
218.579091456	6.24199E-4	7.47544807381928E-4
218.57714176	7.5081416E-4	7.373635307885706E-4
218.57517568	3.1618663E-4	7.052511791698635E-4
218.573225984	2.1420357E-4	6.553275161422789E-4
218.571276288	4.8588176E-4	5.929858307354152E-4
218.569310208	3.0274276E-4	5.238522426225245E-4
218.567360512	1.7678489E-4	4.5292923459783196E-4
218.565410816	4.893947E-4	3.840487916022539E-4
218.563444736	4.2147777E-4	3.198906488250941E-4
218.56149504	8.5123006E-4	2.61861365288496E-4
218.559545344	9.1185626E-5	2.1060631843283772E-4
218.557595648	2.78947E-4	1.6624089039396495E-4
218.555629568	3.4054235E-4	1.2866103497799486E-4
218.553679872	2.5862438E-4	9.742875408846885E-5
218.551730176	1.8572745E-4	7.214515790110454E-5
218.549764096	4.029009E-4	5.2300809329608455E-5
218.5478144	2.1356002E-4	3.7342200812418014E-5
218.545864704	3.6474742E-4	2.6714327759691514E-5
218.543898624	2.3415669E-4	1.9872915800078772E-5
218.541948928	-1.4379497E-4	1.6542122466489673E-5
218.539999232	-1.2229632E-4	1.640018126636278E-5
218.538049536	2.2567001E-4	1.9359807993168943E-5
218.536083456	8.602227E-6	2.5576131520210765E-5
218.53413376	3.166387E-5	3.5124528949381784E-5
218.532184064	-7.574644E-4	4.8191213863901794E-5
218.530217984	-4.7265197E-4	6.470497464761138E-5
218.528268288	-2.2451083E-4	8.435765630565584E-5
218.526318592	2.1058584E-4	1.0645875590853393E-4
218.524352512	-6.385141E-5	1.2989577953703701E-4
218.522402816	-2.1850473E-4	1.5315636119339615E-4
218.52045312	2.432287E-4	1.745409972500056E-4
218.518503424	6.348437E-5	1.9221277034375817E-4
218.516537344	-2.027273E-5	2.0460305677261204E-4
218.514587648	-2.6184967E-4	2.1050336363259703E-4
218.512637952	8.707221E-5	2.093927760142833E-4
218.510671872	-1.5947146E-4	2.014729252550751E-4
218.508722176	1.3091236E-4	1.8768936570268124E-4
218.50677248	1.1515647E-4	1.6963529924396425E-4
218.5048064	1.0319689E-4	1.4937875675968826E-4
218.502856704	2.0322793E-4	1.2924056500196457E-4
218.500907008	1.58856E-4	1.116055718739517E-4
218.498957312	-2.2042815E-4	9.852782386587933E-5
218.496991232	-3.4521444E-4	9.16910357773304E-5
218.495041536	-3.7200208E-4	9.207707626046613E-5
218.49309184	-4.654149E-4	9.980418690247461E-5
218.49112576	-1.919071E-4	1.1418818030506372E-4
218.489176064	-1.7530534E-4	1.3336326810531318E-4
218.487226368	-6.3144875E-4	1.5503517352044582E-4
218.485260288	-7.161395E-4	1.7662749451119453E-4
218.483310592	-5.326962E-4	1.96153370779939E-4
218.481360896	-1.8721369E-4	2.128063642885536E-4
218.4794112	-1.176134E-4	2.2754973906558007E-4
218.47744512	-3.442638E-4	2.433434419799596E-4
218.475495424	-4.0182745E-4	2.648954396136105E-4
218.473545728	-1.3991508E-4	2.9789007385261357E-4
218.471579648	-8.343533E-4	3.477702266536653E-4
218.469629952	-6.7315757E-4	4.182464035693556E-4
218.467680256	-6.54228E-4	5.100510898046196E-4
218.465714176	-5.276391E-4	6.197763723321259E-4
218.46376448	-6.942865E-4	7.399264140985906E-4
218.461814784	-7.621082E-4	8.596776751801372E-4
218.459848704	-2.0353978E-4	9.665670804679394E-4
218.457899008	4.663135E-4	0.0010487743420526385
218.455949312	4.5738654E-4	0.0010970362927764654
218.453999616	5.5737543E-4	0.001106591196730733
218.452033536	4.9043825E-4	0.0010776730487123132
218.45008384	5.5736984E-4	0.0010151757160201669
218.448134144	7.0554466E-4	9.273815085180104E-4
218.446168064	6.866153E-4	8.241970790550113E-4
218.444218368	2.2923209E-4	7.153644692152739E-4
218.442268672	3.8281614E-5	6.092371768318117E-4
218.440302592	3.7477684E-4	5.119271227158606E-4
218.438352896	2.0729292E-4	4.2753166053444147E-4
218.4364032	4.4612755E-4	3.581014752853662E-4
218.434453504	6.1531184E-4	3.046513593290001E-4
218.432487424	5.369832E-4	2.669949899427593E-4
218.430537728	4.1837926E-4	2.444128622300923E-4
218.428588032	-2.697895E-5	2.3552036145702004E-4
218.426621952	1.4430664E-4	2.3837824119254947E-4
218.424672256	2.756655E-4	2.506170712877065E-4
218.42272256	9.540302E-6	2.696652663871646E-4
218.42075648	-1.6640259E-4	2.9306355281732976E-4
218.418806784	-3.2240496E-4	3.187328402418643E-4
218.416857088	2.4219959E-4	3.455527184996754E-4
218.414907392	8.6438196E-4	3.729171003215015E-4
218.412941312	5.453714E-4	4.010781995020807E-4
218.410991616	6.338624E-4	4.308118368498981E-4
218.40904192	6.233857E-4	4.627439775504172E-4
218.40707584	7.764046E-4	4.970343434251845E-4
218.405126144	4.5281096E-4	5.329094710759819E-4
218.403176448	6.56313E-5	5.684691714122891E-4
218.401210368	6.804476E-4	6.007374613545835E-4
218.399260672	7.423682E-4	6.262455717660487E-4
218.397310976	0.0011959429	6.412605289369822E-4
218.39536128	7.0796424E-4	6.427228217944503E-4
218.3933952	2.2493054E-4	6.287309224717319E-4
218.391445504	-9.36089E-6	5.989218479953706E-4
218.389495808	3.6169607E-5	5.545823951251805E-4
218.387529728	2.4975796E-4	4.98477544169873E-4
218.385580032	2.4098491E-4	4.34441288234666E-4
218.383630336	5.2272977E-4	3.6681577330455184E-4
218.381664256	4.827644E-4	2.9985076980665326E-4
218.37971456	1.4716767E-4	2.3718414013274014E-4
218.377764864	2.2234216E-4	1.81481649633497E-4
218.375815168	-2.5548198E-4	1.3429026876110584E-4
218.373849088	-8.271721E-5	9.608563414076343E-5
218.371899392	1.6680287E-5	6.64268372929655E-5
218.369949696	-4.1359308E-4	4.4577860535355285E-5
218.367983616	-2.4912244E-4	2.9081720640533604E-5
218.36603392	4.2560097E-4	1.8764201740850694E-5
218.364084224	2.0372921E-4	1.262438490812201E-5
218.362118144	5.2091695E-4	1.0070947610074654E-5
218.360168448	6.928044E-4	1.1072015695390292E-5
218.358218752	4.744167E-4	1.627069286769256E-5
218.356269056	3.1511365E-5	2.7043812224292196E-5
218.354302976	5.3839824E-5	4.5447774027707055E-5
218.35235328	1.8632117E-4	7.506531255785376E-5
218.350403584	1.3581776E-5	1.1771068238886073E-4
218.348437504	-1.7952819E-4	1.762048341333866E-4
218.346487808	-1.6110732E-4	2.5218119844794273E-4
218.344538112	-8.133629E-5	3.4564078669063747E-4
218.342572032	7.8647E-5	4.5528847840614617E-4
218.340622336	3.4739525E-4	5.790614522993565E-4
218.33867264	-1.125675E-4	7.152094040066004E-4
218.336722944	3.007956E-4	8.633779943920672E-4
218.334756864	6.848628E-4	0.0010250157210975885
218.332807168	7.523783E-4	0.0012025277828797698
218.330857472	3.5986683E-4	0.0013970708241686225
218.328891392	8.19468E-4	0.0016055897576734424
218.326941696	2.8828258E-4	0.0018183389911428094
218.324992	-1.7605389E-4	0.0020182710140943527
218.32302592	-6.208631E-4	0.002182978903874755
218.321076224	-5.963232E-4	0.0022889242973178625
218.319126528	-4.515205E-4	0.0023166353348642588
218.317160448	1.8904761E-4	0.002255372703075409
218.315210752	1.6152959E-4	0.0021060218568891287
218.313261056	6.5178676E-5	0.0018815279472619295
218.31131136	-4.6644294E-5	0.0016047490062192082
218.30934528	2.190943E-5	0.0013041435740888119
218.307395584	-8.989305E-5	0.0010083051165565848
218.305445888	-5.0872266E-5	7.408280507661402E-4
218.303479808	1.5850931E-4	5.168862990103662E-4
218.301530112	-7.38601E-5	3.423612506594509E-4
218.299580416	-1.2503405E-5	2.1526448836084455E-4
218.297614336	3.7925394E-4	1.2842027354054153E-4
218.29566464	1.7957839E-4	7.281775469891727E-5
218.293714944	3.7484855E-4	3.921689494745806E-5
218.291765248	6.4238074E-4	2.0064786440343596E-5
218.289799168	1.7052663E-4	9.754226084623951E-6
218.287849472	-1.3072153E-4	4.506051482167095E-6
218.285899776	-1.7937079E-4	1.9781957689701812E-6
218.283933696	-3.2741617E-4	8.253487067122478E-7
218.281984	9.831327E-5	0.0
218.280034304	2.3376786E-4	0.0
218.278068224	3.4486206E-4	0.0
218.276118528	2.3994742E-4	0.0
218.274168832	4.5574934E-6	0.0
218.272219136	-1.2205884E-4	0.0
218.270253056	6.3575833E-4	0.0
218.26830336	1.2974728E-4	0.0
218.266353664	1.2360544E-4	0.0
218.264387584	2.7468262E-5	0.0
218.262437888	-1.0722799E-4	0.0
218.260488192	-4.6900408E-5	0.0
218.258522112	-2.1809891E-4	0.0
218.256572416	6.8570786E-5	0.0
218.25462272	-2.2590792E-5	0.0
218.252673024	-1.30098115E-5	0.0
218.250706944	4.0597218E-4	0.0
218.248757248	-9.9725024E-5	7.685647257504868E-11
218.246807552	-1.6006331E-4	2.513467489695387E-10
218.244841472	-4.23495E-5	7.508527133381904E-10
218.242891776	-2.9394336E-5	2.0489223651054544E-9
218.24094208	1.9643463E-4	5.107229750223041E-9
218.238976	-1.362487E-4	1.1628785046013945E-8
218.237026304	-3.8823596E-4	2.4186475044984945E-8
218.235076608	-3.306956E-4	4.5951487948059366E-8
218.233126912	-5.1179127E-4	7.974722393555567E-8
218.231160832	-4.1228713E-4	1.2642129831874627E-7
218.229211136	-2.3191578E-4	1.8306863580619392E-7
218.22726144	-8.003824E-4	2.4215688654294354E-7
218.22529536	-0.0013992918	2.925964111000212E-7
218.223345664	-0.0013267902	3.22946789310663E-7
218.221395968	-0.001258857	3.2559893270445173E-7
218.219429888	-0.0010371326	2.9986443905727356E-7
218.217480192	-0.0016113908	2.522645843328064E-7
218.215530496	-0.0013193147	1.9385551297546044E-7
218.2135808	-0.001084387	1.360779151582392E-7
218.21161472	-7.378896E-4	8.725453426450258E-8
218.209665024	-0.0010112919	5.110636536187485E-8
218.207715328	-0.0012014948	2.7343469710672252E-8
218.205749248	-0.0010925167	1.3363418815970363E-8
218.203799552	-0.0012170061	5.965882010627865E-9
218.201849856	-0.0011766594	2.432857248990672E-9
218.199883776	-8.849592E-4	9.06258901256507E-10
218.19793408	-6.760214E-4	3.0837390974092216E-10
218.195984384	5.6125755E-5	9.58488149960246E-11
218.194018304	-4.3632527E-4	0.0
218.192068608	-2.046739E-4	0.0
218.190118912	3.402873E-5	0.0
218.188169216	5.061825E-4	0.0
218.186203136	1.7141186E-4	0.0
218.18425344	-1.432832E-4	0.0
218.182303744	-7.7350465E-5	0.0
218.180337664	-2.8520793E-4	0.0
218.178387968	1.547966E-4	0.0
218.176438272	1.3358549E-4	0.0
218.174472192	-3.231556E-4	0.0
218.172522496	-4.590095E-4	0.0
218.1705728	-1.8489307E-4	0.0
218.168623104	1.11046545E-4	0.0
218.166657024	-1.8929054E-4	0.0
218.164707328	-2.9380637E-4	0.0
218.162757632	-4.071014E-5	0.0
218.160791552	-1.5708308E-4	0.0
