219.99607808	4.896332E-4	0.0
219.99804416	7.7166257E-4	0.0
219.999993856	3.9008667E-4	0.0
220.001943552	2.2790174E-4	0.0
220.003909632	4.0609192E-4	0.0
220.005859328	-2.4266669E-4	0.0
220.007809024	8.7487395E-5	0.0
220.009775104	-8.66072E-6	0.0
220.0117248	-2.5916274E-4	0.0
220.013674496	2.493813E-4	0.0
220.015624192	3.9357145E-4	0.0
220.017590272	2.6688876E-4	0.0
220.019539968	-1.2379268E-4	0.0
220.021489664	-1.5277264E-4	0.0
220.023455744	4.4314412E-4	0.0
220.02540544	2.1240802E-4	0.0
220.027355136	3.5633787E-4	0.0
220.029321216	1.5876836E-5	2.1855407794646453E-7
220.031270912	-1.047447E-5	5.171715997676074E-7
220.033220608	-3.8577255E-4	1.1640200909823761E-6
220.035186688	2.1740876E-4	2.49190338763583E-6
220.037136384	2.818962E-5	5.0738594836730044E-6
220.03908608	-1.6056199E-4	9.825808774621692E-6
220.041035776	1.9868056E-4	1.8096910935128108E-5
220.043001856	6.3445803E-4	3.1696657970314845E-5
220.044951552	1.1708599E-4	5.2791761845583096E-5
220.046901248	8.0114964E-4	8.360442006960511E-5
220.048867328	5.143777E-4	1.2588548997882754E-4
220.050817024	8.20323E-4	1.8024392193183303E-4
220.05276672	4.3022388E-4	2.453554479870945E-4
220.0547328	-5.0568142E-5	3.1760463025420904E-4
220.056682496	6.558936E-4	3.9104875759221613E-4
220.058632192	8.390191E-4	4.58092603366822E-4
220.060598272	7.539651E-4	5.107386969029903E-4
220.062547968	9.770849E-4	5.421380628831685E-4
220.064497664	7.349377E-4	5.480459658429027E-4
220.06644736	5.6100555E-4	5.277706077322364E-4
220.06841344	3.152535E-4	4.8434757627546787E-4
220.070363136	3.6954472E-4	4.238890251144767E-4
220.072312832	4.8490276E-4	3.54290590621531E-4
220.074278912	1.649264E-4	2.836635976564139E-4
220.076228608	4.0797994E-4	2.18912900891155E-4
220.078178304	4.209265E-4	1.6480455815326422E-4
220.080144384	-4.8920632E-5	1.2366582814138383E-4
220.08209408	8.1804E-5	9.565744403516874E-5
220.084043776	1.5749258E-4	7.938943599583581E-5
220.086009856	3.474768E-4	7.262735744006932E-5
220.087959552	9.844906E-5	7.288563210749999E-5
220.089909248	-1.5571935E-4	7.781986641930416E-5
220.091858944	-4.3773756E-4	8.541641000192612E-5
220.093825024	-2.6768667E-4	9.403940930496901E-5
220.09577472	2.2452127E-4	1.0240186384180561E-4
220.097724416	3.605123E-4	1.0951713193207979E-4
220.099690496	1.866374E-4	1.1466084106359631E-4
220.101640192	1.6547844E-4	1.1729952530004084E-4
220.103589888	-4.0759298E-4	1.1731262202374637E-4
220.105555968	1.2804636E-5	1.1457125219749287E-4
220.107505664	4.978768E-4	1.0926616960205138E-4
220.10945536	3.6849838E-4	1.0175799252465367E-4
220.11142144	2.1081616E-4	9.253714961232617E-5
220.113371136	3.4275383E-4	8.217091817641631E-5
220.115320832	6.57515E-4	7.124670810298994E-5
220.117270528	-7.3653995E-5	6.031803059158847E-5
220.119236608	4.0802985E-5	4.986045678379014E-5
220.121186304	-3.183087E-4	4.0242677641799673E-5
220.123136	1.4681101E-4	3.1712719646748155E-5
220.12510208	4.917459E-4	2.4400320398854092E-5
220.127051776	1.2547371E-4	1.8330354578210972E-5
220.129001472	-6.210746E-5	1.344504562439397E-5
220.130967552	-3.3329835E-4	9.628754014556762E-6
220.132917248	2.1145295E-4	6.7328383011044934E-6
220.134866944	1.3591105E-4	4.596721282723593E-6
220.136833024	-9.7639975E-5	3.064240900130244E-6
220.13878272	4.4854005E-5	1.994465037569171E-6
220.140732416	-1.9897649E-4	1.26752934193064E-6
220.142682112	5.1947656E-5	7.865426141506759E-7
220.144648192	2.8742163E-4	4.76559876005922E-7
220.146597888	3.8835907E-4	2.8193409207233344E-7
220.148547584	1.910216E-4	1.628583845558751E-7
220.150513664	2.6654743E-4	9.185630034380665E-8
220.15246336	2.2704725E-4	5.058721086470541E-8
220.154413056	2.1882134E-4	2.7202538888104755E-8
220.156379136	3.6108187E-5	0.0
220.158328832	1.5241152E-4	0.0
220.160278528	2.2918929E-4	0.0
220.162244608	3.744237E-4	0.0
220.164194304	1.8942507E-4	0.0
220.166144	1.0492245E-4	0.0
220.168093696	2.2713782E-4	0.0
220.170059776	3.5986386E-4	0.0
220.172009472	4.563249E-4	1.0475812928234518E-7
220.173959168	2.918198E-4	2.550894464548037E-7
220.175925248	8.6196547E-4	5.883707672182936E-7
220.177874944	3.4109538E-4	1.2854653732574661E-6
220.17982464	7.747754E-5	2.660082600414171E-6
220.18179072	-2.545867E-4	5.2133805183984805E-6
220.183740416	-2.604665E-5	9.67589676292846E-6
220.185690112	1.3185397E-4	1.7003711036522873E-5
220.187656192	7.242862E-4	2.828795368259307E-5
220.189605888	6.69917E-4	4.454508234630339E-5
220.191555584	4.6248955E-4	6.638817285420373E-5
220.19350528	-3.0445948E-4	9.364393190480769E-5
220.19547136	-1.5279104E-4	1.2503853940870613E-4
220.197421056	4.8603409E-4	1.5810578770469874E-4
220.199370752	-1.0533363E-4	1.8941877351608127E-4
220.201336832	-3.362715E-5	2.151483204215765E-4
220.203286528	-1.4024053E-4	2.3181653523351997E-4
220.205236224	1.2955035E-4	2.3703738406766206E-4
220.207202304	1.6326665E-5	2.300447376910597E-4
220.209152	1.2256706E-4	2.1186289086472243E-4
220.211101696	4.8943644E-4	1.850779663072899E-4
220.213067776	3.241097E-4	1.5326942957472056E-4
220.215017472	-3.563919E-4	1.2025126488879323E-4
220.216967168	1.6601954E-4	8.933754725148901E-5
220.218933248	2.829713E-4	6.282587128225714E-5
220.220882944	-2.1075469E-4	4.1815306758508086E-5
220.22283264	-4.8380357E-4	2.634085831232369E-5
220.224782336	-1.2086623E-4	1.5706182239227928E-5
220.226748416	-2.016701E-4	8.866072676028125E-6
220.228698112	-2.8094312E-4	4.7389626161020715E-6
220.230647808	-2.4502317E-4	2.3987558961380273E-6
220.232613888	5.131469E-6	1.1499770380396512E-6
220.234563584	-1.314528E-4	5.221792207521503E-7
220.23651328	-3.2092712E-4	2.2459531123786292E-7
220.23847936	-3.6536937E-4	9.150377167088664E-8
220.240429056	-1.6402325E-4	0.0
220.242378752	4.0777606E-5	0.0
220.244344832	-6.648351E-5	0.0
220.246294528	-1.3532082E-4	0.0
220.248244224	8.438586E-5	0.0
220.25019392	-9.528163E-5	0.0
220.25216	-2.023516E-4	0.0
220.254109696	9.5267664E-5	0.0
220.256059392	1.933627E-4	0.0
220.258025472	-2.1913673E-5	0.0
220.259975168	4.363863E-5	0.0
220.261924864	1.4559098E-4	0.0
220.263890944	2.1551654E-4	0.0
220.26584064	-8.392732E-6	0.0
220.267790336	3.1896925E-4	0.0
220.269756416	5.8509724E-4	0.0
220.271706112	6.315833E-4	0.0
220.273655808	2.3553788E-4	0.0
220.275605504	2.0515511E-4	0.0
220.277571584	4.113008E-4	0.0
220.27952128	1.7685478E-4	0.0
220.281470976	2.9411225E-4	0.0
220.283437056	2.2787333E-4	0.0
220.285386752	8.917914E-5	0.0
220.287336448	1.35837E-4	0.0
220.289302528	5.195219E-4	0.0
220.291252224	1.3707776E-4	0.0
220.29320192	2.4263433E-4	0.0
220.295168	3.0675007E-4	0.0
220.297117696	3.454372E-4	0.0
220.299067392	1.9976508E-4	0.0
220.301017088	5.2466403E-5	0.0
220.302983168	-2.4609396E-4	0.0
220.304932864	-7.334736E-5	0.0
220.30688256	2.4295517E-4	0.0
220.30884864	3.4582813E-4	0.0
220.310798336	-2.5667601E-5	0.0
220.312748032	1.13433576E-4	0.0
220.314714112	-2.2946007E-4	0.0
220.316663808	7.8272424E-5	0.0
220.318613504	-1.2960869E-5	0.0
220.320579584	1.311308E-4	0.0
220.32252928	3.6046223E-4	0.0
220.324478976	3.0454446E-4	0.0
220.326428672	1.3424095E-4	0.0
220.328394752	1.83344E-4	0.0
220.330344448	5.6024047E-4	0.0
220.332294144	5.5494125E-4	0.0
220.334260224	9.8788994E-5	0.0
220.33620992	-4.2545947E-4	0.0
220.338159616	1.02658174E-4	0.0
220.340125696	2.5209493E-4	0.0
220.342075392	-1.049001E-4	0.0
220.344025088	1.3959466E-4	0.0
220.345991168	1.6390078E-4	0.0
220.347940864	-1.2452935E-4	0.0
220.34989056	-2.799508E-4	0.0
220.351840256	-4.7703658E-4	0.0
220.353806336	-2.9487896E-4	0.0
220.355756032	2.4095003E-4	0.0
220.357705728	5.391693E-4	1.1843638958453084E-7
220.359671808	6.4818596E-4	5.140568077877106E-7
220.361621504	2.2661535E-4	1.9364056242920924E-6
220.3635712	2.2469203E-5	6.3629149735788815E-6
220.36553728	1.9394362E-4	1.815943505789619E-5
220.367486976	-6.2113413E-6	4.465928577701561E-5
220.369436672	1.15442905E-4	9.437189146410674E-5
220.371402752	-1.1592859E-4	1.7195560212712735E-4
220.373352448	2.6233343E-4	2.7112208772450686E-4
220.375302144	1.2767815E-4	3.7379685090854764E-4
220.37725184	4.379513E-4	4.583648405969143E-4
220.37921792	7.2605547E-4	5.104496376588941E-4
220.381167616	6.147417E-4	5.285284714773297E-4
220.383117312	3.0979665E-4	5.242715124040842E-4
220.385083392	5.0025934E-4	5.19293884281069E-4
220.387033088	4.371939E-4	5.368455313146114E-4
220.388982784	2.3527688E-4	5.904777790419757E-4
220.390948864	-1.676266E-6	6.781122647225857E-4
220.39289856	1.2808328E-4	7.857322925701737E-4
220.394848256	-8.2870265E-6	8.952107164077461E-4
220.396814336	-2.3113738E-4	9.897276759147644E-4
220.398764032	2.029084E-5	0.0010557034984230995
220.400713728	7.6633994E-5	0.001083251554518938
220.402663424	1.3574341E-4	0.0010672482894733548
220.404629504	6.0288876E-4	0.0010074368910863996
220.4065792	3.219858E-4	9.094658889807761E-4
220.408528896	7.6311745E-4	7.838501478545368E-4
220.410494976	3.6948232E-4	6.440705037675798E-4
220.412444672	4.3715735E-4	5.039633833803236E-4
220.414394368	-2.734049E-5	3.752207267098129E-4
220.416360448	-5.9553775E-5	2.656955912243575E-4
220.418310144	-2.8091122E-4	1.7887867579702288E-4
220.42025984	-7.133174E-5	1.1451944010332227E-4
220.42222592	-1.6064325E-4	6.971288530621678E-5
220.424175616	1.1345919E-4	4.035740130348131E-5
220.426125312	-2.1427416E-4	2.2221467588678934E-5
220.428075008	-3.7909078E-4	1.1638991054496728E-5
220.430041088	-8.623919E-5	5.799564860353712E-6
220.431990784	1.3856462E-4	2.7493949801282724E-6
220.43394048	6.652309E-5	1.2401181948007434E-6
220.43590656	-1.2493052E-4	5.322049787537253E-7
220.437856256	2.0049873E-4	1.365128952102168E-7
220.439805952	-2.3545895E-4	0.0
220.441772032	-4.8415398E-4	0.0
220.443721728	-8.1781945E-7	0.0
220.445671424	7.467938E-5	0.0
220.447637504	2.2818625E-4	0.0
220.4495872	3.839106E-4	0.0
220.451536896	6.7934045E-5	0.0
220.453486592	-4.7748796E-5	0.0
220.455452672	1.126338E-4	0.0
220.457402368	1.8704298E-4	0.0
220.459352064	1.1565408E-4	0.0
220.461318144	-2.9207452E-4	0.0
220.46326784	-3.0961318E-4	0.0
220.465217536	-1.9946147E-4	0.0
220.467183616	-3.820107E-4	0.0
220.469133312	-5.105825E-5	0.0
220.471083008	-1.2171513E-4	0.0
220.473049088	6.806839E-5	0.0
220.474998784	1.4062424E-4	0.0
220.47694848	-2.0979682E-4	0.0
220.478898176	2.2905993E-5	0.0
220.480864256	2.2923655E-4	0.0
220.482813952	2.6297039E-6	0.0
220.484763648	-8.175416E-4	0.0
220.486729728	-4.8182637E-4	0.0
220.488679424	-2.0173949E-4	0.0
220.49062912	-4.946755E-5	0.0
220.4925952	1.870693E-4	0.0
220.494544896	-2.1622807E-4	0.0
220.496494592	-4.6154604E-5	0.0
220.498460672	3.2050284E-6	0.0
220.500410368	-1.1847529E-4	0.0
220.502360064	-3.7486793E-4	0.0
220.504326144	6.13787E-5	0.0
220.50627584	2.3683591E-4	0.0
220.508225536	3.1793525E-4	0.0
220.510175232	8.68976E-4	0.0
220.512141312	3.4932245E-4	4.8911104499893554E-8
220.514091008	2.7646765E-4	1.014339972016387E-7
220.516040704	3.0452397E-4	2.033649337818133E-7
220.518006784	4.895296E-4	3.9417130892616115E-7
220.51995648	7.425089E-4	7.385975777651765E-7
220.521906176	5.1018933E-4	1.3379599295149092E-6
220.523872256	4.4014223E-4	2.3430739020113833E-6
220.525821952	2.3010082E-4	3.966700660384959E-6
220.527771648	1.6812177E-4	6.491897238447564E-6
220.529737728	-1.3242557E-4	1.027071448334027E-5
220.531687424	1.6609009E-4	1.57075010065455E-5
220.53363712	1.2772146E-4	2.32209604291711E-5
220.535586816	2.1891634E-4	3.3182615879923105E-5
220.537552896	-4.802074E-5	4.5834476622985676E-5
220.539502592	1.1769471E-5	6.119620957178995E-5
220.541452288	6.423949E-5	7.897944306023419E-5
220.543418368	3.7726096E-4	9.853192023001611E-5
220.545368064	7.452114E-4	1.188530950457789E-4
220.54731776	5.814292E-4	1.3859446335118264E-4
220.54928384	5.977197E-4	1.5643036749679595E-4
220.551233536	3.6153698E-4	1.7083493003156036E-4
220.553183232	2.7024758E-4	1.80826464202255E-4
220.555149312	2.9456092E-4	1.860123738879338E-4
220.557099008	5.977022E-4	1.8693030870053917E-4
220.559048704	1.603082E-4	1.8525913765188307E-4
220.5609984	2.485864E-4	1.8385445582680404E-4
220.56296448	1.784641E-4	1.8647727847564965E-4
220.564914176	3.1519833E-4	1.970950106624514E-4
220.566863872	3.0130858E-4	2.1875688980799168E-4
220.568829952	3.97249E-4	2.5235069915652275E-4
220.570779648	5.040725E-5	2.9541231924667954E-4
220.572729344	-4.4924855E-7	3.422082227189094E-4
220.574695424	2.5915995E-4	3.847514744848013E-4
220.57664512	8.8006875E-4	4.1503660031594336E-4
220.578594816	6.7297777E-4	4.2760983342304826E-4
220.580560896	2.4982623E-4	4.21471573645249E-4
220.582510592	8.258809E-4	4.004524671472609E-4
220.584460288	5.098557E-4	3.717461659107357E-4
220.586409984	-2.9144122E-4	3.430820652283728E-4
220.588376064	-6.8872585E-5	3.197146870661527E-4
220.59032576	5.9418415E-4	3.026259655598551E-4
220.592275456	5.228891E-4	2.887921582441777E-4
220.594241536	3.5580096E-4	2.732983557507396E-4
220.596191232	3.2294088E-4	2.5208666920661926E-4
220.598140928	1.8611283E-4	2.2389671357814223E-4
220.600107008	1.6263349E-4	1.90524326171726E-4
220.602056704	2.3580936E-4	1.5573530981782824E-4
220.6040064	6.44473E-4	1.23281788546592E-4
220.60597248	3.6910677E-4	9.570523980073631E-5
220.607922176	5.0382747E-4	7.38451344659552E-5
220.609871872	5.1601965E-4	5.716090527130291E-5
220.611821568	5.101854E-4	4.463294681045227E-5
220.613787648	4.4225564E-4	3.499810554785654E-5
220.615737344	-5.0327054E-4	2.7432288334239274E-5
220.61768704	-3.6169717E-4	2.1376687072915956E-5
220.61965312	-4.2215793E-4	1.6644156858092174E-5
220.621602816	-1.5240174E-4	1.325688572251238E-5
220.623552512	4.1772724E-5	1.1597555385378655E-5
220.625518592	6.150466E-5	1.2155238437117077E-5
220.627468288	7.917278E-5	1.5703737517469563E-5
220.629417984	1.6930501E-4	2.3009190044831485E-5
220.631384064	2.1847535E-4	3.443401510594413E-5
220.63333376	8.7933964E-5	4.943455496686511E-5
220.635283456	9.586115E-5	6.620976637350395E-5
220.637233152	9.065133E-5	8.180902659660205E-5
220.639199232	1.9322743E-4	9.284302359446883E-5
220.641148928	-1.0067306E-4	9.660402429290116E-5
220.643098624	-3.4051214E-4	9.208869596477598E-5
220.645064704	-6.433006E-5	8.039183012442663E-5
220.6470144	4.5036E-4	6.425399624276906E-5
220.648964096	8.809881E-5	4.700975841842592E-5
220.650930176	4.8462647E-5	3.14693279506173E-5
220.652879872	-2.757887E-4	1.9321201762068085E-5
220.654829568	-1.509263E-4	1.0927436960628256E-5
220.656795648	-3.312377E-5	5.872513611393515E-6
220.658745344	-1.1005823E-4	3.681007456179941E-6
220.66069504	-1.8079008E-4	3.709119710038067E-6
220.662644736	-2.6647712E-4	6.199035851750523E-6
220.664610816	-1.4346803E-4	1.197926394524984E-5
220.666560512	5.824416E-4	2.2464286303147674E-5
220.668510208	2.762176E-4	3.931825631298125E-5
220.670476288	3.6344526E-4	6.400866550393403E-5
220.672425984	-1.01768295E-4	9.7105854365509E-5
220.67437568	-1.1228642E-4	1.3807654613628983E-4
220.67634176	2.5386571E-5	1.85381097253412E-4
220.678291456	-1.9479578E-4	2.3705532657913864E-4
220.680241152	-9.026972E-5	2.9136089142411947E-4
220.682207232	-5.5786575E-5	3.470676310826093E-4
220.684156928	4.65233E-4	4.028868570458144E-4
220.686106624	5.1986275E-4	4.567959695123136E-4
220.68805632	1.9748404E-4	5.053628119640052E-4
220.6900224	2.562733E-4	5.440387176349759E-4
220.691972096	3.3482315E-4	5.684047937393188E-4
220.693921792	7.5200456E-5	5.759083433076739E-4
220.695887872	7.950247E-5	5.671719554811716E-4
220.697837568	-1.2830936E-4	5.460646352730691E-4
220.699787264	7.370708E-5	5.182610475458205E-4
220.701753344	5.242523E-4	4.888167604804039E-4
220.70370304	-1.0369683E-4	4.599704407155514E-4
220.705652736	-1.8826571E-5	4.3028517393395305E-4
220.707618816	1.3849547E-4	3.959698951803148E-4
220.709568512	1.0442466E-4	3.535381401889026E-4
220.711518208	-1.8334214E-4	3.023747121915221E-4
220.713467904	-3.722756E-4	2.460032410454005E-4
220.715433984	-4.7941494E-4	1.911991130327806E-4
220.71738368	-3.6351604E-4	1.4568763435818255E-4
220.719333376	1.596593E-4	1.1531233030837029E-4
220.721299456	1.5775173E-4	1.02444231742993E-4
220.723249152	4.1168567E-4	1.0531760199228302E-4
220.725198848	2.0186102E-4	1.19112512038555E-4
220.727164928	-1.7141772E-4	1.3772516103927046E-4
220.729114624	6.91592E-5	1.559793163323775E-4
220.73106432	-2.4773076E-4	1.7135428788606077E-4
220.7330304	-1.0648684E-4	1.8480855214875191E-4
220.734980096	-1.2567851E-5	1.9926308596041054E-4
220.736929792	-3.3023686E-4	2.17591441469267E-4
220.738879488	-5.247401E-4	2.4015444796532393E-4
220.740845568	-4.0794944E-4	2.6354336296208203E-4
220.742795264	-4.6673685E-4	2.813573810271919E-4
220.74474496	-5.233985E-4	2.873168559744954E-4
220.74671104	-4.2576494E-4	2.7824388234876096E-4
220.748660736	3.2352396E-5	2.5637258659116924E-4
220.750610432	-2.7361943E-4	2.296462917001918E-4
220.752576512	-4.5289173E-5	2.0980923727620393E-4
220.754526208	4.8778707E-4	2.0869083527941257E-4
220.756475904	1.1014973E-4	2.336319739697501E-4
220.758441984	3.0776614E-4	2.8358743293210864E-4
220.76039168	5.4072934E-5	3.4790844074450433E-4
220.762341376	-1.708892E-4	4.088284622412175E-4
220.764291072	-5.3769563E-5	4.4747572974301875E-4
220.766257152	-2.8023149E-5	4.505571851041168E-4
220.768206848	-2.073555E-5	4.149588057771325E-4
220.770156544	-1.5755894E-4	3.483545733615756E-4
220.772122624	2.844137E-4	2.659133169800043E-4
220.77407232	4.154552E-4	1.8415020895190537E-4
220.776022016	4.2435376E-4	1.1553010699572042E-4
220.777988096	2.8521207E-4	6.563973147422075E-5
220.779937792	1.9720534E-4	3.377110988367349E-5
220.781887488	4.4261792E-4	1.5740251910756342E-5
220.783853568	1.2246927E-4	6.649204351560911E-6
220.785803264	-4.4246868E-4	2.5466883926128503E-6
220.78775296	-3.6316345E-5	8.845801175993984E-7
220.789702656	1.7337676E-4	2.78679266330073E-7
220.791668736	5.328624E-4	0.0
220.793618432	4.7751815E-5	0.0
220.795568128	-5.0225353E-4	0.0
220.797534208	-2.6131992E-4	0.0
220.799483904	2.580596E-4	0.0
220.8014336	1.8358513E-7	0.0
220.80339968	-4.5690022E-4	0.0
220.805349376	-3.9191952E-4	0.0
220.807299072	-2.969409E-4	0.0
220.809265152	1.21605466E-4	0.0
220.811214848	-1.5511911E-4	0.0
220.813164544	7.656285E-6	0.0
220.815130624	9.047508E-5	0.0
220.81708032	2.4334167E-4	0.0
220.819030016	6.583647E-5	0.0
220.820979712	-2.456893E-4	0.0
220.822945792	2.0626246E-4	0.0
220.824895488	1.4729856E-4	0.0
220.826845184	7.796079E-4	0.0
220.828811264	6.873568E-5	0.0
220.83076096	-1.4541147E-4	0.0
220.832710656	2.607525E-4	0.0
220.834676736	2.0156766E-4	0.0
220.836626432	-7.899699E-5	0.0
220.838576128	-8.960429E-5	0.0
220.840542208	2.2040562E-5	0.0
220.842491904	-2.0414859E-4	0.0
220.8444416	3.2843436E-5	0.0
220.846391296	6.0578657E-4	0.0
220.848357376	3.1427422E-4	0.0
220.850307072	2.7269067E-4	0.0
220.852256768	2.1829025E-4	0.0
220.854222848	1.7308875E-4	0.0
220.856172544	2.17514E-4	0.0
220.85812224	2.2696599E-4	0.0
220.86008832	2.6601425E-4	0.0
220.862038016	5.3837744E-4	0.0
220.863987712	7.383904E-4	0.0
220.865953792	-4.4377874E-5	0.0
220.867903488	-3.2762636E-4	0.0
220.869853184	2.038643E-4	0.0
220.87180288	5.5182085E-4	0.0
220.87376896	3.6400056E-4	0.0
220.875718656	-5.380631E-4	0.0
220.877668352	6.444634E-6	0.0
220.879634432	3.079645E-4	0.0
220.881584128	1.304195E-4	0.0
220.883533824	-1.51417935E-5	0.0
220.885499904	-1.8847293E-5	0.0
220.8874496	-2.1472459E-5	0.0
220.889399296	-1.5576661E-4	0.0
220.891365376	-1.5311467E-4	0.0
220.893315072	-1.2494589E-4	0.0
220.895264768	-1.0128727E-4	0.0
220.897214464	2.0526734E-4	0.0
220.899180544	3.135443E-4	0.0
220.90113024	2.6664848E-4	0.0
220.903079936	1.2977922E-4	0.0
220.905046016	7.539254E-5	0.0
220.906995712	8.75775E-5	0.0
220.908945408	-1.4069455E-4	0.0
220.910911488	2.0149046E-5	0.0
220.912861184	2.8183253E-4	0.0
220.91481088	5.4368365E-4	0.0
220.91677696	2.2921793E-4	0.0
220.918726656	3.9992563E-4	1.6414773540418537E-7
220.920676352	4.349404E-5	3.8316056816256605E-7
220.922626048	1.2269591E-5	8.510447742082761E-7
220.924592128	5.191552E-4	1.7986674265557667E-6
220.926541824	4.0101528E-4	3.617115453380393E-6
220.92849152	-1.4968717E-4	6.921205113030737E-6
220.9304576	3.059915E-4	1.2600813533936162E-5
220.932407296	5.8661064E-4	2.1826757802045904E-5
220.934356992	2.0026916E-4	3.5969722375739366E-5
220.936323072	5.9990643E-4	5.639250230160542E-5
220.938272768	1.8989539E-4	8.410631562583148E-5
220.940222464	6.3764746E-5	1.1948580504395068E-4
220.942188544	4.946056E-5	1.6142934327945113E-4
220.94413824	4.0492287E-4	2.076431701425463E-4
220.946087936	0.0011389704	2.544452145230025E-4
220.948037632	3.296364E-4	2.973443770315498E-4
220.950003712	5.977539E-4	3.3191402326337993E-4
220.951953408	4.352379E-4	3.5483596730045974E-4
220.953903104	5.581145E-4	3.6481599090620875E-4
220.955869184	3.682567E-4	3.6307104164734483E-4
220.95781888	7.040823E-4	3.5317655419930816E-4
220.959768576	7.079531E-4	3.402431611903012E-4
220.961734656	5.3002906E-4	3.295990463811904E-4
220.963684352	6.2790455E-4	3.253324539400637E-4
220.965634048	2.1653704E-4	3.291348402854055E-4
220.967600128	4.4468197E-4	3.3980843727476895E-4
220.969549824	5.890961E-4	3.536002477630973E-4
220.97149952	8.301862E-4	3.6525732139125466E-4
220.973449216	4.636253E-4	3.6946512409485877E-4
220.975415296	2.9192085E-4	3.622320364229381E-4
220.977364992	-2.260044E-4	3.4183645038865507E-4
220.979314688	-3.5238805E-5	3.092339029535651E-4
220.981280768	3.7427165E-4	2.6738244923762977E-4
220.983230464	-8.684478E-5	2.207811630796641E-4
220.98518016	2.4634541E-4	1.7424262478016317E-4
220.98714624	5.292682E-4	1.32047658553347E-4
220.989095936	3.870757E-4	9.740734094521031E-5
220.991045632	9.5712836E-5	7.230894698295742E-5
220.993011712	1.3368798E-4	5.786167457699776E-5
220.994961408	-1.4063239E-4	5.4403073590947315E-5
220.996911104	-1.0179274E-4	6.198918708832934E-5
220.9988608	2.4653028E-4	8.040093234740198E-5
221.00082688	5.1438774E-4	1.0897308675339445E-4
221.002776576	1.6386074E-4	1.4625326730310917E-4
221.004726272	3.887344E-4	1.8967012874782085E-4
221.006692352	4.191118E-4	2.3540761321783066E-4
221.008642048	1.5781133E-4	2.7864263392984867E-4
221.010591744	3.140472E-4	3.141744527965784E-4
221.012557824	4.0775782E-4	3.3729089773260057E-4
221.01450752	8.310535E-4	3.448471543379128E-4
221.016457216	3.9581896E-4	3.356932138558477E-4
221.018423296	1.089311E-4	3.1112314900383353E-4
221.020372992	1.3226026E-4	2.745014207903296E-4
221.022322688	1.63891E-4	2.3051959578879178E-4
221.024272384	1.8608721E-4	1.8422359426040202E-4
221.026238464	8.09239E-5	1.400847249897197E-4
221.02818816	3.8336842E-5	1.013435612549074E-4
221.030137856	5.2325177E-6	6.974848656682298E-5
221.032103936	2.269597E-4	4.574893682729453E-5
221.034053632	-2.4228625E-4	2.8647935323533602E-5
221.036003328	-1.2766023E-4	1.7332005882053636E-5
221.037969408	-2.9134715E-4	1.0560595910646953E-5
221.039919104	1.6536086E-4	7.323851605178788E-6
221.0418688	2.1322968E-4	7.044126050459454E-6
221.04383488	-1.7103564E-4	9.663322998676449E-6
221.045784576	-2.8281996E-4	1.5630375855835155E-5
221.047734272	-4.6816946E-4	2.5784780518733896E-5
221.049683968	4.8257058E-5	4.13496200053487E-5
221.051650048	2.8851384E-4	6.293045589700341E-5
221.053599744	-9.373727E-5	9.107507503358647E-5
221.05554944	3.9908045E-4	1.2516121205408126E-4
221.05751552	4.7994347E-4	1.6365767805837095E-4
221.059465216	7.484725E-5	2.042414853349328E-4
221.061414912	1.4574442E-4	2.443830017000437E-4
221.063380992	1.0728964E-4	2.8213681071065366E-4
221.065330688	1.2926513E-4	3.168777620885521E-4
221.067280384	6.7472004E-4	3.4966476960107684E-4
221.069246464	3.3544295E-4	3.830179339274764E-4
221.07119616	4.7673692E-4	4.200631519779563E-4
221.073145856	3.4482486E-4	4.632234340533614E-4
221.075095552	2.685507E-4	5.129177588969469E-4
221.077061632	1.7774466E-4	5.664521013386548E-4
221.079011328	2.8360507E-4	6.182026700116694E-4
221.080961024	2.6337698E-4	6.604506052099168E-4
221.082927104	5.00654E-4	6.85189850628376E-4
221.0848768	8.242851E-4	6.861643632873893E-4
221.086826496	5.236665E-4	6.605576490983367E-4
221.088792576	5.348319E-4	6.098165176808834E-4
221.090742272	3.4243322E-4	5.394064937718213E-4
221.092691968	4.207549E-4	4.576111095957458E-4
221.094658048	7.109356E-5	3.73759598005563E-4
221.096607744	8.549423E-6	2.964037412311882E-4
221.09855744	2.0193087E-4	2.3191886430140585E-4
221.10052352	-1.4837564E-4	1.8381142581347376E-4
221.102473216	8.092995E-5	1.5272837481461465E-4
221.104422912	5.6357693E-4	1.3712940562982112E-4
221.106372608	4.3823442E-4	1.3388815568760037E-4
221.108338688	8.174556E-5	1.3924513768870384E-4
221.110288384	1.762471E-4	1.4937094238121063E-4
221.11223808	5.853899E-4	1.607924496056512E-4
221.11420416	2.9042398E-4	1.7064849089365453E-4
221.116153856	6.8333733E-4	1.7682465841062367E-4
221.118103552	5.588805E-4	1.7800950445234776E-4
221.120069632	3.577819E-4	1.7368621774949133E-4
221.122019328	4.1579816E-4	1.639802794670686E-4
221.123969024	2.9713463E-4	1.499164936831221E-4
221.125935104	-2.553413E-4	1.3255073281470686E-4
221.1278848	1.8206227E-4	1.1333217116771266E-4
221.129834496	2.4966092E-4	9.369709732709453E-5
221.131784192	3.874026E-4	7.489807467209175E-5
221.133750272	6.7885884E-4	5.78844737901818E-5
221.135699968	3.3281988E-4	4.3250118324067444E-5
221.137649664	-1.9643095E-4	3.124207069049589E-5
221.139615744	-1.9817764E-4	2.181825038860552E-5
221.14156544	3.368986E-4	1.4731125702382997E-5
221.143515136	5.0711154E-4	9.616028364689555E-6
221.145481216	1.8130534E-4	6.068880793463904E-6
221.147430912	-2.1638966E-4	3.7032750697107986E-6
221.149380608	1.5631935E-4	2.184911636504694E-6
221.151346688	3.3114862E-4	1.2464128076317138E-6
221.153296384	-8.5654785E-5	6.875005169604265E-7
221.15524608	-1.5273748E-4	3.666650059130916E-7
221.157195776	8.4283727E-4	1.8908502852355014E-7
221.159161856	4.31863E-4	9.428338643147072E-8
221.161111552	1.0794506E-4	4.545723442106464E-8
221.163061248	2.0676537E-4	0.0
221.165027328	-2.132795E-4	0.0
221.166977024	8.865644E-5	0.0
221.16892672	4.3129196E-5	0.0
221.1708928	-1.3201532E-4	0.0
221.172842496	-2.451007E-4	0.0
221.174792192	-1.685674E-4	0.0
221.176758272	2.9631204E-4	0.0
221.178707968	-2.4358451E-4	0.0
221.180657664	-3.137131E-4	0.0
221.18260736	2.871832E-4	0.0
221.18457344	3.3295748E-4	0.0
221.186523136	1.0269799E-4	0.0
221.188472832	2.1286577E-4	0.0
221.190438912	2.5634303E-5	0.0
221.192388608	-5.3900647E-5	0.0
221.194338304	7.7547005E-4	0.0
221.196304384	3.5616185E-4	0.0
221.19825408	5.285024E-4	0.0
221.200203776	5.6226563E-4	0.0
221.202169856	7.4666576E-5	0.0
221.204119552	3.0459662E-4	0.0
221.206069248	2.4745695E-4	0.0
221.208018944	-2.1570607E-4	0.0
221.209985024	4.399067E-5	0.0
221.21193472	2.1368463E-4	0.0
221.213884416	1.2525136E-4	0.0
221.215850496	1.6139832E-4	0.0
221.217800192	-8.5918815E-5	0.0
221.219749888	-2.982024E-4	0.0
221.221715968	-5.4689136E-4	0.0
221.223665664	-1.6949826E-4	0.0
221.22561536	6.645976E-5	0.0
221.22758144	-2.950764E-4	0.0
221.229531136	-1.5829399E-4	0.0
221.231480832	2.7126574E-4	0.0
221.233430528	3.9009785E-4	0.0
221.235396608	5.8374775E-4	0.0
221.237346304	2.3984502E-4	0.0
221.239296	1.2341875E-4	0.0
221.24126208	4.3531123E-4	0.0
221.243211776	1.4869322E-4	0.0
221.245161472	1.717021E-5	0.0
221.247127552	3.7487282E-4	0.0
221.249077248	2.8363544E-5	0.0
221.251026944	2.5562767E-4	0.0
221.252993024	3.515574E-4	0.0
221.25494272	-3.4066767E-4	0.0
221.256892416	-2.8497528E-4	0.0
221.258842112	2.9676536E-4	0.0
221.260808192	2.5652826E-4	0.0
221.262757888	4.3529866E-4	0.0
221.264707584	1.5069277E-4	0.0
221.266673664	2.463957E-4	0.0
221.26862336	1.5543972E-4	0.0
221.270573056	-2.3025672E-5	0.0
221.272539136	-9.124016E-5	0.0
221.274488832	-1.0181569E-5	0.0
221.276438528	1.6027445E-4	0.0
221.278404608	-1.3686938E-4	0.0
221.280354304	8.156884E-5	0.0
221.282304	4.112852E-4	0.0
221.284253696	-2.3908832E-4	0.0
221.286219776	8.295651E-5	0.0
221.288169472	2.4075502E-5	0.0
221.290119168	3.5103306E-4	0.0
221.292085248	1.5505834E-4	0.0
221.294034944	-1.7967832E-4	0.0
221.29598464	1.4043564E-4	0.0
221.29795072	1.1810113E-4	0.0
221.299900416	-1.5605323E-4	0.0
221.301850112	-4.1581578E-5	0.0
221.303816192	1.3582048E-4	0.0
221.305765888	3.581295E-4	0.0
221.307715584	2.313114E-5	0.0
221.30966528	-1.14486436E-4	0.0
221.31163136	-1.3460254E-4	0.0
221.313581056	-1.8280803E-4	0.0
221.315530752	-3.3097935E-4	0.0
221.317496832	1.14619015E-5	0.0
221.319446528	-1.8562076E-5	0.0
221.321396224	1.2796221E-4	0.0
221.323362304	3.209164E-4	0.0
221.325312	3.2637396E-4	0.0
221.327261696	-9.2856935E-5	0.0
221.329227776	2.578554E-4	0.0
221.331177472	-1.545332E-5	0.0
221.333127168	-1.7714419E-4	0.0
221.335076864	3.1484722E-4	0.0
221.337042944	-3.911334E-5	0.0
221.33899264	2.5388447E-4	0.0
221.340942336	2.079584E-4	0.0
221.342908416	1.5562598E-4	0.0
221.344858112	-2.2879371E-4	0.0
221.346807808	1.21496734E-4	0.0
221.348773888	5.6528832E-5	0.0
221.350723584	2.0070851E-4	0.0
221.35267328	5.075467E-4	0.0
221.35463936	3.5818887E-4	0.0
221.356589056	2.360876E-4	0.0
221.358538752	1.7880683E-4	0.0
221.360488448	3.469278E-4	0.0
221.362454528	5.4842734E-4	0.0
221.364404224	2.6175345E-4	0.0
221.36635392	3.0249392E-4	0.0
221.36832	5.0956046E-4	0.0
221.370269696	4.5449322E-4	0.0
221.372219392	5.9079344E-4	0.0
221.374185472	7.120351E-4	0.0
221.376135168	7.3843205E-4	0.0
221.378084864	3.4292706E-4	0.0
221.380050944	4.150077E-4	0.0
221.38200064	8.0499914E-5	0.0
221.383950336	2.5054545E-4	0.0
221.385916416	1.7899706E-4	0.0
221.387866112	3.432025E-4	0.0
221.389815808	4.882667E-4	0.0
221.391765504	5.388531E-4	0.0
221.393731584	3.4939742E-4	0.0
221.39568128	3.103983E-4	0.0
221.397630976	6.3602335E-4	0.0
221.399597056	-5.6945373E-5	0.0
221.401546752	5.7590904E-4	0.0
221.403496448	3.9598264E-4	0.0
221.405462528	-5.6372377E-5	0.0
221.407412224	7.126306E-5	0.0
221.40936192	2.0771252E-4	0.0
221.411328	5.042247E-4	0.0
221.413277696	2.9592298E-4	0.0
221.415227392	8.244553E-4	0.0
221.417177088	5.9456343E-4	0.0
221.419143168	-1.4489505E-4	0.0
221.421092864	-2.6196113E-4	0.0
221.42304256	-4.8994207E-5	0.0
221.42500864	1.7827258E-5	0.0
221.426958336	-1.0573689E-4	0.0
221.428908032	1.3636716E-4	0.0
221.430874112	-2.544379E-4	0.0
221.432823808	2.389747E-4	0.0
221.434773504	5.707707E-4	0.0
221.436739584	2.2592035E-4	0.0
221.43868928	-8.463918E-5	0.0
221.440638976	1.7321424E-4	0.0
221.442588672	1.1450343E-4	0.0
221.444554752	8.5394015E-5	0.0
221.446504448	5.49684E-5	0.0
221.448454144	8.235115E-5	0.0
221.450420224	4.4921215E-4	0.0
221.45236992	2.5898812E-4	0.0
221.454319616	-3.255651E-4	0.0
221.456285696	-1.5734567E-4	0.0
221.458235392	2.945395E-4	0.0
221.460185088	9.228138E-5	0.0
221.462151168	3.2255088E-4	0.0
221.464100864	2.9429083E-4	0.0
221.46605056	1.9252149E-4	0.0
221.468000256	-8.292834E-5	0.0
221.469966336	-6.0516195E-6	0.0
221.471916032	2.0914164E-4	0.0
221.473865728	-1.4250458E-4	0.0
221.475831808	-8.6417305E-5	0.0
221.477781504	-1.29155E-4	0.0
221.4797312	1.3583142E-4	0.0
221.48169728	2.7503597E-4	0.0
221.483646976	5.6985335E-4	0.0
221.485596672	3.0939875E-4	0.0
221.487562752	2.2572128E-4	0.0
221.489512448	6.5802014E-5	0.0
221.491462144	3.6413374E-4	0.0
221.49341184	5.636738E-4	0.0
221.49537792	-7.075595E-5	0.0
221.497327616	-9.977084E-5	0.0
221.499277312	-7.219694E-5	0.0
221.501243392	2.733831E-4	0.0
221.503193088	3.8309663E-4	0.0
221.505142784	1.3109588E-4	0.0
221.507108864	1.3162463E-4	0.0
221.50905856	-2.388994E-5	0.0
221.511008256	2.2921606E-4	0.0
221.512974336	1.316109E-4	0.0
221.514924032	6.8315875E-4	0.0
221.516873728	-1.3194105E-4	0.0
221.518823424	2.2070238E-4	0.0
221.520789504	3.9899268E-4	0.0
221.5227392	5.5752807E-5	0.0
221.524688896	1.344831E-4	0.0
221.526654976	1.1678401E-4	0.0
221.528604672	5.4129512E-5	0.0
221.530554368	1.8350047E-4	0.0
221.532520448	2.3559376E-4	0.0
221.534470144	-1.7944945E-4	0.0
221.53641984	2.5439158E-4	0.0
221.53838592	3.7947472E-4	0.0
221.540335616	6.2664005E-4	0.0
221.542285312	7.016418E-4	0.0
221.544235008	5.314463E-4	0.0
221.546201088	5.7549274E-4	0.0
221.548150784	2.9696955E-4	0.0
221.55010048	-7.659651E-5	0.0
221.55206656	-2.822344E-4	0.0
221.554016256	1.1744525E-4	0.0
221.555965952	6.949052E-5	0.0
221.557932032	3.1501998E-4	0.0
221.559881728	1.1213006E-5	0.0
221.561831424	8.130295E-5	0.0
221.563797504	2.423569E-5	0.0
221.5657472	-1.0948979E-5	0.0
221.567696896	1.1312228E-4	0.0
221.569646592	1.6610406E-4	0.0
221.571612672	7.78822E-5	0.0
221.573562368	3.22468E-4	0.0
221.575512064	2.3597444E-4	0.0
221.577478144	6.7314813E-6	0.0
221.57942784	-2.6631054E-5	0.0
221.581377536	2.1754263E-4	0.0
221.583343616	-2.0907046E-6	0.0
221.585293312	-5.0768376E-5	0.0
221.587243008	-3.7660539E-7	0.0
221.589209088	1.9902585E-4	0.0
221.591158784	2.4806464E-4	0.0
221.59310848	4.1178905E-4	0.0
221.595058176	-2.145942E-5	0.0
221.597024256	-6.796967E-5	0.0
221.598973952	9.5401076E-5	0.0
221.600923648	3.5772135E-4	0.0
221.602889728	2.1609792E-4	0.0
221.604839424	2.2298947E-4	0.0
221.60678912	2.7822552E-4	0.0
221.6087552	5.6884077E-4	0.0
221.610704896	3.6694307E-4	0.0
221.612654592	5.0832855E-4	0.0
221.614620672	3.4900394E-4	0.0
221.616570368	9.591656E-5	0.0
221.618520064	4.2772864E-4	0.0
221.62046976	2.4161779E-4	0.0
221.62243584	2.4292676E-4	0.0
221.624385536	3.2960635E-4	0.0
221.626335232	1.6018574E-4	0.0
221.628301312	3.5853556E-4	0.0
221.630251008	2.1081849E-4	0.0
221.632200704	3.0596388E-5	0.0
221.634166784	-3.5660927E-5	0.0
221.63611648	1.6706495E-4	0.0
221.638066176	2.3598678E-4	0.0
221.640032256	-2.5175663E-4	0.0
221.641981952	-3.053596E-4	0.0
221.643931648	-2.7432234E-4	0.0
221.645881344	-1.5263098E-5	0.0
221.647847424	-8.563849E-5	0.0
221.64979712	1.32845E-5	0.0
221.651746816	3.002436E-4	0.0
221.653712896	-2.6124308E-4	0.0
221.655662592	2.5487656E-4	0.0
221.657612288	1.2419501E-4	0.0
221.659578368	3.09958E-4	0.0
221.661528064	4.9458153E-4	0.0
221.66347776	-5.6795197E-5	0.0
221.66544384	1.393574E-4	0.0
221.667393536	1.5951449E-4	0.0
221.669343232	5.6063403E-5	0.0
221.671309312	3.56856E-5	0.0
221.673259008	-3.3578963E-4	0.0
221.675208704	-3.638596E-5	0.0
221.6771584	-8.889276E-5	0.0
221.67912448	-5.3659332E-6	0.0
221.681074176	1.3615645E-4	0.0
221.683023872	6.1345636E-5	0.0
221.684989952	3.288592E-4	0.0
221.686939648	3.9494003E-4	0.0
221.688889344	5.3795066E-4	0.0
221.690855424	-3.0230673E-4	0.0
221.69280512	-3.1857833E-4	0.0
221.694754816	7.4377866E-5	0.0
221.696720896	1.7285196E-4	0.0
221.698670592	-8.409831E-5	0.0
221.700620288	-1.6426786E-5	0.0
221.702569984	1.8405843E-5	0.0
221.704536064	-1.652363E-4	0.0
221.70648576	-1.18880416E-4	0.0
221.708435456	8.599728E-5	0.0
221.710401536	-4.2605567E-5	0.0
221.712351232	1.7869205E-4	0.0
221.714300928	-1.4185288E-4	0.0
221.716267008	-1.0933133E-4	4.480524040673117E-8
221.718216704	-4.039554E-5	9.295449387991539E-8
221.7201664	-2.0432321E-4	1.8650234778760932E-7
221.72213248	-1.4408969E-4	3.6188740182296897E-7
221.724082176	6.86203E-4	6.791095756852883E-7
221.726031872	5.1320007E-4	1.232464455824811E-6
221.727981568	2.1279312E-4	2.1631160507240565E-6
221.729947648	6.0143528E-5	3.6715148326038616E-6
221.731897344	2.8837717E-4	6.026561095495708E-6
221.73384704	2.2414129E-4	9.566205335431732E-6
221.73581312	6.0115836E-4	1.468411664973246E-5
221.737762816	8.238631E-5	2.179646799049806E-5
221.739712512	-1.6650034E-4	3.12853189825546E-5
221.741678592	-4.4861517E-4	4.342183819971979E-5
221.743628288	8.359586E-5	5.827519271406345E-5
221.745577984	4.9608864E-4	7.562672544736415E-5
221.747544064	1.9484747E-4	9.490607772022486E-5
221.74949376	8.4004016E-5	1.1517667735461146E-4
221.751443456	3.1517102E-6	1.3518199557438493E-4
221.753393152	1.4781079E-4	1.534588518552482E-4
221.755359232	3.6250486E-4	1.6850893734954298E-4
221.757308928	2.2194313E-4	1.7899664817377925E-4
221.759258624	3.7625188E-4	1.839429314713925E-4
221.761224704	5.765917E-4	1.8287304555997252E-4
221.7631744	4.3316756E-4	1.758903672453016E-4
221.765124096	8.230971E-5	1.63660166435875E-4
221.767090176	2.9876537E-4	1.473073207307607E-4
221.769039872	1.8914009E-4	1.28247746033594E-4
221.770989568	2.9677514E-4	1.0798945731949061E-4
221.772955648	6.007751E-4	8.79394865478389E-5
221.774905344	7.3941646E-4	6.92514659021981E-5
221.77685504	6.838109E-4	5.2734721975866705E-5
221.778804736	3.4568284E-4	3.883084355038591E-5
221.780770816	1.1971954E-4	2.7648133254842833E-5
221.782720512	8.2991587E-4	1.9035665900446475E-5
221.784670208	5.691574E-4	1.2673360288317781E-5
221.786636288	2.6034715E-4	8.15919065644266E-6
221.788585984	3.938576E-4	5.079769834992476E-6
221.79053568	1.4906062E-4	3.058383526877151E-6
221.79250176	-5.726342E-5	1.7807387848733924E-6
221.794451456	7.388892E-5	1.0027023336078855E-6
221.796401152	-2.5809382E-4	5.460256602418667E-7
221.798367232	4.6691915E-4	2.8755860626006324E-7
221.800316928	1.9459182E-4	1.464583334609415E-7
221.802266624	-2.289993E-4	7.214018182821746E-8
221.80421632	2.056415E-4	0.0
221.8061824	6.281503E-5	0.0
221.808132096	3.3430635E-5	0.0
221.810081792	-1.0296458E-4	0.0
221.812047872	4.1966734E-4	0.0
221.813997568	4.4782844E-4	0.0
221.815947264	-5.20231E-5	0.0
221.817913344	1.5571702E-4	0.0
221.81986304	1.4971301E-4	0.0
221.821812736	-3.230978E-4	0.0
221.823778816	2.2588007E-4	0.0
221.825728512	1.8242106E-4	0.0
221.827678208	1.0135805E-4	0.0
221.829627904	2.9422028E-4	0.0
221.831593984	-8.0027734E-5	0.0
221.83354368	-1.0013243E-4	0.0
221.835493376	-1.7450366E-4	0.0
221.837459456	1.8179754E-4	0.0
221.839409152	3.7268398E-4	0.0
221.841358848	4.0516478E-4	0.0
221.843324928	6.872404E-5	0.0
221.845274624	3.249388E-4	0.0
221.84722432	-2.2910524E-4	0.0
221.8491904	-6.9561764E-5	0.0
221.851140096	1.577934E-4	0.0
221.853089792	2.6703265E-4	0.0
221.855039488	-8.1839156E-5	0.0
221.857005568	-4.299091E-4	0.0
221.858955264	-1.9183394E-4	0.0
221.86090496	2.8817414E-4	0.0
221.86287104	-4.0593452E-4	0.0
221.864820736	-3.7406536E-4	0.0
221.866770432	2.126618E-4	0.0
