219.99607808	-1.14623335E-5	0.0
219.99804416	1.6781478E-5	0.0
219.999993856	-1.8187869E-6	0.0
220.001943552	-1.1534293E-5	0.0
220.003909632	2.2472965E-5	0.0
220.005859328	3.6096273E-5	0.0
220.007809024	-4.857409E-5	0.0
220.009775104	2.4994501E-6	0.0
220.0117248	1.9160185E-5	0.0
220.013674496	-1.3545957E-5	0.0
220.015624192	-2.594455E-6	0.0
220.017590272	-4.5948338E-5	0.0
220.019539968	-1.10852425E-5	0.0
220.021489664	-8.169643E-5	0.0
220.023455744	-6.731282E-5	0.0
220.02540544	-7.425044E-5	0.0
220.027355136	-2.5584794E-5	0.0
220.029321216	-1.0795019E-5	0.0
220.031270912	-5.0415216E-5	0.0
220.033220608	-7.850826E-5	4.1367148595483627E-10
220.035186688	-2.6229472E-5	1.0178111686798275E-9
220.037136384	9.806262E-5	2.372467777789211E-9
220.03908608	1.07785076E-4	5.239084721608833E-9
220.041035776	3.243694E-5	1.0960625296263515E-8
220.043001856	-1.7676097E-5	2.1723632670500592E-8
220.044951552	-1.3494174E-4	4.078971116427965E-8
220.046901248	-3.573778E-5	7.255879097556317E-8
220.048867328	4.664695E-5	1.2227833678934985E-7
220.050817024	-7.054056E-5	1.9522218508427613E-7
220.05276672	-2.117998E-5	2.9527652145588945E-7
220.0547328	7.87343E-5	4.2310520598221046E-7
220.056682496	1.2198251E-5	5.743667657043261E-7
220.058632192	-4.3361517E-5	7.386682341348205E-7
220.060598272	-3.676336E-5	8.999768965622934E-7
220.062547968	4.2082916E-5	1.038810410136648E-6
220.064497664	-3.0191042E-5	1.135966385845677E-6
220.06644736	6.0817576E-5	1.176846581074642E-6
220.06841344	-3.626975E-5	1.1550471299415221E-6
220.070363136	5.3334647E-6	1.074001488632348E-6
220.072312832	1.2630889E-4	9.460948717787687E-7
220.074278912	-1.824205E-5	7.895649787315051E-7
220.076228608	-5.582814E-5	6.242557901714463E-7
220.078178304	-5.8085036E-5	4.6758322014284204E-7
220.080144384	8.082995E-5	3.317992423035321E-7
220.08209408	-4.2008337E-6	2.2305496827357274E-7
220.084043776	2.034992E-5	1.4205842546743952E-7
220.086009856	3.3180397E-5	8.571232257281736E-8
220.087959552	1.7028795E-5	4.8993648249506805E-8
220.089909248	-4.757916E-5	2.6531216335001773E-8
220.091858944	-3.7057485E-5	1.3611117566370012E-8
220.093825024	-7.3608426E-5	6.615350933714126E-9
220.09577472	3.13056E-5	3.046026986197603E-9
220.097724416	5.2215983E-5	1.3287283495699853E-9
220.099690496	-1.2849917E-5	5.491079813069177E-10
220.101640192	-4.0897805E-5	0.0
220.103589888	-1.1272462E-4	0.0
220.105555968	-2.91624E-5	0.0
220.107505664	-3.5912053E-5	0.0
220.10945536	-1.0394591E-6	0.0
220.11142144	1.0699876E-4	0.0
220.113371136	1.353956E-4	0.0
220.115320832	-1.5232553E-5	0.0
220.117270528	-5.9906775E-5	0.0
220.119236608	-3.0262852E-5	0.0
220.121186304	8.9821144E-5	0.0
220.123136	3.342537E-5	0.0
220.12510208	2.3122155E-5	0.0
220.127051776	1.958385E-5	0.0
220.129001472	2.1440295E-5	0.0
220.130967552	-8.464319E-5	0.0
220.132917248	-9.2461465E-5	0.0
220.134866944	-5.4728698E-5	0.0
220.136833024	3.949902E-5	0.0
220.13878272	9.705093E-5	0.0
220.140732416	1.2778275E-4	0.0
220.142682112	1.12874506E-4	0.0
220.144648192	9.771751E-5	0.0
220.146597888	1.060768E-4	0.0
220.148547584	-6.068234E-7	0.0
220.150513664	-8.22657E-5	0.0
220.15246336	4.3738764E-5	0.0
220.154413056	-2.7555698E-5	0.0
220.156379136	2.2177833E-6	0.0
220.158328832	-8.316057E-6	0.0
220.160278528	-1.5664826E-5	0.0
220.162244608	-1.849577E-5	0.0
220.164194304	2.1567603E-5	0.0
220.166144	1.9187994E-4	0.0
220.168093696	2.4961771E-5	0.0
220.170059776	-3.4625773E-5	0.0
220.172009472	7.898627E-5	0.0
220.173959168	3.9888473E-5	0.0
220.175925248	-6.439304E-6	0.0
220.177874944	2.0920239E-5	1.4538417580922669E-8
220.17982464	2.2900536E-5	4.437121958744683E-8
220.18179072	1.1294112E-5	1.2516986203081615E-7
220.183740416	-8.39909E-6	3.263762948790827E-7
220.185690112	6.179506E-5	7.86580585554475E-7
220.187656192	3.0570496E-5	1.7520794699521502E-6
220.189605888	-3.162456E-5	3.6068877307116054E-6
220.191555584	-1.1085679E-5	6.861863312224159E-6
220.19350528	4.530583E-5	1.2062740097462665E-5
220.19547136	-3.1461575E-5	1.9593686374719255E-5
220.197421056	-2.5919524E-5	2.9407614420051686E-5
220.199370752	1.0514044E-4	4.078689744346775E-5
220.201336832	7.945494E-5	5.2286912250565365E-5
220.203286528	-2.9834935E-5	6.197382026584819E-5
220.205236224	-1.2490034E-7	6.793504871893674E-5
220.207202304	1.2868445E-4	6.888691132189706E-5
220.209152	7.973249E-5	6.461770681198686E-5
220.211101696	3.2959135E-5	5.6062755902530625E-5
220.213067776	2.4410097E-6	4.4976721255807206E-5
220.215017472	-3.567185E-5	3.335468136356212E-5
220.216967168	-7.275702E-5	2.2859821910969913E-5
220.218933248	-1.1550721E-4	1.4476754586212337E-5
220.220882944	-8.984489E-5	8.470978173136245E-6
220.22283264	-8.5083675E-6	4.580158929456957E-6
220.224782336	2.2955222E-5	2.288461246280349E-6
220.226748416	-5.7087087E-5	1.056724499903794E-6
220.228698112	8.1681055E-6	4.5098497025719553E-7
220.230647808	4.004242E-6	1.778939378027644E-7
220.232613888	4.9217502E-5	6.485966963509782E-8
220.234563584	-8.5207925E-5	2.185769432117013E-8
220.23651328	-1.2105869E-4	0.0
220.23847936	-3.0361973E-5	0.0
220.240429056	6.411513E-5	0.0
220.242378752	5.3923955E-5	0.0
220.244344832	-2.698276E-5	0.0
220.246294528	4.593974E-5	0.0
220.248244224	1.0756949E-5	0.0
220.25019392	-6.648074E-5	0.0
220.25216	2.6997344E-5	0.0
220.254109696	1.6619893E-5	0.0
220.256059392	-3.5292993E-5	0.0
220.258025472	-4.9966926E-5	0.0
220.259975168	1.4558332E-5	0.0
220.261924864	8.1701466E-5	0.0
220.263890944	3.011499E-5	0.0
220.26584064	2.7923217E-5	0.0
220.267790336	-2.8872671E-5	0.0
220.269756416	9.594983E-5	0.0
220.271706112	9.883943E-5	0.0
220.273655808	-4.4511627E-5	0.0
220.275605504	-3.3045664E-5	0.0
220.277571584	1.7908254E-5	0.0
220.27952128	-1.935538E-5	0.0
220.281470976	1.8641947E-5	0.0
220.283437056	4.0180952E-5	0.0
220.285386752	2.502062E-5	0.0
220.287336448	-1.5814601E-5	0.0
220.289302528	-8.802713E-5	0.0
220.291252224	-2.2357358E-6	0.0
220.29320192	-3.489452E-5	0.0
220.295168	-2.8229339E-5	0.0
220.297117696	5.6314225E-6	0.0
220.299067392	6.6032546E-5	0.0
220.301017088	-5.9470316E-5	0.0
220.302983168	-1.2446982E-4	0.0
220.304932864	5.4421005E-5	0.0
220.30688256	-5.2133193E-5	0.0
220.30884864	4.642087E-5	0.0
220.310798336	8.16406E-6	0.0
220.312748032	2.8309338E-5	0.0
220.314714112	2.6692845E-5	0.0
220.316663808	-9.7256425E-6	0.0
220.318613504	9.686612E-6	0.0
220.320579584	-6.513955E-6	0.0
220.32252928	-5.58062E-5	0.0
220.324478976	-2.9492765E-5	0.0
220.326428672	-6.049155E-5	0.0
220.328394752	-3.7817113E-5	0.0
220.330344448	-1.19756376E-4	0.0
220.332294144	7.881949E-6	0.0
220.334260224	1.1324067E-5	0.0
220.33620992	-7.495916E-5	0.0
220.338159616	-1.16140094E-4	0.0
220.340125696	-1.2733563E-4	0.0
220.342075392	-8.239257E-5	0.0
220.344025088	-3.3327666E-5	0.0
220.345991168	1.7733071E-5	0.0
220.347940864	2.607524E-5	0.0
220.34989056	7.315494E-6	0.0
220.351840256	1.7271244E-5	0.0
220.353806336	8.712929E-6	0.0
220.355756032	-2.0211048E-5	0.0
220.357705728	7.052584E-5	0.0
220.359671808	1.1638833E-4	0.0
220.361621504	9.811524E-5	0.0
220.3635712	3.7606922E-5	3.326728403862944E-7
220.36553728	-5.309058E-5	8.919924994188477E-7
220.367486976	-7.2362977E-6	2.2470628664450487E-6
220.369436672	1.3215779E-5	5.317982868291438E-6
220.371402752	4.7885944E-5	1.1820561667263974E-5
220.373352448	-3.7272737E-5	2.466632031428162E-5
220.375302144	-1.15144416E-4	4.82951472804416E-5
220.37725184	1.11782894E-4	8.865010750014335E-5
220.37921792	1.7613742E-4	1.5240904758684337E-4
220.381167616	2.490457E-4	2.4518734426237643E-4
220.383117312	4.1431357E-4	3.6889914190396667E-4
220.385083392	5.6772656E-4	5.191999371163547E-4
220.387033088	6.569566E-4	6.844645249657333E-4
220.388982784	9.031445E-4	8.472674526274204E-4
220.390948864	9.744327E-4	9.880170691758394E-4
220.39289856	9.958716E-4	0.0010891249403357506
220.394848256	0.0011641103	0.0011380852665752172
220.396814336	0.001026395	0.0011289829853922129
220.398764032	0.0010775859	0.0010629169410094619
220.400713728	0.0010222427	9.479420259594917E-4
220.402663424	8.373313E-4	7.983830873854458E-4
220.404629504	6.2883156E-4	6.328614545054734E-4
220.4065792	5.10815E-4	4.707390326075256E-4
220.408528896	3.3355295E-4	3.279225784353912E-4
220.410494976	1.7575845E-4	2.1377198572736233E-4
220.412444672	1.0163523E-4	1.304539036937058E-4
220.414394368	3.9799168E-5	7.460399501724169E-5
220.416360448	-6.234569E-5	4.004239599453285E-5
220.418310144	-1.914668E-4	2.0205940018058755E-5
220.42025984	-9.4732364E-5	9.604338629287668E-6
220.42222592	-9.494645E-5	4.30959426012123E-6
220.424175616	-5.217423E-5	1.8304923514733673E-6
220.426125312	-1.4249588E-4	7.386122433672426E-7
220.428075008	-1.5287478E-4	4.5128334846822327E-8
220.430041088	-1.3885008E-4	2.2998221993475454E-8
220.431990784	-1.21957244E-4	1.1107794684050987E-8
220.43394048	-6.7955596E-5	5.084557663792566E-9
220.43590656	-9.929289E-6	2.2058008752878777E-9
220.437856256	-2.1820679E-5	9.069208162237885E-10
220.439805952	-3.3086304E-5	0.0
220.441772032	-8.848516E-5	0.0
220.443721728	-5.5787703E-5	0.0
220.445671424	-1.2624568E-4	0.0
220.447637504	2.2387741E-5	0.0
220.4495872	2.9787187E-5	0.0
220.451536896	-1.2664887E-4	0.0
220.453486592	6.216526E-5	0.0
220.455452672	7.097378E-5	0.0
220.457402368	9.44763E-5	0.0
220.459352064	5.812575E-5	0.0
220.461318144	4.0091356E-5	0.0
220.46326784	8.154234E-5	0.0
220.465217536	1.7276643E-5	0.0
220.467183616	-1.1624804E-4	0.0
220.469133312	-6.310157E-5	0.0
220.471083008	-2.2769937E-5	0.0
220.473049088	-8.331439E-5	0.0
220.474998784	-1.00446036E-4	0.0
220.47694848	-7.484761E-5	0.0
220.478898176	-4.2399395E-5	0.0
220.480864256	-4.7568625E-5	0.0
220.482813952	-8.6186395E-5	0.0
220.484763648	-1.3910055E-4	0.0
220.486729728	-3.3059863E-5	0.0
220.488679424	-3.4988494E-5	0.0
220.49062912	-7.046172E-5	0.0
220.4925952	-2.4564515E-5	0.0
220.494544896	1.2726074E-6	0.0
220.496494592	-2.5081821E-5	0.0
220.498460672	-7.435786E-5	0.0
220.500410368	2.9559747E-5	0.0
220.502360064	5.538312E-5	0.0
220.504326144	1.5392025E-5	0.0
220.50627584	1.8082317E-5	0.0
220.508225536	-6.7024564E-5	0.0
220.510175232	-4.994653E-5	0.0
220.512141312	-2.5039567E-6	0.0
220.514091008	3.0300855E-5	0.0
220.516040704	4.0925748E-5	0.0
220.518006784	1.4469174E-4	0.0
220.51995648	4.663154E-5	0.0
220.521906176	-6.3295533E-6	0.0
220.523872256	6.1228755E-5	0.0
220.525821952	4.2437474E-5	0.0
220.527771648	-3.4523923E-6	0.0
220.529737728	7.332518E-5	0.0
220.531687424	3.4876517E-5	0.0
220.53363712	5.4782563E-6	0.0
220.535586816	-6.933622E-5	0.0
220.537552896	-4.807705E-5	0.0
220.539502592	8.893784E-5	0.0
220.541452288	4.1976222E-5	0.0
220.543418368	6.6875305E-5	0.0
220.545368064	-4.4147877E-5	0.0
220.54731776	-1.4659857E-4	0.0
220.54928384	-6.697865E-5	0.0
220.551233536	6.928656E-5	0.0
220.553183232	7.6530414E-5	2.7044933403885807E-8
220.555149312	-1.9035573E-5	7.038313043494782E-8
220.557099008	-1.015355E-4	1.7206615154918836E-7
220.559048704	3.600774E-5	3.951471967411635E-7
220.5609984	-5.9629678E-5	8.524002623744309E-7
220.56296448	-1.2604732E-5	1.7271796650675242E-6
220.564914176	2.0144687E-5	3.2870573249965673E-6
220.566863872	-3.721137E-6	5.875109309272375E-6
220.568829952	-4.2672447E-5	9.860995305643883E-6
220.570779648	1.7484168E-5	1.554152913740836E-5
220.572729344	-1.1585756E-5	2.299968218721915E-5
220.574695424	7.3012184E-6	3.196194666088559E-5
220.57664512	7.46914E-5	4.171602631686255E-5
220.578594816	1.4438119E-4	5.115110252518207E-5
220.580560896	1.9148416E-4	5.894331479794346E-5
220.582510592	-1.8042932E-6	6.38529090792872E-5
220.584460288	8.399917E-5	6.504123302875087E-5
220.586409984	7.242871E-5	6.229919381439686E-5
220.588376064	4.102924E-5	5.610570951830596E-5
220.59032576	3.636013E-5	4.749485742649995E-5
220.592275456	6.5280576E-5	3.777924939640798E-5
220.594241536	-7.5978182E-6	2.8228552764630876E-5
220.596191232	2.6596803E-5	1.9808256183750927E-5
220.598140928	5.556902E-5	1.305183923250297E-5
220.600107008	7.928923E-6	8.075168807408772E-6
220.602056704	-3.1275395E-5	4.696665200754069E-6
220.6040064	2.5658306E-5	2.5713093236845452E-6
220.60597248	4.9429465E-5	1.3367390465646167E-6
220.607922176	1.01707585E-4	6.831764949311037E-7
220.609871872	7.298064E-7	3.8820596159894194E-7
220.611821568	-3.683681E-5	3.164810493672121E-7
220.613787648	9.79008E-7	4.0399888234787795E-7
220.615737344	2.546208E-5	6.391580313902523E-7
220.61768704	3.4017066E-5	1.0397836831543827E-6
220.61965312	9.272898E-5	1.669148332439363E-6
220.621602816	6.3767395E-5	2.5690128495625686E-6
220.623552512	-8.4521025E-6	3.791041763179237E-6
220.625518592	8.2291435E-6	5.363722721085651E-6
220.627468288	2.9903638E-5	7.276014002854936E-6
220.629417984	7.789652E-5	9.463257811148651E-6
220.631384064	9.156804E-5	1.1800951142504346E-5
220.63333376	-5.5639044E-5	1.4110119991528336E-5
220.635283456	6.368778E-5	1.6176803910639137E-5
220.637233152	1.1510062E-5	1.7783453586162068E-5
220.639199232	-1.2267916E-4	1.8746062778518535E-5
220.641148928	-1.1074376E-4	1.895974128274247E-5
220.643098624	-1.0354579E-4	1.8390846889815293E-5
220.645064704	-1.060185E-5	1.7121930795838125E-5
220.6470144	9.780654E-6	1.531766429252457E-5
220.648964096	-2.56878E-5	1.3202849913795944E-5
220.650930176	5.9819345E-6	1.102869828173425E-5
220.652879872	-5.4328564E-5	9.040684744832106E-6
220.654829568	-3.4037897E-5	7.454521892213961E-6
220.656795648	-5.9333847E-6	6.442526228056522E-6
220.658745344	1.8603843E-5	6.128533186711138E-6
220.66069504	1.9067678E-5	6.586296422028681E-6
220.662644736	5.8748833E-6	7.836985787434969E-6
220.664610816	-4.441497E-5	9.840770871960558E-6
220.666560512	-5.492068E-5	1.2488490938267205E-5
220.668510208	-4.043098E-6	1.559338670631405E-5
220.670476288	-3.9454735E-5	1.891888678073883E-5
220.672425984	-1.1025328E-4	2.2127933334559202E-5
220.67437568	-5.15379E-5	2.4908909836085513E-5
220.67634176	1.095682E-5	2.697996751521714E-5
220.678291456	3.7822451E-6	2.8158106943010353E-5
220.680241152	3.9282154E-6	2.8405116609064862E-5
220.682207232	6.2692257E-6	2.78713177976897E-5
220.684156928	-3.0577998E-5	2.686595507839229E-5
220.686106624	-9.087112E-6	2.5845221898634918E-5
220.68805632	7.467538E-5	2.5341572836623527E-5
220.6900224	1.19546254E-4	2.5880708562908694E-5
220.691972096	6.4145366E-5	2.7907199182664044E-5
220.693921792	-1.5902378E-5	3.165033194818534E-5
220.695887872	1.5244593E-5	3.711763201863505E-5
220.697837568	7.147233E-5	4.402889680932276E-5
220.699787264	2.0294731E-4	5.183709799894132E-5
220.701753344	9.894582E-5	5.979433626635E-5
220.70370304	1.7725133E-5	6.707689317408949E-5
220.705652736	2.6881547E-5	7.289600762305781E-5
220.707618816	1.12686044E-4	7.669929618714377E-5
220.709568512	5.493489E-5	7.823272608220577E-5
220.711518208	7.763889E-5	7.763965550111607E-5
220.713467904	6.874335E-5	7.541704690083861E-5
220.715433984	1.0372154E-4	7.232149073388427E-5
220.71738368	1.0770119E-5	6.921959720784798E-5
220.719333376	-2.3276896E-5	6.692090391879901E-5
220.721299456	1.8575045E-5	6.605705857509747E-5
220.723249152	2.7014035E-5	6.697803473798558E-5
220.725198848	6.146959E-5	6.976317672524601E-5
220.727164928	9.041268E-5	7.425821968354285E-5
220.729114624	3.142153E-5	8.014199556782842E-5
220.73106432	1.0997213E-4	8.698797319084406E-5
220.7330304	9.252755E-5	9.429929923499003E-5
220.734980096	1.4238725E-4	1.0151539026992396E-4
220.736929792	1.8849656E-4	1.080138681572862E-4
220.738879488	1.53123E-4	1.1312485003145412E-4
220.740845568	6.4294276E-5	1.1618070129770786E-4
220.742795264	1.2299443E-4	1.1660185555228963E-4
220.74474496	1.7307726E-4	1.1400171933928505E-4
220.74671104	1.3525785E-4	1.0827968799276277E-4
220.748660736	8.153236E-5	9.966138895833865E-5
220.750610432	3.377354E-5	8.873466867953539E-5
220.752576512	1.5311326E-4	7.628479215782136E-5
220.754526208	1.6648443E-4	6.323847628664225E-5
220.756475904	1.00849924E-4	5.049636456533335E-5
220.758441984	3.799655E-5	3.88071384804789E-5
220.76039168	-4.6512818E-5	2.868531009880826E-5
220.762341376	-5.521449E-6	2.038434104179032E-5
220.764291072	3.4051598E-5	1.3921071513323113E-5
220.766257152	5.847955E-6	9.134317224379629E-6
220.768206848	-3.114204E-5	5.757381586590782E-6
220.770156544	-3.73086E-5	3.47947093359835E-6
220.772122624	2.5054147E-5	2.0239285731804557E-6
220.77407232	4.641428E-5	1.1303268365736585E-6
220.776022016	9.9605124E-5	6.060625992176938E-7
220.777988096	1.2059105E-4	3.1196964300761465E-7
220.779937792	2.517094E-5	1.541566945206796E-7
220.781887488	-1.3634076E-5	7.312035421591645E-8
220.783853568	3.731124E-5	2.884254435286948E-8
220.785803264	8.061153E-5	1.2752024325379807E-8
220.78775296	-2.6935546E-5	0.0
220.789702656	-2.2912902E-5	0.0
220.791668736	1.1097231E-5	0.0
220.793618432	1.01785816E-4	0.0
220.795568128	5.5091252E-5	0.0
220.797534208	2.4373644E-6	0.0
220.799483904	5.362663E-5	0.0
220.8014336	5.724952E-5	0.0
220.80339968	9.069835E-5	0.0
220.805349376	7.215893E-6	0.0
220.807299072	1.968201E-5	0.0
220.809265152	4.1284904E-5	0.0
220.811214848	-1.8136556E-5	0.0
220.813164544	-1.7109918E-5	0.0
220.815130624	-2.1461276E-5	0.0
220.81708032	8.2647864E-5	0.0
220.819030016	-8.738251E-6	0.0
220.820979712	3.5292964E-5	0.0
220.822945792	2.9282854E-5	0.0
220.824895488	1.8842335E-5	0.0
220.826845184	3.7930542E-5	0.0
220.828811264	6.66587E-5	0.0
220.83076096	-7.795411E-6	0.0
220.832710656	3.6557278E-5	0.0
220.834676736	6.964417E-5	0.0
220.836626432	8.8110755E-5	0.0
220.838576128	1.908624E-5	0.0
220.840542208	3.0704956E-5	0.0
220.842491904	-1.3507853E-5	0.0
220.8444416	6.8218375E-5	0.0
220.846391296	-8.110962E-6	0.0
220.848357376	1.27617595E-5	0.0
220.850307072	4.7315698E-5	0.0
220.852256768	1.2991633E-4	0.0
220.854222848	1.302782E-4	0.0
220.856172544	3.826336E-5	0.0
220.85812224	6.130824E-5	0.0
220.86008832	3.5043909E-6	0.0
220.862038016	-8.599345E-5	0.0
220.863987712	5.3702156E-6	0.0
220.865953792	-3.156077E-5	0.0
220.867903488	3.258139E-5	0.0
220.869853184	6.588138E-6	0.0
220.87180288	8.029661E-5	0.0
220.87376896	6.859048E-5	0.0
220.875718656	8.192008E-5	0.0
220.877668352	5.9289276E-5	0.0
220.879634432	-1.6780732E-5	0.0
220.881584128	-6.322071E-5	0.0
220.883533824	-1.8819077E-5	0.0
220.885499904	-2.1460373E-5	0.0
220.8874496	1.3802043E-6	0.0
220.889399296	8.4497384E-5	0.0
220.891365376	3.900878E-5	0.0
220.893315072	1.9782338E-4	0.0
220.895264768	1.16330455E-4	0.0
220.897214464	2.3000744E-6	0.0
220.899180544	2.6967979E-5	0.0
220.90113024	4.62865E-5	0.0
220.903079936	3.3560515E-5	0.0
220.905046016	-1.4979277E-5	0.0
220.906995712	9.706432E-6	0.0
220.908945408	-2.2539318E-5	0.0
220.910911488	-4.2604162E-5	0.0
220.912861184	-1.654248E-5	0.0
220.91481088	8.366526E-5	0.0
220.91677696	6.091401E-5	0.0
220.918726656	8.522219E-6	0.0
220.920676352	-1.9654022E-5	0.0
220.922626048	-1.9715075E-5	8.042956578524496E-11
220.924592128	-1.3411024E-5	1.9510480731010915E-10
220.926541824	2.658399E-5	4.4856529601844386E-10
220.92849152	1.1726441E-4	9.774490106195799E-10
220.9304576	5.631421E-5	2.0187200799881566E-9
220.932407296	3.8054888E-5	3.951523996903461E-9
220.934356992	1.1317315E-5	7.331002915833551E-9
220.936323072	-4.216138E-5	1.289057216524725E-8
220.938272768	-8.240849E-5	2.1482925660620822E-8
220.940222464	1.0310747E-6	3.393299152776308E-8
220.942188544	5.512341E-5	5.0799656037270324E-8
220.94413824	-3.6965628E-7	7.215696484763612E-8
220.946087936	1.488663E-5	9.712136517237013E-8
220.948037632	4.9289797E-6	1.2398444937389286E-7
220.950003712	-2.656066E-5	1.5020393107079144E-7
220.951953408	-6.80119E-5	1.7286157572016236E-7
220.953903104	-9.755639E-5	1.89322250321311E-7
220.955869184	-1.1321369E-4	1.979553161390868E-7
220.95781888	-9.9825294E-5	1.9867788125793595E-7
220.959768576	-7.634256E-6	1.9310985521769908E-7
220.961734656	4.8594215E-5	1.8423915548737568E-7
220.963684352	2.7387307E-7	1.756556287091371E-7
220.965634048	1.2947173E-5	1.70567432178359E-7
220.967600128	5.6807447E-5	1.7089115544877131E-7
220.969549824	3.0195433E-5	1.7669462692992965E-7
220.97149952	8.103119E-5	1.8616648844727024E-7
220.973449216	6.233534E-5	1.9612379276168213E-7
220.975415296	2.6286527E-5	2.0290234203912405E-7
220.977364992	-1.2734862E-5	2.0335752992650669E-7
220.979314688	-9.1681E-6	1.9567804088183038E-7
220.981280768	-3.210538E-5	1.7978052824219048E-7
220.983230464	6.3167114E-5	1.5726058677500987E-7
220.98518016	5.9405415E-5	1.3072960314275406E-7
220.98714624	2.3754115E-5	1.032788219390568E-7
220.989095936	-1.6405176E-5	7.770919552285704E-8
220.991045632	-6.17907E-5	5.6081514543393496E-8
220.993011712	1.198962E-5	3.974108864213122E-8
220.994961408	1.03432525E-4	2.9181137506384403E-8
220.996911104	1.0353344E-4	2.4546761068222622E-8
220.9988608	5.560642E-5	2.582592628641578E-8
221.00082688	1.02407785E-5	3.299341599927175E-8
221.002776576	-3.3417177E-6	4.596833491632424E-8
221.004726272	4.6516085E-5	6.440448885314254E-8
221.006692352	6.1733226E-5	8.740050105870978E-8
221.008642048	7.122519E-5	1.1326616800033662E-7
221.010591744	3.569483E-5	1.3948282173714688E-7
221.012557824	4.7314375E-6	1.629077530651557E-7
221.01450752	4.7507667E-5	1.8045680860723223E-7
221.016457216	2.757929E-5	1.8946475677239505E-7
221.018423296	-7.322655E-5	1.885416907043691E-7
221.020372992	-2.5692332E-5	1.7783202110877028E-7
221.022322688	3.821921E-6	1.5897771277195716E-7
221.024272384	2.8779746E-6	1.3470557291839214E-7
221.026238464	6.6903915E-5	1.0818286000358057E-7
221.02818816	2.5603045E-5	8.234825799036116E-8
221.030137856	1.2020492E-5	5.94117928187643E-8
221.032103936	-1.3117038E-4	4.062695779794012E-8
221.034053632	-1.1683759E-4	2.6331701263870855E-8
221.036003328	-3.6724574E-5	1.617577716217511E-8
221.037969408	5.4539967E-5	9.418363866586787E-9
221.039919104	-1.6947708E-5	3.7251378870450935E-8
221.0418688	-2.3970637E-5	9.555092361779316E-8
221.04383488	-1.928775E-5	2.5000230152727454E-7
221.045784576	9.2286034E-5	6.16615920989716E-7
221.047734272	6.555268E-5	1.4115373687673127E-6
221.049683968	-5.249605E-5	2.990150733239716E-6
221.051650048	-4.7772737E-5	5.858101758349221E-6
221.053599744	3.3807446E-5	1.0611979632813018E-5
221.05554944	6.214784E-5	1.7773254512576386E-5
221.05751552	-2.1010435E-5	2.7520603907760233E-5
221.059465216	-2.1288144E-5	3.939984162570909E-5
221.061414912	1.270952E-4	5.216311910771765E-5
221.063380992	8.4307816E-5	6.388416659319773E-5
221.065330688	3.5145582E-5	7.239944534376264E-5
221.067280384	1.065345E-4	7.594833732582629E-5
221.069246464	6.232053E-5	7.375846325885504E-5
221.07119616	3.971065E-5	6.631574797211215E-5
221.073145856	3.6325597E-5	5.51940975128673E-5
221.075095552	1.3209945E-4	4.252385042491369E-5
221.077061632	-6.4691353E-6	3.0337483622133732E-5
221.079011328	3.0220732E-5	2.0064564523636363E-5
221.080961024	7.288346E-5	1.233673083333997E-5
221.082927104	4.5953493E-5	7.095626187947346E-6
221.0848768	2.3297054E-5	3.8681705518683884E-6
221.086826496	7.785171E-5	2.051434194072499E-6
221.088792576	6.4387714E-5	1.1066839533668826E-6
221.090742272	-5.4494674E-5	6.421620355467894E-7
221.092691968	6.039502E-6	4.1460739907961397E-7
221.094658048	-1.9003464E-5	2.9280488433869323E-7
221.096607744	-9.117358E-6	2.018176417095674E-7
221.09855744	8.630713E-5	1.5364220473657042E-7
221.10052352	1.1634473E-4	1.1086630280487952E-7
221.102473216	3.3098862E-5	7.582737993061528E-8
221.104422912	-6.710261E-5	4.915750295708676E-8
221.106372608	-2.7148724E-5	3.020585026547451E-8
221.108338688	1.50281185E-5	1.7592588719139712E-8
221.110288384	1.1488933E-5	9.711946802326565E-9
221.11223808	-4.1983072E-5	5.081833176490136E-9
221.11420416	-7.7721E-5	2.5204105469356364E-9
221.116153856	2.7157721E-5	1.1848410030879108E-9
221.118103552	7.4573356E-5	5.27943466721581E-10
221.120069632	4.8213624E-5	2.2297336199628148E-10
221.122019328	-6.0615944E-6	8.925986338947922E-11
221.123969024	-5.1644784E-5	0.0
221.125935104	9.050359E-6	0.0
221.1278848	2.0757032E-5	0.0
221.129834496	-3.46699E-5	0.0
221.131784192	-6.024305E-6	0.0
221.133750272	-5.4739718E-5	0.0
221.135699968	7.7376346E-5	0.0
221.137649664	4.4060478E-5	0.0
221.139615744	7.411781E-5	0.0
221.14156544	7.141875E-5	0.0
221.143515136	9.792034E-6	0.0
221.145481216	-5.3132044E-5	0.0
221.147430912	-5.4530137E-5	0.0
221.149380608	6.147145E-5	0.0
221.151346688	9.1834634E-5	0.0
221.153296384	1.3183383E-4	0.0
221.15524608	-1.3150676E-5	0.0
221.157195776	-4.366987E-5	0.0
221.159161856	6.5488595E-5	0.0
221.161111552	4.224242E-5	0.0
221.163061248	7.0799783E-6	0.0
221.165027328	3.3856268E-5	0.0
221.166977024	-3.5805224E-5	0.0
221.16892672	-6.4284235E-5	0.0
221.1708928	2.5718653E-5	0.0
221.172842496	-6.906242E-5	0.0
221.174792192	-6.1669874E-5	0.0
221.176758272	7.3801843E-6	0.0
221.178707968	3.5209436E-5	0.0
221.180657664	9.265309E-5	0.0
221.18260736	1.0986106E-5	0.0
221.18457344	-4.7766232E-5	0.0
221.186523136	1.39904505E-5	0.0
221.188472832	5.974053E-5	0.0
221.190438912	4.9555703E-5	0.0
221.192388608	8.902242E-6	0.0
221.194338304	-5.636915E-7	0.0
221.196304384	4.267857E-5	0.0
221.19825408	1.5855649E-5	0.0
221.200203776	-1.7002132E-5	0.0
221.202169856	1.7588134E-5	0.0
221.204119552	6.0786595E-5	0.0
221.206069248	1.0657072E-5	0.0
221.208018944	1.0772674E-4	0.0
221.209985024	1.659612E-4	0.0
221.21193472	4.3274107E-5	0.0
221.213884416	3.6399142E-5	0.0
221.215850496	1.275833E-4	0.0
221.217800192	1.3687238E-4	0.0
221.219749888	3.956248E-5	0.0
221.221715968	1.1825489E-5	0.0
221.223665664	5.8842474E-5	0.0
221.22561536	1.0964135E-4	0.0
221.22758144	2.2511374E-5	0.0
221.229531136	1.6206102E-5	0.0
221.231480832	-2.5798794E-5	0.0
221.233430528	-5.512395E-5	0.0
221.235396608	7.535805E-5	0.0
221.237346304	6.050532E-5	0.0
221.239296	6.70735E-5	0.0
221.24126208	1.05482555E-4	0.0
221.243211776	7.6923156E-5	0.0
221.245161472	5.1869953E-5	0.0
221.247127552	5.259762E-5	0.0
221.249077248	-8.19032E-5	0.0
221.251026944	-2.6204967E-5	0.0
221.252993024	-4.1457813E-5	0.0
221.25494272	2.940744E-5	0.0
221.256892416	-5.2014257E-5	0.0
221.258842112	6.322737E-5	0.0
221.260808192	3.6674697E-5	0.0
221.262757888	2.8719694E-5	0.0
221.264707584	-3.995692E-5	0.0
221.266673664	5.402042E-5	0.0
221.26862336	5.9501967E-6	0.0
221.270573056	-3.316437E-5	0.0
221.272539136	3.947453E-5	0.0
221.274488832	7.1742135E-5	0.0
221.276438528	-2.5849246E-5	0.0
221.278404608	-4.8758335E-5	0.0
221.280354304	1.638348E-6	0.0
221.282304	-8.227738E-7	0.0
221.284253696	7.136099E-5	0.0
221.286219776	2.2410915E-5	0.0
221.288169472	2.0389989E-5	0.0
221.290119168	2.5569321E-5	0.0
221.292085248	-1.5477575E-6	0.0
221.294034944	-3.230086E-5	0.0
221.29598464	-1.1406018E-5	0.0
221.29795072	5.7022495E-5	0.0
221.299900416	4.768584E-5	0.0
221.301850112	1.2343535E-4	0.0
221.303816192	3.8381593E-5	0.0
221.305765888	-2.2818234E-5	0.0
221.307715584	-2.5460884E-7	0.0
221.30966528	5.3009193E-5	0.0
221.31163136	2.0385529E-5	0.0
221.313581056	8.288559E-6	0.0
221.315530752	1.5910844E-5	0.0
221.317496832	2.7328553E-5	0.0
221.319446528	1.1950372E-4	0.0
221.321396224	9.48463E-5	0.0
221.323362304	1.00509415E-5	0.0
221.325312	-2.783761E-6	0.0
221.327261696	-3.591608E-5	0.0
221.329227776	1.0262286E-5	0.0
221.331177472	-1.5535466E-5	0.0
221.333127168	1.37964735E-5	0.0
221.335076864	7.572645E-5	0.0
221.337042944	5.6662393E-5	0.0
221.33899264	3.738339E-5	0.0
221.340942336	5.398004E-5	0.0
221.342908416	-1.677804E-5	0.0
221.344858112	4.5455046E-5	0.0
221.346807808	-1.34434895E-5	0.0
221.348773888	5.2062533E-5	0.0
221.350723584	1.0404951E-4	0.0
221.35267328	3.5956735E-5	0.0
221.35463936	5.516442E-5	0.0
221.356589056	1.6313443E-4	0.0
221.358538752	1.0264722E-4	0.0
221.360488448	4.2972708E-5	0.0
221.362454528	6.884044E-6	0.0
221.364404224	3.943796E-5	0.0
221.36635392	1.8867822E-5	0.0
221.36832	8.289906E-5	0.0
221.370269696	3.3724995E-5	0.0
221.372219392	-2.1169852E-5	0.0
221.374185472	8.740651E-6	0.0
221.376135168	-1.039232E-4	0.0
221.378084864	-5.5030076E-5	0.0
221.380050944	2.0752215E-5	0.0
221.38200064	1.737929E-4	0.0
221.383950336	2.7040767E-5	0.0
221.385916416	-4.6591653E-5	0.0
221.387866112	5.110356E-5	0.0
221.389815808	8.475862E-5	0.0
221.391765504	4.5427646E-6	0.0
221.393731584	7.2972457E-6	0.0
221.39568128	2.8703833E-5	0.0
221.397630976	-1.22006395E-5	0.0
221.399597056	-7.173063E-5	0.0
221.401546752	-8.397863E-5	0.0
221.403496448	5.915048E-5	0.0
221.405462528	1.0978407E-4	0.0
221.407412224	1.3711605E-4	0.0
221.40936192	1.1964356E-4	0.0
221.411328	8.56914E-5	0.0
221.413277696	5.3869808E-5	0.0
221.415227392	9.2245245E-5	0.0
221.417177088	4.768718E-5	0.0
221.419143168	6.0184117E-5	0.0
221.421092864	7.922462E-6	0.0
221.42304256	5.2944582E-5	0.0
221.42500864	4.5882363E-5	0.0
221.426958336	4.1311112E-5	0.0
221.428908032	2.1781705E-5	0.0
221.430874112	-6.7882334E-5	0.0
221.432823808	5.6118937E-5	0.0
221.434773504	-1.4940001E-5	0.0
221.436739584	-3.209666E-5	0.0
221.43868928	-1.0243816E-4	0.0
221.440638976	-5.3310137E-5	0.0
221.442588672	5.258521E-5	0.0
221.444554752	1.3261042E-4	0.0
221.446504448	3.4692086E-5	0.0
221.448454144	-5.8114656E-5	0.0
221.450420224	-6.444168E-5	0.0
221.45236992	7.112275E-5	0.0
221.454319616	8.391753E-5	0.0
221.456285696	1.0750494E-4	0.0
221.458235392	-1.4371848E-6	0.0
221.460185088	1.782517E-5	0.0
221.462151168	1.0213414E-5	0.0
221.464100864	3.0879587E-6	0.0
221.46605056	-4.643768E-5	0.0
221.468000256	-1.0073375E-5	0.0
221.469966336	-2.2838374E-5	0.0
221.471916032	-7.5001226E-5	0.0
221.473865728	1.736936E-5	0.0
221.475831808	-8.70249E-5	0.0
221.477781504	8.060233E-5	0.0
221.4797312	1.0708971E-4	0.0
221.48169728	8.412893E-5	0.0
221.483646976	2.6196545E-5	0.0
221.485596672	3.7259204E-5	0.0
221.487562752	-5.284143E-5	0.0
221.489512448	-5.596834E-5	0.0
221.491462144	-4.841875E-5	0.0
221.49341184	9.218557E-6	0.0
221.49537792	-3.2703163E-5	0.0
221.497327616	2.6092807E-6	0.0
221.499277312	6.189621E-5	0.0
221.501243392	5.7074416E-5	0.0
221.503193088	1.4292308E-5	0.0
221.505142784	-1.435457E-5	0.0
221.507108864	-6.8022826E-5	0.0
221.50905856	-6.5020954E-6	0.0
221.511008256	5.7058787E-5	0.0
221.512974336	-3.771764E-5	0.0
221.514924032	-1.06880136E-4	0.0
221.516873728	-8.908031E-5	0.0
221.518823424	3.1121222E-6	0.0
221.520789504	7.5342745E-5	0.0
221.5227392	8.307595E-5	0.0
221.524688896	9.401147E-5	0.0
221.526654976	3.5175617E-5	0.0
221.528604672	-3.3058794E-5	0.0
221.530554368	2.7769614E-5	0.0
221.532520448	1.1806238E-4	0.0
221.534470144	8.002002E-5	0.0
221.53641984	-2.6454086E-6	0.0
221.53838592	-4.0114825E-5	0.0
221.540335616	-2.1354974E-5	0.0
221.542285312	-5.888383E-5	0.0
221.544235008	3.9245206E-5	0.0
221.546201088	4.7853988E-5	0.0
221.548150784	-7.0666806E-6	0.0
221.55010048	5.2411662E-5	0.0
221.55206656	1.3451058E-4	0.0
221.554016256	8.365349E-5	0.0
221.555965952	1.6576929E-5	0.0
221.557932032	1.432796E-5	0.0
221.559881728	2.0558973E-5	0.0
221.561831424	4.6015135E-5	0.0
221.563797504	1.0975985E-5	0.0
221.5657472	6.1434504E-5	0.0
221.567696896	7.899554E-5	0.0
221.569646592	4.965093E-5	0.0
221.571612672	2.8787063E-5	0.0
221.573562368	-1.6436594E-5	0.0
221.575512064	-9.251461E-6	0.0
221.577478144	6.0463688E-5	0.0
221.57942784	-1.4609913E-5	0.0
221.581377536	-2.2182512E-5	0.0
221.583343616	1.1311676E-5	0.0
221.585293312	4.7958805E-5	0.0
221.587243008	5.036083E-5	0.0
221.589209088	1.798933E-5	0.0
221.591158784	1.1729483E-5	0.0
221.59310848	-2.5526666E-5	0.0
221.595058176	-9.2903916E-5	0.0
221.597024256	-8.584474E-5	0.0
221.598973952	3.8193393E-5	0.0
221.600923648	4.9233233E-5	0.0
221.602889728	3.819476E-5	0.0
221.604839424	-1.2096001E-6	0.0
221.60678912	2.3870218E-5	0.0
221.6087552	7.4046795E-5	0.0
221.610704896	2.3922794E-5	0.0
221.612654592	2.3413346E-5	0.0
221.614620672	8.502402E-5	0.0
221.616570368	-1.0408477E-5	0.0
221.618520064	2.1766014E-6	0.0
221.62046976	9.8346136E-5	0.0
221.62243584	6.861513E-5	0.0
221.624385536	-7.644959E-6	0.0
221.626335232	1.4392345E-5	0.0
221.628301312	1.1630825E-4	0.0
221.630251008	1.2790154E-4	0.0
221.632200704	3.596423E-5	0.0
221.634166784	-4.3554497E-5	0.0
221.63611648	6.31524E-5	0.0
221.638066176	1.19780225E-5	0.0
221.640032256	-1.3914942E-5	0.0
221.641981952	-3.936274E-5	0.0
221.643931648	-5.0481434E-5	0.0
221.645881344	7.976326E-6	0.0
221.647847424	1.4462374E-4	0.0
221.64979712	9.3685565E-5	0.0
221.651746816	2.1908845E-5	0.0
221.653712896	-1.9079658E-5	0.0
221.655662592	-4.738976E-5	0.0
221.657612288	-9.225023E-5	0.0
221.659578368	5.104112E-6	0.0
221.661528064	-6.753276E-6	0.0
221.66347776	5.157628E-5	0.0
221.66544384	5.3685188E-5	0.0
221.667393536	-4.7412625E-5	0.0
221.669343232	2.359443E-5	0.0
221.671309312	-1.38605765E-5	0.0
221.673259008	2.1068145E-5	0.0
221.675208704	6.738717E-5	0.0
221.6771584	2.2610328E-5	0.0
221.67912448	-9.338777E-7	0.0
221.681074176	3.159373E-5	0.0
221.683023872	5.3311072E-5	0.0
221.684989952	2.4290011E-5	0.0
221.686939648	-6.709281E-5	0.0
221.688889344	3.708934E-5	0.0
221.690855424	4.0369516E-5	0.0
221.69280512	7.555193E-5	0.0
221.694754816	1.6458855E-5	0.0
221.696720896	-2.1797396E-5	0.0
221.698670592	1.4693934E-5	0.0
221.700620288	1.4975212E-4	0.0
221.702569984	6.148637E-5	0.0
221.704536064	2.557328E-5	0.0
221.70648576	-6.806023E-5	0.0
221.708435456	-1.2423706E-4	0.0
221.710401536	-5.6820896E-5	0.0
221.712351232	-7.4121212E-6	0.0
221.714300928	-3.5330144E-5	0.0
221.716267008	-7.181594E-5	0.0
221.718216704	1.01549565E-4	0.0
221.7201664	3.655783E-5	0.0
221.72213248	2.7945453E-5	0.0
221.724082176	7.123691E-5	0.0
221.726031872	3.6925383E-5	0.0
221.727981568	5.7236422E-5	0.0
221.729947648	3.4627854E-5	0.0
221.731897344	1.0427923E-4	0.0
221.73384704	-1.553423E-5	0.0
221.73581312	-6.667066E-5	0.0
221.737762816	1.3058949E-6	0.0
221.739712512	1.9961362E-5	0.0
221.741678592	2.6294589E-5	0.0
221.743628288	-2.786879E-5	0.0
221.745577984	2.6886648E-5	0.0
221.747544064	2.181732E-5	0.0
221.74949376	2.4614024E-5	0.0
221.751443456	6.0528677E-5	0.0
221.753393152	2.0209613E-6	0.0
221.755359232	-7.064105E-6	0.0
221.757308928	-3.6201977E-6	0.0
221.759258624	1.1451576E-4	0.0
221.761224704	1.0907577E-4	0.0
221.7631744	-2.383644E-5	0.0
221.765124096	5.3625918E-5	0.0
221.767090176	6.426376E-5	0.0
221.769039872	5.4063654E-5	0.0
221.770989568	7.6186494E-5	0.0
221.772955648	7.161187E-5	0.0
221.774905344	2.5768777E-5	0.0
221.77685504	-8.999499E-7	0.0
221.778804736	1.8505414E-5	0.0
221.780770816	9.883355E-5	0.0
221.782720512	2.2150662E-5	0.0
221.784670208	-7.5247312E-6	0.0
221.786636288	2.6720967E-5	0.0
221.788585984	1.8209017E-6	0.0
221.79053568	-5.1831124E-5	0.0
221.79250176	8.044946E-5	0.0
221.794451456	5.655884E-5	0.0
221.796401152	1.0313094E-5	0.0
221.798367232	1.1353349E-4	0.0
221.800316928	4.069571E-5	0.0
221.802266624	-6.249258E-5	0.0
221.80421632	5.8950187E-5	0.0
221.8061824	7.827548E-5	0.0
221.808132096	1.0461087E-5	0.0
221.810081792	1.8808632E-5	0.0
221.812047872	1.0479168E-5	0.0
221.813997568	3.2216035E-6	0.0
221.815947264	4.0280007E-5	0.0
221.817913344	-3.726894E-5	0.0
221.81986304	3.6594196E-5	0.0
221.821812736	7.3196736E-7	0.0
221.823778816	-3.0627793E-6	0.0
221.825728512	-4.5925494E-6	0.0
221.827678208	-2.9554836E-5	0.0
221.829627904	1.3999313E-5	0.0
221.831593984	6.2030217E-6	0.0
221.83354368	6.372271E-7	0.0
221.835493376	4.1458625E-5	0.0
221.837459456	-2.661925E-6	0.0
221.839409152	1.0267845E-5	0.0
221.841358848	-2.7049466E-5	0.0
221.843324928	2.3916464E-5	0.0
221.845274624	8.347885E-5	0.0
221.84722432	7.3228134E-6	0.0
221.8491904	-3.76349E-5	0.0
221.851140096	-5.0018657E-6	0.0
221.853089792	5.5119468E-5	0.0
221.855039488	5.5921715E-5	0.0
221.857005568	-1.321047E-5	0.0
221.858955264	1.7204062E-6	0.0
221.86090496	6.895466E-5	0.0
221.86287104	3.113404E-5	0.0
221.864820736	8.6711574E-5	0.0
221.866770432	1.2446594E-5	0.0
